1 0.095249 0.091488 0.083905 0.020233
2 0.178142 0.090007 0.069742 0.019980
3 0.334367 0.087841 0.222159 0.021454
3 0.210494 0.111310 0.237988 0.021737
0 0.253894 0.099907 0.407940 0.051000
1 0.096796 0.140224 0.083905 0.020233
2 0.182605 0.138691 0.075574 0.020084
3 0.341747 0.136473 0.222159 0.021454
3 0.267443 0.159057 0.348790 0.023716
3 0.268117 0.180301 0.348790 0.023716
3 0.126332 0.204089 0.063871 0.018626
0 0.256117 0.169887 0.409290 0.093488
1 0.089240 0.230384 0.063078 0.019861
2 0.153389 0.229238 0.053080 0.019682
0 0.257962 0.227995 0.407266 0.029756
1 0.090272 0.262875 0.063078 0.019861
2 0.157753 0.261670 0.059745 0.019801
0 0.258994 0.260486 0.407266 0.029756
1 0.091105 0.289118 0.063078 0.019861
2 0.162752 0.287838 0.068076 0.019950
0 0.259827 0.286729 0.407266 0.029756
1 0.092217 0.324108 0.063078 0.019861
2 0.158864 0.322917 0.058079 0.019772
0 0.260939 0.321719 0.407266 0.029756
1 0.082656 0.351161 0.042250 0.019489
2 0.153053 0.349904 0.086404 0.020278
3 0.333438 0.347306 0.253817 0.022019
0 0.261792 0.348586 0.407266 0.029756
1 0.104535 0.383905 0.083905 0.020233
2 0.198675 0.382223 0.092236 0.020382
3 0.358233 0.379998 0.206331 0.021171
3 0.211866 0.403869 0.222159 0.021454
0 0.263181 0.392324 0.407940 0.051000
1 0.095888 0.439700 0.063078 0.019861
2 0.159620 0.438561 0.052247 0.019667
0 0.264610 0.437311 0.407266 0.029756
1 0.096840 0.469691 0.063078 0.019861
2 0.179317 0.468218 0.089737 0.020337
3 0.345539 0.465874 0.222159 0.021454
3 0.277900 0.488338 0.348790 0.023716
0 0.265899 0.477925 0.407940 0.051000
1 0.088054 0.521113 0.042250 0.019489
2 0.136373 0.520250 0.042250 0.019489
3 0.310510 0.517764 0.285475 0.022585
3 0.152897 0.541836 0.095529 0.019192
0 0.267527 0.529160 0.407940 0.051000
1 0.100094 0.572162 0.063078 0.019861
2 0.172990 0.570860 0.070575 0.019995
3 0.313804 0.568970 0.190502 0.020888
0 0.268816 0.569774 0.407266 0.029756
1 0.100967 0.599655 0.063078 0.019861
2 0.167199 0.598471 0.057246 0.019757
3 0.333005 0.596135 0.253817 0.022019
3 0.282028 0.618301 0.348790 0.023716
3 0.282702 0.639545 0.348790 0.023716
3 0.259634 0.661213 0.301304 0.022868
0 0.270702 0.629132 0.409290 0.093488
1 0.093570 0.694814 0.042250 0.019489
2 0.156469 0.693690 0.071409 0.020010
3 0.337271 0.691085 0.269646 0.022302
3 0.285044 0.713274 0.348790 0.023716
3 0.285718 0.734518 0.348790 0.023716
3 0.291392 0.755673 0.358787 0.023895
3 0.292066 0.776917 0.358787 0.023895
3 0.287742 0.798250 0.348790 0.023716
3 0.288417 0.819494 0.348790 0.023716
3 0.162461 0.843000 0.095529 0.019192
0 0.275067 0.766593 0.411988 0.178464
1 0.109599 0.871453 0.063078 0.019861
2 0.189577 0.870024 0.084738 0.020248
3 0.353300 0.867724 0.222159 0.021454
3 0.290659 0.890099 0.348790 0.023716
3 0.291334 0.911343 0.348790 0.023716
3 0.297007 0.932498 0.358787 0.023895
3 0.142309 0.956517 0.048042 0.018343
0 0.279671 0.911552 0.409964 0.114732
1 0.561783 0.083153 0.083905 0.020233
2 0.640094 0.081754 0.060578 0.019816
3 0.767994 0.080095 0.174673 0.020605
0 0.720091 0.080951 0.407266 0.029756
1 0.541888 0.112892 0.042250 0.019489
2 0.603121 0.111798 0.068076 0.019950
3 0.782256 0.109223 0.269646 0.022302
3 0.733362 0.131353 0.348790 0.023716
3 0.739035 0.152508 0.358787 0.023895
3 0.734711 0.173841 0.348790 0.023716
3 0.672070 0.196216 0.222159 0.021454
0 0.722373 0.152805 0.409964 0.114732
1 0.566406 0.228737 0.083905 0.020233
2 0.648466 0.227271 0.068076 0.019950
3 0.808857 0.225031 0.232157 0.021632
3 0.610422 0.249832 0.095529 0.019192
0 0.725052 0.237156 0.407940 0.051000
1 0.557540 0.277659 0.063078 0.019861
2 0.615857 0.276618 0.041417 0.019474
3 0.726262 0.275270 0.158844 0.020323
0 0.726262 0.275270 0.407266 0.029756
1 0.558652 0.312649 0.063078 0.019861
2 0.632797 0.311325 0.073075 0.020039
3 0.803602 0.308899 0.247985 0.021915
3 0.744710 0.331207 0.358787 0.023895
3 0.740386 0.352540 0.348790 0.023716
3 0.741061 0.373784 0.348790 0.023716
3 0.733821 0.395169 0.332961 0.023433
0 0.728723 0.352748 0.409964 0.114732
1 0.562263 0.426367 0.063078 0.019861
2 0.627661 0.425199 0.055580 0.019727
0 0.730985 0.423978 0.407266 0.029756
1 0.552921 0.460294 0.042250 0.019489
2 0.617486 0.459140 0.074741 0.020069
3 0.776211 0.456930 0.222159 0.021454
0 0.732057 0.457719 0.407266 0.029756
1 0.553874 0.490285 0.042250 0.019489
2 0.624270 0.489028 0.086404 0.020278
3 0.725511 0.487844 0.095529 0.019192
0 0.733009 0.487710 0.407266 0.029756
1 0.575634 0.519280 0.083905 0.020233
2 0.657277 0.517821 0.067243 0.019935
3 0.812253 0.515678 0.222159 0.021454
3 0.619649 0.540375 0.095529 0.019192
0 0.734279 0.527699 0.407940 0.051000
1 0.567006 0.575700 0.063078 0.019861
2 0.629905 0.574576 0.050581 0.019638
3 0.776550 0.572582 0.222159 0.021454
0 0.735728 0.573311 0.407266 0.029756
1 0.567839 0.601942 0.063078 0.019861
2 0.630738 0.600819 0.050581 0.019638
3 0.801126 0.598400 0.269646 0.022302
3 0.748899 0.620589 0.348790 0.023716
3 0.754572 0.641744 0.358787 0.023895
3 0.584046 0.666046 0.016384 0.017778
0 0.737573 0.631419 0.409290 0.093488
1 0.560362 0.694602 0.042250 0.019489
2 0.626594 0.693419 0.078073 0.020129
3 0.802813 0.690896 0.253817 0.022019
0 0.739498 0.692027 0.407266 0.029756
1 0.582301 0.729220 0.083905 0.020233
2 0.679773 0.727479 0.098901 0.020501
3 0.834749 0.725336 0.190502 0.020888
3 0.752947 0.748053 0.348790 0.023716
3 0.753622 0.769297 0.348790 0.023716
3 0.759295 0.790452 0.358787 0.023895
3 0.759970 0.811696 0.358787 0.023895
3 0.760645 0.832940 0.358787 0.023895
3 0.756321 0.854273 0.348790 0.023716
3 0.630365 0.877779 0.095529 0.019192
0 0.742971 0.801371 0.411988 0.178464
