3 0.502074 0.040636 0.995852 0.030206
0 0.101773 0.082292 0.062672 0.019075
1 0.180105 0.082699 0.081005 0.019170
2 0.350095 0.084210 0.237656 0.018736
2 0.281983 0.105105 0.348487 0.019313
2 0.281786 0.126355 0.348487 0.019313
2 0.281590 0.147604 0.348487 0.019313
2 0.138896 0.168112 0.063494 0.017829
0 0.090252 0.201610 0.041839 0.018966
1 0.136084 0.201848 0.036839 0.018940
2 0.252326 0.203078 0.174324 0.018406
0 0.110836 0.228592 0.083505 0.019183
1 0.187084 0.228989 0.056006 0.019040
2 0.344575 0.230434 0.237656 0.018736
2 0.280629 0.251352 0.348487 0.019313
2 0.285433 0.272627 0.358487 0.019365
2 0.280236 0.293851 0.348487 0.019313
2 0.280039 0.315100 0.348487 0.019313
2 0.279843 0.336350 0.348487 0.019313
2 0.279646 0.357599 0.348487 0.019313
2 0.129036 0.378066 0.047661 0.017747
0 0.109164 0.409213 0.083505 0.019183
1 0.191662 0.409643 0.068505 0.019105
0 0.098505 0.435408 0.062672 0.019075
1 0.158087 0.435718 0.043506 0.018975
2 0.325160 0.437213 0.269322 0.018901
2 0.159968 0.457604 0.110993 0.018077
0 0.097984 0.491657 0.062672 0.019075
1 0.155483 0.491956 0.039339 0.018953
2 0.320473 0.493440 0.269322 0.018901
2 0.278194 0.514471 0.348487 0.019313
2 0.277997 0.535720 0.348487 0.019313
2 0.182803 0.556475 0.158491 0.018324
0 0.086706 0.584725 0.041839 0.018966
1 0.162121 0.585118 0.096005 0.019248
2 0.339611 0.586667 0.237656 0.018736
2 0.111086 0.606728 0.015995 0.017582
0 0.096602 0.641028 0.062672 0.019075
1 0.173266 0.641427 0.077672 0.019153
2 0.341590 0.642929 0.237656 0.018736
2 0.134315 0.663100 0.063494 0.017829
0 0.096122 0.692902 0.062672 0.019075
1 0.157370 0.693221 0.046839 0.018993
2 0.326110 0.694724 0.269322 0.018901
2 0.173417 0.715180 0.142659 0.018241
0 0.095636 0.745401 0.062672 0.019075
1 0.159384 0.745733 0.051839 0.019019
2 0.322708 0.747208 0.253489 0.018818
2 0.149182 0.767555 0.095160 0.017994
0 0.084728 0.798470 0.041839 0.018966
1 0.132643 0.798720 0.041006 0.018962
2 0.306383 0.800249 0.285155 0.018983
2 0.148690 0.820679 0.095160 0.017994
0 0.105063 0.852327 0.083505 0.019183
1 0.184644 0.852742 0.062672 0.019075
2 0.337551 0.854163 0.221823 0.018654
2 0.274856 0.875087 0.348487 0.019313
2 0.274660 0.896336 0.348487 0.019313
2 0.274463 0.917586 0.348487 0.019313
2 0.274266 0.938835 0.348487 0.019313
2 0.274070 0.960085 0.348487 0.019313
2 0.131376 0.980592 0.063494 0.017829
0 0.558012 0.084667 0.041839 0.018966
1 0.619261 0.084986 0.067672 0.019101
2 0.798417 0.086544 0.269322 0.018901
2 0.614058 0.106834 0.079327 0.017912
0 0.557544 0.135291 0.041839 0.018966
1 0.620875 0.135621 0.071838 0.019123
2 0.802115 0.137189 0.269322 0.018901
2 0.753170 0.158185 0.358487 0.019365
2 0.747973 0.179408 0.348487 0.019313
2 0.747777 0.200658 0.348487 0.019313
2 0.747580 0.221907 0.348487 0.019313
2 0.747383 0.243157 0.348487 0.019313
0 0.566693 0.272217 0.062672 0.019075
1 0.640858 0.272603 0.072672 0.019127
2 0.767099 0.273885 0.158491 0.018324
0 0.555982 0.304037 0.041839 0.018966
1 0.609730 0.304317 0.052672 0.019023
2 0.789304 0.305877 0.285155 0.018983
2 0.588279 0.326080 0.031828 0.017664
0 0.555490 0.357160 0.041839 0.018966
1 0.614239 0.357466 0.062672 0.019075
2 0.790895 0.359011 0.269322 0.018901
2 0.603620 0.379287 0.063494 0.017829
0 0.554981 0.412159 0.041839 0.018966
1 0.608730 0.412439 0.052672 0.019023
2 0.788303 0.413999 0.285155 0.018983
2 0.745607 0.435027 0.348487 0.019313
2 0.745411 0.456277 0.348487 0.019313
2 0.750214 0.477552 0.358487 0.019365
2 0.750017 0.498802 0.358487 0.019365
2 0.744821 0.520025 0.348487 0.019313
2 0.617960 0.540615 0.095160 0.017994
0 0.563917 0.572210 0.062672 0.019075
1 0.639748 0.572604 0.076005 0.019144
2 0.807238 0.574101 0.237656 0.018736
2 0.577880 0.594158 0.015995 0.017582
0 0.552974 0.629029 0.041839 0.018966
1 0.622139 0.629389 0.083505 0.019183
2 0.801295 0.630947 0.253489 0.018818
2 0.748600 0.651923 0.358487 0.019365
2 0.585074 0.672322 0.031828 0.017664
0 0.562690 0.704706 0.062672 0.019075
1 0.640188 0.705110 0.079338 0.019162
2 0.809345 0.706615 0.237656 0.018736
2 0.742900 0.727520 0.348487 0.019313
2 0.742703 0.748770 0.348487 0.019313
2 0.695008 0.769772 0.253489 0.018818
0 0.551371 0.802150 0.041839 0.018966
1 0.610953 0.802460 0.064339 0.019084
2 0.790526 0.804020 0.273489 0.018923
2 0.662833 0.824606 0.190157 0.018489
0 0.561319 0.852828 0.062672 0.019075
1 0.632984 0.853201 0.067672 0.019101
2 0.796308 0.854676 0.237656 0.018736
2 0.694030 0.875394 0.253489 0.018818
