3 0.494785 0.038819 0.989569 0.037977
0 0.088385 0.089657 0.062923 0.019559
1 0.154625 0.088797 0.057091 0.019483
2 0.320448 0.087269 0.253699 0.020786
2 0.269280 0.109186 0.348685 0.022019
2 0.269770 0.130433 0.348685 0.022019
2 0.270261 0.151680 0.348685 0.022019
2 0.270751 0.172927 0.348685 0.022019
2 0.271241 0.194174 0.348685 0.022019
2 0.271732 0.215421 0.348685 0.022019
2 0.261390 0.236808 0.327022 0.021738
0 0.092539 0.269630 0.062923 0.019559
1 0.155863 0.268808 0.051258 0.019407
0 0.103589 0.296990 0.083754 0.019829
1 0.191492 0.295849 0.079588 0.019775
2 0.336902 0.294586 0.190375 0.019964
0 0.083466 0.327881 0.042093 0.019288
1 0.138041 0.327173 0.054591 0.019450
2 0.318445 0.325456 0.285361 0.021197
2 0.211451 0.348098 0.222037 0.020375
0 0.095006 0.376489 0.062923 0.019559
1 0.173744 0.375467 0.082087 0.019807
2 0.344149 0.373879 0.237868 0.020580
2 0.280899 0.395954 0.358684 0.022149
2 0.281390 0.417200 0.358684 0.022149
2 0.276881 0.438512 0.348685 0.022019
2 0.245709 0.460170 0.285361 0.021197
0 0.087216 0.490357 0.042093 0.019288
1 0.150539 0.489535 0.072089 0.019678
2 0.331777 0.487807 0.269530 0.020991
2 0.283524 0.509687 0.358684 0.022149
2 0.279016 0.530998 0.348685 0.022019
2 0.279506 0.552245 0.348685 0.022019
2 0.279996 0.573492 0.348685 0.022019
2 0.280487 0.594739 0.348685 0.022019
2 0.138499 0.617835 0.063728 0.018320
0 0.101366 0.652072 0.062923 0.019559
1 0.173022 0.651142 0.067923 0.019623
2 0.336346 0.649647 0.237868 0.020580
2 0.139782 0.673452 0.063728 0.018320
0 0.102549 0.703315 0.062923 0.019559
1 0.173788 0.702390 0.067089 0.019613
0 0.103227 0.732685 0.062923 0.019559
1 0.168217 0.731842 0.054591 0.019450
2 0.332790 0.730330 0.253699 0.020786
2 0.130811 0.754206 0.042064 0.018038
0 0.104338 0.780803 0.062923 0.019559
1 0.171828 0.779927 0.059591 0.019515
0 0.105030 0.810799 0.062923 0.019559
1 0.180852 0.809814 0.076255 0.019732
2 0.348341 0.808265 0.237868 0.020580
2 0.285924 0.830328 0.348685 0.022019
2 0.286415 0.851575 0.348685 0.022019
2 0.286905 0.872822 0.348685 0.022019
2 0.121171 0.896227 0.016235 0.017703
0 0.554982 0.083599 0.062923 0.019559
1 0.631221 0.082609 0.077088 0.019742
0 0.555588 0.109845 0.062923 0.019559
1 0.627244 0.108915 0.067923 0.019623
2 0.790567 0.107419 0.237868 0.020580
2 0.736482 0.129375 0.348685 0.022019
2 0.736973 0.150621 0.348685 0.022019
2 0.737463 0.171868 0.348685 0.022019
2 0.737953 0.193115 0.348685 0.022019
2 0.738444 0.214362 0.348685 0.022019
2 0.643949 0.236842 0.158713 0.019553
0 0.569652 0.267811 0.083754 0.019829
1 0.665054 0.266572 0.094585 0.019970
2 0.810047 0.265315 0.174544 0.019758
0 0.570344 0.297807 0.083754 0.019829
1 0.642834 0.296865 0.048759 0.019375
2 0.796575 0.295494 0.237868 0.020580
2 0.606261 0.319219 0.079559 0.018525
0 0.566930 0.348483 0.074588 0.019710
1 0.638586 0.347553 0.056258 0.019472
2 0.796077 0.346134 0.237868 0.020580
2 0.741992 0.368089 0.348685 0.022019
2 0.742482 0.389336 0.348685 0.022019
2 0.742973 0.410583 0.348685 0.022019
2 0.695970 0.432446 0.253699 0.020786
0 0.574210 0.465281 0.083754 0.019829
1 0.663363 0.464124 0.082087 0.019807
2 0.817938 0.462742 0.206206 0.020169
2 0.689281 0.485666 0.237868 0.020580
0 0.575465 0.519648 0.083754 0.019829
1 0.664618 0.518491 0.082087 0.019807
2 0.819193 0.517109 0.206206 0.020169
2 0.595550 0.541266 0.047897 0.018114
0 0.566333 0.575400 0.062923 0.019559
1 0.650071 0.574313 0.092086 0.019937
2 0.793814 0.573072 0.174544 0.019758
0 0.556740 0.611155 0.042093 0.019288
1 0.611316 0.610447 0.054591 0.019450
2 0.791720 0.608729 0.285361 0.021197
2 0.676811 0.631474 0.206206 0.020169
0 0.578724 0.660877 0.083754 0.019829
1 0.649547 0.659958 0.045426 0.019331
2 0.754129 0.659225 0.142883 0.019347
0 0.579345 0.687748 0.083754 0.019829
1 0.669331 0.686580 0.083754 0.019829
2 0.824739 0.685187 0.206206 0.020169
2 0.646923 0.708749 0.142883 0.019347
0 0.570213 0.743500 0.062923 0.019559
1 0.652701 0.742429 0.089586 0.019905
2 0.818940 0.740896 0.222037 0.020375
2 0.600714 0.764982 0.047897 0.018114
0 0.571353 0.792868 0.062923 0.019559
1 0.649674 0.791851 0.081254 0.019796
2 0.819663 0.790269 0.237868 0.020580
2 0.752247 0.812397 0.348685 0.022019
2 0.752738 0.833644 0.348685 0.022019
2 0.658242 0.856124 0.158713 0.019553
0 0.563144 0.888614 0.042093 0.019288
1 0.624802 0.887813 0.068756 0.019634
2 0.804373 0.886107 0.269530 0.020991
2 0.656552 0.909279 0.152881 0.019477
