3 0.496926 0.035024 0.993852 0.032609
0 0.092314 0.087457 0.062750 0.019225
1 0.153977 0.086987 0.047751 0.019111
2 0.323144 0.086325 0.269390 0.019548
0 0.103161 0.119251 0.083583 0.019383
1 0.178157 0.118680 0.053584 0.019155
2 0.334408 0.118116 0.237725 0.019307
2 0.273448 0.139831 0.348552 0.020150
2 0.273736 0.161080 0.348552 0.020150
2 0.274024 0.182328 0.348552 0.020150
2 0.274311 0.203577 0.348552 0.020150
2 0.211268 0.225308 0.221892 0.019186
0 0.105056 0.259243 0.083583 0.019383
1 0.178385 0.258685 0.050251 0.019130
2 0.332969 0.258134 0.237725 0.019307
2 0.172431 0.280607 0.142729 0.018584
0 0.084925 0.311274 0.041918 0.019066
1 0.138672 0.310865 0.052751 0.019149
2 0.315338 0.310146 0.279389 0.019624
2 0.125636 0.332841 0.047734 0.017861
0 0.106527 0.367988 0.083583 0.019383
1 0.181940 0.367414 0.054418 0.019161
0 0.106950 0.399236 0.083583 0.019383
1 0.177363 0.398700 0.044418 0.019085
2 0.336946 0.398111 0.253557 0.019427
2 0.277237 0.419816 0.348552 0.020150
2 0.277524 0.441065 0.348552 0.020150
2 0.282812 0.462276 0.358552 0.020226
2 0.278100 0.483563 0.348552 0.020150
2 0.120062 0.506017 0.031902 0.017740
0 0.108852 0.539854 0.083583 0.019383
1 0.187182 0.539258 0.060251 0.019206
2 0.315100 0.538909 0.174394 0.018825
0 0.088468 0.573136 0.041918 0.019066
1 0.146799 0.572692 0.061917 0.019218
2 0.323048 0.571975 0.269390 0.019548
2 0.216258 0.594039 0.221892 0.019186
0 0.110019 0.626100 0.083583 0.019383
1 0.183766 0.625538 0.051084 0.019136
2 0.307101 0.625225 0.174394 0.018825
0 0.105842 0.656133 0.074417 0.019313
1 0.188755 0.655502 0.078583 0.019345
2 0.317923 0.655144 0.158562 0.018704
0 0.110814 0.684847 0.083583 0.019383
1 0.207893 0.684108 0.097749 0.019491
2 0.362476 0.683556 0.190227 0.018945
2 0.170274 0.706270 0.126897 0.018463
0 0.090752 0.741877 0.041918 0.019066
1 0.147415 0.741446 0.058584 0.019193
2 0.321998 0.740742 0.269390 0.019548
2 0.286871 0.762261 0.358552 0.020226
2 0.250494 0.783789 0.285222 0.019668
0 0.091783 0.818123 0.041918 0.019066
1 0.144697 0.817720 0.051084 0.019136
2 0.323446 0.816985 0.285222 0.019668
2 0.267070 0.838665 0.316887 0.019909
0 0.102927 0.871791 0.062750 0.019225
1 0.180006 0.871205 0.078583 0.019345
2 0.348756 0.870545 0.237725 0.019307
2 0.267797 0.892412 0.316887 0.019909
0 0.548540 0.083984 0.041918 0.019066
1 0.602704 0.083572 0.053584 0.019155
2 0.781870 0.082833 0.283556 0.019655
2 0.605083 0.105430 0.079399 0.018102
0 0.559650 0.135152 0.062750 0.019225
1 0.621313 0.134683 0.047751 0.019111
2 0.727150 0.134502 0.142729 0.018584
0 0.549674 0.167730 0.041918 0.019066
1 0.618420 0.167207 0.082749 0.019377
2 0.773420 0.166652 0.206060 0.019066
0 0.570988 0.203194 0.083583 0.019383
1 0.644317 0.202636 0.050251 0.019130
2 0.798901 0.202085 0.237725 0.019307
2 0.741275 0.223774 0.348552 0.020150
2 0.741563 0.245023 0.348552 0.020150
2 0.741850 0.266272 0.348552 0.020150
2 0.747137 0.287483 0.358552 0.020226
2 0.742425 0.308770 0.348552 0.020150
2 0.711048 0.330260 0.285222 0.019668
0 0.573102 0.359436 0.083583 0.019383
1 0.647681 0.358869 0.052751 0.019149
2 0.803515 0.358308 0.237725 0.019307
2 0.600896 0.381101 0.063567 0.017981
0 0.552972 0.411467 0.041918 0.019066
1 0.616718 0.410982 0.072750 0.019301
0 0.563785 0.440761 0.062750 0.019225
1 0.625449 0.440292 0.047751 0.019111
2 0.791698 0.439652 0.263557 0.019503
2 0.649493 0.461985 0.158562 0.018704
0 0.564529 0.495759 0.062750 0.019225
1 0.637442 0.495204 0.070250 0.019282
2 0.762444 0.494877 0.158562 0.018704
0 0.565011 0.531382 0.062750 0.019225
1 0.637924 0.530827 0.070250 0.019282
2 0.739177 0.530681 0.111064 0.018343
0 0.555052 0.565209 0.041918 0.019066
1 0.610049 0.564791 0.055251 0.019168
2 0.790881 0.564039 0.285222 0.019668
2 0.603679 0.586715 0.063567 0.017981
0 0.555821 0.622081 0.041918 0.019066
1 0.611652 0.621657 0.056917 0.019180
2 0.785401 0.620959 0.269390 0.019548
2 0.746941 0.642503 0.348552 0.020150
2 0.747228 0.663752 0.348552 0.020150
2 0.747516 0.685001 0.348552 0.020150
0 0.557141 0.719576 0.041918 0.019066
1 0.630053 0.719021 0.091082 0.019440
2 0.797137 0.718375 0.221892 0.019186
0 0.567937 0.747621 0.062750 0.019225
1 0.637934 0.747088 0.064417 0.019237
2 0.780851 0.746625 0.200226 0.019021
0 0.557902 0.775824 0.041918 0.019066
1 0.623732 0.775322 0.076916 0.019333
0 0.568715 0.805118 0.062750 0.019225
1 0.632045 0.804636 0.051084 0.019136
2 0.802878 0.803961 0.269390 0.019548
2 0.749419 0.825619 0.348552 0.020150
2 0.749706 0.846867 0.348552 0.020150
2 0.749994 0.868116 0.348552 0.020150
2 0.710700 0.889666 0.269390 0.019548
