3 0.509469 0.034598 0.981062 0.048199
0 0.125672 0.075483 0.084067 0.020675
1 0.214379 0.077543 0.081568 0.020617
2 0.368446 0.081746 0.206457 0.022269
2 0.294688 0.101293 0.348889 0.025577
2 0.243418 0.121363 0.248104 0.023236
0 0.101779 0.149339 0.042420 0.019708
1 0.168414 0.150886 0.079070 0.020559
2 0.344970 0.155612 0.253934 0.023372
2 0.125448 0.171774 0.016548 0.017859
0 0.120617 0.197924 0.084067 0.020675
1 0.193082 0.199607 0.049084 0.019863
2 0.322994 0.203249 0.190631 0.021902
0 0.098426 0.230550 0.042420 0.019708
1 0.157981 0.231933 0.064910 0.020230
2 0.335370 0.236678 0.269760 0.023739
2 0.288266 0.256844 0.348889 0.025577
2 0.279476 0.277900 0.333063 0.025209
0 0.116310 0.302249 0.084067 0.020675
1 0.202935 0.304261 0.077404 0.020521
2 0.362832 0.308599 0.222283 0.022637
2 0.285326 0.328060 0.348889 0.025577
2 0.284449 0.349300 0.348889 0.025577
2 0.288569 0.370655 0.358884 0.025809
2 0.211479 0.390125 0.206457 0.022269
0 0.090896 0.412962 0.042420 0.019708
1 0.162111 0.414616 0.088232 0.020772
0 0.095488 0.443083 0.054082 0.019979
1 0.158791 0.444553 0.060745 0.020134
2 0.331183 0.449182 0.263929 0.023604
2 0.279497 0.469242 0.348889 0.025577
2 0.278620 0.490482 0.348889 0.025577
2 0.277743 0.511722 0.348889 0.025577
2 0.276866 0.532962 0.348889 0.025577
2 0.196861 0.552364 0.190631 0.021902
0 0.094241 0.584372 0.063244 0.020192
1 0.172537 0.586190 0.081568 0.020617
2 0.342429 0.590761 0.238108 0.023004
2 0.273668 0.610424 0.348889 0.025577
2 0.272791 0.631664 0.348889 0.025577
2 0.271915 0.652904 0.348889 0.025577
2 0.271038 0.674144 0.348889 0.025577
2 0.270161 0.695384 0.348889 0.025577
2 0.269284 0.716624 0.348889 0.025577
2 0.268407 0.737863 0.348889 0.025577
2 0.109273 0.755428 0.032374 0.018227
0 0.086142 0.780528 0.063244 0.020192
1 0.158191 0.782201 0.069074 0.020327
2 0.321837 0.786627 0.238108 0.023004
2 0.265570 0.806580 0.348889 0.025577
2 0.177652 0.825799 0.174805 0.021534
0 0.093459 0.855734 0.084067 0.020675
1 0.177586 0.857688 0.072406 0.020405
2 0.334984 0.861968 0.222283 0.022637
2 0.112131 0.878053 0.048199 0.018594
0 0.571291 0.085831 0.042420 0.019708
1 0.624599 0.087069 0.052416 0.019940
2 0.795741 0.091669 0.269760 0.023739
0 0.580310 0.119807 0.063244 0.020192
1 0.656107 0.121567 0.076571 0.020501
0 0.579201 0.146669 0.063244 0.020192
1 0.640006 0.148081 0.046585 0.019805
2 0.776581 0.151878 0.206457 0.022269
0 0.567655 0.173914 0.042420 0.019708
1 0.618880 0.175104 0.048251 0.019844
2 0.708811 0.177817 0.111502 0.020064
0 0.561810 0.204418 0.033258 0.019495
1 0.622198 0.205820 0.075738 0.020482
0 0.585770 0.239991 0.084067 0.020675
1 0.664899 0.241829 0.062411 0.020172
2 0.825213 0.246177 0.238108 0.023004
2 0.659832 0.263597 0.158980 0.021167
0 0.583475 0.295590 0.084067 0.020675
1 0.665102 0.297485 0.067408 0.020288
0 0.582237 0.325575 0.084067 0.020675
1 0.656785 0.327306 0.053249 0.019960
2 0.812517 0.331548 0.238108 0.023004
2 0.672124 0.349548 0.190631 0.021902
0 0.580019 0.379300 0.084067 0.020675
1 0.664978 0.381273 0.074072 0.020443
2 0.823210 0.385572 0.222283 0.022637
2 0.749035 0.405110 0.348889 0.025577
2 0.748158 0.426350 0.348889 0.025577
2 0.747281 0.447590 0.348889 0.025577
2 0.683101 0.467359 0.222283 0.022637
0 0.575222 0.495494 0.084067 0.020675
1 0.663929 0.497554 0.081568 0.020617
2 0.817996 0.501757 0.206457 0.022269
2 0.609719 0.518180 0.079851 0.019329
0 0.552387 0.543737 0.042420 0.019708
1 0.625685 0.545439 0.092396 0.020869
2 0.800992 0.550135 0.238108 0.023004
2 0.742226 0.570031 0.348889 0.025577
2 0.746347 0.591387 0.358884 0.025809
2 0.740472 0.612511 0.348889 0.025577
2 0.739596 0.633750 0.348889 0.025577
2 0.738719 0.654990 0.348889 0.025577
2 0.737842 0.676230 0.348889 0.025577
2 0.697401 0.696551 0.269760 0.023739
0 0.545166 0.718653 0.042420 0.019708
1 0.616798 0.720317 0.089065 0.020791
2 0.790439 0.724974 0.238108 0.023004
2 0.735005 0.744947 0.348889 0.025577
2 0.734128 0.766187 0.348889 0.025577
2 0.733251 0.787427 0.348889 0.025577
2 0.653246 0.806829 0.190631 0.021902
0 0.540549 0.830475 0.042420 0.019708
1 0.606351 0.832003 0.077404 0.020521
2 0.782074 0.836709 0.253934 0.023372
2 0.730388 0.856769 0.348889 0.025577
2 0.729512 0.878008 0.348889 0.025577
2 0.733632 0.899364 0.358884 0.025809
2 0.727758 0.920488 0.348889 0.025577
2 0.726881 0.941728 0.348889 0.025577
2 0.726004 0.962968 0.348889 0.025577
2 0.566870 0.980532 0.032374 0.018227
