1 0.084622 0.085991 0.041796 0.018912
2 0.146287 0.085750 0.068463 0.019016
3 0.325873 0.085674 0.269284 0.018550
3 0.117273 0.107739 0.031788 0.017623
0 0.263864 0.096541 0.406965 0.045337
1 0.095368 0.133449 0.062629 0.018994
2 0.166617 0.133171 0.066796 0.019010
3 0.337452 0.133129 0.253451 0.018489
3 0.275934 0.154620 0.348450 0.018859
3 0.281081 0.175850 0.358450 0.018898
3 0.276229 0.197119 0.348450 0.018859
3 0.173461 0.218771 0.142620 0.018056
0 0.264415 0.175915 0.407407 0.109086
1 0.085762 0.250363 0.041796 0.018912
2 0.154095 0.250097 0.081796 0.019069
3 0.332430 0.250026 0.253451 0.018489
0 0.264931 0.250289 0.406817 0.024087
1 0.096396 0.281572 0.062629 0.018994
2 0.181394 0.281241 0.094295 0.019117
3 0.350146 0.281207 0.221785 0.018365
3 0.276962 0.302743 0.348450 0.018859
3 0.277109 0.323993 0.348450 0.018859
3 0.221841 0.345459 0.237618 0.018427
0 0.265369 0.313413 0.407260 0.087836
1 0.086621 0.374112 0.041796 0.018912
2 0.152870 0.373853 0.077629 0.019052
3 0.329122 0.373790 0.253451 0.018489
3 0.279687 0.395234 0.352617 0.018876
3 0.277751 0.416491 0.348450 0.018859
3 0.282898 0.437722 0.358450 0.018898
3 0.283046 0.458971 0.358450 0.018898
3 0.278193 0.480240 0.348450 0.018859
3 0.270424 0.501521 0.332617 0.018798
0 0.266232 0.437787 0.407702 0.151585
1 0.108551 0.532153 0.083462 0.019075
2 0.194383 0.531818 0.075129 0.019042
3 0.353552 0.531822 0.221785 0.018365
3 0.278701 0.553365 0.348450 0.018859
3 0.278848 0.574614 0.348450 0.018859
3 0.278996 0.595864 0.348450 0.018859
3 0.136645 0.617670 0.063454 0.017747
0 0.267182 0.574660 0.407407 0.109086
1 0.098954 0.650317 0.062629 0.018994
2 0.164787 0.650060 0.055963 0.018968
3 0.330206 0.650040 0.253451 0.018489
3 0.279520 0.671488 0.348450 0.018859
3 0.279668 0.692738 0.348450 0.018859
3 0.279815 0.713987 0.348450 0.018859
3 0.216630 0.735484 0.221785 0.018365
0 0.268001 0.692783 0.407407 0.109086
1 0.110160 0.764025 0.083462 0.019075
2 0.180159 0.763752 0.043463 0.018919
3 0.339328 0.763756 0.253451 0.018489
3 0.193227 0.785576 0.174286 0.018180
0 0.268569 0.774657 0.406965 0.045337
1 0.100099 0.815315 0.062629 0.018994
2 0.168848 0.815047 0.061796 0.018990
3 0.337184 0.815015 0.253451 0.018489
3 0.177750 0.836887 0.142620 0.018056
0 0.268925 0.825906 0.406965 0.045337
1 0.100442 0.864690 0.062629 0.018994
2 0.163358 0.864444 0.050129 0.018945
3 0.333776 0.864404 0.269284 0.018550
3 0.281008 0.885860 0.348450 0.018859
3 0.286155 0.907090 0.358450 0.018898
3 0.281303 0.928359 0.348450 0.018859
3 0.270617 0.949651 0.326784 0.018775
0 0.269489 0.907155 0.407407 0.109086
1 0.546699 0.084187 0.032630 0.018877
2 0.594198 0.084002 0.049296 0.018942
3 0.780033 0.083901 0.300951 0.018674
3 0.742264 0.105299 0.348450 0.018859
3 0.742412 0.126549 0.348450 0.018859
3 0.742559 0.147798 0.348450 0.018859
3 0.608125 0.169573 0.079287 0.017809
0 0.730745 0.126594 0.407407 0.109086
1 0.562483 0.197252 0.062629 0.018994
2 0.629149 0.196992 0.057629 0.018974
3 0.795401 0.196968 0.253451 0.018489
3 0.743049 0.218423 0.348450 0.018859
3 0.748197 0.239653 0.358450 0.018898
3 0.577097 0.261571 0.015955 0.017562
0 0.731457 0.229093 0.407260 0.087836
1 0.563134 0.291001 0.062629 0.018994
2 0.638550 0.290706 0.075129 0.019042
3 0.805635 0.290679 0.237618 0.018427
3 0.743700 0.312171 0.348450 0.018859
3 0.743847 0.333421 0.348450 0.018859
3 0.743995 0.354671 0.348450 0.018859
3 0.664977 0.376229 0.190119 0.018241
0 0.732181 0.333466 0.407407 0.109086
1 0.553498 0.403540 0.041796 0.018912
2 0.613081 0.403307 0.064296 0.019000
3 0.743083 0.403425 0.174286 0.018180
0 0.732667 0.403466 0.406817 0.024087
1 0.574513 0.429708 0.083462 0.019075
2 0.657429 0.429385 0.069296 0.019020
0 0.732849 0.429715 0.406817 0.024087
1 0.574713 0.458458 0.083462 0.019075
2 0.660962 0.458121 0.075962 0.019046
0 0.733048 0.458465 0.406817 0.024087
1 0.554101 0.490414 0.041796 0.018912
2 0.611600 0.490189 0.060129 0.018984
3 0.787019 0.490130 0.269284 0.018550
3 0.745083 0.511544 0.348450 0.018859
3 0.713565 0.532917 0.285118 0.018612
0 0.733417 0.511589 0.407112 0.066586
1 0.575428 0.561581 0.083462 0.019075
2 0.650844 0.561287 0.054296 0.018961
3 0.807513 0.561301 0.237618 0.018427
3 0.690162 0.583009 0.237618 0.018427
0 0.733838 0.572213 0.406965 0.045337
1 0.565398 0.617246 0.062629 0.018994
2 0.649147 0.616919 0.091796 0.019108
3 0.816649 0.616891 0.221785 0.018365
3 0.750964 0.638397 0.358450 0.018898
3 0.746111 0.659667 0.348450 0.018859
3 0.746259 0.680916 0.348450 0.018859
3 0.746406 0.702166 0.348450 0.018859
3 0.635722 0.723848 0.126786 0.017994
0 0.734518 0.670337 0.407555 0.130336
1 0.566348 0.754119 0.062629 0.018994
2 0.647180 0.753804 0.085962 0.019085
3 0.811765 0.753787 0.221785 0.018365
3 0.746914 0.775290 0.348450 0.018859
3 0.747061 0.796540 0.348450 0.018859
3 0.747209 0.817789 0.348450 0.018859
3 0.752356 0.839020 0.358450 0.018898
3 0.700004 0.860474 0.253451 0.018489
0 0.735468 0.807210 0.407555 0.130336
1 0.577731 0.893452 0.083462 0.019075
2 0.664397 0.893114 0.076796 0.019049
3 0.821482 0.893126 0.215952 0.018342
3 0.605383 0.915219 0.063454 0.017747
0 0.736140 0.904084 0.406965 0.045337
