3 0.506054 0.036967 0.987893 0.039983
0 0.109072 0.078431 0.062987 0.019683
1 0.169476 0.079337 0.045491 0.019421
2 0.337343 0.082479 0.269579 0.021531
2 0.288869 0.103006 0.348730 0.022717
0 0.097341 0.127640 0.042158 0.019371
1 0.153997 0.128490 0.058821 0.019621
2 0.328529 0.131731 0.269579 0.021531
2 0.289637 0.152403 0.352896 0.022780
2 0.286988 0.173617 0.348730 0.022717
2 0.286421 0.194863 0.348730 0.022717
2 0.285855 0.216109 0.348730 0.022717
2 0.285289 0.237354 0.348730 0.022717
2 0.284723 0.258600 0.348730 0.022717
0 0.103526 0.286515 0.062987 0.019683
1 0.179344 0.287651 0.076318 0.019883
2 0.346794 0.290787 0.237919 0.021056
2 0.180428 0.309547 0.142938 0.019632
0 0.091696 0.339473 0.042158 0.019371
1 0.153767 0.340404 0.069652 0.019783
2 0.333714 0.343726 0.269579 0.021531
2 0.281908 0.364204 0.348730 0.022717
2 0.281342 0.385450 0.348730 0.022717
2 0.114559 0.404204 0.016296 0.017734
0 0.109877 0.439141 0.083816 0.019995
1 0.186112 0.440283 0.056322 0.019583
2 0.343564 0.443269 0.237919 0.021056
2 0.247600 0.463085 0.285409 0.021768
0 0.087782 0.486319 0.042158 0.019371
1 0.159018 0.487387 0.087982 0.020058
0 0.097397 0.516469 0.062987 0.019683
1 0.158635 0.517387 0.047157 0.019446
2 0.316504 0.520379 0.247917 0.021206
0 0.096565 0.547713 0.062987 0.019683
1 0.157386 0.548624 0.046324 0.019433
2 0.325669 0.551772 0.269579 0.021531
2 0.133891 0.570152 0.063787 0.018446
0 0.095099 0.602702 0.062987 0.019683
1 0.179249 0.603963 0.092981 0.020133
2 0.347116 0.607105 0.222089 0.020819
2 0.279896 0.627351 0.358728 0.022867
2 0.279330 0.648597 0.358728 0.022867
2 0.273765 0.669768 0.348730 0.022717
2 0.154472 0.689234 0.111278 0.019158
0 0.081620 0.717523 0.042158 0.019371
1 0.145358 0.718478 0.072985 0.019833
2 0.319056 0.721707 0.253749 0.021294
2 0.276832 0.742328 0.358728 0.022867
2 0.271266 0.763499 0.348730 0.022717
2 0.270700 0.784745 0.348730 0.022717
2 0.275133 0.806066 0.358728 0.022867
2 0.198332 0.826169 0.206259 0.020582
0 0.078006 0.853121 0.042158 0.019371
1 0.137161 0.854007 0.063820 0.019696
0 0.087672 0.881396 0.062987 0.019683
1 0.167656 0.882595 0.084649 0.020008
2 0.331356 0.885674 0.222089 0.020819
2 0.196234 0.904903 0.206259 0.020582
0 0.586060 0.085582 0.083816 0.019995
1 0.663961 0.086750 0.059654 0.019633
2 0.823079 0.089761 0.237919 0.021056
2 0.628802 0.108102 0.095447 0.018920
0 0.574280 0.136666 0.062987 0.019683
1 0.652181 0.137834 0.080484 0.019945
2 0.821713 0.141000 0.237919 0.021056
2 0.595776 0.158867 0.032127 0.017971
0 0.572881 0.189155 0.062987 0.019683
1 0.632036 0.190042 0.042991 0.019383
2 0.798652 0.193165 0.269579 0.021531
2 0.757677 0.213805 0.358728 0.022867
2 0.752112 0.234976 0.348730 0.022717
2 0.669479 0.254991 0.184596 0.020257
0 0.559985 0.282106 0.042158 0.019371
1 0.616640 0.282955 0.058821 0.019621
0 0.559035 0.317723 0.042158 0.019371
1 0.610275 0.318492 0.047990 0.019458
2 0.787306 0.321771 0.285409 0.021768
2 0.749248 0.342454 0.348730 0.022717
2 0.748682 0.363700 0.348730 0.022717
2 0.748115 0.384946 0.348730 0.022717
2 0.747549 0.406192 0.348730 0.022717
0 0.555871 0.436450 0.042158 0.019371
1 0.617109 0.437368 0.067986 0.019758
2 0.796223 0.440678 0.269579 0.021531
0 0.565586 0.462851 0.062987 0.019683
1 0.643904 0.464025 0.081317 0.019958
2 0.813853 0.467198 0.237919 0.021056
2 0.602913 0.485290 0.063787 0.018446
0 0.553723 0.517059 0.042158 0.019371
1 0.612461 0.517939 0.062987 0.019683
2 0.789076 0.521212 0.269579 0.021531
0 0.552857 0.549552 0.042158 0.019371
1 0.606180 0.550352 0.052156 0.019521
0 0.562489 0.579077 0.062987 0.019683
1 0.640806 0.580251 0.081317 0.019958
2 0.810756 0.583424 0.237919 0.021056
2 0.742286 0.603652 0.348730 0.022717
2 0.741720 0.624898 0.348730 0.022717
2 0.741154 0.646144 0.348730 0.022717
2 0.740588 0.667389 0.348730 0.022717
2 0.573805 0.686143 0.016296 0.017734
0 0.548544 0.711395 0.042158 0.019371
1 0.603949 0.712225 0.056322 0.019583
2 0.782230 0.715523 0.279577 0.021681
2 0.588369 0.733871 0.047957 0.018208
0 0.557642 0.760916 0.062987 0.019683
1 0.615131 0.761778 0.039658 0.019333
0 0.567108 0.796690 0.083816 0.019995
1 0.656257 0.798027 0.082150 0.019970
2 0.815791 0.801043 0.216257 0.020731
2 0.670254 0.820116 0.216257 0.020731
0 0.544896 0.848242 0.042158 0.019371
1 0.599052 0.849054 0.053822 0.019546
2 0.731509 0.851665 0.190428 0.020344
0 0.554562 0.876518 0.062987 0.019683
1 0.615383 0.877430 0.046324 0.019433
2 0.783666 0.880578 0.269579 0.021531
2 0.591888 0.898957 0.063787 0.018446
