3 0.492673 0.031383 0.985346 0.042884
0 0.074398 0.091873 0.042251 0.019490
1 0.147294 0.090569 0.091404 0.020370
2 0.322264 0.088063 0.237989 0.021744
2 0.265873 0.110328 0.348791 0.023727
2 0.271547 0.131482 0.358788 0.023906
2 0.267225 0.152816 0.348791 0.023727
2 0.267900 0.174060 0.348791 0.023727
2 0.205261 0.196437 0.222160 0.021461
0 0.089086 0.226024 0.063079 0.019863
1 0.176561 0.224458 0.099735 0.020519
2 0.339867 0.222161 0.206331 0.021178
2 0.103944 0.247639 0.016385 0.017778
0 0.080382 0.279945 0.042251 0.019490
1 0.126618 0.279117 0.038086 0.019416
2 0.306587 0.276522 0.301304 0.022877
2 0.271856 0.298399 0.348791 0.023727
2 0.272532 0.319643 0.348791 0.023727
2 0.273208 0.340887 0.348791 0.023727
2 0.147253 0.364397 0.095530 0.019195
0 0.094453 0.394726 0.063079 0.019863
1 0.165683 0.393451 0.067244 0.019937
2 0.336487 0.391019 0.253818 0.022027
2 0.117226 0.416199 0.032214 0.018062
0 0.085570 0.443023 0.042251 0.019490
1 0.150551 0.441860 0.075575 0.020086
2 0.278035 0.440204 0.158845 0.020328
0 0.096898 0.471579 0.063079 0.019863
1 0.155215 0.470535 0.041418 0.019475
2 0.321021 0.468193 0.269647 0.022311
2 0.277959 0.490220 0.348791 0.023727
2 0.278635 0.511464 0.348791 0.023727
2 0.281394 0.532670 0.352956 0.023802
2 0.279987 0.553952 0.348791 0.023727
2 0.209433 0.576470 0.206331 0.021178
0 0.101232 0.607790 0.063079 0.019863
1 0.167046 0.606612 0.056414 0.019744
2 0.332436 0.604278 0.253818 0.022027
2 0.282293 0.626431 0.348791 0.023727
2 0.282969 0.647675 0.348791 0.023727
2 0.117442 0.671893 0.016385 0.017778
0 0.093859 0.703574 0.042251 0.019490
1 0.160090 0.702389 0.078074 0.020131
2 0.336310 0.699860 0.253818 0.022027
2 0.285334 0.722029 0.348791 0.023727
2 0.286010 0.743273 0.348791 0.023727
2 0.286686 0.764517 0.348791 0.023727
2 0.292360 0.785671 0.358788 0.023906
2 0.169321 0.809129 0.111358 0.019478
0 0.108766 0.844598 0.063079 0.019863
1 0.171664 0.843472 0.050582 0.019639
2 0.342052 0.841048 0.269647 0.022311
2 0.289827 0.863239 0.348791 0.023727
2 0.290503 0.884483 0.348791 0.023727
2 0.291178 0.905726 0.348791 0.023727
2 0.149395 0.929520 0.063872 0.018628
0 0.561759 0.083151 0.083906 0.020236
1 0.644236 0.081675 0.068910 0.019967
2 0.800045 0.079512 0.222160 0.021461
2 0.637434 0.103678 0.158845 0.020328
0 0.552996 0.135198 0.063079 0.019863
1 0.613812 0.134110 0.046417 0.019565
2 0.782117 0.131723 0.269647 0.022311
2 0.734057 0.153839 0.348791 0.023727
2 0.734732 0.175083 0.348791 0.023727
2 0.735408 0.196327 0.348791 0.023727
2 0.733168 0.217623 0.342959 0.023623
0 0.567186 0.253728 0.083906 0.020236
1 0.647580 0.252289 0.064745 0.019893
2 0.801306 0.250163 0.222160 0.021461
2 0.634946 0.274396 0.143016 0.020044
0 0.568856 0.306213 0.083906 0.020236
1 0.657997 0.304618 0.082240 0.020206
2 0.812557 0.302477 0.206331 0.021178
2 0.715760 0.325465 0.301304 0.022877
0 0.560112 0.358884 0.063079 0.019863
1 0.635507 0.357535 0.075575 0.020086
2 0.799647 0.355223 0.232157 0.021640
0 0.550831 0.394686 0.042251 0.019490
1 0.601234 0.393784 0.046417 0.019565
2 0.782452 0.391166 0.295473 0.022773
2 0.742306 0.413140 0.348791 0.023727
2 0.742982 0.434384 0.348791 0.023727
2 0.743658 0.455628 0.348791 0.023727
2 0.744334 0.476872 0.348791 0.023727
2 0.745010 0.498116 0.348791 0.023727
2 0.745686 0.519360 0.348791 0.023727
2 0.611817 0.543012 0.079701 0.018911
0 0.577384 0.574262 0.083906 0.020236
1 0.646114 0.573032 0.041418 0.019475
2 0.804006 0.570831 0.253818 0.022027
2 0.748031 0.593089 0.348791 0.023727
2 0.748707 0.614333 0.348791 0.023727
2 0.749383 0.635577 0.348791 0.023727
2 0.639257 0.658804 0.127187 0.019761
0 0.570608 0.688790 0.063079 0.019863
1 0.632257 0.687687 0.048083 0.019594
2 0.769738 0.685852 0.206331 0.021178
0 0.561129 0.718343 0.042251 0.019490
1 0.626527 0.717173 0.076408 0.020101
2 0.801913 0.714660 0.253818 0.022027
2 0.665545 0.738356 0.174674 0.020611
0 0.568710 0.773223 0.053915 0.019699
1 0.640773 0.771934 0.078074 0.020131
2 0.809078 0.769547 0.237989 0.021744
2 0.596065 0.794615 0.032214 0.018062
0 0.564429 0.822064 0.042251 0.019490
1 0.631493 0.820864 0.079741 0.020161
0 0.586349 0.856056 0.083906 0.020236
1 0.669659 0.854566 0.070576 0.019997
2 0.826301 0.852387 0.222160 0.021461
2 0.756997 0.874884 0.348791 0.023727
2 0.762671 0.896038 0.358788 0.023906
2 0.758348 0.917372 0.348791 0.023727
2 0.600736 0.941448 0.032214 0.018062
