0 0.26666666666666666 0.1325 0.4 0.115
0 0.26666666666666666 0.24125 0.4 0.0675
0 0.26666666666666666 0.314375 0.4 0.04375
0 0.26666666666666666 0.375625 0.4 0.04375
0 0.26666666666666666 0.436875 0.4 0.04375
0 0.26666666666666666 0.498125 0.4 0.04375
0 0.26666666666666666 0.559375 0.4 0.04375
0 0.26666666666666666 0.620625 0.4 0.04375
0 0.26666666666666666 0.681875 0.4 0.04375
0 0.26666666666666666 0.73125 0.4 0.02
0 0.26666666666666666 0.81625 0.4 0.115
0 0.7333333333333333 0.096875 0.4 0.04375
0 0.7333333333333333 0.158125 0.4 0.04375
0 0.7333333333333333 0.255 0.4 0.115
0 0.7333333333333333 0.351875 0.4 0.04375
0 0.7333333333333333 0.413125 0.4 0.04375
0 0.7333333333333333 0.474375 0.4 0.04375
0 0.7333333333333333 0.535625 0.4 0.04375
0 0.7333333333333333 0.585 0.4 0.02
0 0.7333333333333333 0.634375 0.4 0.04375
0 0.7333333333333333 0.7075 0.4 0.0675
0 0.7333333333333333 0.828125 0.4 0.13875
