3 0.507021 0.036374 0.985957 0.042331
0 0.110835 0.077515 0.063061 0.019829
1 0.168320 0.078512 0.039734 0.019424
2 0.285769 0.081174 0.174660 0.020515
0 0.099458 0.108576 0.042233 0.019467
1 0.150694 0.109464 0.048065 0.019569
2 0.311882 0.112885 0.253805 0.021888
0 0.109043 0.135624 0.063061 0.019829
1 0.176942 0.136802 0.060562 0.019785
2 0.344378 0.140331 0.253805 0.021888
2 0.138361 0.158014 0.048027 0.018319
0 0.096934 0.190429 0.042233 0.019467
1 0.165666 0.191621 0.083056 0.020175
2 0.344349 0.195345 0.253805 0.021888
2 0.192068 0.213960 0.158830 0.020241
0 0.116298 0.238277 0.083889 0.020190
1 0.206274 0.239838 0.083889 0.020190
2 0.361630 0.243157 0.206318 0.021064
2 0.119373 0.260212 0.016369 0.017770
0 0.104285 0.289958 0.063061 0.019829
1 0.165935 0.291027 0.048065 0.019569
2 0.335037 0.294585 0.269634 0.022162
2 0.133603 0.312347 0.048027 0.018319
0 0.102763 0.339320 0.063061 0.019829
1 0.180242 0.340663 0.079723 0.020118
2 0.349345 0.344221 0.237976 0.021613
2 0.282457 0.364317 0.348780 0.023535
2 0.281802 0.385561 0.348780 0.023535
2 0.273233 0.406668 0.332951 0.023260
0 0.089402 0.434739 0.042233 0.019467
1 0.167714 0.436097 0.102217 0.020508
2 0.348063 0.439850 0.237976 0.021613
2 0.279510 0.459916 0.348780 0.023535
2 0.152222 0.478965 0.095514 0.019142
0 0.087109 0.509094 0.042233 0.019467
1 0.147926 0.510148 0.067227 0.019901
2 0.326609 0.513872 0.269634 0.022162
2 0.277217 0.534272 0.348780 0.023535
2 0.276562 0.555516 0.348780 0.023535
2 0.228420 0.575937 0.253805 0.021888
0 0.104932 0.606929 0.083889 0.020190
1 0.192408 0.608446 0.078890 0.020103
2 0.345265 0.611722 0.206318 0.021064
2 0.279211 0.631832 0.358777 0.023708
2 0.273557 0.652990 0.348780 0.023535
2 0.272902 0.674234 0.348780 0.023535
2 0.272247 0.695478 0.348780 0.023535
2 0.232019 0.716036 0.269634 0.022162
0 0.079847 0.744656 0.042233 0.019467
1 0.151494 0.745898 0.088888 0.020277
0 0.089355 0.774204 0.063061 0.019829
1 0.157254 0.775381 0.060562 0.019785
0 0.083906 0.802242 0.053897 0.019670
1 0.158886 0.803542 0.083889 0.020190
0 0.097823 0.837492 0.083889 0.020190
1 0.178218 0.838887 0.064727 0.019858
2 0.323994 0.842040 0.206318 0.021064
0 0.076071 0.867123 0.042233 0.019467
1 0.148135 0.868373 0.089721 0.020291
2 0.322236 0.872017 0.237976 0.021613
2 0.266179 0.892301 0.348780 0.023535
2 0.265524 0.913545 0.348780 0.023535
2 0.264869 0.934789 0.348780 0.023535
2 0.245469 0.955709 0.311290 0.022885
0 0.577377 0.085606 0.063061 0.019829
1 0.656106 0.086971 0.082223 0.020161
2 0.826458 0.090551 0.237976 0.021613
2 0.757071 0.110603 0.348780 0.023535
2 0.756416 0.131847 0.348780 0.023535
2 0.755761 0.153092 0.348780 0.023535
2 0.755106 0.174336 0.348780 0.023535
2 0.754451 0.195580 0.348780 0.023535
2 0.666736 0.215315 0.174660 0.020515
0 0.562166 0.241009 0.042233 0.019467
1 0.629232 0.242172 0.079723 0.020118
2 0.806248 0.245867 0.253805 0.021888
2 0.757273 0.266273 0.358777 0.023708
2 0.585414 0.284548 0.016369 0.017770
0 0.559874 0.315364 0.042233 0.019467
1 0.616109 0.316339 0.058063 0.019742
2 0.790210 0.319984 0.269634 0.022162
2 0.599605 0.337934 0.048027 0.018319
0 0.558178 0.370349 0.042233 0.019467
1 0.622328 0.371462 0.073892 0.020016
2 0.796429 0.375106 0.253805 0.021888
2 0.748287 0.395527 0.348780 0.023535
2 0.747632 0.416771 0.348780 0.023535
2 0.746977 0.438016 0.348780 0.023535
2 0.595945 0.456652 0.048027 0.018319
0 0.565067 0.484874 0.063061 0.019829
1 0.629633 0.485994 0.053897 0.019670
2 0.793737 0.489465 0.253805 0.021888
2 0.744761 0.509871 0.348780 0.023535
2 0.744106 0.531116 0.348780 0.023535
2 0.616818 0.550164 0.095514 0.019142
0 0.562081 0.581723 0.063061 0.019829
1 0.639560 0.583067 0.079723 0.020118
2 0.808662 0.586625 0.237976 0.021613
2 0.615142 0.604524 0.095514 0.019142
0 0.570857 0.635015 0.083889 0.020190
1 0.651253 0.636409 0.064727 0.019858
2 0.804942 0.639699 0.222147 0.021339
2 0.724309 0.659557 0.317121 0.022986
0 0.558748 0.689819 0.063061 0.019829
1 0.619982 0.690881 0.047232 0.019554
2 0.741180 0.693608 0.174660 0.020515
0 0.563559 0.723037 0.074725 0.020031
1 0.660200 0.724713 0.106383 0.020580
0 0.567293 0.750609 0.083889 0.020190
1 0.641857 0.751902 0.053064 0.019655
2 0.797629 0.755229 0.237976 0.021613
2 0.689086 0.774602 0.253805 0.021888
0 0.565656 0.803720 0.083889 0.020190
1 0.648550 0.805157 0.069726 0.019944
2 0.804739 0.808491 0.222147 0.021339
2 0.647876 0.827026 0.174660 0.020515
0 0.553605 0.856650 0.063061 0.019829
1 0.630667 0.857986 0.078890 0.020103
2 0.796437 0.861486 0.232144 0.021512
2 0.738297 0.881734 0.358777 0.023708
2 0.732644 0.902891 0.348780 0.023535
2 0.731989 0.924136 0.348780 0.023535
2 0.733417 0.945416 0.352945 0.023607
2 0.730679 0.966624 0.348780 0.023535
2 0.674622 0.986908 0.237976 0.021613
