1 0.109022 0.084011 0.083364 0.018828
2 0.183188 0.084080 0.051698 0.018798
3 0.322770 0.084835 0.205862 0.017692
0 0.267354 0.084783 0.406704 0.022879
1 0.088136 0.115866 0.041698 0.018789
2 0.137719 0.115912 0.044198 0.018791
3 0.313134 0.116701 0.285029 0.017765
3 0.207683 0.137853 0.205862 0.017692
0 0.267283 0.127283 0.406739 0.044129
1 0.088057 0.163366 0.041698 0.018789
2 0.141807 0.163416 0.052531 0.018799
3 0.321389 0.164208 0.285029 0.017765
3 0.278854 0.185419 0.348362 0.017824
3 0.278819 0.206669 0.348362 0.017824
3 0.231284 0.227875 0.253362 0.017736
0 0.267170 0.196033 0.406809 0.086629
1 0.098310 0.262126 0.062531 0.018808
2 0.164977 0.262188 0.057531 0.018804
3 0.259976 0.262901 0.110862 0.017603
0 0.267059 0.262908 0.406704 0.022879
1 0.108675 0.293385 0.083364 0.018828
2 0.190758 0.293462 0.067531 0.018813
3 0.346174 0.294232 0.221695 0.017706
3 0.254889 0.315397 0.300862 0.017780
0 0.266990 0.304783 0.406739 0.044129
1 0.108587 0.346510 0.083364 0.018828
2 0.198587 0.346594 0.083364 0.018828
3 0.354003 0.347364 0.205862 0.017692
3 0.143968 0.368418 0.079196 0.017574
0 0.266902 0.357908 0.406739 0.044129
1 0.087664 0.400866 0.041698 0.018789
2 0.160580 0.400934 0.090864 0.018835
3 0.340579 0.401726 0.247529 0.017730
3 0.128044 0.422779 0.047529 0.017544
0 0.266812 0.412283 0.406739 0.044129
1 0.108415 0.450260 0.083364 0.018828
2 0.193832 0.450340 0.074198 0.018819
3 0.352581 0.451113 0.221695 0.017706
3 0.278379 0.472294 0.348362 0.017824
3 0.278344 0.493544 0.348362 0.017824
3 0.135809 0.514661 0.063362 0.017559
0 0.266695 0.482908 0.406809 0.086629
1 0.108254 0.547760 0.083364 0.018828
2 0.191587 0.547838 0.070031 0.018815
3 0.348253 0.548609 0.221695 0.017706
3 0.127801 0.569653 0.047529 0.017544
0 0.266569 0.559158 0.406739 0.044129
1 0.103576 0.604631 0.074198 0.018819
2 0.183993 0.604706 0.073364 0.018818
3 0.342325 0.605478 0.221695 0.017706
3 0.278123 0.626668 0.348362 0.017824
3 0.278088 0.647918 0.348362 0.017824
3 0.246386 0.669139 0.285029 0.017765
0 0.266439 0.637283 0.406809 0.086629
1 0.108004 0.699010 0.083364 0.018828
2 0.190087 0.699087 0.067531 0.018813
0 0.266336 0.699783 0.406704 0.022879
1 0.087111 0.734616 0.041698 0.018789
2 0.139611 0.734665 0.050031 0.018797
3 0.222944 0.735367 0.095029 0.017588
0 0.266277 0.735408 0.406704 0.022879
1 0.097470 0.769625 0.062531 0.018808
2 0.166637 0.769690 0.062531 0.018808
3 0.279969 0.770420 0.142529 0.017633
0 0.266219 0.770408 0.406704 0.022879
1 0.097415 0.802750 0.062531 0.018808
2 0.180748 0.802828 0.090864 0.018835
3 0.347831 0.803609 0.221695 0.017706
3 0.174879 0.824698 0.142529 0.017633
0 0.266146 0.814157 0.406739 0.044129
1 0.097325 0.857125 0.062531 0.018808
2 0.167325 0.857191 0.064198 0.018810
3 0.305241 0.857944 0.190029 0.017677
0 0.266074 0.857907 0.406704 0.022879
1 0.107687 0.890260 0.083364 0.018828
2 0.199770 0.890346 0.087531 0.018831
0 0.266019 0.891032 0.406704 0.022879
1 0.554855 0.084426 0.041698 0.018789
2 0.613605 0.084480 0.062531 0.018808
3 0.790270 0.085270 0.269195 0.017751
3 0.666485 0.106405 0.190029 0.017677
0 0.734003 0.095843 0.406739 0.044129
1 0.554767 0.137551 0.041698 0.018789
2 0.603933 0.137596 0.043364 0.018790
3 0.778932 0.138384 0.285029 0.017765
3 0.587230 0.159456 0.031696 0.017529
0 0.733915 0.148968 0.406739 0.044129
1 0.565093 0.191935 0.062531 0.018808
2 0.635093 0.192001 0.064198 0.018810
3 0.804675 0.192783 0.253362 0.017736
3 0.626724 0.213868 0.110862 0.017603
0 0.733825 0.203342 0.406739 0.044129
1 0.554591 0.243801 0.041698 0.018789
2 0.617507 0.243859 0.070864 0.018816
3 0.798340 0.244653 0.269195 0.017751
3 0.745388 0.265853 0.348362 0.017824
3 0.745353 0.287103 0.348362 0.017824
3 0.745317 0.308353 0.348362 0.017824
3 0.745282 0.329603 0.348362 0.017824
3 0.705664 0.350816 0.269195 0.017751
0 0.733668 0.297717 0.406879 0.129129
1 0.575189 0.385695 0.083364 0.018828
2 0.657273 0.385771 0.067531 0.018813
3 0.781021 0.386512 0.158362 0.017647
0 0.733521 0.386467 0.406704 0.022879
1 0.575143 0.413820 0.083364 0.018828
2 0.656809 0.413896 0.066698 0.018812
3 0.811808 0.414665 0.221695 0.017706
3 0.745106 0.435853 0.348362 0.017824
3 0.745071 0.457103 0.348362 0.017824
3 0.745036 0.478353 0.348362 0.017824
3 0.750001 0.499608 0.358362 0.017834
3 0.744966 0.520853 0.348362 0.017824
3 0.744930 0.542103 0.348362 0.017824
3 0.718229 0.563328 0.295029 0.017775
0 0.733352 0.488967 0.406950 0.171629
1 0.554019 0.589425 0.041698 0.018789
2 0.616935 0.589484 0.070864 0.018816
3 0.797767 0.590277 0.269195 0.017751
3 0.633982 0.611375 0.126696 0.017618
0 0.733167 0.600842 0.406739 0.044129
1 0.564357 0.636935 0.062531 0.018808
2 0.636440 0.637002 0.068364 0.018814
3 0.800189 0.637780 0.237529 0.017721
3 0.744737 0.658978 0.348362 0.017824
3 0.744702 0.680228 0.348362 0.017824
3 0.744667 0.701478 0.348362 0.017824
3 0.744631 0.722728 0.348362 0.017824
3 0.744596 0.743978 0.348362 0.017824
3 0.744561 0.765228 0.348362 0.017824
3 0.594109 0.786338 0.047529 0.017544
0 0.732982 0.712092 0.406950 0.171629
1 0.564066 0.812560 0.062531 0.018808
2 0.625316 0.812617 0.046698 0.018793
3 0.794065 0.813399 0.269195 0.017751
3 0.744446 0.834603 0.348362 0.017824
3 0.744411 0.855853 0.348362 0.017824
3 0.744376 0.877103 0.348362 0.017824
0 0.732762 0.845217 0.406809 0.086629
