3 0.505594 0.039455 0.988812 0.038931
0 0.108283 0.078843 0.062954 0.019618
1 0.176188 0.079790 0.060454 0.019583
2 0.343643 0.082749 0.253723 0.021027
2 0.288127 0.103229 0.348707 0.022351
2 0.287600 0.124475 0.348707 0.022351
2 0.287074 0.145722 0.348707 0.022351
2 0.291546 0.167038 0.358705 0.022491
2 0.286021 0.188214 0.348707 0.022351
2 0.285494 0.209461 0.348707 0.022351
2 0.253307 0.230266 0.285384 0.021469
0 0.103855 0.257563 0.062954 0.019618
1 0.166760 0.258439 0.050456 0.019444
2 0.337132 0.261439 0.269554 0.021248
2 0.252037 0.281507 0.285384 0.021469
0 0.112938 0.311449 0.083783 0.019908
1 0.194590 0.312587 0.067120 0.019676
2 0.349548 0.315371 0.222062 0.020586
2 0.282366 0.335689 0.348707 0.022351
2 0.281840 0.356935 0.348707 0.022351
2 0.281314 0.378181 0.348707 0.022351
2 0.280787 0.399428 0.348707 0.022351
2 0.280261 0.420674 0.348707 0.022351
2 0.248073 0.441479 0.285384 0.021469
0 0.088175 0.469881 0.042124 0.019327
1 0.138583 0.470583 0.046290 0.019385
2 0.314787 0.473664 0.285384 0.021469
2 0.278434 0.494411 0.348707 0.022351
2 0.277907 0.515658 0.348707 0.022351
2 0.277381 0.536904 0.348707 0.022351
2 0.158125 0.556496 0.111248 0.019042
0 0.085311 0.585486 0.042124 0.019327
1 0.153632 0.586438 0.082117 0.019885
2 0.292343 0.588997 0.174570 0.019924
0 0.105413 0.615146 0.083783 0.019908
1 0.187482 0.616290 0.067953 0.019687
2 0.342856 0.619081 0.222062 0.020586
2 0.156112 0.637731 0.111248 0.019042
0 0.104019 0.671386 0.083783 0.019908
1 0.176923 0.672402 0.049623 0.019432
2 0.331048 0.675176 0.237893 0.020807
2 0.273448 0.695627 0.348707 0.022351
2 0.272921 0.716873 0.348707 0.022351
2 0.272395 0.738119 0.348707 0.022351
2 0.276867 0.759435 0.358705 0.022491
2 0.271342 0.780612 0.348707 0.022351
2 0.270815 0.801858 0.348707 0.022351
2 0.270289 0.823105 0.348707 0.022351
2 0.127287 0.842365 0.063756 0.018380
0 0.088603 0.873081 0.062954 0.019618
1 0.150675 0.873947 0.048790 0.019420
2 0.320214 0.876935 0.269554 0.021248
2 0.138885 0.895661 0.089585 0.018740
0 0.564454 0.085202 0.042124 0.019327
1 0.629026 0.086102 0.074618 0.019780
2 0.803564 0.089159 0.253723 0.021027
2 0.759712 0.109802 0.358705 0.022491
2 0.667118 0.129765 0.174570 0.019924
0 0.583426 0.160479 0.083783 0.019908
1 0.672577 0.161722 0.082117 0.019885
0 0.572345 0.187204 0.062954 0.019618
1 0.652748 0.188325 0.085450 0.019931
2 0.816871 0.191237 0.222062 0.020586
2 0.752189 0.211590 0.348707 0.022351
2 0.751662 0.232836 0.348707 0.022351
2 0.756135 0.254152 0.358705 0.022491
2 0.655626 0.274005 0.158740 0.019703
0 0.569388 0.306559 0.062954 0.019618
1 0.627711 0.307371 0.041291 0.019316
2 0.793500 0.310307 0.269554 0.021248
2 0.717570 0.330503 0.285384 0.021469
0 0.578595 0.355445 0.083783 0.019908
1 0.647333 0.356403 0.041291 0.019316
2 0.789376 0.359008 0.222062 0.020586
0 0.577712 0.391064 0.083783 0.019908
1 0.658948 0.392196 0.066286 0.019664
2 0.813489 0.394976 0.222062 0.020586
2 0.580920 0.412988 0.016264 0.017718
0 0.565904 0.447159 0.062954 0.019618
1 0.628393 0.448030 0.049623 0.019432
2 0.782518 0.450804 0.237893 0.020807
0 0.554622 0.482008 0.042124 0.019327
1 0.608363 0.482757 0.052955 0.019478
2 0.779984 0.485774 0.269554 0.021248
0 0.564170 0.517147 0.062954 0.019618
1 0.625826 0.518007 0.047956 0.019409
2 0.794948 0.520989 0.269554 0.021248
2 0.688606 0.540760 0.237893 0.020807
0 0.573299 0.569158 0.083783 0.019908
1 0.652869 0.570267 0.062954 0.019618
2 0.805744 0.573023 0.222062 0.020586
2 0.742728 0.593399 0.348707 0.022351
2 0.742202 0.614645 0.348707 0.022351
2 0.741675 0.635891 0.348707 0.022351
2 0.746148 0.657207 0.358705 0.022491
2 0.621893 0.676729 0.111248 0.019042
0 0.559432 0.708364 0.062954 0.019618
1 0.631502 0.709369 0.068786 0.019699
2 0.795209 0.712276 0.237893 0.020807
2 0.580969 0.730543 0.032095 0.017938
0 0.547654 0.763210 0.042124 0.019327
1 0.612226 0.764110 0.074618 0.019780
2 0.786764 0.767167 0.253723 0.021027
2 0.737912 0.787740 0.348707 0.022351
2 0.737386 0.808986 0.348707 0.022351
2 0.736860 0.830233 0.348707 0.022351
2 0.736333 0.851479 0.348707 0.022351
2 0.735807 0.872725 0.348707 0.022351
2 0.735280 0.893972 0.348707 0.022351
2 0.734754 0.915218 0.348707 0.022351
2 0.662990 0.935472 0.206231 0.020365
