0 0.26666666666666666 0.096875 0.4 0.04375
0 0.26666666666666666 0.2175 0.4 0.1625
0 0.26666666666666666 0.338125 0.4 0.04375
0 0.26666666666666666 0.399375 0.4 0.04375
0 0.26666666666666666 0.52 0.4 0.1625
0 0.26666666666666666 0.688125 0.4 0.13875
0 0.26666666666666666 0.796875 0.4 0.04375
0 0.26666666666666666 0.858125 0.4 0.04375
0 0.7333333333333333 0.144375 0.4 0.13875
0 0.7333333333333333 0.276875 0.4 0.09125
0 0.7333333333333333 0.3975 0.4 0.115
0 0.7333333333333333 0.494375 0.4 0.04375
0 0.7333333333333333 0.555625 0.4 0.04375
0 0.7333333333333333 0.616875 0.4 0.04375
0 0.7333333333333333 0.66625 0.4 0.02
0 0.7333333333333333 0.75125 0.4 0.115
0 0.7333333333333333 0.848125 0.4 0.04375
