1 0.093564 0.086763 0.062695 0.019119
2 0.173145 0.086293 0.083528 0.019242
3 0.336480 0.085953 0.221844 0.018809
3 0.274205 0.107572 0.348506 0.019557
3 0.279428 0.128792 0.358506 0.019616
3 0.274651 0.150070 0.348506 0.019557
3 0.274874 0.171320 0.348506 0.019557
3 0.275097 0.192569 0.348506 0.019557
3 0.196156 0.214286 0.190178 0.018622
0 0.262985 0.150139 0.408229 0.152398
1 0.084782 0.242445 0.041862 0.018996
2 0.142280 0.242105 0.060195 0.019104
3 0.317698 0.241694 0.269342 0.019090
3 0.275839 0.263192 0.348506 0.019557
3 0.276062 0.284441 0.348506 0.019557
3 0.276286 0.305691 0.348506 0.019557
3 0.281509 0.326910 0.358506 0.019616
3 0.197568 0.348657 0.190178 0.018622
0 0.264508 0.295135 0.408006 0.131149
1 0.107013 0.375443 0.083528 0.019242
2 0.192010 0.374941 0.073528 0.019183
3 0.350345 0.374630 0.221844 0.018809
3 0.277237 0.396313 0.348506 0.019557
3 0.277461 0.417562 0.348506 0.019557
3 0.151021 0.439560 0.095181 0.018061
0 0.265683 0.407006 0.407560 0.088650
1 0.087165 0.469313 0.041862 0.018996
2 0.156746 0.468902 0.084361 0.019247
3 0.336330 0.468466 0.253509 0.018996
3 0.283222 0.490030 0.358506 0.019616
3 0.278445 0.511309 0.348506 0.019557
3 0.278668 0.532559 0.348506 0.019557
3 0.278892 0.553808 0.348506 0.019557
3 0.279115 0.575057 0.348506 0.019557
3 0.255589 0.596447 0.301008 0.019277
0 0.267002 0.532628 0.408229 0.152398
1 0.088878 0.632433 0.041862 0.018996
2 0.140960 0.632125 0.049362 0.019040
3 0.318878 0.631699 0.285175 0.019183
3 0.169105 0.653835 0.126847 0.018248
0 0.268157 0.642624 0.407114 0.046151
1 0.089416 0.683681 0.041862 0.018996
2 0.141498 0.683374 0.049362 0.019040
3 0.319416 0.682948 0.285175 0.019183
3 0.177560 0.705036 0.142679 0.018341
0 0.268696 0.693873 0.407114 0.046151
1 0.089961 0.735555 0.041862 0.018996
2 0.137460 0.735274 0.040196 0.018986
3 0.318711 0.734828 0.301008 0.019277
3 0.146439 0.757097 0.079348 0.017967
0 0.269241 0.745746 0.407114 0.046151
1 0.090539 0.790553 0.041862 0.018996
2 0.145954 0.790226 0.056029 0.019079
0 0.269707 0.790120 0.406890 0.024902
1 0.101264 0.819866 0.062695 0.019119
2 0.168345 0.819469 0.058528 0.019094
3 0.303347 0.819297 0.190178 0.018622
0 0.270015 0.819494 0.406890 0.024902
1 0.111982 0.848553 0.083528 0.019242
2 0.188230 0.848103 0.056029 0.019079
3 0.345731 0.847797 0.237676 0.018903
3 0.163460 0.870125 0.111014 0.018154
0 0.270429 0.858867 0.407114 0.046151
1 0.549800 0.084068 0.041862 0.018996
2 0.615214 0.083681 0.076028 0.019197
3 0.790632 0.083270 0.253509 0.018996
0 0.728967 0.083634 0.406890 0.024902
1 0.570980 0.117069 0.083528 0.019242
2 0.647228 0.116618 0.056029 0.019079
3 0.804730 0.116313 0.237676 0.018903
3 0.741205 0.137939 0.348506 0.019557
3 0.741428 0.159188 0.348506 0.019557
3 0.741651 0.180437 0.348506 0.019557
3 0.741874 0.201687 0.348506 0.019557
3 0.647100 0.223497 0.158512 0.018435
0 0.729873 0.169882 0.408006 0.131149
1 0.561995 0.253376 0.062695 0.019119
2 0.645742 0.252881 0.091861 0.019291
3 0.813244 0.252517 0.221844 0.018809
3 0.742636 0.274185 0.348506 0.019557
3 0.742859 0.295434 0.348506 0.019557
3 0.748082 0.316654 0.358506 0.019616
3 0.672058 0.338353 0.206011 0.018715
0 0.731193 0.295503 0.407783 0.109899
1 0.573665 0.372686 0.083528 0.019242
2 0.672412 0.372102 0.101027 0.019345
3 0.828664 0.371804 0.190178 0.018622
3 0.735973 0.393603 0.332673 0.019464
0 0.732112 0.383000 0.407114 0.046151
1 0.563846 0.429621 0.062695 0.019119
2 0.635927 0.429195 0.068528 0.019153
3 0.791762 0.428899 0.221844 0.018809
0 0.732597 0.429249 0.406890 0.024902
1 0.574584 0.460183 0.083528 0.019242
2 0.652082 0.459725 0.058528 0.019094
3 0.810833 0.459412 0.237676 0.018903
3 0.662728 0.481538 0.184345 0.018587
0 0.733031 0.470497 0.407114 0.046151
1 0.554329 0.515305 0.041862 0.018996
2 0.615994 0.514940 0.068528 0.019153
3 0.763912 0.514691 0.206011 0.018715
0 0.733497 0.514871 0.406890 0.024902
1 0.565113 0.550242 0.062695 0.019119
2 0.641361 0.549791 0.076861 0.019202
3 0.809279 0.549424 0.237676 0.018903
3 0.745754 0.571050 0.348506 0.019557
3 0.745977 0.592300 0.348506 0.019557
3 0.746200 0.613549 0.348506 0.019557
3 0.588095 0.635734 0.031849 0.017687
0 0.734311 0.592369 0.407783 0.109899
1 0.576724 0.663927 0.083528 0.019242
2 0.665055 0.663405 0.080194 0.019222
3 0.818806 0.663122 0.206011 0.018715
3 0.746949 0.684797 0.348506 0.019557
3 0.747172 0.706046 0.348506 0.019557
3 0.747395 0.727295 0.348506 0.019557
3 0.700120 0.748825 0.253509 0.018996
0 0.735505 0.706115 0.407783 0.109899
1 0.577978 0.783298 0.083528 0.019242
2 0.656309 0.782835 0.060195 0.019104
3 0.815894 0.782518 0.237676 0.018903
3 0.753202 0.804139 0.358506 0.019616
3 0.748426 0.825417 0.348506 0.019557
3 0.748649 0.846667 0.348506 0.019557
3 0.748872 0.867916 0.348506 0.019557
3 0.749095 0.889165 0.348506 0.019557
3 0.749318 0.910415 0.348506 0.019557
3 0.749541 0.931664 0.348506 0.019557
3 0.599353 0.953802 0.047682 0.017780
0 0.737206 0.867985 0.408676 0.194897
