3 0.502303 0.040639 0.995394 0.030778
0 0.112615 0.082124 0.083523 0.019231
1 0.205112 0.082658 0.088523 0.019260
2 0.363018 0.084196 0.206007 0.018689
2 0.116140 0.104020 0.016013 0.017591
0 0.097089 0.133286 0.053524 0.019058
1 0.162087 0.133661 0.063524 0.019115
2 0.336242 0.135293 0.263505 0.019021
0 0.101319 0.167686 0.062691 0.019111
1 0.167567 0.168069 0.056858 0.019077
0 0.090556 0.201375 0.041858 0.018990
1 0.149304 0.201714 0.062691 0.019111
0 0.090261 0.230124 0.041858 0.018990
1 0.156925 0.230509 0.078524 0.019202
2 0.333580 0.232155 0.253506 0.018964
2 0.280863 0.253101 0.348503 0.019513
2 0.280645 0.274351 0.348503 0.019513
2 0.282510 0.295612 0.352669 0.019537
2 0.166462 0.316192 0.121010 0.018198
0 0.089028 0.350120 0.041858 0.018990
1 0.157359 0.350515 0.081857 0.019221
2 0.285265 0.351880 0.152675 0.018381
0 0.099155 0.378305 0.062691 0.019111
1 0.175819 0.378748 0.077690 0.019197
2 0.341225 0.380329 0.231840 0.018838
2 0.152679 0.400490 0.095177 0.018049
0 0.088219 0.428868 0.041858 0.018990
1 0.149050 0.429220 0.066857 0.019135
2 0.327788 0.430878 0.269338 0.019055
2 0.278822 0.451845 0.348503 0.019513
2 0.283603 0.473124 0.358502 0.019570
2 0.278385 0.494344 0.348503 0.019513
2 0.278167 0.515593 0.348503 0.019513
2 0.280031 0.536855 0.352669 0.019537
2 0.277730 0.558092 0.348503 0.019513
0 0.107433 0.586484 0.083523 0.019231
1 0.187014 0.586944 0.062691 0.019111
2 0.339920 0.588452 0.221840 0.018781
2 0.282203 0.609370 0.358502 0.019570
2 0.126573 0.629721 0.047678 0.017774
0 0.091644 0.663270 0.053524 0.019058
1 0.152475 0.663621 0.055191 0.019067
0 0.095867 0.698295 0.062691 0.019111
1 0.165865 0.698700 0.064357 0.019120
2 0.311688 0.700168 0.206007 0.018689
0 0.095591 0.725170 0.062691 0.019111
1 0.156006 0.725519 0.045191 0.019010
0 0.105674 0.757729 0.083523 0.019231
1 0.180671 0.758162 0.053524 0.019058
2 0.297328 0.759461 0.158508 0.018415
0 0.105314 0.792728 0.083523 0.019231
1 0.199061 0.793270 0.091023 0.019274
2 0.358217 0.794814 0.206007 0.018689
2 0.280084 0.815613 0.358502 0.019570
2 0.274866 0.836834 0.348503 0.019513
2 0.274648 0.858083 0.348503 0.019513
2 0.274429 0.879333 0.348503 0.019513
2 0.274211 0.900582 0.348503 0.019513
2 0.147330 0.921099 0.095177 0.018049
0 0.558435 0.084700 0.041858 0.018990
1 0.618017 0.085045 0.064357 0.019120
2 0.740090 0.086375 0.158508 0.018415
0 0.568505 0.118510 0.062691 0.019111
1 0.628503 0.118856 0.044358 0.019005
2 0.756409 0.120221 0.190174 0.018598
0 0.557742 0.152198 0.041858 0.018990
1 0.618573 0.152550 0.066857 0.019135
2 0.797312 0.154208 0.269338 0.019055
2 0.661264 0.174672 0.174341 0.018506
0 0.567580 0.208507 0.062691 0.019111
1 0.636745 0.208907 0.062691 0.019111
2 0.805483 0.210507 0.253506 0.018964
2 0.581522 0.230463 0.016013 0.017591
0 0.556605 0.262820 0.041858 0.018990
1 0.621603 0.263196 0.075190 0.019183
2 0.796592 0.264832 0.253506 0.018964
2 0.747208 0.285797 0.348503 0.019513
2 0.746990 0.307047 0.348503 0.019513
2 0.753855 0.328337 0.362669 0.019594
2 0.746553 0.349545 0.348503 0.019513
2 0.746335 0.370795 0.348503 0.019513
2 0.635286 0.391404 0.126843 0.018232
0 0.565358 0.424750 0.062691 0.019111
1 0.642439 0.425196 0.078524 0.019202
2 0.811178 0.426796 0.237673 0.018872
2 0.595133 0.446798 0.047678 0.017774
0 0.564806 0.478499 0.062691 0.019111
1 0.644387 0.478959 0.083523 0.019231
2 0.799793 0.480482 0.206007 0.018689
0 0.574876 0.512308 0.083523 0.019231
1 0.658207 0.512790 0.070191 0.019154
2 0.811946 0.514303 0.216007 0.018747
2 0.586317 0.534250 0.031846 0.017682
0 0.574317 0.566681 0.083523 0.019231
1 0.643482 0.567081 0.041858 0.018990
2 0.801804 0.568621 0.253506 0.018964
2 0.704505 0.589310 0.269338 0.019055
0 0.563342 0.620995 0.062691 0.019111
1 0.638340 0.621428 0.074357 0.019178
2 0.804995 0.623016 0.237673 0.018872
2 0.748529 0.643941 0.358502 0.019570
2 0.743310 0.665161 0.348503 0.019513
2 0.743092 0.686410 0.348503 0.019513
2 0.742874 0.707660 0.348503 0.019513
2 0.742655 0.728909 0.348503 0.019513
2 0.742437 0.750159 0.348503 0.019513
2 0.675971 0.771025 0.216007 0.018747
0 0.551064 0.802179 0.041858 0.018990
1 0.608979 0.802514 0.061024 0.019101
2 0.784800 0.804155 0.269338 0.019055
2 0.741666 0.825156 0.348503 0.019513
2 0.741448 0.846406 0.348503 0.019513
2 0.741230 0.867655 0.348503 0.019513
2 0.598516 0.888081 0.063511 0.017865
