1 0.111802 0.082548 0.083488 0.019140
2 0.182218 0.082878 0.044322 0.018957
3 0.341793 0.084251 0.253474 0.018686
3 0.286617 0.105243 0.358472 0.019178
3 0.281440 0.126469 0.348472 0.019131
3 0.281263 0.147718 0.348472 0.019131
3 0.281086 0.168968 0.348472 0.019131
3 0.249243 0.190069 0.285140 0.018835
0 0.269685 0.137039 0.407731 0.130652
1 0.089798 0.223073 0.041822 0.018945
2 0.140631 0.223311 0.046822 0.018968
3 0.314372 0.224750 0.279307 0.018807
3 0.280446 0.245842 0.348472 0.019131
3 0.280269 0.267091 0.348472 0.019131
3 0.256342 0.288229 0.300973 0.018909
0 0.268691 0.256412 0.407377 0.088153
1 0.088986 0.320571 0.041822 0.018945
2 0.157318 0.320891 0.081821 0.019132
3 0.335643 0.322352 0.253474 0.018686
3 0.134220 0.342658 0.057645 0.017769
0 0.268056 0.332660 0.407023 0.045654
1 0.104830 0.369396 0.074321 0.019097
2 0.186495 0.369779 0.075988 0.019105
3 0.346070 0.371151 0.221808 0.018538
3 0.244645 0.391927 0.279307 0.018807
0 0.267650 0.381409 0.407023 0.045654
1 0.088133 0.423069 0.041822 0.018945
2 0.141048 0.423317 0.050988 0.018988
3 0.311873 0.424742 0.269307 0.018761
0 0.267291 0.424533 0.406846 0.024405
1 0.098289 0.454367 0.062655 0.019042
2 0.171621 0.454711 0.070988 0.019081
3 0.336612 0.456109 0.237641 0.018612
3 0.143939 0.476457 0.079311 0.017871
0 0.266942 0.466408 0.407023 0.045654
1 0.087466 0.503068 0.041822 0.018945
2 0.153715 0.503378 0.077655 0.019113
3 0.329956 0.504829 0.253474 0.018686
3 0.262281 0.525762 0.316806 0.018983
0 0.266536 0.515157 0.407023 0.045654
1 0.087024 0.556192 0.041822 0.018945
2 0.145773 0.556467 0.062655 0.019042
3 0.322431 0.557919 0.269307 0.018761
3 0.277671 0.578960 0.348472 0.019131
3 0.277494 0.600210 0.348472 0.019131
3 0.277318 0.621459 0.348472 0.019131
3 0.277141 0.642709 0.348472 0.019131
3 0.126550 0.663254 0.047645 0.017722
0 0.265740 0.610780 0.407731 0.130652
1 0.085874 0.694314 0.041822 0.018945
2 0.140039 0.694568 0.053488 0.018999
3 0.320031 0.696036 0.285140 0.018835
3 0.244855 0.716934 0.285140 0.018835
0 0.264943 0.706403 0.407023 0.045654
1 0.095817 0.751237 0.062655 0.019042
2 0.172898 0.751598 0.078488 0.019117
3 0.341640 0.753013 0.237641 0.018612
3 0.173133 0.773474 0.142643 0.018167
0 0.264470 0.763277 0.407023 0.045654
1 0.101244 0.800013 0.074321 0.019097
2 0.170409 0.800337 0.050988 0.018988
3 0.333317 0.801725 0.253474 0.018686
3 0.180643 0.822260 0.158476 0.018241
0 0.264064 0.812026 0.407023 0.045654
1 0.105379 0.853783 0.083488 0.019140
2 0.199961 0.854226 0.092654 0.019183
3 0.359953 0.855601 0.205975 0.018464
3 0.124780 0.875750 0.047645 0.017722
0 0.263616 0.865775 0.407023 0.045654
1 0.568043 0.084686 0.062655 0.019042
2 0.637209 0.085010 0.062655 0.019042
3 0.805950 0.086425 0.253474 0.018686
3 0.748274 0.107405 0.348472 0.019131
3 0.748097 0.128655 0.348472 0.019131
3 0.581674 0.149126 0.015979 0.017574
0 0.736519 0.117975 0.407377 0.088153
1 0.577658 0.180983 0.083488 0.019140
2 0.672656 0.181428 0.093488 0.019187
3 0.833065 0.182804 0.205975 0.018464
3 0.747473 0.203653 0.348472 0.019131
3 0.752296 0.224926 0.358472 0.019178
3 0.691703 0.245893 0.237641 0.018612
0 0.735718 0.214224 0.407377 0.088153
1 0.556055 0.273383 0.041822 0.018945
2 0.610637 0.273639 0.054322 0.019003
3 0.791045 0.275109 0.285140 0.018835
3 0.746702 0.296152 0.348472 0.019131
3 0.746525 0.317401 0.348472 0.019131
3 0.751348 0.338674 0.358472 0.019178
3 0.751171 0.359924 0.358472 0.019178
3 0.745995 0.381150 0.348472 0.019131
3 0.745818 0.402400 0.348472 0.019131
3 0.611060 0.423019 0.079311 0.017871
0 0.734594 0.349221 0.408085 0.173152
1 0.564988 0.451553 0.062655 0.019042
2 0.642487 0.451917 0.079321 0.019120
3 0.811645 0.453334 0.237641 0.018612
3 0.578972 0.473494 0.015979 0.017574
0 0.733641 0.463594 0.407023 0.045654
1 0.574957 0.505351 0.083488 0.019140
2 0.642039 0.505665 0.037655 0.018925
3 0.798281 0.507022 0.253474 0.018686
3 0.602274 0.527355 0.063478 0.017796
0 0.733193 0.517343 0.407023 0.045654
1 0.553728 0.552753 0.041822 0.018945
2 0.616227 0.553045 0.070155 0.019078
3 0.796635 0.554516 0.269307 0.018761
3 0.609795 0.574891 0.079311 0.017871
0 0.732798 0.564842 0.407023 0.045654
1 0.574135 0.604099 0.083488 0.019140
2 0.654550 0.604476 0.064322 0.019050
3 0.808291 0.605821 0.221808 0.018538
3 0.625201 0.626214 0.110977 0.018019
0 0.732371 0.616091 0.407023 0.045654
1 0.563265 0.658424 0.062655 0.019042
2 0.641597 0.658791 0.080988 0.019128
3 0.811589 0.660213 0.237641 0.018612
3 0.748496 0.681168 0.358472 0.019178
3 0.743319 0.702394 0.348472 0.019131
3 0.743142 0.723643 0.348472 0.019131
3 0.742965 0.744893 0.348472 0.019131
3 0.742788 0.766143 0.348472 0.019131
3 0.663446 0.787021 0.190142 0.018390
0 0.731476 0.723589 0.407908 0.151902
1 0.551511 0.818998 0.041822 0.018945
2 0.602343 0.819236 0.046822 0.018968
3 0.779001 0.820688 0.285140 0.018835
3 0.591745 0.841061 0.047645 0.017722
0 0.730581 0.831087 0.407023 0.045654
1 0.551037 0.875871 0.041822 0.018945
2 0.609786 0.876147 0.062655 0.019042
0 0.730195 0.877336 0.406846 0.024405
