0 0.26666666666666666 0.144375 0.4 0.13875
0 0.26666666666666666 0.253125 0.4 0.04375
0 0.26666666666666666 0.314375 0.4 0.04375
0 0.26666666666666666 0.375625 0.4 0.04375
0 0.26666666666666666 0.436875 0.4 0.04375
0 0.26666666666666666 0.498125 0.4 0.04375
0 0.26666666666666666 0.595 0.4 0.115
0 0.26666666666666666 0.691875 0.4 0.04375
0 0.26666666666666666 0.765 0.4 0.0675
0 0.26666666666666666 0.82625 0.4 0.02
0 0.26666666666666666 0.875625 0.4 0.04375
0 0.7333333333333333 0.144375 0.4 0.13875
0 0.7333333333333333 0.300625 0.4 0.13875
0 0.7333333333333333 0.3975 0.4 0.02
0 0.7333333333333333 0.446875 0.4 0.04375
0 0.7333333333333333 0.508125 0.4 0.04375
0 0.7333333333333333 0.593125 0.4 0.09125
0 0.7333333333333333 0.678125 0.4 0.04375
0 0.7333333333333333 0.7275 0.4 0.02
0 0.7333333333333333 0.776875 0.4 0.04375
0 0.7333333333333333 0.861875 0.4 0.09125
