0 0.26666666666666666 0.096875 0.4 0.04375
0 0.26666666666666666 0.181875 0.4 0.09125
0 0.26666666666666666 0.266875 0.4 0.04375
0 0.26666666666666666 0.34 0.4 0.0675
0 0.26666666666666666 0.40125 0.4 0.02
0 0.26666666666666666 0.48625 0.4 0.115
0 0.26666666666666666 0.595 0.4 0.0675
0 0.26666666666666666 0.668125 0.4 0.04375
0 0.26666666666666666 0.729375 0.4 0.04375
0 0.26666666666666666 0.790625 0.4 0.04375
0 0.26666666666666666 0.86375 0.4 0.0675
0 0.7333333333333333 0.1325 0.4 0.115
0 0.7333333333333333 0.276875 0.4 0.13875
0 0.7333333333333333 0.385625 0.4 0.04375
0 0.7333333333333333 0.435 0.4 0.02
0 0.7333333333333333 0.484375 0.4 0.04375
0 0.7333333333333333 0.569375 0.4 0.09125
0 0.7333333333333333 0.66625 0.4 0.0675
0 0.7333333333333333 0.739375 0.4 0.04375
0 0.7333333333333333 0.800625 0.4 0.04375
0 0.7333333333333333 0.861875 0.4 0.04375
