3 0.494266 0.036333 0.988532 0.039180
0 0.087508 0.090153 0.062962 0.019633
1 0.158745 0.089142 0.067128 0.019692
2 0.329564 0.087344 0.253729 0.021090
2 0.270527 0.109435 0.352878 0.022497
2 0.268980 0.130711 0.348712 0.022438
2 0.269516 0.151957 0.348712 0.022438
2 0.238390 0.173652 0.285390 0.021539
0 0.079914 0.202155 0.042132 0.019338
1 0.154068 0.201103 0.093789 0.020071
0 0.101453 0.229980 0.083791 0.019929
1 0.187271 0.228762 0.075459 0.019810
2 0.314764 0.227579 0.158746 0.019743
0 0.102115 0.256225 0.083791 0.019929
1 0.187933 0.255008 0.075459 0.019810
0 0.092583 0.291367 0.062962 0.019633
1 0.177151 0.290167 0.093789 0.020071
0 0.103801 0.323088 0.083791 0.019929
1 0.187953 0.321894 0.072127 0.019763
2 0.345441 0.320285 0.222068 0.020641
2 0.274323 0.342548 0.348712 0.022438
2 0.274858 0.363794 0.348712 0.022438
2 0.280393 0.384969 0.358711 0.022580
2 0.275930 0.406287 0.348712 0.022438
2 0.149822 0.429329 0.095424 0.018844
0 0.096917 0.463211 0.062962 0.019633
1 0.166488 0.462224 0.063795 0.019645
2 0.335640 0.460449 0.253729 0.021090
2 0.282852 0.482452 0.358711 0.022580
2 0.278389 0.503769 0.348712 0.022438
0 0.098714 0.534448 0.062962 0.019633
1 0.187031 0.533195 0.101288 0.020177
2 0.311608 0.532053 0.127085 0.019294
0 0.089039 0.563966 0.042132 0.019338
1 0.140280 0.563239 0.047964 0.019420
2 0.317348 0.561352 0.285390 0.021539
2 0.280390 0.583130 0.348712 0.022438
2 0.280926 0.604376 0.348712 0.022438
2 0.281462 0.625622 0.348712 0.022438
2 0.255336 0.647247 0.295389 0.021681
0 0.112832 0.681149 0.083791 0.019929
1 0.193234 0.680008 0.064628 0.019657
2 0.346973 0.678453 0.222068 0.020641
2 0.283353 0.700609 0.348712 0.022438
2 0.288888 0.721784 0.358711 0.022580
2 0.284425 0.743101 0.348712 0.022438
2 0.166232 0.766032 0.111255 0.019069
0 0.115874 0.801753 0.083791 0.019929
1 0.197109 0.800600 0.066294 0.019680
2 0.351681 0.799032 0.222068 0.020641
2 0.191412 0.822560 0.158746 0.019743
0 0.106657 0.849392 0.062962 0.019633
1 0.169146 0.848505 0.049631 0.019444
2 0.339131 0.846719 0.269560 0.021315
2 0.129288 0.870950 0.032102 0.017946
0 0.107886 0.898133 0.062962 0.019633
1 0.179540 0.897117 0.067961 0.019704
2 0.342860 0.895425 0.237899 0.020866
2 0.130517 0.919691 0.032102 0.017946
0 0.554091 0.083533 0.062962 0.019633
1 0.625745 0.082517 0.067961 0.019704
0 0.565389 0.118379 0.083791 0.019929
1 0.648707 0.117197 0.070460 0.019740
2 0.805361 0.115600 0.222068 0.020641
2 0.577605 0.140085 0.032102 0.017946
0 0.566681 0.169620 0.083791 0.019929
1 0.655415 0.168361 0.081292 0.019893
2 0.809570 0.166799 0.206238 0.020416
2 0.742201 0.189009 0.358711 0.022580
2 0.737738 0.210326 0.348712 0.022438
2 0.738274 0.231572 0.348712 0.022438
2 0.743809 0.252748 0.358711 0.022580
2 0.739345 0.274065 0.348712 0.022438
2 0.739881 0.295311 0.348712 0.022438
2 0.613773 0.318354 0.095424 0.018844
0 0.550359 0.348634 0.042132 0.019338
1 0.603266 0.347883 0.051297 0.019468
2 0.679101 0.347432 0.079594 0.018620
0 0.571976 0.379583 0.083791 0.019929
1 0.647796 0.378507 0.055463 0.019527
2 0.781121 0.377241 0.190407 0.020192
0 0.562271 0.407850 0.062962 0.019633
1 0.623093 0.406987 0.046298 0.019397
2 0.759751 0.405674 0.206238 0.020416
0 0.552676 0.440492 0.042132 0.019338
1 0.618497 0.439558 0.077126 0.019834
2 0.794315 0.437689 0.253729 0.021090
2 0.601552 0.461678 0.063763 0.018395
0 0.574939 0.497062 0.083791 0.019929
1 0.661590 0.495832 0.077126 0.019834
2 0.821578 0.494188 0.222068 0.020641
2 0.745461 0.516521 0.348712 0.022438
2 0.745996 0.537767 0.348712 0.022438
2 0.746532 0.559014 0.348712 0.022438
2 0.731238 0.580484 0.317051 0.021989
0 0.567346 0.609064 0.062962 0.019633
1 0.648998 0.607906 0.087957 0.019988
2 0.814401 0.606184 0.222068 0.020641
2 0.748282 0.628376 0.348712 0.022438
2 0.748817 0.649622 0.348712 0.022438
2 0.654370 0.672216 0.158746 0.019743
0 0.559248 0.701071 0.042132 0.019338
1 0.617154 0.700249 0.061295 0.019610
0 0.570356 0.728418 0.062962 0.019633
1 0.634511 0.727508 0.052963 0.019491
2 0.798248 0.725810 0.253729 0.021090
2 0.640478 0.749302 0.127085 0.019294
0 0.561312 0.782931 0.042132 0.019338
1 0.622135 0.782068 0.067128 0.019692
2 0.790037 0.780311 0.247897 0.021007
0 0.561990 0.809801 0.042132 0.019338
1 0.631977 0.808808 0.085458 0.019952
2 0.811961 0.806880 0.253729 0.021090
2 0.753341 0.828965 0.348712 0.022438
2 0.753877 0.850212 0.348712 0.022438
2 0.754412 0.871458 0.348712 0.022438
2 0.596643 0.894950 0.032102 0.017946
