3 0.489755 0.040264 0.979510 0.050381
0 0.079383 0.094825 0.063311 0.020326
1 0.153090 0.092952 0.072472 0.020559
2 0.318440 0.089375 0.238154 0.023521
2 0.260683 0.112105 0.348924 0.026336
2 0.219167 0.134422 0.263972 0.024178
0 0.077906 0.163652 0.054149 0.020094
1 0.146200 0.161916 0.070806 0.020517
0 0.073515 0.195656 0.042489 0.019797
1 0.149721 0.193720 0.098291 0.021215
0 0.085224 0.224125 0.063311 0.020326
1 0.150603 0.222464 0.055815 0.020136
2 0.315536 0.218898 0.253978 0.023924
2 0.187403 0.243416 0.190681 0.022315
0 0.077324 0.279983 0.042489 0.019797
1 0.138956 0.278417 0.069141 0.020475
2 0.270991 0.275687 0.174857 0.021913
0 0.099359 0.306314 0.084132 0.020856
1 0.169735 0.304525 0.044988 0.019861
0 0.100967 0.341918 0.084132 0.020856
1 0.192582 0.339590 0.087463 0.020940
2 0.349603 0.336226 0.206505 0.022717
2 0.271858 0.359463 0.348924 0.026336
2 0.272817 0.380701 0.348924 0.026336
2 0.273776 0.401939 0.348924 0.026336
2 0.274736 0.423177 0.348924 0.026336
2 0.275695 0.444415 0.348924 0.026336
2 0.165885 0.468467 0.127384 0.020707
0 0.087088 0.496109 0.042489 0.019797
1 0.145804 0.494617 0.063311 0.020326
2 0.322397 0.490755 0.269802 0.024326
2 0.128469 0.516945 0.048263 0.018696
0 0.095231 0.547181 0.054149 0.020094
1 0.166441 0.545372 0.076636 0.020665
2 0.341785 0.541542 0.253978 0.023924
2 0.286110 0.564219 0.358918 0.026590
2 0.282072 0.585584 0.348924 0.026336
2 0.283032 0.606821 0.348924 0.026336
2 0.283991 0.628059 0.348924 0.026336
2 0.190005 0.651710 0.159033 0.021511
0 0.105794 0.679489 0.063311 0.020326
1 0.170757 0.677838 0.054982 0.020115
2 0.279889 0.675691 0.143208 0.021109
0 0.117503 0.707958 0.084132 0.020856
1 0.201205 0.705831 0.071639 0.020538
0 0.097895 0.735347 0.042489 0.019797
1 0.157028 0.733844 0.064144 0.020348
2 0.331123 0.730046 0.263972 0.024178
2 0.123452 0.756585 0.016614 0.017892
0 0.120917 0.783540 0.084132 0.020856
1 0.206701 0.781360 0.075804 0.020644
2 0.359975 0.778091 0.210670 0.022823
2 0.173125 0.804101 0.111560 0.020305
0 0.102579 0.839037 0.042489 0.019797
1 0.153383 0.837746 0.047486 0.019924
2 0.306240 0.834487 0.238154 0.023521
0 0.114316 0.868131 0.063311 0.020326
1 0.181777 0.866417 0.059979 0.020242
2 0.348793 0.862798 0.253978 0.023924
2 0.176935 0.888427 0.111560 0.020305
0 0.556192 0.082709 0.084132 0.020856
1 0.636563 0.080666 0.064976 0.020369
0 0.557603 0.113941 0.084132 0.020856
1 0.650883 0.111570 0.090795 0.021025
2 0.770010 0.109169 0.127384 0.020707
0 0.558817 0.140800 0.084132 0.020856
1 0.642102 0.138684 0.070806 0.020517
2 0.790795 0.135531 0.206505 0.022717
0 0.539575 0.176309 0.042489 0.019797
1 0.595377 0.174891 0.057481 0.020178
2 0.729495 0.172109 0.190681 0.022315
0 0.540902 0.205667 0.042489 0.019797
1 0.609612 0.203922 0.083299 0.020834
2 0.788288 0.200007 0.253978 0.023924
2 0.732613 0.222684 0.348924 0.026336
2 0.733573 0.243921 0.348924 0.026336
2 0.734532 0.265159 0.348924 0.026336
2 0.577249 0.290418 0.032439 0.018294
0 0.556363 0.317214 0.063311 0.020326
1 0.628405 0.315383 0.069141 0.020475
2 0.773350 0.312325 0.200675 0.022569
0 0.547194 0.344963 0.042489 0.019797
1 0.601330 0.343587 0.054149 0.020094
0 0.548407 0.371822 0.042489 0.019797
1 0.607124 0.370330 0.063311 0.020326
2 0.783717 0.366468 0.269802 0.024326
2 0.740119 0.388838 0.348924 0.026336
2 0.746075 0.409949 0.358918 0.026590
2 0.747035 0.431187 0.358918 0.026590
2 0.742997 0.452552 0.348924 0.026336
2 0.743957 0.473790 0.348924 0.026336
2 0.721180 0.495630 0.301451 0.025130
0 0.555434 0.527358 0.042489 0.019797
1 0.622062 0.525665 0.079135 0.020729
0 0.567453 0.562698 0.063311 0.020326
1 0.634498 0.560994 0.059146 0.020221
2 0.801097 0.557386 0.253978 0.023924
2 0.748754 0.579979 0.348924 0.026336
2 0.749713 0.601216 0.348924 0.026336
2 0.750672 0.622454 0.348924 0.026336
2 0.751632 0.643692 0.348924 0.026336
2 0.736767 0.665332 0.317275 0.025532
0 0.563335 0.702258 0.042489 0.019797
1 0.627048 0.700639 0.073305 0.020580
2 0.800727 0.696851 0.253978 0.023924
2 0.728395 0.719951 0.295621 0.024982
0 0.565846 0.757851 0.042489 0.019797
1 0.623313 0.756390 0.060812 0.020263
2 0.772006 0.753237 0.216500 0.022971
0 0.577526 0.785695 0.063311 0.020326
1 0.656231 0.783695 0.082466 0.020813
2 0.826578 0.779992 0.238154 0.023521
2 0.640145 0.805991 0.111560 0.020305
0 0.590279 0.837276 0.084132 0.020856
1 0.684392 0.834884 0.092461 0.021067
0 0.581251 0.868148 0.063311 0.020326
1 0.652877 0.866328 0.068308 0.020453
2 0.816145 0.862804 0.238154 0.023521
2 0.762552 0.885428 0.348924 0.026336
