1 0.176667 0.085938 0.118333 0.021875
0 0.266667 0.085938 0.400000 0.021875
1 0.172917 0.120313 0.064167 0.021875
0 0.266667 0.129688 0.400000 0.040625
1 0.193333 0.167187 0.058333 0.021875
0 0.266667 0.167187 0.400000 0.021875
1 0.163333 0.195937 0.091667 0.021875
0 0.266667 0.214688 0.400000 0.059375
1 0.201250 0.262188 0.074167 0.021875
0 0.266667 0.262188 0.400000 0.021875
1 0.212083 0.290938 0.095833 0.021875
0 0.266667 0.319063 0.400000 0.078125
1 0.210417 0.378437 0.092500 0.021875
0 0.266667 0.453437 0.400000 0.171875
1 0.184583 0.561562 0.087500 0.021875
0 0.266667 0.599063 0.400000 0.096875
1 0.201250 0.667188 0.120833 0.021875
0 0.266667 0.667188 0.400000 0.021875
1 0.182917 0.697187 0.130833 0.021875
0 0.266667 0.706562 0.400000 0.040625
1 0.226250 0.746563 0.124167 0.021875
0 0.266667 0.765312 0.400000 0.059375
1 0.208750 0.812813 0.089167 0.021875
0 0.266667 0.840938 0.400000 0.078125
1 0.168333 0.901563 0.101667 0.021875
0 0.266667 0.901563 0.400000 0.021875
1 0.665417 0.085938 0.069167 0.021875
0 0.733333 0.085938 0.400000 0.021875
1 0.670417 0.118438 0.125833 0.021875
0 0.733333 0.118438 0.400000 0.021875
1 0.683750 0.150312 0.105833 0.021875
0 0.733333 0.178437 0.400000 0.078125
1 0.705833 0.239063 0.150000 0.021875
0 0.733333 0.285938 0.400000 0.115625
1 0.620000 0.362812 0.071667 0.021875
0 0.733333 0.390937 0.400000 0.078125
1 0.645417 0.449688 0.075833 0.021875
0 0.733333 0.477812 0.400000 0.078125
1 0.683750 0.535937 0.105833 0.021875
0 0.733333 0.535937 0.400000 0.021875
1 0.631667 0.566562 0.095000 0.021875
0 0.733333 0.566562 0.400000 0.021875
1 0.690833 0.600313 0.120000 0.021875
0 0.733333 0.609688 0.400000 0.040625
1 0.660833 0.652813 0.060000 0.021875
0 0.733333 0.652813 0.400000 0.021875
1 0.644583 0.683438 0.074167 0.021875
0 0.733333 0.683438 0.400000 0.021875
1 0.619583 0.716562 0.070833 0.021875
0 0.733333 0.716562 0.400000 0.021875
1 0.628750 0.747812 0.089167 0.021875
0 0.733333 0.794687 0.400000 0.115625
1 0.657500 0.870313 0.100000 0.021875
0 0.733333 0.889062 0.400000 0.059375
