1 0.090819 0.088290 0.062817 0.019352
2 0.153730 0.087683 0.050318 0.019231
3 0.300395 0.086892 0.221949 0.019638
0 0.259565 0.087286 0.407019 0.026423
1 0.101792 0.120687 0.083648 0.019553
2 0.187202 0.119863 0.074482 0.019464
0 0.260123 0.119784 0.407019 0.026423
1 0.102350 0.153184 0.083648 0.019553
2 0.186093 0.152376 0.071149 0.019432
3 0.343174 0.151485 0.221949 0.019638
3 0.158970 0.174515 0.121124 0.018665
0 0.260863 0.162905 0.407384 0.047671
1 0.092856 0.207030 0.062817 0.019352
2 0.171600 0.206270 0.081982 0.019537
3 0.342013 0.205250 0.237781 0.019791
3 0.246969 0.227420 0.295276 0.020346
0 0.261785 0.216651 0.407384 0.047671
1 0.083330 0.259002 0.041985 0.019151
2 0.147492 0.258382 0.073649 0.019456
3 0.321655 0.257326 0.253613 0.019944
3 0.195363 0.279797 0.190285 0.019332
0 0.262675 0.268521 0.407384 0.047671
1 0.094658 0.312022 0.062817 0.019352
2 0.163819 0.311354 0.062817 0.019352
0 0.263404 0.311018 0.407019 0.026423
1 0.095248 0.346394 0.062817 0.019352
2 0.158159 0.345787 0.050318 0.019231
0 0.263994 0.345390 0.407019 0.026423
1 0.106200 0.377541 0.083648 0.019553
2 0.190776 0.376724 0.072816 0.019448
3 0.348690 0.375825 0.221949 0.019638
3 0.165737 0.398843 0.126956 0.018721
0 0.264713 0.387262 0.407384 0.047671
1 0.086322 0.433362 0.041985 0.019151
2 0.144651 0.432799 0.061983 0.019344
0 0.265485 0.432258 0.407019 0.026423
1 0.086773 0.459610 0.041985 0.019151
2 0.148851 0.459011 0.069483 0.019416
3 0.328847 0.457898 0.269445 0.020096
3 0.175057 0.480635 0.142788 0.018874
0 0.266118 0.469130 0.407384 0.047671
1 0.087695 0.513355 0.041985 0.019151
2 0.146857 0.512784 0.063650 0.019360
0 0.266858 0.512251 0.407019 0.026423
1 0.098647 0.544502 0.062817 0.019352
2 0.171558 0.543799 0.070316 0.019424
0 0.267394 0.543499 0.407019 0.026423
1 0.109663 0.579399 0.083648 0.019553
2 0.200906 0.578518 0.086148 0.019577
3 0.357570 0.577631 0.206117 0.019485
3 0.280025 0.599631 0.348605 0.020861
3 0.285389 0.620831 0.358604 0.020957
3 0.280754 0.642128 0.348605 0.020861
3 0.178210 0.664369 0.142788 0.018874
0 0.268724 0.620992 0.408478 0.111416
1 0.111637 0.694389 0.083648 0.019553
2 0.192047 0.693613 0.064483 0.019368
3 0.345795 0.692754 0.221949 0.019638
3 0.115762 0.716226 0.016132 0.017651
0 0.270150 0.704110 0.407384 0.047671
1 0.102057 0.743236 0.062817 0.019352
2 0.182884 0.742456 0.086148 0.019577
3 0.323716 0.741721 0.174453 0.019180
0 0.270804 0.742232 0.407019 0.026423
1 0.113063 0.777508 0.083648 0.019553
2 0.197223 0.776695 0.071982 0.019440
3 0.351804 0.775828 0.216116 0.019582
3 0.283424 0.797740 0.348605 0.020861
3 0.283789 0.818988 0.348605 0.020861
3 0.284153 0.840236 0.348605 0.020861
3 0.257854 0.861742 0.295276 0.020346
0 0.272123 0.819101 0.408478 0.111416
1 0.115058 0.893748 0.083648 0.019553
2 0.188385 0.893040 0.050318 0.019231
0 0.273388 0.892845 0.407019 0.026423
1 0.547031 0.083887 0.041985 0.019151
2 0.609526 0.083283 0.070316 0.019424
3 0.789938 0.082167 0.269445 0.020096
3 0.666980 0.104606 0.206117 0.019485
0 0.726376 0.093406 0.407384 0.047671
1 0.553818 0.139451 0.053651 0.019263
2 0.619229 0.138819 0.064483 0.019368
3 0.788809 0.137808 0.253613 0.019944
3 0.739178 0.159538 0.348605 0.020861
3 0.739543 0.180787 0.348605 0.020861
3 0.621167 0.203181 0.111124 0.018568
0 0.727695 0.170275 0.408113 0.090168
1 0.559956 0.230024 0.062817 0.019352
2 0.643282 0.229220 0.091148 0.019625
3 0.810363 0.228232 0.221949 0.019638
3 0.661573 0.250920 0.190285 0.019332
0 0.728885 0.239644 0.407384 0.047671
1 0.550462 0.283870 0.041985 0.019151
2 0.611707 0.283279 0.067816 0.019400
0 0.729625 0.282766 0.407019 0.026423
1 0.551031 0.316992 0.041985 0.019151
2 0.614359 0.316381 0.071982 0.019440
3 0.795605 0.315257 0.269445 0.020096
3 0.747223 0.336975 0.358604 0.020957
3 0.742588 0.358272 0.348605 0.020861
3 0.742953 0.379520 0.348605 0.020861
3 0.632493 0.401838 0.126956 0.018721
0 0.730923 0.358385 0.408478 0.111416
1 0.553036 0.433858 0.041985 0.019151
2 0.614698 0.433262 0.068649 0.019408
3 0.794277 0.432154 0.269445 0.020096
3 0.744229 0.453889 0.348605 0.020861
3 0.744594 0.475137 0.348605 0.020861
3 0.744958 0.496385 0.348605 0.020861
3 0.634499 0.518703 0.126956 0.018721
0 0.732928 0.475250 0.408478 0.111416
1 0.554977 0.546973 0.041985 0.019151
2 0.624971 0.546298 0.085315 0.019569
3 0.789135 0.545338 0.221949 0.019638
0 0.734140 0.545869 0.407019 0.026423
1 0.555492 0.576971 0.041985 0.019151
2 0.622986 0.576319 0.080315 0.019521
3 0.760902 0.575613 0.174453 0.019180
0 0.734655 0.575866 0.407019 0.026423
1 0.555953 0.603844 0.041985 0.019151
2 0.613865 0.603285 0.061150 0.019336
3 0.747198 0.602623 0.184452 0.019276
0 0.735116 0.602739 0.407019 0.026423
1 0.572792 0.638059 0.074482 0.019464
2 0.656951 0.637247 0.081148 0.019529
3 0.819032 0.636307 0.221949 0.019638
3 0.628996 0.659393 0.111124 0.018568
0 0.735888 0.647736 0.407384 0.047671
1 0.557433 0.690086 0.041985 0.019151
2 0.604929 0.689628 0.040318 0.019135
3 0.786175 0.688504 0.301109 0.020402
3 0.748626 0.710118 0.348605 0.020861
3 0.748990 0.731366 0.348605 0.020861
3 0.749355 0.752614 0.348605 0.020861
3 0.749720 0.773862 0.348605 0.020861
3 0.670924 0.795875 0.190285 0.019332
0 0.737507 0.742103 0.408842 0.132664
1 0.570122 0.822475 0.062817 0.019352
2 0.641783 0.821783 0.067816 0.019400
3 0.805114 0.820832 0.237781 0.019791
3 0.750899 0.842607 0.348605 0.020861
3 0.751264 0.863855 0.348605 0.020861
3 0.680384 0.885791 0.206117 0.019485
0 0.739416 0.853344 0.408113 0.090168
