1 0.098729 0.078237 0.042161 0.019375
2 0.175797 0.079400 0.099649 0.020242
3 0.354910 0.082727 0.237921 0.021079
3 0.186041 0.101434 0.142940 0.019646
0 0.277558 0.092187 0.407758 0.049875
1 0.107702 0.132133 0.062990 0.019689
2 0.175605 0.133158 0.060491 0.019651
3 0.343054 0.136309 0.253751 0.021318
3 0.168770 0.154934 0.111280 0.019168
0 0.276116 0.145926 0.407758 0.049875
1 0.116675 0.186029 0.083819 0.020003
2 0.207907 0.187406 0.086319 0.020041
3 0.364525 0.190394 0.206261 0.020601
3 0.135668 0.208195 0.047960 0.018213
0 0.274675 0.199665 0.407758 0.049875
1 0.094505 0.235705 0.042161 0.019375
2 0.147411 0.236503 0.051326 0.019513
3 0.246958 0.238630 0.127110 0.019407
0 0.273619 0.239032 0.407188 0.028630
1 0.104015 0.269605 0.062990 0.019689
2 0.181499 0.270774 0.079653 0.019940
3 0.347699 0.273907 0.232089 0.020991
3 0.288807 0.294273 0.358730 0.022902
3 0.283239 0.315443 0.348732 0.022751
3 0.211433 0.335614 0.206261 0.020601
0 0.271859 0.304644 0.408897 0.092367
1 0.111899 0.364118 0.083819 0.020003
2 0.196048 0.365388 0.072155 0.019827
3 0.353500 0.368389 0.222091 0.020840
3 0.281278 0.388553 0.348732 0.022751
3 0.280708 0.409799 0.348732 0.022751
3 0.280138 0.431045 0.348732 0.022751
3 0.205416 0.451172 0.200429 0.020513
0 0.269044 0.409623 0.409467 0.113612
1 0.098300 0.482687 0.062990 0.019689
2 0.165786 0.483705 0.059657 0.019639
3 0.285328 0.486134 0.158771 0.019885
0 0.266999 0.485858 0.407188 0.028630
1 0.097596 0.508932 0.062990 0.019689
2 0.164666 0.509944 0.058824 0.019626
3 0.331282 0.513083 0.253751 0.021318
3 0.282388 0.533599 0.358730 0.022902
3 0.276819 0.554770 0.348732 0.022751
3 0.276250 0.576015 0.348732 0.022751
3 0.275680 0.597261 0.348732 0.022751
3 0.116809 0.616118 0.032130 0.017974
0 0.264870 0.565216 0.410037 0.134858
1 0.083494 0.646247 0.042161 0.019375
2 0.147648 0.647215 0.073821 0.019852
3 0.321762 0.650467 0.253751 0.021318
3 0.273702 0.670996 0.348732 0.022751
3 0.273132 0.692242 0.348732 0.022751
3 0.185497 0.712174 0.174601 0.020124
0 0.261753 0.681443 0.408897 0.092367
1 0.101792 0.740917 0.083819 0.020003
2 0.185109 0.742174 0.070489 0.019802
3 0.341727 0.745162 0.222091 0.020840
3 0.271171 0.765352 0.348732 0.022751
3 0.270602 0.786598 0.348732 0.022751
3 0.230456 0.807246 0.269582 0.021557
0 0.259222 0.775799 0.408897 0.092367
1 0.099128 0.840272 0.083819 0.020003
2 0.169113 0.841328 0.043827 0.019400
3 0.328231 0.844354 0.253751 0.021318
3 0.157696 0.863035 0.127110 0.019407
0 0.257127 0.853908 0.407758 0.049875
1 0.575716 0.085433 0.062990 0.019689
2 0.659865 0.086703 0.092984 0.020141
3 0.827731 0.089861 0.222091 0.020840
3 0.644698 0.108353 0.127110 0.019407
0 0.744130 0.099226 0.407758 0.049875
1 0.563910 0.137141 0.042161 0.019375
2 0.617233 0.137945 0.052159 0.019526
0 0.743024 0.140468 0.407188 0.028630
1 0.573503 0.167917 0.062990 0.019689
2 0.647655 0.169035 0.072988 0.019840
3 0.813438 0.172162 0.237921 0.021079
3 0.758296 0.192584 0.358730 0.022902
3 0.752727 0.213754 0.348732 0.022751
3 0.752157 0.235000 0.348732 0.022751
3 0.751587 0.256246 0.348732 0.022751
3 0.751018 0.277491 0.348732 0.022751
3 0.687127 0.297782 0.222091 0.020840
0 0.740493 0.234824 0.410607 0.156104
1 0.579661 0.326792 0.083819 0.020003
2 0.661311 0.328023 0.067156 0.019752
3 0.816263 0.330986 0.222091 0.020840
3 0.749040 0.351226 0.348732 0.022751
3 0.748470 0.372472 0.348732 0.022751
3 0.747900 0.393718 0.348732 0.022751
3 0.699840 0.414247 0.253751 0.021318
0 0.736806 0.372296 0.409467 0.113612
1 0.576460 0.446142 0.083819 0.020003
2 0.668524 0.447531 0.087985 0.020066
3 0.825976 0.450532 0.206261 0.020601
3 0.587537 0.468189 0.032130 0.017974
0 0.734459 0.459778 0.407758 0.049875
1 0.564604 0.499724 0.062990 0.019689
2 0.645004 0.500937 0.085486 0.020028
0 0.733303 0.502895 0.407188 0.028630
1 0.569548 0.532931 0.074654 0.019865
2 0.660779 0.534307 0.095484 0.020179
3 0.821980 0.537364 0.206261 0.020601
3 0.743509 0.557435 0.348732 0.022751
3 0.608383 0.576650 0.079620 0.018691
0 0.731845 0.557259 0.408327 0.071121
1 0.551307 0.607046 0.042161 0.019375
2 0.617127 0.608039 0.077154 0.019903
3 0.777077 0.611077 0.222091 0.020840
0 0.730420 0.610373 0.407188 0.028630
1 0.571214 0.641728 0.083819 0.020003
2 0.652447 0.642953 0.066323 0.019739
3 0.806983 0.645910 0.222091 0.020840
3 0.613952 0.664252 0.095450 0.018929
0 0.729213 0.655364 0.407758 0.049875
1 0.549044 0.691403 0.042161 0.019375
2 0.621529 0.692497 0.090485 0.020104
3 0.796060 0.695755 0.237921 0.021079
3 0.620526 0.714361 0.111280 0.019168
0 0.727873 0.705354 0.407758 0.049875
1 0.547552 0.747017 0.042161 0.019375
2 0.617538 0.748073 0.085486 0.020028
3 0.797485 0.751413 0.253751 0.021318
3 0.666525 0.770692 0.206261 0.020601
0 0.726381 0.760968 0.407758 0.049875
1 0.546027 0.803881 0.042161 0.019375
2 0.614763 0.804918 0.082986 0.019991
3 0.790544 0.808195 0.247919 0.021230
3 0.736235 0.828630 0.348732 0.022751
3 0.740664 0.849951 0.358730 0.022902
3 0.735096 0.871121 0.348732 0.022751
3 0.694950 0.891770 0.269582 0.021557
0 0.724001 0.849700 0.409467 0.113612
