3 0.507398 0.033262 0.985205 0.043128
0 0.111434 0.077205 0.063086 0.019878
1 0.168917 0.078248 0.039760 0.019455
2 0.338847 0.081955 0.279649 0.022558
2 0.172377 0.100192 0.111365 0.019505
0 0.120175 0.129254 0.083913 0.020256
1 0.204734 0.130787 0.073083 0.020059
2 0.362584 0.134276 0.222166 0.021515
2 0.289420 0.154205 0.348796 0.023812
2 0.293734 0.175540 0.358793 0.023993
2 0.288050 0.196693 0.348796 0.023812
2 0.287365 0.217936 0.348796 0.023812
2 0.286680 0.239180 0.348796 0.023812
2 0.206851 0.258988 0.190509 0.020941
0 0.104805 0.282770 0.063086 0.019878
1 0.179783 0.284130 0.074749 0.020090
2 0.275151 0.286485 0.095536 0.019218
0 0.114271 0.312325 0.083913 0.020256
1 0.198830 0.313859 0.073083 0.020059
2 0.356680 0.317348 0.222166 0.021515
2 0.283516 0.337277 0.348796 0.023812
2 0.124544 0.355649 0.032222 0.018069
0 0.091026 0.386925 0.042259 0.019500
1 0.151425 0.388021 0.066419 0.019938
2 0.329686 0.391880 0.269652 0.022376
2 0.130726 0.409527 0.048050 0.018356
0 0.089333 0.439410 0.042259 0.019500
1 0.156397 0.440626 0.079748 0.020180
2 0.333408 0.444463 0.253823 0.022089
2 0.192348 0.463160 0.174680 0.020653
0 0.097974 0.494583 0.063086 0.019878
1 0.167120 0.495837 0.063086 0.019878
2 0.319972 0.499235 0.222166 0.021515
0 0.086573 0.525010 0.042259 0.019500
1 0.146555 0.526098 0.065585 0.019923
2 0.324400 0.529949 0.269652 0.022376
2 0.134187 0.547755 0.063879 0.018643
0 0.095274 0.578308 0.063086 0.019878
1 0.161921 0.579517 0.058088 0.019787
0 0.094407 0.605175 0.063086 0.019878
1 0.159805 0.606362 0.055588 0.019742
2 0.329735 0.610069 0.263821 0.022270
2 0.274066 0.630316 0.348796 0.023812
2 0.257552 0.651272 0.317138 0.023238
0 0.081555 0.680589 0.042259 0.019500
1 0.139872 0.681647 0.062253 0.019863
2 0.316050 0.685468 0.269652 0.022376
2 0.271628 0.705919 0.348796 0.023812
2 0.275941 0.727253 0.358793 0.023993
2 0.270258 0.748406 0.348796 0.023812
2 0.269572 0.769650 0.348796 0.023812
2 0.134343 0.788453 0.079708 0.018931
0 0.098010 0.816553 0.083913 0.020256
1 0.189650 0.818215 0.087246 0.020316
2 0.330839 0.821401 0.174680 0.020653
0 0.086488 0.850729 0.063086 0.019878
1 0.150636 0.851892 0.053089 0.019697
0 0.085582 0.878845 0.063086 0.019878
1 0.150146 0.880017 0.053922 0.019712
2 0.258844 0.882614 0.143023 0.020079
0 0.577964 0.085668 0.063086 0.019878
1 0.655025 0.087066 0.078915 0.020165
2 0.823705 0.090751 0.237995 0.021802
2 0.757623 0.110808 0.348796 0.023812
2 0.756938 0.132052 0.348796 0.023812
2 0.756253 0.153296 0.348796 0.023812
2 0.760566 0.174630 0.358793 0.023993
2 0.628253 0.193486 0.095536 0.019218
0 0.573390 0.227501 0.063086 0.019878
1 0.638371 0.228680 0.054755 0.019727
2 0.802886 0.232290 0.253823 0.022089
2 0.594762 0.249770 0.032222 0.018069
0 0.571698 0.279986 0.063086 0.019878
1 0.643760 0.281293 0.068918 0.019984
2 0.807442 0.284888 0.237995 0.021802
2 0.751356 0.305126 0.348796 0.023812
2 0.750671 0.326370 0.348796 0.023812
2 0.686671 0.346465 0.222166 0.021515
0 0.558080 0.379143 0.042259 0.019500
1 0.615147 0.380178 0.059754 0.019817
0 0.577940 0.409512 0.083913 0.020256
1 0.648753 0.410797 0.045591 0.019561
0 0.576832 0.443877 0.083913 0.020256
1 0.670554 0.445577 0.091411 0.020392
2 0.829654 0.449088 0.206337 0.021228
2 0.746077 0.468828 0.348796 0.023812
2 0.745392 0.490072 0.348796 0.023812
2 0.749705 0.511407 0.358793 0.023993
2 0.744022 0.532560 0.348796 0.023812
2 0.743337 0.553804 0.348796 0.023812
2 0.744734 0.575085 0.352961 0.023887
2 0.591594 0.593563 0.048050 0.018356
0 0.550181 0.624071 0.042259 0.019500
1 0.608498 0.625129 0.062253 0.019863
2 0.784676 0.628950 0.269652 0.022376
2 0.740254 0.649401 0.348796 0.023812
2 0.744567 0.670735 0.358793 0.023993
2 0.588511 0.689160 0.048050 0.018356
0 0.567946 0.719421 0.083913 0.020256
1 0.665417 0.721189 0.098909 0.020528
2 0.820352 0.724625 0.190509 0.020941
2 0.713448 0.743942 0.301310 0.022950
0 0.545527 0.768404 0.042259 0.019500
1 0.613423 0.769636 0.081414 0.020210
2 0.791268 0.773487 0.253823 0.022089
2 0.740598 0.793824 0.358793 0.023993
2 0.739912 0.815068 0.358793 0.023993
2 0.734229 0.836221 0.348796 0.023812
2 0.662315 0.856173 0.206337 0.021228
0 0.541759 0.885245 0.042259 0.019500
1 0.603824 0.886371 0.069751 0.019999
2 0.783751 0.890260 0.269652 0.022376
2 0.676430 0.909569 0.237995 0.021802
