0 0.26666666666666666 0.096875 0.4 0.04375
0 0.26666666666666666 0.19375 0.4 0.115
0 0.26666666666666666 0.290625 0.4 0.04375
0 0.26666666666666666 0.351875 0.4 0.04375
0 0.26666666666666666 0.40125 0.4 0.02
0 0.26666666666666666 0.450625 0.4 0.04375
0 0.26666666666666666 0.511875 0.4 0.04375
0 0.26666666666666666 0.596875 0.4 0.09125
0 0.26666666666666666 0.681875 0.4 0.04375
0 0.26666666666666666 0.766875 0.4 0.09125
0 0.26666666666666666 0.86375 0.4 0.0675
0 0.7333333333333333 0.096875 0.4 0.04375
0 0.7333333333333333 0.17 0.4 0.0675
0 0.7333333333333333 0.243125 0.4 0.04375
0 0.7333333333333333 0.2925 0.4 0.02
0 0.7333333333333333 0.3775 0.4 0.115
0 0.7333333333333333 0.474375 0.4 0.04375
0 0.7333333333333333 0.559375 0.4 0.09125
0 0.7333333333333333 0.644375 0.4 0.04375
0 0.7333333333333333 0.776875 0.4 0.18625
