1 0.094248 0.086385 0.062665 0.019061
2 0.165496 0.086031 0.066831 0.019081
3 0.336332 0.085805 0.253483 0.018760
3 0.274854 0.107362 0.348481 0.019233
3 0.275042 0.128611 0.348481 0.019233
3 0.280230 0.149836 0.358480 0.019283
3 0.275418 0.171111 0.348481 0.019233
3 0.275606 0.192360 0.348481 0.019233
3 0.228295 0.213846 0.253483 0.018760
0 0.263564 0.149919 0.407985 0.152021
1 0.106091 0.247580 0.083497 0.019164
2 0.190673 0.247159 0.072664 0.019110
0 0.264427 0.247417 0.406857 0.024524
1 0.106323 0.273829 0.083497 0.019164
2 0.180072 0.273462 0.050998 0.019003
3 0.303408 0.273473 0.174318 0.018366
0 0.264659 0.273666 0.406857 0.024524
1 0.106611 0.306329 0.083497 0.019164
2 0.203276 0.305848 0.096830 0.019231
3 0.357444 0.305705 0.190151 0.018445
3 0.276801 0.327357 0.348481 0.019233
3 0.276989 0.348607 0.348481 0.019233
3 0.277177 0.369856 0.348481 0.019233
3 0.253615 0.391224 0.300982 0.018997
0 0.265322 0.348665 0.407609 0.109522
1 0.097207 0.420753 0.062665 0.019061
2 0.157205 0.420454 0.044332 0.018969
3 0.324707 0.420246 0.269316 0.018839
3 0.111567 0.442557 0.015988 0.017578
0 0.266052 0.431163 0.407045 0.045773
1 0.097688 0.475127 0.062665 0.019061
2 0.165603 0.474789 0.060165 0.019048
3 0.333105 0.474580 0.253483 0.018760
3 0.278294 0.496103 0.348481 0.019233
3 0.278482 0.517353 0.348481 0.019233
3 0.278670 0.538602 0.348481 0.019233
3 0.278858 0.559852 0.348481 0.019233
3 0.279046 0.581101 0.348481 0.019233
3 0.192153 0.602784 0.174318 0.018366
0 0.267004 0.538660 0.407985 0.152021
1 0.109465 0.628822 0.083497 0.019164
2 0.191546 0.628413 0.067664 0.019086
3 0.346965 0.628264 0.221817 0.018603
3 0.279654 0.649850 0.348481 0.019233
3 0.279842 0.671100 0.348481 0.019233
3 0.264197 0.692428 0.316815 0.019076
0 0.268082 0.660533 0.407421 0.088272
1 0.089439 0.720173 0.041832 0.018957
2 0.152771 0.719858 0.071831 0.019106
0 0.268607 0.719907 0.406857 0.024524
1 0.100165 0.755121 0.062665 0.019061
2 0.177247 0.754737 0.078498 0.019139
3 0.306416 0.754719 0.158485 0.018288
0 0.268917 0.754906 0.406857 0.024524
1 0.110853 0.785693 0.083497 0.019164
2 0.197101 0.785264 0.075998 0.019127
3 0.356686 0.785095 0.221817 0.018603
3 0.281042 0.806722 0.348481 0.019233
3 0.281230 0.827971 0.348481 0.019233
3 0.210170 0.849575 0.205984 0.018524
0 0.269470 0.817404 0.407421 0.088272
1 0.101299 0.883243 0.062665 0.019061
2 0.172964 0.882886 0.067664 0.019086
0 0.270051 0.883028 0.406857 0.024524
1 0.550488 0.084115 0.041832 0.018957
2 0.611320 0.083812 0.066831 0.019081
3 0.734656 0.083823 0.158485 0.018288
0 0.729656 0.083848 0.406857 0.024524
1 0.550737 0.112239 0.041832 0.018957
2 0.601569 0.111986 0.046832 0.018982
3 0.778237 0.111732 0.285149 0.018918
3 0.638845 0.133676 0.142652 0.018209
0 0.729999 0.122597 0.407045 0.045773
1 0.551196 0.164113 0.041832 0.018957
2 0.608278 0.163829 0.059331 0.019044
3 0.783280 0.163583 0.269316 0.018839
3 0.742218 0.185038 0.348481 0.019233
3 0.742407 0.206287 0.348481 0.019233
3 0.742595 0.227537 0.348481 0.019233
3 0.742783 0.248786 0.348481 0.019233
3 0.747970 0.270011 0.358480 0.019283
3 0.703576 0.291482 0.269316 0.018839
0 0.730928 0.227595 0.407985 0.152021
1 0.573444 0.324006 0.083497 0.019164
2 0.643026 0.323659 0.042665 0.018961
3 0.770112 0.323652 0.190151 0.018445
0 0.731780 0.323843 0.406857 0.024524
1 0.573693 0.352130 0.083497 0.019164
2 0.669941 0.351651 0.095997 0.019227
3 0.823693 0.351511 0.190151 0.018445
3 0.633052 0.373710 0.126819 0.018130
0 0.732123 0.362592 0.407045 0.045773
1 0.553297 0.401608 0.041832 0.018957
2 0.611629 0.401317 0.061831 0.019057
3 0.732465 0.401341 0.158485 0.018288
0 0.732465 0.401341 0.406857 0.024524
1 0.563968 0.430305 0.062665 0.019061
2 0.632717 0.429963 0.061831 0.019057
3 0.777302 0.429868 0.205984 0.018524
0 0.732720 0.430090 0.406857 0.024524
1 0.553839 0.462856 0.041832 0.018957
2 0.622171 0.462516 0.081831 0.019156
0 0.733007 0.462589 0.406857 0.024524
1 0.554071 0.489106 0.041832 0.018957
2 0.618237 0.488786 0.073498 0.019115
3 0.792405 0.488544 0.253483 0.018760
3 0.665929 0.510424 0.190151 0.018445
0 0.733334 0.499464 0.407045 0.045773
1 0.554558 0.544104 0.041832 0.018957
2 0.615390 0.543802 0.066831 0.019081
3 0.794142 0.543537 0.269316 0.018839
3 0.682249 0.565344 0.221817 0.018603
0 0.733820 0.554462 0.407045 0.045773
1 0.575811 0.591500 0.083497 0.019164
2 0.654143 0.591110 0.060165 0.019048
3 0.813728 0.590941 0.237650 0.018682
3 0.746001 0.612528 0.348481 0.019233
3 0.746189 0.633778 0.348481 0.019233
3 0.746377 0.655027 0.348481 0.019233
3 0.746565 0.676277 0.348481 0.019233
3 0.635922 0.698078 0.126819 0.018130
0 0.734617 0.644460 0.407797 0.130771
1 0.566639 0.732173 0.062665 0.019061
2 0.633721 0.731840 0.058498 0.019040
3 0.800389 0.731635 0.253483 0.018760
3 0.588916 0.753938 0.031821 0.017657
0 0.735485 0.742583 0.407045 0.045773
1 0.567131 0.787797 0.062665 0.019061
2 0.640880 0.787430 0.071831 0.019106
3 0.771716 0.787404 0.168484 0.018337
0 0.735883 0.787582 0.406857 0.024524
1 0.577780 0.813995 0.083497 0.019164
2 0.649028 0.813640 0.045998 0.018978
3 0.785698 0.813585 0.205984 0.018524
0 0.736115 0.813832 0.406857 0.024524
1 0.567612 0.842171 0.062665 0.019061
2 0.650111 0.841760 0.089331 0.019193
3 0.816362 0.841558 0.221817 0.018603
3 0.692803 0.863423 0.237650 0.018682
0 0.736458 0.852581 0.407045 0.045773
1 0.568071 0.894045 0.062665 0.019061
2 0.653903 0.893618 0.095997 0.019227
3 0.815571 0.893438 0.205984 0.018524
0 0.736823 0.893830 0.406857 0.024524
