1 0.221250 0.085938 0.114167 0.021875
0 0.266667 0.095312 0.400000 0.040625
1 0.163750 0.134687 0.092500 0.021875
0 0.266667 0.144063 0.400000 0.040625
1 0.186250 0.185312 0.090833 0.021875
0 0.266667 0.194688 0.400000 0.040625
1 0.223750 0.234687 0.119167 0.021875
0 0.266667 0.234687 0.400000 0.021875
1 0.243333 0.267188 0.158333 0.021875
0 0.266667 0.276562 0.400000 0.040625
1 0.145000 0.315312 0.055000 0.021875
0 0.266667 0.324688 0.400000 0.040625
1 0.212500 0.367812 0.096667 0.021875
0 0.266667 0.377188 0.400000 0.040625
1 0.213333 0.415938 0.098333 0.021875
0 0.266667 0.415938 0.400000 0.021875
1 0.234167 0.449688 0.140000 0.021875
0 0.266667 0.496563 0.400000 0.115625
1 0.168333 0.574063 0.101667 0.021875
0 0.266667 0.611563 0.400000 0.096875
1 0.217500 0.679688 0.106667 0.021875
0 0.266667 0.698438 0.400000 0.059375
1 0.215417 0.750938 0.102500 0.021875
0 0.266667 0.750938 0.400000 0.021875
1 0.175000 0.780312 0.115000 0.021875
0 0.266667 0.780312 0.400000 0.021875
1 0.160833 0.810312 0.086667 0.021875
0 0.266667 0.847812 0.400000 0.096875
1 0.705000 0.085938 0.148333 0.021875
0 0.733333 0.104688 0.400000 0.059375
1 0.668750 0.155312 0.122500 0.021875
0 0.733333 0.192812 0.400000 0.096875
1 0.666667 0.262188 0.071667 0.021875
0 0.733333 0.271562 0.400000 0.040625
1 0.638750 0.309063 0.109167 0.021875
0 0.733333 0.309063 0.400000 0.021875
1 0.651667 0.338438 0.088333 0.021875
0 0.733333 0.338438 0.400000 0.021875
1 0.657083 0.368437 0.099167 0.021875
0 0.733333 0.396562 0.400000 0.078125
1 0.674583 0.454062 0.087500 0.021875
0 0.733333 0.472813 0.400000 0.059375
1 0.687500 0.525937 0.113333 0.021875
0 0.733333 0.563438 0.400000 0.096875
1 0.639167 0.630938 0.110000 0.021875
0 0.733333 0.630938 0.400000 0.021875
1 0.637083 0.664062 0.105833 0.021875
0 0.733333 0.664062 0.400000 0.021875
1 0.687917 0.694063 0.114167 0.021875
0 0.733333 0.703438 0.400000 0.040625
1 0.677083 0.742188 0.092500 0.021875
0 0.733333 0.751563 0.400000 0.040625
1 0.614167 0.792813 0.060000 0.021875
0 0.733333 0.792813 0.400000 0.021875
1 0.656250 0.825937 0.097500 0.021875
0 0.733333 0.825937 0.400000 0.021875
1 0.672917 0.857187 0.084167 0.021875
0 0.733333 0.866563 0.400000 0.040625
1 0.638750 0.904062 0.109167 0.021875
0 0.733333 0.913438 0.400000 0.040625
