1 0.086207 0.090891 0.063018 0.019744
2 0.155358 0.089786 0.063018 0.019744
0 0.254936 0.088821 0.407213 0.028990
1 0.076573 0.118551 0.042190 0.019411
2 0.148224 0.117407 0.088846 0.020157
3 0.321952 0.115256 0.237943 0.021289
3 0.125517 0.139649 0.063816 0.018508
0 0.256019 0.126937 0.407817 0.050235
1 0.078029 0.169790 0.042190 0.019411
2 0.142597 0.168758 0.074682 0.019930
3 0.317159 0.166595 0.253773 0.021542
3 0.206121 0.189623 0.222113 0.021036
0 0.257474 0.178175 0.407817 0.050235
1 0.089987 0.223986 0.063018 0.019744
2 0.152889 0.222981 0.050521 0.019544
3 0.323285 0.220884 0.269603 0.021795
3 0.270984 0.242974 0.348751 0.023059
3 0.271587 0.264220 0.348751 0.023059
3 0.272190 0.285465 0.348751 0.023059
3 0.272794 0.306710 0.348751 0.023059
3 0.273397 0.327955 0.348751 0.023059
3 0.131533 0.351476 0.063816 0.018508
0 0.260526 0.285651 0.410833 0.156461
1 0.104908 0.382533 0.083847 0.020077
2 0.189056 0.381189 0.072183 0.019890
3 0.338623 0.379425 0.206284 0.020783
0 0.263224 0.380630 0.407213 0.028990
1 0.084896 0.411610 0.042190 0.019411
2 0.148632 0.410592 0.073016 0.019904
3 0.322360 0.408441 0.253773 0.021542
3 0.281306 0.430352 0.358749 0.023219
3 0.276911 0.451677 0.348751 0.023059
3 0.277514 0.472922 0.348751 0.023059
3 0.278117 0.494167 0.348751 0.023059
3 0.262891 0.515665 0.317092 0.022554
0 0.265548 0.462486 0.410230 0.135216
1 0.099286 0.551412 0.063018 0.019744
2 0.178018 0.550154 0.082181 0.020050
3 0.348413 0.548057 0.237943 0.021289
3 0.190303 0.571838 0.168792 0.020185
0 0.268317 0.559964 0.407817 0.050235
1 0.100687 0.600775 0.063018 0.019744
2 0.168589 0.599691 0.060519 0.019704
3 0.336068 0.597640 0.253773 0.021542
3 0.231279 0.620569 0.247941 0.021449
0 0.269719 0.609328 0.407817 0.050235
1 0.112450 0.648098 0.083847 0.020077
2 0.187850 0.646894 0.054687 0.019611
3 0.344499 0.645016 0.237943 0.021289
3 0.283033 0.667253 0.348751 0.023059
3 0.283636 0.688498 0.348751 0.023059
3 0.284240 0.709744 0.348751 0.023059
3 0.284843 0.730989 0.348751 0.023059
3 0.285446 0.752234 0.348751 0.023059
3 0.151497 0.775629 0.079646 0.018760
0 0.272576 0.709930 0.410833 0.156461
1 0.106455 0.803854 0.063018 0.019744
2 0.171024 0.802823 0.053854 0.019598
0 0.275184 0.801784 0.407213 0.028990
1 0.107449 0.838846 0.063018 0.019744
2 0.163686 0.837948 0.037191 0.019331
0 0.276178 0.836776 0.407213 0.028990
1 0.108354 0.870714 0.063018 0.019744
2 0.171256 0.869709 0.050521 0.019544
3 0.341652 0.867612 0.269603 0.021795
3 0.183541 0.891393 0.137133 0.019679
0 0.277385 0.879266 0.407817 0.050235
1 0.552768 0.083438 0.063018 0.019744
2 0.619836 0.082366 0.058852 0.019677
3 0.786482 0.080329 0.253773 0.021542
3 0.738763 0.102346 0.358749 0.023219
3 0.734368 0.123672 0.348751 0.023059
3 0.734971 0.144917 0.348751 0.023059
3 0.735575 0.166162 0.348751 0.023059
3 0.641200 0.188924 0.158794 0.020025
0 0.723006 0.134480 0.410230 0.135216
1 0.546293 0.222323 0.042190 0.019411
2 0.602947 0.221418 0.058852 0.019677
0 0.725437 0.220086 0.407213 0.028990
1 0.568044 0.254483 0.083847 0.020077
2 0.652192 0.253138 0.072183 0.019890
0 0.726360 0.252579 0.407213 0.028990
1 0.568878 0.283851 0.083847 0.020077
2 0.653443 0.282500 0.073016 0.019904
3 0.808425 0.280649 0.216281 0.020943
0 0.727194 0.281947 0.407213 0.028990
1 0.548919 0.314802 0.042190 0.019411
2 0.611405 0.313803 0.070517 0.019864
0 0.728063 0.312565 0.407213 0.028990
1 0.560239 0.346503 0.063018 0.019744
2 0.619809 0.345551 0.043856 0.019438
3 0.786872 0.343508 0.269603 0.021795
0 0.728968 0.344433 0.407213 0.028990
1 0.571505 0.376330 0.083847 0.020077
2 0.661484 0.374893 0.083847 0.020077
3 0.816884 0.373035 0.206284 0.020783
3 0.742087 0.395485 0.348751 0.023059
3 0.742691 0.416730 0.348751 0.023059
3 0.743294 0.437975 0.348751 0.023059
3 0.743897 0.459220 0.348751 0.023059
3 0.744501 0.480466 0.348751 0.023059
3 0.745104 0.501711 0.348751 0.023059
3 0.745708 0.522956 0.348751 0.023059
3 0.635503 0.545971 0.127135 0.019519
0 0.732233 0.459407 0.412040 0.198951
1 0.577166 0.575660 0.083847 0.020077
2 0.649233 0.574508 0.048022 0.019504
0 0.735481 0.573756 0.407213 0.028990
1 0.578000 0.605028 0.083847 0.020077
2 0.670479 0.603551 0.088846 0.020157
3 0.812548 0.601906 0.174624 0.020278
0 0.736315 0.603124 0.407213 0.028990
1 0.568349 0.632063 0.063018 0.019744
2 0.638333 0.630945 0.064684 0.019771
3 0.760406 0.629620 0.158794 0.020025
0 0.737078 0.629993 0.407213 0.028990
1 0.558786 0.662223 0.042190 0.019411
2 0.615856 0.661311 0.059686 0.019691
3 0.790834 0.659141 0.269603 0.021795
3 0.755196 0.680965 0.358749 0.023219
3 0.750801 0.702290 0.348751 0.023059
3 0.727659 0.723915 0.301262 0.022301
0 0.738835 0.691854 0.409023 0.092725
1 0.571809 0.753911 0.063018 0.019744
2 0.636794 0.752873 0.054687 0.019611
3 0.753869 0.751627 0.158794 0.020025
0 0.740538 0.751840 0.407213 0.028990
1 0.562193 0.782196 0.042190 0.019411
2 0.628428 0.781138 0.078015 0.019984
3 0.804656 0.778948 0.253773 0.021542
3 0.650711 0.802662 0.142965 0.019772
0 0.741639 0.790582 0.407817 0.050235
1 0.573992 0.830768 0.063018 0.019744
2 0.631062 0.829857 0.038857 0.019358
3 0.795626 0.827853 0.269603 0.021795
3 0.675840 0.851021 0.190454 0.020531
0 0.743023 0.839321 0.407817 0.050235
1 0.585950 0.884965 0.083847 0.020077
2 0.666348 0.883680 0.064684 0.019771
3 0.820081 0.881849 0.222113 0.021036
3 0.756532 0.904119 0.348751 0.023059
3 0.757136 0.925365 0.348751 0.023059
3 0.757739 0.946610 0.348751 0.023059
3 0.758343 0.967855 0.348751 0.023059
3 0.763945 0.989020 0.358749 0.023219
3 0.751634 1.000000 0.332921 0.022806
0 0.746075 0.946796 0.410833 0.156461
