0 0.086556 0.090693 0.063003 0.019714
1 0.150292 0.089705 0.052172 0.019546
2 0.258203 0.088658 0.142952 0.019704
0 0.076968 0.120847 0.042174 0.019391
1 0.137788 0.119905 0.067169 0.019779
2 0.308602 0.117884 0.253761 0.021421
0 0.098640 0.151143 0.083832 0.020037
1 0.183622 0.149826 0.073834 0.019882
2 0.341939 0.147999 0.222101 0.020930
2 0.118822 0.172710 0.047972 0.018232
0 0.100000 0.200508 0.083832 0.020037
1 0.184565 0.199197 0.073001 0.019869
2 0.342465 0.197376 0.222101 0.020930
2 0.104352 0.222320 0.016312 0.017742
0 0.101515 0.255496 0.083832 0.020037
1 0.169417 0.254444 0.039675 0.019353
2 0.326484 0.252635 0.253761 0.021421
2 0.272081 0.274733 0.348741 0.022892
2 0.277665 0.295901 0.358739 0.023047
2 0.122867 0.319554 0.047972 0.018232
0 0.093716 0.350637 0.063003 0.019714
1 0.159119 0.349624 0.055505 0.019598
0 0.104854 0.376720 0.083832 0.020037
1 0.184420 0.375487 0.063003 0.019714
2 0.337321 0.373743 0.222101 0.020930
2 0.177524 0.397474 0.152949 0.019859
0 0.095765 0.424996 0.063003 0.019714
1 0.172832 0.423802 0.078833 0.019959
2 0.309903 0.422303 0.174611 0.020194
0 0.106902 0.451079 0.083832 0.020037
1 0.198966 0.449653 0.087998 0.020102
0 0.086899 0.481396 0.042174 0.019391
1 0.146470 0.480473 0.064669 0.019740
2 0.323949 0.478348 0.269591 0.021666
2 0.283293 0.500232 0.358739 0.023047
2 0.283879 0.521478 0.358739 0.023047
2 0.136995 0.545008 0.063802 0.018477
0 0.099930 0.576214 0.063003 0.019714
1 0.172831 0.575084 0.070501 0.019830
2 0.337397 0.573160 0.237931 0.021175
2 0.280911 0.595289 0.348741 0.022892
2 0.281496 0.616535 0.348741 0.022892
2 0.282081 0.637780 0.348741 0.022892
2 0.282667 0.659026 0.348741 0.022892
2 0.180357 0.681866 0.142952 0.019704
0 0.093199 0.710097 0.042174 0.019391
1 0.142356 0.709335 0.043840 0.019417
2 0.317335 0.707249 0.285421 0.021911
2 0.229190 0.729869 0.237931 0.021175
0 0.115526 0.764137 0.083832 0.020037
1 0.197592 0.762866 0.068002 0.019792
2 0.352992 0.761083 0.222101 0.020930
2 0.286092 0.783374 0.348741 0.022892
2 0.247102 0.805233 0.269591 0.021666
0 0.096676 0.836320 0.042174 0.019391
1 0.149998 0.835494 0.052172 0.019546
2 0.329144 0.833343 0.285421 0.021911
2 0.288071 0.855234 0.348741 0.022892
2 0.293656 0.876402 0.358739 0.023047
2 0.146772 0.899932 0.063802 0.018477
0 0.542709 0.083625 0.042174 0.019391
1 0.594781 0.082818 0.049673 0.019508
2 0.764762 0.080809 0.269591 0.021666
0 0.564450 0.116420 0.083832 0.020037
1 0.639017 0.115264 0.053005 0.019559
0 0.565242 0.145164 0.083832 0.020037
1 0.649807 0.143853 0.073001 0.019869
2 0.760217 0.142768 0.127122 0.019459
0 0.555550 0.171569 0.063003 0.019714
1 0.629284 0.170427 0.072168 0.019856
2 0.731363 0.169470 0.111292 0.019213
0 0.545927 0.200475 0.042174 0.019391
1 0.594667 0.199719 0.043007 0.019404
2 0.769230 0.197640 0.285421 0.021911
2 0.737322 0.219389 0.348741 0.022892
2 0.742907 0.240557 0.358739 0.023047
2 0.738493 0.261880 0.348741 0.022892
2 0.739078 0.283125 0.348741 0.022892
2 0.739663 0.304371 0.348741 0.022892
2 0.740249 0.325616 0.348741 0.022892
2 0.677514 0.347843 0.222101 0.020930
0 0.550936 0.382311 0.042174 0.019391
1 0.617589 0.381278 0.078833 0.019959
2 0.794235 0.379166 0.253761 0.021421
0 0.562177 0.412143 0.063003 0.019714
1 0.624664 0.411175 0.049673 0.019508
2 0.794645 0.409166 0.269591 0.021666
2 0.624433 0.433058 0.111292 0.019213
0 0.563485 0.459633 0.063003 0.019714
1 0.633470 0.458549 0.064669 0.019740
2 0.803035 0.456546 0.253761 0.021421
2 0.744466 0.478708 0.348741 0.022892
2 0.745051 0.499954 0.348741 0.022892
2 0.745636 0.521199 0.348741 0.022892
2 0.746221 0.542445 0.348741 0.022892
2 0.746807 0.563690 0.348741 0.022892
2 0.657411 0.586330 0.168779 0.020104
0 0.567840 0.617724 0.063003 0.019714
1 0.642824 0.616562 0.074667 0.019895
2 0.809472 0.614605 0.237931 0.021175
2 0.748821 0.636800 0.348741 0.022892
2 0.751489 0.658013 0.352907 0.022957
2 0.749991 0.679291 0.348741 0.022892
2 0.750576 0.700536 0.348741 0.022892
2 0.751162 0.721781 0.348741 0.022892
2 0.751747 0.743027 0.348741 0.022892
0 0.561884 0.779726 0.042174 0.019391
1 0.610623 0.778971 0.043007 0.019404
2 0.787269 0.776859 0.289587 0.021976
2 0.650384 0.800234 0.142952 0.019704
0 0.584262 0.835641 0.083832 0.020037
1 0.675492 0.834228 0.086331 0.020076
2 0.832143 0.832426 0.206271 0.020685
2 0.754828 0.854878 0.348741 0.022892
2 0.760412 0.876046 0.358739 0.023047
2 0.755998 0.897369 0.348741 0.022892
2 0.756584 0.918614 0.348741 0.022892
2 0.757169 0.939860 0.348741 0.022892
2 0.654859 0.962700 0.142952 0.019704
