0 0.26666666666666666 0.096875 0.4 0.04375
0 0.26666666666666666 0.181875 0.4 0.09125
0 0.26666666666666666 0.266875 0.4 0.04375
0 0.26666666666666666 0.351875 0.4 0.09125
0 0.26666666666666666 0.436875 0.4 0.04375
0 0.26666666666666666 0.498125 0.4 0.04375
0 0.26666666666666666 0.559375 0.4 0.04375
0 0.26666666666666666 0.620625 0.4 0.04375
0 0.26666666666666666 0.681875 0.4 0.04375
0 0.26666666666666666 0.743125 0.4 0.04375
0 0.26666666666666666 0.804375 0.4 0.04375
0 0.26666666666666666 0.865625 0.4 0.04375
0 0.7333333333333333 0.1325 0.4 0.115
0 0.7333333333333333 0.229375 0.4 0.04375
0 0.7333333333333333 0.290625 0.4 0.04375
0 0.7333333333333333 0.3875 0.4 0.115
0 0.7333333333333333 0.484375 0.4 0.04375
0 0.7333333333333333 0.58125 0.4 0.115
0 0.7333333333333333 0.701875 0.4 0.09125
0 0.7333333333333333 0.8225 0.4 0.115
