1 0.090452 0.088495 0.062833 0.019383
2 0.163362 0.087755 0.070332 0.019459
3 0.288362 0.087111 0.158635 0.019106
0 0.259198 0.087407 0.407035 0.026626
1 0.080634 0.121723 0.042001 0.019171
2 0.153544 0.120983 0.091163 0.019670
3 0.328540 0.119831 0.237794 0.019910
3 0.153106 0.142864 0.111139 0.018624
0 0.259988 0.131153 0.407419 0.047874
1 0.102357 0.170882 0.083664 0.019594
2 0.191515 0.169977 0.081998 0.019577
3 0.346096 0.169032 0.206130 0.019588
3 0.272736 0.191029 0.348617 0.021035
3 0.273120 0.212277 0.348617 0.021035
3 0.273503 0.233525 0.348617 0.021035
3 0.273887 0.254773 0.348617 0.021035
3 0.250522 0.276262 0.301122 0.020552
0 0.261646 0.223019 0.408953 0.132867
1 0.104827 0.307744 0.083664 0.019594
2 0.184820 0.306932 0.063666 0.019391
0 0.263157 0.306762 0.407035 0.026626
1 0.094998 0.340347 0.062833 0.019383
2 0.164575 0.339641 0.063666 0.019391
0 0.263744 0.339259 0.407035 0.026626
1 0.105978 0.371488 0.083664 0.019594
2 0.193470 0.370600 0.078665 0.019544
3 0.346384 0.369673 0.206130 0.019588
3 0.220945 0.392198 0.237794 0.019910
0 0.264500 0.381130 0.407419 0.047874
1 0.106925 0.423984 0.083664 0.019594
2 0.196084 0.423078 0.081998 0.019577
0 0.265255 0.423001 0.407035 0.026626
1 0.097074 0.455336 0.062833 0.019383
2 0.158735 0.454710 0.047834 0.019231
0 0.265819 0.454248 0.407035 0.026626
1 0.108042 0.485853 0.083664 0.019594
2 0.192618 0.484994 0.072832 0.019484
3 0.318867 0.484337 0.158635 0.019106
0 0.266372 0.484870 0.407035 0.026626
1 0.087730 0.514812 0.042001 0.019171
2 0.159390 0.514084 0.088664 0.019645
3 0.306471 0.513216 0.184466 0.019368
0 0.266891 0.513618 0.407035 0.026626
1 0.109159 0.547722 0.083664 0.019594
2 0.195818 0.546842 0.076998 0.019527
3 0.355814 0.545843 0.221962 0.019749
3 0.224126 0.568432 0.237794 0.019910
0 0.267681 0.557364 0.407419 0.047874
1 0.110039 0.596468 0.083664 0.019594
2 0.201697 0.595537 0.086997 0.019628
3 0.358777 0.594567 0.206130 0.019588
3 0.280418 0.616615 0.348617 0.021035
3 0.280801 0.637863 0.348617 0.021035
3 0.286184 0.659060 0.358616 0.021136
3 0.273653 0.680439 0.332785 0.020874
0 0.269136 0.637981 0.408570 0.111619
1 0.101665 0.709688 0.062833 0.019383
2 0.177908 0.708914 0.076998 0.019527
3 0.314156 0.708156 0.174467 0.019267
0 0.270410 0.708600 0.407035 0.026626
1 0.102184 0.738435 0.062833 0.019383
2 0.183426 0.737611 0.086997 0.019628
3 0.350505 0.736539 0.226128 0.019791
3 0.282978 0.758477 0.348617 0.021035
3 0.283362 0.779725 0.348617 0.021035
3 0.283746 0.800973 0.348617 0.021035
3 0.284129 0.822221 0.348617 0.021035
3 0.284513 0.843469 0.348617 0.021035
3 0.284896 0.864717 0.348617 0.021035
3 0.285280 0.885965 0.348617 0.021035
3 0.143176 0.908660 0.063643 0.018141
0 0.272463 0.822339 0.410104 0.196611
1 0.546660 0.083863 0.042001 0.019171
2 0.599989 0.083322 0.052000 0.019273
3 0.744570 0.082479 0.216129 0.019690
0 0.725822 0.082669 0.407035 0.026626
1 0.568011 0.112399 0.083664 0.019594
2 0.641754 0.111650 0.051167 0.019264
3 0.801751 0.110651 0.247793 0.020011
3 0.643399 0.133511 0.158635 0.019106
0 0.726533 0.122041 0.407419 0.047874
1 0.569003 0.167394 0.083664 0.019594
2 0.655246 0.166518 0.076165 0.019518
3 0.814826 0.165523 0.221962 0.019749
3 0.739383 0.187541 0.348617 0.021035
3 0.739766 0.208789 0.348617 0.021035
3 0.740150 0.230037 0.348617 0.021035
3 0.629710 0.252410 0.126971 0.018784
0 0.728101 0.208908 0.408570 0.111619
1 0.560675 0.283114 0.062833 0.019383
2 0.624002 0.282471 0.051167 0.019264
3 0.794831 0.281362 0.269458 0.020231
3 0.746469 0.303105 0.358616 0.021136
3 0.575618 0.326091 0.016148 0.017659
0 0.729804 0.303274 0.407803 0.069123
1 0.562039 0.358732 0.062833 0.019383
2 0.641199 0.357929 0.082831 0.019586
3 0.788280 0.357060 0.190298 0.019427
0 0.730785 0.357644 0.407035 0.026626
1 0.562671 0.393729 0.062833 0.019383
2 0.630582 0.393040 0.060333 0.019357
3 0.795161 0.391994 0.247793 0.020011
3 0.637642 0.414845 0.136970 0.018886
0 0.731609 0.403265 0.407419 0.047874
1 0.553158 0.443830 0.042001 0.019171
2 0.613986 0.443213 0.066999 0.019425
0 0.732319 0.442636 0.407035 0.026626
1 0.574576 0.476116 0.083664 0.019594
2 0.671234 0.475134 0.096996 0.019730
0 0.732906 0.475133 0.407035 0.026626
1 0.564780 0.510593 0.062833 0.019383
2 0.646023 0.509768 0.086997 0.019628
3 0.811019 0.508718 0.221962 0.019749
3 0.745575 0.530635 0.348617 0.021035
3 0.745959 0.551883 0.348617 0.021035
3 0.746342 0.573131 0.348617 0.021035
3 0.746726 0.594379 0.348617 0.021035
3 0.657118 0.616541 0.168634 0.019207
0 0.734485 0.562625 0.408953 0.132867
1 0.556824 0.646937 0.042001 0.019171
2 0.618901 0.646306 0.069499 0.019450
3 0.751401 0.645586 0.174467 0.019267
0 0.735985 0.645743 0.407035 0.026626
1 0.578197 0.676722 0.083664 0.019594
2 0.659856 0.675893 0.066999 0.019425
3 0.819852 0.674894 0.231961 0.019850
3 0.748576 0.696869 0.348617 0.021035
3 0.748959 0.718118 0.348617 0.021035
3 0.749343 0.739366 0.348617 0.021035
3 0.749726 0.760614 0.348617 0.021035
3 0.750110 0.781862 0.348617 0.021035
3 0.755493 0.803059 0.358616 0.021136
3 0.655886 0.825322 0.158635 0.019106
0 0.737869 0.750108 0.409720 0.175363
1 0.560648 0.858792 0.042001 0.019171
2 0.622309 0.858166 0.068665 0.019442
3 0.801887 0.856968 0.269458 0.020231
3 0.751858 0.878728 0.348617 0.021035
3 0.752242 0.899976 0.348617 0.021035
3 0.752625 0.921224 0.348617 0.021035
3 0.755092 0.942451 0.352784 0.021077
3 0.650485 0.964765 0.142803 0.018945
0 0.740768 0.910718 0.408953 0.132867
