0 0.26666666666666666 0.096875 0.4 0.04375
0 0.26666666666666666 0.158125 0.4 0.04375
0 0.26666666666666666 0.219375 0.4 0.04375
0 0.26666666666666666 0.31625 0.4 0.115
0 0.26666666666666666 0.460625 0.4 0.13875
0 0.26666666666666666 0.569375 0.4 0.04375
0 0.26666666666666666 0.630625 0.4 0.04375
0 0.26666666666666666 0.715625 0.4 0.09125
0 0.26666666666666666 0.848125 0.4 0.13875
0 0.7333333333333333 0.096875 0.4 0.04375
0 0.7333333333333333 0.17 0.4 0.0675
0 0.7333333333333333 0.27875 0.4 0.115
0 0.7333333333333333 0.375625 0.4 0.04375
0 0.7333333333333333 0.436875 0.4 0.04375
0 0.7333333333333333 0.498125 0.4 0.04375
0 0.7333333333333333 0.559375 0.4 0.04375
0 0.7333333333333333 0.620625 0.4 0.04375
0 0.7333333333333333 0.7175 0.4 0.115
0 0.7333333333333333 0.82625 0.4 0.0675
0 0.7333333333333333 0.946875 0.4 0.13875
