1 0.221250 0.085938 0.114167 0.021875
0 0.266667 0.104688 0.400000 0.059375
1 0.185417 0.151562 0.089167 0.021875
0 0.266667 0.170313 0.400000 0.059375
1 0.170000 0.217812 0.058333 0.021875
0 0.266667 0.227187 0.400000 0.040625
1 0.180417 0.264688 0.079167 0.021875
0 0.266667 0.330313 0.400000 0.153125
1 0.242083 0.429688 0.155833 0.021875
0 0.266667 0.439063 0.400000 0.040625
1 0.163750 0.479063 0.092500 0.021875
0 0.266667 0.497812 0.400000 0.059375
1 0.221667 0.549063 0.115000 0.021875
0 0.266667 0.549063 0.400000 0.021875
1 0.200417 0.581562 0.072500 0.021875
0 0.266667 0.619062 0.400000 0.096875
1 0.215833 0.686562 0.103333 0.021875
0 0.266667 0.695937 0.400000 0.040625
1 0.172500 0.739062 0.110000 0.021875
0 0.266667 0.785937 0.400000 0.115625
1 0.178750 0.862187 0.075833 0.021875
0 0.266667 0.871563 0.400000 0.040625
1 0.231667 0.910312 0.181667 0.021875
0 0.266667 0.919687 0.400000 0.040625
1 0.672500 0.085938 0.130000 0.021875
0 0.733333 0.085938 0.400000 0.021875
1 0.637500 0.114062 0.060000 0.021875
0 0.733333 0.123438 0.400000 0.040625
1 0.645000 0.165313 0.075000 0.021875
0 0.733333 0.174687 0.400000 0.040625
1 0.666250 0.215938 0.117500 0.021875
0 0.733333 0.225312 0.400000 0.040625
1 0.645417 0.267813 0.122500 0.021875
0 0.733333 0.277187 0.400000 0.040625
1 0.704583 0.315937 0.147500 0.021875
0 0.733333 0.315937 0.400000 0.021875
1 0.624167 0.347813 0.080000 0.021875
0 0.733333 0.347813 0.400000 0.021875
1 0.680417 0.382188 0.099167 0.021875
0 0.733333 0.400938 0.400000 0.059375
1 0.687083 0.452813 0.159167 0.021875
0 0.733333 0.509062 0.400000 0.134375
1 0.622083 0.594063 0.075833 0.021875
0 0.733333 0.659687 0.400000 0.153125
1 0.633750 0.758437 0.099167 0.021875
0 0.733333 0.795937 0.400000 0.096875
1 0.639167 0.863437 0.063333 0.021875
0 0.733333 0.863437 0.400000 0.021875
1 0.644583 0.892813 0.120833 0.021875
0 0.733333 0.892813 0.400000 0.021875
