1 0.106593 0.079730 0.062882 0.019478
2 0.173252 0.080509 0.057882 0.019419
3 0.291975 0.082520 0.158677 0.019347
0 0.275310 0.082326 0.407084 0.027246
1 0.116269 0.115473 0.083712 0.019721
2 0.194593 0.116387 0.060382 0.019448
3 0.290818 0.118136 0.111183 0.018792
0 0.274570 0.117946 0.407084 0.027246
1 0.105205 0.146597 0.062882 0.019478
2 0.167698 0.147327 0.049550 0.019322
3 0.337664 0.149937 0.269497 0.020641
3 0.285146 0.170576 0.348654 0.021565
3 0.284705 0.191824 0.348654 0.021565
3 0.284264 0.213071 0.348654 0.021565
3 0.267991 0.234134 0.316992 0.021196
0 0.273039 0.191687 0.408849 0.112236
1 0.102805 0.262208 0.062882 0.019478
2 0.170297 0.262996 0.059549 0.019439
3 0.337347 0.265572 0.253666 0.020456
3 0.282746 0.286187 0.348654 0.021565
3 0.282304 0.307435 0.348654 0.021565
3 0.281863 0.328682 0.348654 0.021565
3 0.281422 0.349929 0.348654 0.021565
3 0.146414 0.369605 0.079520 0.018422
0 0.270419 0.317922 0.409290 0.133483
1 0.089535 0.399570 0.042051 0.019234
2 0.158277 0.400373 0.082879 0.019711
3 0.336992 0.403085 0.253666 0.020456
3 0.271975 0.423578 0.332823 0.021380
0 0.268446 0.412911 0.407526 0.048493
1 0.098783 0.455935 0.062882 0.019478
2 0.175024 0.456825 0.077047 0.019643
3 0.342907 0.459411 0.237834 0.020271
3 0.278723 0.479914 0.348654 0.021565
3 0.112053 0.499220 0.016195 0.017683
0 0.267058 0.479777 0.407967 0.069741
1 0.107719 0.527298 0.083712 0.019721
2 0.190209 0.528261 0.068714 0.019546
3 0.343094 0.530672 0.216170 0.020018
3 0.277244 0.551155 0.348654 0.021565
3 0.276803 0.572403 0.348654 0.021565
3 0.228868 0.593095 0.253666 0.020456
0 0.265359 0.561643 0.408408 0.090988
1 0.084851 0.625167 0.042051 0.019234
2 0.136095 0.625766 0.047883 0.019302
3 0.313144 0.628459 0.285329 0.020826
3 0.188135 0.648251 0.174509 0.019532
0 0.263763 0.638508 0.407526 0.048493
1 0.094255 0.674033 0.062882 0.019478
2 0.155497 0.674748 0.047050 0.019293
3 0.308382 0.677159 0.237834 0.020271
0 0.262971 0.676629 0.407084 0.027246
1 0.093697 0.700905 0.062882 0.019478
2 0.156606 0.701640 0.050383 0.019332
3 0.319073 0.704162 0.253666 0.020456
0 0.262413 0.703500 0.407084 0.027246
1 0.082555 0.735779 0.042051 0.019234
2 0.142131 0.736475 0.064548 0.019497
3 0.319596 0.739172 0.269497 0.020641
3 0.106681 0.757938 0.016195 0.017683
0 0.261466 0.749120 0.407526 0.048493
1 0.091816 0.791519 0.062882 0.019478
2 0.164723 0.792370 0.070381 0.019565
3 0.329274 0.794917 0.237834 0.020271
3 0.121358 0.813742 0.047858 0.018053
0 0.260312 0.804738 0.407526 0.048493
1 0.080414 0.838892 0.042051 0.019234
2 0.137490 0.839558 0.059549 0.019439
3 0.312456 0.842227 0.269497 0.020641
3 0.247023 0.862715 0.301160 0.021011
0 0.259325 0.852232 0.407526 0.048493
1 0.079337 0.890760 0.042051 0.019234
2 0.128498 0.891334 0.043717 0.019254
3 0.303464 0.894003 0.285329 0.020826
3 0.269693 0.914861 0.348654 0.021565
3 0.158432 0.934814 0.127015 0.018977
0 0.258028 0.914725 0.407967 0.069741
1 0.562788 0.085058 0.042051 0.019234
2 0.625697 0.085793 0.071214 0.019575
3 0.751086 0.087882 0.158677 0.019347
0 0.741920 0.087775 0.407084 0.027246
1 0.562113 0.117554 0.042051 0.019234
2 0.615024 0.118172 0.051216 0.019341
0 0.741245 0.120271 0.407084 0.027246
1 0.577674 0.150865 0.074547 0.019614
2 0.652665 0.151740 0.062882 0.019478
3 0.813466 0.154243 0.237834 0.020271
3 0.751782 0.174776 0.348654 0.021565
3 0.751341 0.196023 0.348654 0.021565
3 0.750900 0.217270 0.348654 0.021565
3 0.750458 0.238518 0.348654 0.021565
3 0.750017 0.259765 0.348654 0.021565
3 0.654588 0.279903 0.158677 0.019347
0 0.739234 0.217134 0.409731 0.154730
1 0.558221 0.305031 0.042051 0.019234
2 0.619464 0.305746 0.067881 0.019536
3 0.751101 0.307909 0.174509 0.019532
0 0.737353 0.307748 0.407084 0.027246
1 0.567988 0.336399 0.062882 0.019478
2 0.638396 0.337221 0.065381 0.019507
3 0.745037 0.339092 0.127015 0.018977
0 0.736704 0.338994 0.407084 0.027246
1 0.567365 0.366395 0.062882 0.019478
2 0.635690 0.367193 0.061215 0.019458
3 0.800657 0.369745 0.247833 0.020388
3 0.612739 0.388803 0.079520 0.018422
0 0.735861 0.379615 0.407526 0.048493
1 0.576652 0.420885 0.083712 0.019721
2 0.663308 0.421897 0.077047 0.019643
3 0.823275 0.424391 0.222003 0.020086
3 0.627441 0.443356 0.111183 0.018792
0 0.734732 0.433983 0.407526 0.048493
1 0.575523 0.475254 0.083712 0.019721
2 0.670511 0.476363 0.093711 0.019838
3 0.830896 0.478861 0.206172 0.019901
3 0.634228 0.497817 0.127015 0.018977
0 0.733603 0.488351 0.407526 0.048493
1 0.553550 0.530004 0.042051 0.019234
2 0.605211 0.530607 0.048717 0.019312
3 0.779760 0.533271 0.279496 0.020758
3 0.748906 0.554163 0.358653 0.021682
3 0.743465 0.575352 0.348654 0.021565
3 0.743024 0.596599 0.348654 0.021565
3 0.623847 0.616460 0.111183 0.018792
0 0.731800 0.575216 0.408849 0.112236
1 0.561604 0.643862 0.062882 0.019478
2 0.622430 0.644572 0.046217 0.019283
3 0.759067 0.646793 0.206172 0.019901
0 0.730321 0.646457 0.407084 0.027246
1 0.550631 0.670612 0.042051 0.019234
2 0.617706 0.671395 0.079546 0.019672
3 0.794755 0.674088 0.253666 0.020456
3 0.740987 0.694713 0.348654 0.021565
3 0.740546 0.715960 0.348654 0.021565
3 0.740105 0.737207 0.348654 0.021565
3 0.739664 0.758455 0.348654 0.021565
3 0.739223 0.779702 0.348654 0.021565
3 0.580467 0.799101 0.032026 0.017868
0 0.728440 0.737071 0.409731 0.154730
1 0.568076 0.833960 0.083712 0.019721
2 0.649316 0.834909 0.066215 0.019516
0 0.726377 0.836434 0.407084 0.027246
1 0.567479 0.862707 0.083712 0.019721
2 0.656635 0.863748 0.082046 0.019701
3 0.811186 0.866178 0.206172 0.019901
3 0.657847 0.885640 0.190340 0.019717
0 0.725559 0.875804 0.407526 0.048493
