3 0.496085 0.039414 0.992170 0.034773
0 0.080312 0.088443 0.041989 0.019156
1 0.139474 0.087864 0.063654 0.019367
2 0.261141 0.087300 0.158624 0.019046
0 0.091260 0.118963 0.062821 0.019359
1 0.167504 0.118218 0.076986 0.019498
2 0.335417 0.117201 0.237784 0.019820
2 0.232462 0.139460 0.269448 0.020130
0 0.081768 0.172185 0.041989 0.019156
1 0.140929 0.171607 0.063654 0.019367
2 0.302177 0.170656 0.237784 0.019820
0 0.103055 0.198230 0.083652 0.019563
1 0.192631 0.197354 0.082819 0.019555
2 0.347629 0.196464 0.206120 0.019511
2 0.151765 0.219630 0.105295 0.018525
0 0.104022 0.253850 0.083652 0.019563
1 0.178183 0.253125 0.051988 0.019253
2 0.325681 0.252308 0.221952 0.019665
0 0.083647 0.280301 0.041989 0.019156
1 0.137392 0.279776 0.052821 0.019262
2 0.245727 0.279342 0.142792 0.018891
0 0.084179 0.310924 0.041989 0.019156
1 0.145424 0.310325 0.067820 0.019408
2 0.324586 0.309198 0.269448 0.020130
2 0.275376 0.330931 0.348608 0.020903
2 0.117426 0.353727 0.031968 0.017808
0 0.095844 0.382691 0.062821 0.019359
1 0.162505 0.382039 0.057821 0.019310
2 0.328752 0.381039 0.253616 0.019975
2 0.276625 0.402800 0.348608 0.020903
2 0.276995 0.424048 0.348608 0.020903
2 0.277364 0.445297 0.348608 0.020903
2 0.166909 0.467628 0.126960 0.018737
0 0.097842 0.497681 0.062821 0.019359
1 0.171586 0.496960 0.071986 0.019449
2 0.336999 0.495968 0.237784 0.019820
2 0.199464 0.518564 0.190288 0.019356
0 0.098744 0.549552 0.062821 0.019359
1 0.162905 0.548924 0.052821 0.019262
0 0.109681 0.579447 0.083652 0.019563
1 0.185091 0.578710 0.054488 0.019278
2 0.341755 0.577803 0.237784 0.019820
2 0.137559 0.601051 0.063632 0.018118
0 0.110517 0.627568 0.083652 0.019563
1 0.199260 0.626701 0.081152 0.019539
2 0.353424 0.625818 0.206120 0.019511
2 0.280883 0.647779 0.348608 0.020903
2 0.281252 0.669028 0.348608 0.020903
2 0.281621 0.690276 0.348608 0.020903
2 0.281991 0.711524 0.348608 0.020903
2 0.219032 0.733391 0.221952 0.019665
0 0.102415 0.760784 0.062821 0.019359
1 0.177408 0.760050 0.074486 0.019473
0 0.113428 0.795054 0.083652 0.019563
1 0.203420 0.794174 0.083652 0.019563
0 0.113993 0.827551 0.083652 0.019563
1 0.195652 0.826753 0.066987 0.019400
2 0.350650 0.825863 0.221952 0.019665
2 0.126038 0.849310 0.031968 0.017808
0 0.104413 0.875774 0.062821 0.019359
1 0.176490 0.875069 0.068653 0.019416
2 0.345237 0.874045 0.247783 0.019918
2 0.126875 0.897431 0.031968 0.017808
0 0.557355 0.083779 0.062821 0.019359
1 0.626933 0.083099 0.063654 0.019367
2 0.793179 0.082099 0.247783 0.019918
2 0.571901 0.105514 0.016136 0.017653
0 0.547830 0.135126 0.041989 0.019156
1 0.597826 0.134638 0.045322 0.019188
2 0.710327 0.134163 0.158624 0.019046
0 0.548406 0.168249 0.041989 0.019156
1 0.604651 0.167699 0.057821 0.019310
2 0.778814 0.166621 0.269448 0.020130
2 0.573367 0.189881 0.016136 0.017653
0 0.570204 0.223665 0.083652 0.019563
1 0.639365 0.222989 0.041989 0.019156
2 0.797695 0.222066 0.253616 0.019975
2 0.661410 0.244651 0.190288 0.019356
0 0.560657 0.273763 0.062821 0.019359
1 0.628985 0.273095 0.061154 0.019343
2 0.749402 0.272543 0.158624 0.019046
0 0.561200 0.305010 0.062821 0.019359
1 0.622028 0.304416 0.046155 0.019196
2 0.790358 0.303395 0.269448 0.020130
2 0.631158 0.326203 0.126960 0.018737
0 0.551686 0.356983 0.041989 0.019156
1 0.620430 0.356311 0.082819 0.019555
0 0.572973 0.383027 0.083652 0.019563
1 0.658383 0.382192 0.074486 0.019473
2 0.817130 0.381265 0.221952 0.019665
2 0.577103 0.404863 0.016136 0.017653
0 0.563405 0.431874 0.062821 0.019359
1 0.626733 0.431255 0.051155 0.019245
2 0.797562 0.430210 0.269448 0.020130
2 0.744186 0.451984 0.348608 0.020903
2 0.744556 0.473232 0.348608 0.020903
2 0.744925 0.494480 0.348608 0.020903
2 0.586974 0.517276 0.031968 0.017808
0 0.565360 0.544365 0.062821 0.019359
1 0.632854 0.543705 0.059487 0.019327
2 0.792018 0.542774 0.237784 0.019820
0 0.555498 0.576339 0.041989 0.019156
1 0.613826 0.575769 0.061987 0.019351
2 0.790072 0.574671 0.269448 0.020130
2 0.746695 0.596347 0.348608 0.020903
2 0.747065 0.617595 0.348608 0.020903
2 0.747434 0.638843 0.348608 0.020903
2 0.747803 0.660091 0.348608 0.020903
2 0.653180 0.682268 0.158624 0.019046
0 0.568238 0.709976 0.062821 0.019359
1 0.638232 0.709292 0.064487 0.019376
2 0.807812 0.708259 0.253616 0.019975
2 0.661944 0.730937 0.174456 0.019201
0 0.569118 0.760597 0.062821 0.019359
1 0.646611 0.759839 0.079486 0.019522
2 0.815774 0.758810 0.237784 0.019820
2 0.749899 0.780706 0.348608 0.020903
2 0.750269 0.801954 0.348608 0.020903
2 0.711058 0.823589 0.269448 0.020130
0 0.576580 0.854282 0.074486 0.019473
1 0.660323 0.853463 0.080319 0.019530
2 0.821987 0.852508 0.221952 0.019665
2 0.751528 0.874448 0.348608 0.020903
2 0.704402 0.896161 0.253616 0.019975
