0 0.26666666666666666 0.096875 0.4 0.04375
0 0.26666666666666666 0.158125 0.4 0.04375
0 0.26666666666666666 0.266875 0.4 0.13875
0 0.26666666666666666 0.375625 0.4 0.04375
0 0.26666666666666666 0.436875 0.4 0.04375
0 0.26666666666666666 0.498125 0.4 0.04375
0 0.26666666666666666 0.5475 0.4 0.02
0 0.26666666666666666 0.596875 0.4 0.04375
0 0.26666666666666666 0.69375 0.4 0.115
0 0.26666666666666666 0.790625 0.4 0.04375
0 0.26666666666666666 0.851875 0.4 0.04375
0 0.7333333333333333 0.10875 0.4 0.0675
0 0.7333333333333333 0.181875 0.4 0.04375
0 0.7333333333333333 0.243125 0.4 0.04375
0 0.7333333333333333 0.304375 0.4 0.04375
0 0.7333333333333333 0.365625 0.4 0.04375
0 0.7333333333333333 0.415 0.4 0.02
0 0.7333333333333333 0.47625 0.4 0.0675
0 0.7333333333333333 0.596875 0.4 0.13875
0 0.7333333333333333 0.753125 0.4 0.13875
0 0.7333333333333333 0.861875 0.4 0.04375
