0 0.26666666666666666 0.096875 0.4 0.04375
0 0.26666666666666666 0.17 0.4 0.0675
0 0.26666666666666666 0.243125 0.4 0.04375
0 0.26666666666666666 0.304375 0.4 0.04375
0 0.26666666666666666 0.389375 0.4 0.09125
0 0.26666666666666666 0.474375 0.4 0.04375
0 0.26666666666666666 0.535625 0.4 0.04375
0 0.26666666666666666 0.585 0.4 0.02
0 0.26666666666666666 0.6225 0.4 0.02
0 0.26666666666666666 0.671875 0.4 0.04375
0 0.26666666666666666 0.72125 0.4 0.02
0 0.26666666666666666 0.770625 0.4 0.04375
0 0.26666666666666666 0.84375 0.4 0.0675
0 0.7333333333333333 0.096875 0.4 0.04375
0 0.7333333333333333 0.158125 0.4 0.04375
0 0.7333333333333333 0.219375 0.4 0.04375
0 0.7333333333333333 0.280625 0.4 0.04375
0 0.7333333333333333 0.33 0.4 0.02
0 0.7333333333333333 0.3675 0.4 0.02
0 0.7333333333333333 0.416875 0.4 0.04375
0 0.7333333333333333 0.501875 0.4 0.09125
0 0.7333333333333333 0.586875 0.4 0.04375
0 0.7333333333333333 0.648125 0.4 0.04375
0 0.7333333333333333 0.709375 0.4 0.04375
0 0.7333333333333333 0.770625 0.4 0.04375
0 0.7333333333333333 0.8675 0.4 0.115
