1 0.104500 0.080837 0.062791 0.019303
2 0.180745 0.081513 0.076957 0.019429
0 0.273228 0.082959 0.406993 0.026106
1 0.093631 0.109492 0.041959 0.019118
2 0.141961 0.109921 0.041959 0.019118
3 0.316105 0.112091 0.285256 0.020027
0 0.272775 0.111707 0.406993 0.026106
1 0.093128 0.141365 0.041959 0.019118
2 0.152290 0.141890 0.063625 0.019311
3 0.289771 0.143735 0.190263 0.019184
0 0.272272 0.143580 0.406993 0.026106
1 0.103002 0.175830 0.062791 0.019303
2 0.183829 0.176547 0.086123 0.019510
3 0.348391 0.178632 0.221927 0.019465
3 0.283061 0.199304 0.348585 0.020589
0 0.271562 0.188577 0.407328 0.047355
1 0.112540 0.231544 0.083623 0.019488
2 0.198368 0.232305 0.075290 0.019414
0 0.270853 0.233573 0.406993 0.026106
1 0.101632 0.262699 0.062791 0.019303
2 0.164544 0.263257 0.050292 0.019192
0 0.270360 0.264821 0.406993 0.026106
1 0.101139 0.293947 0.062791 0.019303
2 0.184466 0.294686 0.091123 0.019555
0 0.269867 0.296069 0.406993 0.026106
1 0.100665 0.323945 0.062791 0.019303
2 0.176494 0.324618 0.076124 0.019421
3 0.328140 0.326588 0.206095 0.019325
0 0.269394 0.326067 0.406993 0.026106
1 0.089737 0.356350 0.041959 0.019118
2 0.150566 0.356890 0.066958 0.019340
3 0.329294 0.359101 0.269424 0.019887
3 0.280212 0.379917 0.348585 0.020589
3 0.279877 0.401165 0.348585 0.020589
3 0.279542 0.422414 0.348585 0.020589
3 0.239626 0.443311 0.269424 0.019887
0 0.268211 0.401062 0.408334 0.111100
1 0.098290 0.474559 0.062791 0.019303
2 0.176201 0.475251 0.080290 0.019458
3 0.345763 0.477380 0.237759 0.019606
3 0.143775 0.496839 0.079437 0.018201
0 0.266851 0.487306 0.407328 0.047355
1 0.107888 0.526523 0.083623 0.019488
2 0.190798 0.527259 0.069458 0.019362
0 0.266200 0.528553 0.406993 0.026106
1 0.096910 0.562053 0.062791 0.019303
2 0.157739 0.562593 0.046126 0.019155
3 0.310218 0.564571 0.237759 0.019606
0 0.265638 0.564175 0.406993 0.026106
1 0.096476 0.589551 0.062791 0.019303
2 0.162721 0.590139 0.056958 0.019251
3 0.328533 0.592235 0.253592 0.019746
3 0.173626 0.612112 0.142766 0.018763
0 0.265037 0.602298 0.407328 0.047355
1 0.085291 0.638205 0.041959 0.019118
2 0.136121 0.638656 0.046959 0.019163
0 0.264435 0.640420 0.406993 0.026106
1 0.084798 0.669453 0.041959 0.019118
2 0.144377 0.669982 0.064458 0.019318
3 0.321855 0.672182 0.269424 0.019887
3 0.124867 0.691685 0.047773 0.017920
0 0.263775 0.682292 0.407328 0.047355
1 0.104851 0.719010 0.083623 0.019488
2 0.191512 0.719779 0.076957 0.019429
0 0.263164 0.721039 0.406993 0.026106
1 0.083497 0.751947 0.041959 0.019118
2 0.141826 0.752465 0.061958 0.019296
3 0.318054 0.754654 0.269424 0.019887
3 0.278972 0.775558 0.358584 0.020678
3 0.273637 0.796763 0.348585 0.020589
3 0.273302 0.818011 0.348585 0.020589
3 0.106728 0.837785 0.016108 0.017639
0 0.261971 0.796659 0.408334 0.111100
1 0.092040 0.870782 0.062791 0.019303
2 0.173701 0.871506 0.087790 0.019525
3 0.339096 0.873599 0.221927 0.019465
3 0.153357 0.893202 0.111102 0.018482
0 0.260601 0.883528 0.407328 0.047355
1 0.560718 0.084885 0.041959 0.019118
2 0.628213 0.085483 0.080290 0.019458
3 0.750278 0.087192 0.142766 0.018763
0 0.739862 0.087099 0.406993 0.026106
1 0.570641 0.116225 0.062791 0.019303
2 0.646886 0.116901 0.076957 0.019429
3 0.791033 0.118805 0.190263 0.019184
0 0.739370 0.118347 0.406993 0.026106
1 0.559663 0.151755 0.041959 0.019118
2 0.621742 0.152306 0.069458 0.019362
3 0.751307 0.154080 0.168598 0.018992
0 0.738808 0.153969 0.406993 0.026106
1 0.559121 0.186128 0.041959 0.019118
2 0.630783 0.186763 0.088623 0.019532
3 0.809511 0.188974 0.247759 0.019695
3 0.751679 0.209713 0.352751 0.020626
3 0.749261 0.230943 0.348585 0.020589
3 0.748926 0.252191 0.348585 0.020589
3 0.753590 0.273484 0.358584 0.020678
3 0.605766 0.293424 0.063605 0.018061
0 0.737428 0.241463 0.408669 0.132349
1 0.577814 0.321928 0.083623 0.019488
2 0.662808 0.322682 0.073624 0.019399
3 0.821120 0.324712 0.221927 0.019465
3 0.715793 0.345029 0.285256 0.020027
0 0.735959 0.334582 0.407328 0.047355
1 0.566501 0.378706 0.062791 0.019303
2 0.643996 0.379394 0.079457 0.019451
0 0.735229 0.380829 0.406993 0.026106
1 0.565939 0.414329 0.062791 0.019303
2 0.639267 0.414980 0.071124 0.019377
3 0.804246 0.417068 0.237759 0.019606
3 0.627256 0.436750 0.111102 0.018482
0 0.734500 0.427075 0.407328 0.047355
1 0.575478 0.470043 0.083623 0.019488
2 0.648806 0.470693 0.050292 0.019192
3 0.808368 0.472734 0.247759 0.019695
3 0.578882 0.491949 0.016108 0.017639
0 0.733623 0.482696 0.407328 0.047355
1 0.574591 0.526289 0.083623 0.019488
2 0.663751 0.527080 0.081957 0.019473
3 0.818314 0.529076 0.206095 0.019325
3 0.744234 0.549670 0.348585 0.020589
3 0.743899 0.570919 0.348585 0.020589
3 0.727731 0.592027 0.316921 0.020308
0 0.732400 0.560191 0.407999 0.089852
1 0.558143 0.618024 0.053625 0.019222
2 0.624388 0.618612 0.066124 0.019333
3 0.799782 0.620793 0.263591 0.019835
3 0.608211 0.640345 0.079437 0.018201
0 0.731286 0.630811 0.407328 0.047355
1 0.561957 0.666811 0.062791 0.019303
2 0.640285 0.667506 0.081123 0.019466
3 0.794431 0.669499 0.206095 0.019325
0 0.730685 0.668933 0.406993 0.026106
1 0.561444 0.699309 0.062791 0.019303
2 0.623106 0.699856 0.047792 0.019170
3 0.792251 0.701982 0.269424 0.019887
3 0.741503 0.722783 0.348585 0.020589
3 0.741168 0.744032 0.348585 0.020589
3 0.627091 0.764271 0.121101 0.018571
0 0.729670 0.733304 0.407999 0.089852
1 0.549530 0.794210 0.041959 0.019118
2 0.600360 0.794661 0.046959 0.019163
3 0.777004 0.796853 0.285256 0.020027
3 0.740005 0.817777 0.348585 0.020589
3 0.739670 0.839025 0.348585 0.020589
3 0.739334 0.860274 0.348585 0.020589
3 0.738999 0.881522 0.348585 0.020589
3 0.738664 0.902771 0.348585 0.020589
3 0.619587 0.922966 0.111102 0.018482
0 0.727669 0.860170 0.409004 0.153597
