0 0.26666666666666666 0.096875 0.4 0.04375
0 0.26666666666666666 0.158125 0.4 0.04375
0 0.26666666666666666 0.23125 0.4 0.0675
0 0.26666666666666666 0.304375 0.4 0.04375
0 0.26666666666666666 0.365625 0.4 0.04375
0 0.26666666666666666 0.426875 0.4 0.04375
0 0.26666666666666666 0.488125 0.4 0.04375
0 0.26666666666666666 0.549375 0.4 0.04375
0 0.26666666666666666 0.610625 0.4 0.04375
0 0.26666666666666666 0.671875 0.4 0.04375
0 0.26666666666666666 0.756875 0.4 0.09125
0 0.26666666666666666 0.841875 0.4 0.04375
0 0.26666666666666666 0.903125 0.4 0.04375
0 0.7333333333333333 0.096875 0.4 0.04375
0 0.7333333333333333 0.158125 0.4 0.04375
0 0.7333333333333333 0.243125 0.4 0.09125
0 0.7333333333333333 0.31625 0.4 0.02
0 0.7333333333333333 0.389375 0.4 0.09125
0 0.7333333333333333 0.51 0.4 0.115
0 0.7333333333333333 0.606875 0.4 0.04375
0 0.7333333333333333 0.68 0.4 0.0675
0 0.7333333333333333 0.753125 0.4 0.04375
0 0.7333333333333333 0.82625 0.4 0.0675
0 0.7333333333333333 0.899375 0.4 0.04375
