3 0.494338 0.032580 0.988676 0.038889
0 0.077305 0.090177 0.042123 0.019326
1 0.141461 0.089286 0.073784 0.019766
0 0.078185 0.125796 0.042123 0.019326
1 0.132759 0.125038 0.054620 0.019499
0 0.099663 0.151752 0.083782 0.019905
1 0.175484 0.150699 0.055454 0.019511
2 0.332555 0.149141 0.237891 0.020797
2 0.270174 0.171262 0.348706 0.022336
2 0.270699 0.192508 0.348706 0.022336
2 0.271224 0.213754 0.348706 0.022336
2 0.271749 0.235001 0.348706 0.022336
2 0.177290 0.257567 0.158738 0.019697
0 0.082152 0.286394 0.042123 0.019326
1 0.151724 0.285427 0.084615 0.019916
2 0.331292 0.283557 0.253722 0.021017
2 0.273493 0.305614 0.348706 0.022336
2 0.274018 0.326860 0.348706 0.022336
2 0.168728 0.349577 0.137075 0.019396
0 0.105390 0.383587 0.083782 0.019905
1 0.194542 0.382349 0.082116 0.019881
2 0.349114 0.380826 0.206230 0.020357
2 0.275901 0.403097 0.348706 0.022336
2 0.126035 0.426433 0.047924 0.018157
0 0.086320 0.455115 0.042123 0.019326
1 0.153809 0.454177 0.080449 0.019858
2 0.331294 0.452336 0.253722 0.021017
2 0.277661 0.474335 0.348706 0.022336
2 0.278186 0.495581 0.348706 0.022336
2 0.278711 0.516827 0.348706 0.022336
2 0.279236 0.538074 0.348706 0.022336
2 0.279761 0.559320 0.348706 0.022336
2 0.280286 0.580566 0.348706 0.022336
2 0.280810 0.601813 0.348706 0.022336
2 0.138860 0.625039 0.063755 0.018377
0 0.086631 0.653269 0.032958 0.019198
1 0.147871 0.652418 0.077117 0.019812
2 0.260367 0.651480 0.127077 0.019257
0 0.102509 0.688680 0.062952 0.019615
1 0.169997 0.687742 0.059620 0.019569
2 0.281660 0.686816 0.142908 0.019477
0 0.092958 0.723819 0.042123 0.019326
1 0.152948 0.722985 0.065452 0.019650
2 0.330850 0.721138 0.269553 0.021237
2 0.284299 0.743038 0.348706 0.022336
0 0.115116 0.777270 0.083782 0.019905
1 0.201767 0.776066 0.077117 0.019812
2 0.361755 0.774468 0.222061 0.020577
2 0.285627 0.796779 0.348706 0.022336
2 0.291151 0.817956 0.358704 0.022475
2 0.286676 0.839272 0.348706 0.022336
2 0.260539 0.860889 0.295382 0.021596
0 0.097049 0.889415 0.042123 0.019326
1 0.145791 0.888738 0.042956 0.019337
0 0.554307 0.083549 0.062952 0.019615
1 0.623461 0.082588 0.062952 0.019615
2 0.792198 0.080868 0.253722 0.021017
2 0.735233 0.102914 0.348706 0.022336
2 0.740757 0.124091 0.358704 0.022475
2 0.696706 0.145956 0.269553 0.021237
0 0.567006 0.175888 0.083782 0.019905
1 0.657407 0.174632 0.084615 0.019916
2 0.813229 0.173092 0.206230 0.020357
2 0.595042 0.197378 0.063755 0.018377
0 0.568349 0.230254 0.083782 0.019905
1 0.658334 0.229004 0.083782 0.019905
0 0.548338 0.263663 0.042123 0.019326
1 0.616243 0.262719 0.081283 0.019870
2 0.794144 0.260872 0.253722 0.021017
2 0.589288 0.284973 0.047924 0.018157
0 0.559941 0.311635 0.062952 0.019615
1 0.640344 0.310518 0.085449 0.019928
2 0.809497 0.308792 0.232059 0.020716
2 0.740867 0.331000 0.348706 0.022336
2 0.741392 0.352246 0.348706 0.022336
2 0.741917 0.373492 0.348706 0.022336
2 0.707864 0.395219 0.279551 0.021376
0 0.552289 0.423635 0.042123 0.019326
1 0.616029 0.422750 0.072951 0.019754
2 0.794763 0.420891 0.263720 0.021156
2 0.648647 0.444175 0.158738 0.019697
0 0.569911 0.479025 0.074617 0.019777
1 0.644481 0.477989 0.062119 0.019604
2 0.781140 0.476715 0.190400 0.020137
0 0.575188 0.507082 0.083782 0.019905
1 0.650592 0.506034 0.054620 0.019499
2 0.807247 0.504482 0.237891 0.020797
2 0.745699 0.526591 0.348706 0.022336
2 0.746224 0.547837 0.348706 0.022336
2 0.746749 0.569084 0.348706 0.022336
2 0.747274 0.590330 0.348706 0.022336
2 0.747798 0.611576 0.348706 0.022336
2 0.748323 0.632823 0.348706 0.022336
2 0.701356 0.654729 0.253722 0.021017
0 0.579680 0.688925 0.083782 0.019905
1 0.658416 0.687831 0.061286 0.019592
2 0.818404 0.686233 0.237891 0.020797
2 0.750191 0.708435 0.348706 0.022336
2 0.750716 0.729681 0.348706 0.022336
2 0.751241 0.750928 0.348706 0.022336
2 0.751766 0.772174 0.348706 0.022336
2 0.752291 0.793420 0.348706 0.022336
2 0.594509 0.816866 0.032093 0.017937
0 0.573202 0.848418 0.062952 0.019615
1 0.644023 0.847434 0.066285 0.019661
2 0.766934 0.846351 0.158738 0.019697
0 0.573989 0.880287 0.062952 0.019615
1 0.633145 0.879465 0.042956 0.019337
2 0.799799 0.877775 0.269553 0.021237
2 0.754915 0.899652 0.348706 0.022336
2 0.755440 0.920898 0.348706 0.022336
2 0.755965 0.942145 0.348706 0.022336
2 0.590268 0.965701 0.016263 0.017717
