3 0.508285 0.032671 0.983431 0.045249
0 0.102619 0.076170 0.042327 0.019587
1 0.151768 0.077166 0.043993 0.019621
2 0.326682 0.081336 0.285526 0.023267
2 0.181802 0.099658 0.127251 0.020060
0 0.100909 0.123653 0.042327 0.019587
1 0.162553 0.124902 0.068984 0.020127
2 0.342048 0.129165 0.269699 0.022947
2 0.227574 0.148103 0.222216 0.021984
0 0.119754 0.179055 0.083978 0.020431
1 0.203056 0.180743 0.070650 0.020161
2 0.359643 0.184541 0.222216 0.021984
2 0.178111 0.202120 0.127251 0.020060
0 0.117953 0.229036 0.083978 0.020431
1 0.189593 0.230488 0.047325 0.019689
2 0.310777 0.233569 0.174733 0.021022
0 0.106459 0.258814 0.063152 0.020009
1 0.171019 0.260123 0.053989 0.019824
2 0.335103 0.264073 0.253871 0.022626
2 0.286022 0.284336 0.348837 0.024550
2 0.285257 0.305579 0.348837 0.024550
2 0.126216 0.323613 0.032285 0.018135
0 0.103196 0.349406 0.063152 0.020009
1 0.181917 0.351002 0.082312 0.020398
2 0.352249 0.355079 0.238044 0.022305
2 0.116569 0.371560 0.016458 0.017814
0 0.111718 0.402098 0.083978 0.020431
1 0.180026 0.403483 0.040661 0.019554
2 0.337446 0.407298 0.253871 0.022626
2 0.257126 0.426928 0.301354 0.023588
0 0.099346 0.456242 0.063152 0.020009
1 0.172236 0.457720 0.070650 0.020161
0 0.108769 0.483943 0.083978 0.020431
1 0.187074 0.485530 0.060653 0.019959
2 0.346576 0.489388 0.238044 0.022305
2 0.277919 0.509254 0.348837 0.024550
2 0.118878 0.527289 0.032285 0.018135
0 0.106113 0.557666 0.083978 0.020431
1 0.176087 0.559085 0.043993 0.019621
2 0.335173 0.562934 0.253871 0.022626
2 0.275263 0.582977 0.348837 0.024550
2 0.274498 0.604220 0.348837 0.024550
2 0.273732 0.625462 0.348837 0.024550
2 0.272967 0.646704 0.348837 0.024550
2 0.272202 0.667946 0.348837 0.024550
2 0.276434 0.689290 0.358833 0.024753
2 0.104482 0.707063 0.016458 0.017814
0 0.078917 0.734055 0.042327 0.019587
1 0.128482 0.735059 0.044826 0.019638
2 0.303812 0.739238 0.285526 0.023267
2 0.268893 0.759788 0.348837 0.024550
2 0.270210 0.781072 0.353002 0.024635
2 0.140742 0.799706 0.095596 0.019418
0 0.075653 0.824647 0.042327 0.019587
1 0.129800 0.825744 0.053989 0.019824
2 0.306796 0.829956 0.279695 0.023149
2 0.265629 0.850380 0.348837 0.024550
2 0.269862 0.871723 0.358833 0.024753
2 0.224529 0.892062 0.269699 0.022947
0 0.569116 0.085624 0.042327 0.019587
1 0.627428 0.086806 0.062319 0.019992
0 0.588906 0.114786 0.083978 0.020431
1 0.681789 0.116668 0.089809 0.020550
2 0.840042 0.120500 0.206388 0.021664
2 0.758056 0.140097 0.348837 0.024550
2 0.757291 0.161339 0.348837 0.024550
2 0.756526 0.182581 0.348837 0.024550
2 0.755760 0.203823 0.348837 0.024550
2 0.754995 0.225066 0.348837 0.024550
2 0.754230 0.246308 0.348837 0.024550
2 0.666413 0.265786 0.174733 0.021022
0 0.561485 0.297422 0.042327 0.019587
1 0.621047 0.298629 0.064819 0.020043
2 0.790546 0.302689 0.253871 0.022626
0 0.570795 0.328247 0.063152 0.020009
1 0.626608 0.329378 0.036496 0.019469
2 0.789859 0.333311 0.269699 0.022947
2 0.623737 0.351202 0.095596 0.019418
0 0.558334 0.384890 0.042327 0.019587
1 0.617479 0.386088 0.063986 0.020026
2 0.770734 0.389819 0.222216 0.021984
0 0.567599 0.416964 0.063152 0.020009
1 0.639656 0.418424 0.068984 0.020127
2 0.803323 0.422367 0.238044 0.022305
2 0.604714 0.439599 0.063940 0.018777
0 0.555182 0.472358 0.042327 0.019587
1 0.619742 0.473666 0.074815 0.020246
2 0.794239 0.477828 0.253871 0.022626
2 0.745158 0.498091 0.348837 0.024550
2 0.749391 0.519434 0.358833 0.024753
2 0.656576 0.538811 0.174733 0.021022
0 0.562129 0.568784 0.063152 0.020009
1 0.626272 0.570084 0.053156 0.019807
2 0.789940 0.574026 0.253871 0.022626
2 0.741692 0.594306 0.348837 0.024550
2 0.740926 0.615548 0.348837 0.024550
2 0.740161 0.636790 0.348837 0.024550
2 0.739396 0.658032 0.348837 0.024550
2 0.743629 0.679376 0.358833 0.024753
2 0.737865 0.700517 0.348837 0.024550
2 0.602566 0.719033 0.079768 0.019097
0 0.566126 0.747055 0.083978 0.020431
1 0.634018 0.748431 0.039828 0.019537
2 0.791022 0.752238 0.253871 0.022626
2 0.735277 0.772366 0.348837 0.024550
2 0.734511 0.793608 0.348837 0.024550
2 0.738744 0.814952 0.358833 0.024753
2 0.732981 0.836092 0.348837 0.024550
2 0.732215 0.857335 0.348837 0.024550
2 0.731450 0.878577 0.348837 0.024550
2 0.627805 0.897734 0.143078 0.020380
