1 0.076766 0.090490 0.042147 0.019356
2 0.126757 0.089759 0.045479 0.019405
3 0.247167 0.088621 0.174589 0.020045
0 0.255915 0.088493 0.407175 0.028447
1 0.077612 0.122984 0.042147 0.019356
2 0.151764 0.121899 0.093803 0.020112
3 0.327997 0.119945 0.237910 0.020972
3 0.205657 0.142989 0.222080 0.020740
0 0.257037 0.131610 0.407727 0.049692
1 0.089311 0.172197 0.062976 0.019661
2 0.171795 0.170990 0.089637 0.020051
3 0.306369 0.169646 0.158758 0.019814
0 0.258045 0.170353 0.407175 0.028447
1 0.079660 0.201719 0.042147 0.019356
2 0.133817 0.200926 0.053811 0.019527
3 0.313799 0.198917 0.285401 0.021667
3 0.271026 0.220797 0.348722 0.022594
3 0.271579 0.242043 0.348722 0.022594
3 0.272132 0.263289 0.348722 0.022594
3 0.272685 0.284535 0.348722 0.022594
3 0.278237 0.305708 0.358720 0.022740
3 0.162978 0.328649 0.127098 0.019350
0 0.260468 0.263460 0.410491 0.155922
1 0.083741 0.358564 0.042147 0.019356
2 0.155394 0.357516 0.088804 0.020039
0 0.262890 0.356567 0.407175 0.028447
1 0.095067 0.393405 0.062976 0.019661
2 0.172552 0.392271 0.079639 0.019905
3 0.341703 0.390421 0.237910 0.020972
3 0.278101 0.412605 0.352888 0.022655
3 0.276571 0.433882 0.348722 0.022594
3 0.277124 0.455128 0.348722 0.022594
3 0.277676 0.476374 0.348722 0.022594
3 0.278229 0.497620 0.348722 0.022594
0 0.265183 0.444676 0.409939 0.134676
1 0.088131 0.527282 0.042147 0.019356
2 0.159784 0.526233 0.088804 0.020039
3 0.333518 0.524316 0.237910 0.020972
3 0.176600 0.547866 0.142928 0.019582
0 0.267557 0.535908 0.407727 0.049692
1 0.089530 0.581022 0.042147 0.019356
2 0.156184 0.580046 0.078806 0.019893
3 0.332833 0.578086 0.253740 0.021204
3 0.233405 0.600795 0.253740 0.021204
0 0.268955 0.589648 0.407727 0.049692
1 0.091009 0.637886 0.042147 0.019356
2 0.160163 0.636874 0.083805 0.019966
3 0.339312 0.634877 0.253740 0.021204
3 0.163648 0.658702 0.111267 0.019119
0 0.270434 0.646512 0.407727 0.049692
1 0.113221 0.690696 0.083805 0.019966
2 0.184874 0.689647 0.047146 0.019429
3 0.337777 0.688035 0.237910 0.020972
3 0.288756 0.710006 0.358720 0.022740
3 0.284310 0.731325 0.348722 0.022594
3 0.284863 0.752571 0.348722 0.022594
3 0.285416 0.773817 0.348722 0.022594
3 0.285969 0.795063 0.348722 0.022594
3 0.278606 0.816425 0.332892 0.022362
0 0.273198 0.752742 0.410491 0.155922
1 0.106952 0.850193 0.062976 0.019661
2 0.192352 0.848943 0.095470 0.020137
3 0.361503 0.847093 0.222080 0.020740
3 0.216667 0.870467 0.206249 0.020509
0 0.275962 0.858972 0.407727 0.049692
1 0.564173 0.083357 0.083805 0.019966
2 0.651240 0.082082 0.077973 0.019880
3 0.772067 0.080939 0.142928 0.019582
0 0.722493 0.081665 0.407175 0.028447
1 0.544125 0.113656 0.042147 0.019356
2 0.607446 0.112729 0.072141 0.019795
3 0.788678 0.110702 0.269571 0.021435
3 0.735491 0.132734 0.348722 0.022594
3 0.736043 0.153980 0.348722 0.022594
3 0.736596 0.175226 0.348722 0.022594
3 0.742148 0.196399 0.358720 0.022740
3 0.737702 0.217718 0.348722 0.022594
3 0.743254 0.238891 0.358720 0.022740
3 0.651741 0.261484 0.174589 0.020045
0 0.725208 0.186020 0.411044 0.177168
1 0.548823 0.294246 0.042147 0.019356
2 0.607562 0.293387 0.062976 0.019661
3 0.784212 0.291426 0.269571 0.021435
3 0.629377 0.314947 0.127098 0.019350
0 0.728249 0.302872 0.407727 0.049692
1 0.571100 0.349556 0.083805 0.019966
2 0.640253 0.348544 0.042147 0.019356
3 0.774827 0.347199 0.206249 0.020509
0 0.729419 0.347864 0.407175 0.028447
1 0.561449 0.379078 0.062976 0.019661
2 0.623937 0.378163 0.049645 0.019466
3 0.786006 0.376416 0.253740 0.021204
0 0.730183 0.377233 0.407175 0.028447
1 0.572563 0.405795 0.083805 0.019966
2 0.655881 0.404576 0.070474 0.019771
3 0.812534 0.402908 0.222080 0.020740
3 0.600627 0.427264 0.063777 0.018423
0 0.731159 0.414726 0.407727 0.049692
1 0.563514 0.458438 0.062976 0.019661
2 0.629752 0.457468 0.057144 0.019576
3 0.795570 0.455666 0.253740 0.021204
3 0.586162 0.479985 0.032116 0.017960
0 0.732525 0.467216 0.407727 0.049692
1 0.564847 0.509678 0.062976 0.019661
2 0.648165 0.508458 0.091304 0.020076
3 0.815233 0.506638 0.222080 0.020740
3 0.619156 0.530762 0.095437 0.018887
0 0.733858 0.518456 0.407727 0.049692
1 0.576612 0.561391 0.083805 0.019966
2 0.655347 0.560238 0.061310 0.019637
3 0.815332 0.558522 0.237910 0.020972
3 0.747148 0.580774 0.348722 0.022594
3 0.747701 0.602020 0.348722 0.022594
3 0.748254 0.623266 0.348722 0.022594
3 0.748807 0.644512 0.348722 0.022594
3 0.749360 0.665758 0.348722 0.022594
3 0.749912 0.687004 0.348722 0.022594
3 0.687144 0.709176 0.222080 0.020740
0 0.736866 0.634059 0.411044 0.177168
1 0.581327 0.742606 0.083805 0.019966
2 0.669643 0.741314 0.080473 0.019917
3 0.823380 0.739689 0.206249 0.020509
0 0.739646 0.740914 0.407175 0.028447
1 0.561278 0.772905 0.042147 0.019356
2 0.628765 0.771918 0.080473 0.019917
3 0.806247 0.769945 0.253740 0.021204
3 0.752644 0.791984 0.348722 0.022594
3 0.642384 0.814851 0.127098 0.019350
0 0.740979 0.792154 0.408280 0.070938
1 0.563261 0.849141 0.042147 0.019356
2 0.618668 0.848330 0.056310 0.019563
0 0.742410 0.847144 0.407175 0.028447
1 0.574457 0.878983 0.062976 0.019661
2 0.652358 0.877842 0.080473 0.019917
3 0.821926 0.875986 0.237910 0.020972
3 0.755408 0.898213 0.348722 0.022594
3 0.755961 0.919459 0.348722 0.022594
3 0.756514 0.940705 0.348722 0.022594
3 0.757066 0.961951 0.348722 0.022594
3 0.725959 0.983661 0.285401 0.021667
0 0.744573 0.930253 0.409939 0.134676
