1 0.201250 0.085938 0.120833 0.021875
0 0.266667 0.095312 0.400000 0.040625
1 0.217083 0.137813 0.152500 0.021875
0 0.266667 0.147187 0.400000 0.040625
1 0.160000 0.187812 0.085000 0.021875
0 0.266667 0.215938 0.400000 0.078125
1 0.190417 0.275938 0.145833 0.021875
0 0.266667 0.275938 0.400000 0.021875
1 0.225417 0.307188 0.122500 0.021875
0 0.266667 0.316563 0.400000 0.040625
1 0.196667 0.355938 0.065000 0.021875
0 0.266667 0.355938 0.400000 0.021875
1 0.165000 0.384062 0.095000 0.021875
0 0.266667 0.384062 0.400000 0.021875
1 0.211667 0.417187 0.095000 0.021875
0 0.266667 0.426563 0.400000 0.040625
1 0.210000 0.470313 0.091667 0.021875
0 0.266667 0.470313 0.400000 0.021875
1 0.167083 0.504687 0.052500 0.021875
0 0.266667 0.570312 0.400000 0.153125
1 0.180000 0.669063 0.125000 0.021875
0 0.266667 0.678438 0.400000 0.040625
1 0.179583 0.722187 0.077500 0.021875
0 0.266667 0.722187 0.400000 0.021875
1 0.204583 0.754687 0.127500 0.021875
0 0.266667 0.764062 0.400000 0.040625
1 0.154583 0.802813 0.074167 0.021875
0 0.266667 0.802813 0.400000 0.021875
1 0.210000 0.833438 0.138333 0.021875
0 0.266667 0.842812 0.400000 0.040625
1 0.210833 0.885312 0.093333 0.021875
0 0.266667 0.885312 0.400000 0.021875
1 0.701250 0.085938 0.140833 0.021875
0 0.733333 0.132812 0.400000 0.115625
1 0.664583 0.212188 0.114167 0.021875
0 0.733333 0.249688 0.400000 0.096875
1 0.659583 0.321562 0.150833 0.021875
0 0.733333 0.377812 0.400000 0.134375
1 0.676667 0.464687 0.138333 0.021875
0 0.733333 0.474062 0.400000 0.040625
1 0.648333 0.511563 0.081667 0.021875
0 0.733333 0.520938 0.400000 0.040625
1 0.634583 0.563438 0.054167 0.021875
0 0.733333 0.572812 0.400000 0.040625
1 0.675000 0.610313 0.135000 0.021875
0 0.733333 0.647813 0.400000 0.096875
1 0.686250 0.717812 0.110833 0.021875
0 0.733333 0.727187 0.400000 0.040625
1 0.688750 0.769687 0.115833 0.021875
0 0.733333 0.769687 0.400000 0.021875
1 0.684167 0.798438 0.106667 0.021875
0 0.733333 0.798438 0.400000 0.021875
1 0.660000 0.829688 0.105000 0.021875
0 0.733333 0.829688 0.400000 0.021875
1 0.656250 0.859062 0.097500 0.021875
0 0.733333 0.868437 0.400000 0.040625
1 0.662917 0.906563 0.157500 0.021875
0 0.733333 0.915937 0.400000 0.040625
