0 0.26666666666666666 0.120625 0.4 0.09125
0 0.26666666666666666 0.205625 0.4 0.04375
0 0.26666666666666666 0.266875 0.4 0.04375
0 0.26666666666666666 0.328125 0.4 0.04375
0 0.26666666666666666 0.3775 0.4 0.02
0 0.26666666666666666 0.426875 0.4 0.04375
0 0.26666666666666666 0.5 0.4 0.0675
0 0.26666666666666666 0.596875 0.4 0.09125
0 0.26666666666666666 0.681875 0.4 0.04375
0 0.26666666666666666 0.743125 0.4 0.04375
0 0.26666666666666666 0.804375 0.4 0.04375
0 0.26666666666666666 0.865625 0.4 0.04375
0 0.7333333333333333 0.096875 0.4 0.04375
0 0.7333333333333333 0.158125 0.4 0.04375
0 0.7333333333333333 0.23125 0.4 0.0675
0 0.7333333333333333 0.304375 0.4 0.04375
0 0.7333333333333333 0.389375 0.4 0.09125
0 0.7333333333333333 0.4625 0.4 0.02
0 0.7333333333333333 0.511875 0.4 0.04375
0 0.7333333333333333 0.573125 0.4 0.04375
0 0.7333333333333333 0.634375 0.4 0.04375
0 0.7333333333333333 0.695625 0.4 0.04375
0 0.7333333333333333 0.756875 0.4 0.04375
0 0.7333333333333333 0.818125 0.4 0.04375
0 0.7333333333333333 0.879375 0.4 0.04375
