1 0.147500 0.085938 0.060000 0.021875
0 0.266667 0.095312 0.400000 0.040625
1 0.190417 0.136563 0.099167 0.021875
0 0.266667 0.145937 0.400000 0.040625
1 0.166667 0.187188 0.098333 0.021875
0 0.266667 0.187188 0.400000 0.021875
1 0.156250 0.217188 0.077500 0.021875
0 0.266667 0.226562 0.400000 0.040625
1 0.212500 0.270313 0.143333 0.021875
0 0.266667 0.289062 0.400000 0.059375
1 0.197083 0.338438 0.159167 0.021875
0 0.266667 0.394688 0.400000 0.134375
1 0.227083 0.480312 0.125833 0.021875
0 0.266667 0.536563 0.400000 0.134375
1 0.184583 0.620938 0.087500 0.021875
0 0.266667 0.620938 0.400000 0.021875
1 0.170417 0.649687 0.059167 0.021875
0 0.266667 0.649687 0.400000 0.021875
1 0.202500 0.681562 0.076667 0.021875
0 0.266667 0.681562 0.400000 0.021875
1 0.189583 0.712187 0.050833 0.021875
0 0.266667 0.712187 0.400000 0.021875
1 0.193750 0.744687 0.105833 0.021875
0 0.266667 0.782188 0.400000 0.096875
1 0.168750 0.847812 0.055833 0.021875
0 0.266667 0.875938 0.400000 0.078125
1 0.658750 0.085938 0.102500 0.021875
0 0.733333 0.095312 0.400000 0.040625
1 0.633333 0.137187 0.051667 0.021875
0 0.733333 0.137187 0.400000 0.021875
1 0.644167 0.165937 0.073333 0.021875
0 0.733333 0.203437 0.400000 0.096875
1 0.656667 0.274062 0.051667 0.021875
0 0.733333 0.330313 0.400000 0.134375
1 0.615833 0.419687 0.063333 0.021875
0 0.733333 0.419687 0.400000 0.021875
1 0.632500 0.450313 0.050000 0.021875
0 0.733333 0.459688 0.400000 0.040625
1 0.620417 0.500938 0.072500 0.021875
0 0.733333 0.510312 0.400000 0.040625
1 0.652083 0.551562 0.135833 0.021875
0 0.733333 0.551562 0.400000 0.021875
1 0.637917 0.579688 0.060833 0.021875
0 0.733333 0.579688 0.400000 0.021875
1 0.663750 0.608437 0.065833 0.021875
0 0.733333 0.617812 0.400000 0.040625
1 0.673333 0.659687 0.085000 0.021875
0 0.733333 0.725313 0.400000 0.153125
1 0.632083 0.821562 0.095833 0.021875
0 0.733333 0.830937 0.400000 0.040625
1 0.635833 0.874687 0.103333 0.021875
0 0.733333 0.902813 0.400000 0.078125
