1 0.102953 0.081660 0.062724 0.019174
2 0.178367 0.082173 0.075223 0.019259
3 0.345436 0.083933 0.237702 0.019113
3 0.156437 0.103900 0.095207 0.018145
0 0.271560 0.094056 0.407178 0.046511
1 0.102296 0.136033 0.062724 0.019174
2 0.167294 0.136475 0.054391 0.019117
3 0.331863 0.138218 0.253534 0.019220
3 0.287441 0.159167 0.358530 0.019934
3 0.282185 0.180382 0.348530 0.019866
3 0.281928 0.201631 0.348530 0.019866
3 0.281671 0.222880 0.348530 0.019866
3 0.281415 0.244129 0.348530 0.019866
3 0.281158 0.265379 0.348530 0.019866
3 0.280901 0.286628 0.348530 0.019866
3 0.169816 0.307124 0.126873 0.018360
0 0.270005 0.222801 0.408975 0.195255
1 0.099851 0.338525 0.062724 0.019174
2 0.160265 0.338935 0.045225 0.019055
3 0.325250 0.340681 0.263534 0.019288
3 0.113752 0.360495 0.016044 0.017607
0 0.268458 0.350921 0.407178 0.046511
1 0.099201 0.392273 0.062724 0.019174
2 0.162115 0.392700 0.050224 0.019089
3 0.300852 0.394268 0.206036 0.018898
0 0.267937 0.394044 0.406922 0.025262
1 0.098809 0.424771 0.062724 0.019174
2 0.166723 0.425233 0.060224 0.019157
0 0.267544 0.426543 0.406922 0.025262
1 0.098492 0.451020 0.062724 0.019174
2 0.161406 0.451448 0.050224 0.019089
3 0.331808 0.453230 0.269367 0.019328
3 0.144059 0.473206 0.079375 0.018037
0 0.267099 0.463416 0.407178 0.046511
1 0.087389 0.507822 0.041891 0.019032
2 0.144053 0.508207 0.058557 0.019146
3 0.318622 0.510018 0.269367 0.019328
3 0.277950 0.530993 0.348530 0.019866
3 0.277693 0.552242 0.348530 0.019866
3 0.282436 0.573525 0.358530 0.019934
3 0.282180 0.594774 0.358530 0.019934
3 0.205676 0.615505 0.206036 0.018898
0 0.265899 0.562787 0.408205 0.131508
1 0.085766 0.642192 0.041891 0.019032
2 0.142013 0.642574 0.057724 0.019140
0 0.264917 0.644034 0.406922 0.025262
1 0.095812 0.672886 0.062724 0.019174
2 0.176642 0.673435 0.086056 0.019332
0 0.264548 0.674658 0.406922 0.025262
1 0.095404 0.706635 0.062724 0.019174
2 0.175401 0.707178 0.084390 0.019321
3 0.339137 0.708916 0.221869 0.019005
3 0.133055 0.728766 0.063542 0.017930
0 0.264012 0.719031 0.407178 0.046511
1 0.105202 0.757953 0.083556 0.019315
2 0.178115 0.758449 0.049391 0.019083
3 0.316435 0.760014 0.206036 0.018898
0 0.263521 0.759654 0.406922 0.025262
1 0.094415 0.788506 0.062724 0.019174
2 0.163579 0.788976 0.062724 0.019174
3 0.324399 0.790694 0.237702 0.019113
0 0.263151 0.790278 0.406922 0.025262
1 0.104500 0.816076 0.083556 0.019315
2 0.179913 0.816588 0.054391 0.019117
3 0.336566 0.818278 0.237702 0.019113
3 0.274228 0.839105 0.348530 0.019866
3 0.273972 0.860354 0.348530 0.019866
3 0.131221 0.880635 0.063542 0.017930
0 0.262434 0.849650 0.407692 0.089009
1 0.569601 0.084831 0.062724 0.019174
2 0.651264 0.085386 0.087723 0.019344
3 0.816666 0.087134 0.221869 0.019005
3 0.686415 0.107500 0.221869 0.019005
0 0.738208 0.097227 0.407178 0.046511
1 0.568974 0.136704 0.062724 0.019174
2 0.644388 0.137216 0.075223 0.019259
3 0.811456 0.138976 0.237702 0.019113
3 0.701621 0.159481 0.253534 0.019220
0 0.737581 0.149100 0.407178 0.046511
1 0.568317 0.191076 0.062724 0.019174
2 0.633731 0.191521 0.055224 0.019123
3 0.798717 0.193267 0.253534 0.019220
3 0.582219 0.213047 0.016044 0.017607
0 0.736924 0.203472 0.407178 0.046511
1 0.557222 0.247253 0.041891 0.019032
2 0.613053 0.247633 0.056891 0.019134
3 0.786788 0.249438 0.269367 0.019328
3 0.692369 0.270047 0.237702 0.019113
0 0.736245 0.259720 0.407178 0.046511
1 0.577450 0.297393 0.083556 0.019315
2 0.650781 0.297891 0.050224 0.019089
3 0.805350 0.299566 0.237702 0.019113
3 0.747179 0.320422 0.348530 0.019866
3 0.746922 0.341671 0.348530 0.019866
3 0.651670 0.362275 0.158538 0.018575
0 0.735385 0.330967 0.407692 0.089009
1 0.576310 0.391764 0.083556 0.019315
2 0.649224 0.392259 0.049391 0.019083
3 0.803377 0.393932 0.237702 0.019113
3 0.746039 0.414793 0.348530 0.019866
3 0.745783 0.436042 0.348530 0.019866
3 0.745526 0.457291 0.348530 0.019866
3 0.750269 0.478574 0.358530 0.019934
3 0.650016 0.499144 0.158538 0.018575
0 0.733988 0.446587 0.408205 0.131508
1 0.574612 0.532383 0.083556 0.019315
2 0.655442 0.532932 0.065224 0.019191
0 0.732931 0.534084 0.406922 0.025262
1 0.574250 0.562382 0.083556 0.019315
2 0.650496 0.562900 0.056058 0.019129
3 0.807982 0.564595 0.237702 0.019113
3 0.743978 0.585411 0.348530 0.019866
3 0.743722 0.606660 0.348530 0.019866
3 0.743465 0.627909 0.348530 0.019866
3 0.743208 0.649158 0.348530 0.019866
3 0.742952 0.670408 0.348530 0.019866
3 0.742695 0.691657 0.348530 0.019866
0 0.731799 0.627830 0.408462 0.152757
1 0.551515 0.719734 0.041891 0.019032
2 0.616929 0.720178 0.076057 0.019264
3 0.792331 0.721995 0.253534 0.019220
3 0.607498 0.741990 0.079375 0.018037
0 0.730538 0.732201 0.407178 0.046511
1 0.571721 0.771748 0.083556 0.019315
2 0.655467 0.772317 0.071057 0.019230
3 0.812537 0.774010 0.221869 0.019005
3 0.741450 0.794777 0.348530 0.019866
3 0.741193 0.816027 0.348530 0.019866
3 0.733020 0.837222 0.332698 0.019758
0 0.729655 0.805323 0.407692 0.089009
1 0.570566 0.867369 0.083556 0.019315
2 0.657646 0.867961 0.077723 0.019276
3 0.815132 0.869656 0.216036 0.018966
3 0.653215 0.889807 0.174371 0.018683
0 0.728757 0.879695 0.407178 0.046511
