1 0.112516 0.082175 0.083519 0.019220
2 0.193764 0.082634 0.066020 0.019121
0 0.270839 0.083694 0.406881 0.024795
1 0.091345 0.115807 0.041854 0.018985
2 0.161759 0.116204 0.086019 0.019234
0 0.270500 0.117443 0.406881 0.024795
1 0.091062 0.143931 0.041854 0.018985
2 0.156894 0.144303 0.076853 0.019182
3 0.332716 0.145920 0.253502 0.018930
3 0.281671 0.166883 0.348499 0.019466
3 0.286457 0.188161 0.358499 0.019523
3 0.209996 0.208979 0.206003 0.018662
0 0.269898 0.177442 0.407521 0.088544
1 0.100538 0.237737 0.062686 0.019102
2 0.168869 0.238123 0.061020 0.019093
0 0.269277 0.239315 0.406881 0.024795
1 0.100274 0.263986 0.062686 0.019102
2 0.184439 0.264462 0.092686 0.019272
3 0.352344 0.266035 0.221836 0.018751
3 0.285466 0.286908 0.358499 0.019523
3 0.285253 0.308157 0.358499 0.019523
3 0.280040 0.329378 0.348499 0.019466
3 0.279826 0.350628 0.348499 0.019466
3 0.232114 0.371609 0.253502 0.018930
0 0.268480 0.318688 0.407947 0.131042
1 0.088434 0.405799 0.041854 0.018985
2 0.152182 0.406159 0.072686 0.019159
3 0.325921 0.407765 0.253502 0.018930
3 0.191961 0.428259 0.174337 0.018483
0 0.267483 0.418060 0.407094 0.046045
1 0.087863 0.462672 0.041854 0.018985
2 0.154111 0.463046 0.077686 0.019187
3 0.330350 0.464666 0.253502 0.018930
3 0.278471 0.485624 0.348499 0.019466
3 0.199094 0.506426 0.190170 0.018572
0 0.266805 0.485558 0.407308 0.067294
1 0.108006 0.531538 0.083519 0.019220
2 0.188003 0.531989 0.063520 0.019107
3 0.346326 0.533508 0.231836 0.018807
3 0.143202 0.553612 0.079340 0.017946
0 0.266222 0.543681 0.407094 0.046045
1 0.107529 0.579036 0.083519 0.019220
2 0.197526 0.579545 0.083519 0.019220
3 0.352932 0.581047 0.206003 0.018662
3 0.253555 0.601736 0.301000 0.019198
0 0.265745 0.591180 0.407094 0.046045
1 0.096542 0.635851 0.062686 0.019102
2 0.166956 0.636249 0.065186 0.019116
3 0.336945 0.637833 0.253502 0.018930
3 0.281734 0.658772 0.358499 0.019523
3 0.276520 0.679993 0.348499 0.019466
3 0.197143 0.700796 0.190170 0.018572
0 0.264961 0.669303 0.407521 0.088544
1 0.095607 0.728973 0.062686 0.019102
2 0.164772 0.729364 0.062686 0.019102
3 0.333511 0.730942 0.253502 0.018930
3 0.133303 0.751062 0.063507 0.017857
0 0.264239 0.741176 0.407094 0.046045
1 0.095111 0.778347 0.062686 0.019102
2 0.170109 0.778770 0.074353 0.019168
3 0.336765 0.780336 0.237669 0.018840
3 0.172390 0.800659 0.142672 0.018304
0 0.263744 0.790549 0.407094 0.046045
1 0.105032 0.827779 0.083519 0.019220
2 0.202529 0.828330 0.098519 0.019305
3 0.357519 0.829830 0.190170 0.018572
3 0.203560 0.850211 0.206003 0.018662
0 0.263248 0.839923 0.407094 0.046045
1 0.083704 0.877035 0.041854 0.018985
2 0.148285 0.877400 0.074353 0.019168
0 0.262859 0.878672 0.406881 0.024795
1 0.553754 0.084667 0.032687 0.018933
2 0.597919 0.084916 0.042687 0.018989
3 0.780408 0.086571 0.301000 0.019198
3 0.748945 0.107644 0.348499 0.019466
3 0.748732 0.128894 0.348499 0.019466
3 0.748519 0.150143 0.348499 0.019466
3 0.748305 0.171393 0.348499 0.019466
3 0.753092 0.192670 0.358499 0.019523
3 0.629132 0.213221 0.111006 0.018125
0 0.736852 0.150077 0.408161 0.152292
1 0.556743 0.243438 0.041854 0.018985
2 0.627575 0.243838 0.086852 0.019239
3 0.805480 0.245468 0.247669 0.018897
3 0.752352 0.266418 0.358499 0.019523
3 0.747139 0.287639 0.348499 0.019466
3 0.746925 0.308889 0.348499 0.019466
3 0.751712 0.330166 0.358499 0.019523
3 0.746499 0.351388 0.348499 0.019466
3 0.603789 0.371832 0.063507 0.017857
0 0.735259 0.308823 0.408161 0.152292
1 0.555175 0.399684 0.041854 0.018985
2 0.614340 0.400018 0.063520 0.019107
3 0.791412 0.401643 0.269335 0.019019
3 0.666619 0.422189 0.190170 0.018572
0 0.734224 0.411945 0.407094 0.046045
1 0.575443 0.456050 0.083519 0.019220
2 0.667107 0.456567 0.086852 0.019239
3 0.821263 0.458063 0.200170 0.018629
3 0.750219 0.478912 0.358499 0.019523
3 0.745006 0.500133 0.348499 0.019466
3 0.749792 0.521411 0.358499 0.019523
3 0.744579 0.542632 0.348499 0.019466
3 0.625619 0.563211 0.111006 0.018125
0 0.733233 0.510692 0.407947 0.131042
1 0.574107 0.589171 0.083519 0.019220
2 0.663271 0.589674 0.081853 0.019211
3 0.786178 0.590993 0.142672 0.018304
0 0.732430 0.590690 0.406881 0.024795
1 0.563377 0.620361 0.062686 0.019102
2 0.641291 0.620801 0.080186 0.019201
3 0.807947 0.622367 0.231836 0.018807
3 0.601073 0.642450 0.063507 0.017857
0 0.732009 0.632564 0.407094 0.046045
1 0.562850 0.672860 0.062686 0.019102
2 0.625765 0.673215 0.050187 0.019032
3 0.796171 0.674802 0.269335 0.019019
3 0.743042 0.695753 0.348499 0.019466
3 0.747829 0.717030 0.358499 0.019523
3 0.742615 0.738252 0.348499 0.019466
3 0.742402 0.759501 0.348499 0.019466
3 0.583860 0.779856 0.031841 0.017678
0 0.731056 0.727561 0.407947 0.131042
1 0.551079 0.807797 0.041854 0.018985
2 0.608160 0.808119 0.059353 0.019084
3 0.743567 0.809509 0.190170 0.018572
0 0.730234 0.809434 0.406881 0.024795
1 0.550809 0.834671 0.041854 0.018985
2 0.611641 0.835015 0.066853 0.019126
3 0.790379 0.836649 0.269335 0.019019
0 0.729964 0.836308 0.406881 0.024795
1 0.571366 0.862288 0.083519 0.019220
2 0.663030 0.862806 0.086852 0.019239
0 0.729688 0.863807 0.406881 0.024795
1 0.550226 0.892795 0.041854 0.018985
2 0.616890 0.893171 0.078519 0.019192
0 0.729381 0.894431 0.406881 0.024795
