1 0.100646 0.082897 0.062622 0.018980
2 0.177312 0.083180 0.077622 0.019036
3 0.345639 0.084426 0.237612 0.018376
3 0.280917 0.105437 0.348444 0.018784
3 0.280778 0.126687 0.348444 0.018784
3 0.285639 0.147955 0.358444 0.018821
3 0.280499 0.169187 0.348444 0.018784
3 0.280360 0.190436 0.348444 0.018784
3 0.280221 0.211686 0.348444 0.018784
0 0.268972 0.147894 0.407645 0.151498
1 0.089218 0.237232 0.041789 0.018903
2 0.153800 0.237470 0.074289 0.019023
3 0.328377 0.238739 0.253445 0.018434
3 0.145324 0.259314 0.079280 0.017792
0 0.268308 0.249143 0.406949 0.045249
1 0.099265 0.293520 0.062622 0.018980
2 0.172181 0.293789 0.070122 0.019008
3 0.336758 0.295021 0.237612 0.018376
3 0.279537 0.316060 0.348444 0.018784
3 0.279397 0.337310 0.348444 0.018784
3 0.279258 0.358559 0.348444 0.018784
3 0.279119 0.379809 0.348444 0.018784
3 0.278979 0.401059 0.348444 0.018784
3 0.112592 0.421695 0.015948 0.017558
0 0.267591 0.358516 0.407645 0.151498
1 0.087837 0.447854 0.041789 0.018903
2 0.140336 0.448048 0.050122 0.018934
0 0.266997 0.449140 0.406809 0.023999
1 0.098044 0.479768 0.062622 0.018980
2 0.179293 0.480067 0.086789 0.019069
0 0.266788 0.481015 0.406809 0.023999
1 0.097872 0.506017 0.062622 0.018980
2 0.170788 0.506286 0.070122 0.019008
3 0.335365 0.507518 0.237612 0.018376
3 0.127729 0.528003 0.047614 0.017675
0 0.266547 0.517889 0.406949 0.045249
1 0.087128 0.555978 0.041789 0.018903
2 0.143377 0.556186 0.057622 0.018962
0 0.266288 0.557264 0.406809 0.023999
1 0.107756 0.587305 0.083455 0.019057
2 0.195672 0.587629 0.079289 0.019042
3 0.333166 0.588761 0.174279 0.018142
0 0.266084 0.588513 0.406809 0.023999
1 0.097159 0.614766 0.062622 0.018980
2 0.152159 0.614969 0.034289 0.018876
3 0.314653 0.616193 0.269278 0.018492
0 0.265903 0.616013 0.406809 0.023999
1 0.107383 0.644179 0.083455 0.019057
2 0.191549 0.644489 0.071789 0.019014
0 0.265711 0.645388 0.406809 0.023999
1 0.096778 0.672890 0.062622 0.018980
2 0.181361 0.673202 0.093455 0.019094
0 0.265522 0.674137 0.406809 0.023999
1 0.096602 0.699765 0.062622 0.018980
2 0.152435 0.699971 0.035956 0.018882
3 0.315762 0.701198 0.269278 0.018492
3 0.276873 0.722305 0.348444 0.018784
3 0.276734 0.743555 0.348444 0.018784
3 0.126180 0.764250 0.047614 0.017675
0 0.265137 0.732887 0.407227 0.087749
1 0.106412 0.792302 0.083455 0.019057
2 0.190161 0.792611 0.070955 0.019011
3 0.328489 0.793746 0.184279 0.018179
0 0.264740 0.793511 0.406809 0.023999
1 0.085399 0.819725 0.041789 0.018903
2 0.154148 0.819979 0.082622 0.019054
3 0.332892 0.821263 0.253445 0.018434
3 0.276087 0.842303 0.348444 0.018784
3 0.280947 0.863572 0.358444 0.018821
3 0.157059 0.884365 0.110947 0.017908
0 0.264350 0.852885 0.407227 0.087749
1 0.567307 0.084618 0.062622 0.018980
2 0.635223 0.084869 0.060122 0.018971
3 0.802717 0.086111 0.253445 0.018434
3 0.605080 0.106633 0.063447 0.017733
0 0.735981 0.096490 0.406949 0.045249
1 0.566959 0.137743 0.062622 0.018980
2 0.638208 0.138005 0.066789 0.018996
3 0.809035 0.139260 0.253445 0.018434
3 0.747230 0.160283 0.348444 0.018784
3 0.747091 0.181532 0.348444 0.018784
3 0.746951 0.202782 0.348444 0.018784
3 0.746812 0.224032 0.348444 0.018784
3 0.746673 0.245282 0.348444 0.018784
3 0.659451 0.266210 0.174279 0.018142
0 0.735285 0.202739 0.407645 0.151498
1 0.555502 0.296452 0.041789 0.018903
2 0.622168 0.296698 0.078455 0.019039
3 0.743412 0.297770 0.142613 0.018025
0 0.734662 0.297738 0.406809 0.023999
1 0.565722 0.326490 0.062622 0.018980
2 0.643221 0.326776 0.079289 0.019042
0 0.734465 0.327738 0.406809 0.023999
1 0.555080 0.360826 0.041789 0.018903
2 0.600496 0.360994 0.035956 0.018882
3 0.708407 0.362017 0.158446 0.018084
0 0.734240 0.362112 0.406809 0.023999
1 0.554904 0.387701 0.041789 0.018903
2 0.629069 0.387975 0.093455 0.019094
3 0.805313 0.389250 0.237612 0.018376
3 0.603093 0.409754 0.063447 0.017733
0 0.733994 0.399612 0.406949 0.045249
1 0.554531 0.444575 0.041789 0.018903
2 0.621197 0.444821 0.078455 0.019039
3 0.797857 0.446098 0.253445 0.018434
3 0.750218 0.467172 0.358444 0.018821
3 0.745079 0.488404 0.348444 0.018784
3 0.744940 0.509653 0.348444 0.018784
3 0.744800 0.530903 0.348444 0.018784
3 0.749661 0.552171 0.358444 0.018821
3 0.689106 0.573198 0.237612 0.018376
0 0.733273 0.509610 0.407645 0.151498
1 0.563919 0.601487 0.062622 0.018980
2 0.633501 0.601744 0.063455 0.018983
3 0.802662 0.602992 0.253445 0.018434
3 0.744190 0.624027 0.348444 0.018784
3 0.749051 0.645295 0.358444 0.018821
3 0.743911 0.666526 0.348444 0.018784
3 0.743772 0.687776 0.348444 0.018784
3 0.743633 0.709026 0.348444 0.018784
3 0.743493 0.730276 0.348444 0.018784
3 0.585023 0.750942 0.031781 0.017617
0 0.732175 0.677108 0.407784 0.172748
1 0.562755 0.778985 0.062622 0.018980
2 0.624421 0.779212 0.047622 0.018925
3 0.793582 0.780461 0.269278 0.018492
3 0.743026 0.801525 0.348444 0.018784
3 0.742887 0.822775 0.348444 0.018784
3 0.742748 0.844024 0.348444 0.018784
3 0.718859 0.865186 0.300944 0.018609
0 0.731220 0.822732 0.407366 0.108998
1 0.572406 0.895897 0.083455 0.019057
2 0.664904 0.896238 0.088455 0.019076
3 0.822815 0.897445 0.205946 0.018259
3 0.742260 0.918398 0.348444 0.018784
3 0.747121 0.939667 0.358444 0.018821
3 0.702399 0.960752 0.269278 0.018492
0 0.730524 0.928980 0.407227 0.087749
