1 0.105425 0.085925 0.083464 0.019078
2 0.178757 0.085636 0.050131 0.018947
0 0.263760 0.085926 0.406819 0.024103
1 0.105635 0.115925 0.083464 0.019078
2 0.185217 0.115611 0.062631 0.018996
0 0.263971 0.115926 0.406819 0.024103
1 0.105854 0.147175 0.083464 0.019078
2 0.179186 0.146885 0.050131 0.018947
3 0.333772 0.146901 0.237619 0.018436
3 0.109757 0.169034 0.015956 0.017562
0 0.264264 0.157800 0.406968 0.045353
1 0.106240 0.202174 0.083464 0.019078
2 0.189155 0.201847 0.069297 0.019023
3 0.345408 0.201856 0.221786 0.018374
3 0.276391 0.223378 0.348451 0.018874
3 0.276540 0.244628 0.348451 0.018874
3 0.197523 0.266190 0.190120 0.018249
0 0.264799 0.234049 0.407266 0.087853
1 0.096494 0.297839 0.062631 0.018996
2 0.160243 0.297587 0.051797 0.018954
3 0.323578 0.297568 0.253453 0.018499
3 0.277061 0.319002 0.348451 0.018874
3 0.277210 0.340251 0.348451 0.018874
3 0.253610 0.361595 0.300952 0.018686
0 0.265469 0.329673 0.407266 0.087853
1 0.107554 0.389671 0.083464 0.019078
2 0.188803 0.389351 0.065964 0.019009
0 0.265890 0.389672 0.406819 0.024103
1 0.107791 0.423421 0.083464 0.019078
2 0.199456 0.423059 0.086797 0.019092
3 0.356542 0.423065 0.205953 0.018312
3 0.270025 0.444656 0.332618 0.018811
0 0.266201 0.434046 0.406968 0.045353
1 0.087330 0.476627 0.041798 0.018914
2 0.152330 0.476371 0.075130 0.019046
3 0.327331 0.476306 0.253453 0.018499
3 0.278314 0.497749 0.348451 0.018874
3 0.278463 0.518999 0.348451 0.018874
3 0.278612 0.540249 0.348451 0.018874
3 0.278761 0.561498 0.348451 0.018874
3 0.152246 0.583248 0.095121 0.017874
0 0.266871 0.529670 0.407564 0.130352
1 0.109114 0.612168 0.083464 0.019078
2 0.187447 0.611859 0.060131 0.018986
0 0.267450 0.612169 0.406819 0.024103
1 0.109312 0.640293 0.083464 0.019078
2 0.195560 0.639953 0.075964 0.019049
0 0.267647 0.640293 0.406819 0.024103
1 0.109526 0.670917 0.083464 0.019078
2 0.189525 0.670602 0.063464 0.019000
0 0.267862 0.670918 0.406819 0.024103
1 0.088917 0.702874 0.041798 0.018914
2 0.143083 0.702660 0.053464 0.018960
0 0.268085 0.702792 0.406819 0.024103
1 0.099522 0.729708 0.062631 0.018996
2 0.171604 0.729423 0.068464 0.019019
3 0.335356 0.729402 0.237619 0.018436
3 0.153424 0.751370 0.095121 0.017874
0 0.268348 0.740292 0.406968 0.045353
1 0.089486 0.784123 0.041798 0.018914
2 0.143652 0.783909 0.053464 0.018960
3 0.323654 0.783824 0.285119 0.018624
3 0.285470 0.805225 0.358451 0.018913
3 0.280619 0.826495 0.348451 0.018874
3 0.280768 0.847744 0.348451 0.018874
3 0.225501 0.869213 0.237619 0.018436
0 0.268953 0.826541 0.407415 0.109102
1 0.561668 0.084126 0.062631 0.018996
2 0.635417 0.083835 0.071797 0.019032
3 0.800836 0.083808 0.237619 0.018436
3 0.575988 0.105945 0.015956 0.017562
0 0.730495 0.094710 0.406968 0.045353
1 0.572462 0.137834 0.083464 0.019078
2 0.673710 0.137435 0.105963 0.019167
0 0.730797 0.137835 0.406819 0.024103
1 0.572707 0.172834 0.083464 0.019078
2 0.647706 0.172538 0.053464 0.018960
3 0.803958 0.172547 0.237619 0.018436
3 0.663693 0.194350 0.190120 0.018249
0 0.731117 0.183459 0.406968 0.045353
1 0.552247 0.226040 0.041798 0.018914
2 0.608496 0.225818 0.057631 0.018977
3 0.787664 0.225737 0.279286 0.018601
0 0.731415 0.225959 0.406819 0.024103
1 0.562873 0.255999 0.062631 0.018996
2 0.648706 0.255660 0.095963 0.019128
0 0.731626 0.255958 0.406819 0.024103
1 0.563097 0.287873 0.062631 0.018996
2 0.641846 0.287563 0.081797 0.019072
3 0.812265 0.287516 0.237619 0.018436
3 0.609083 0.309567 0.079288 0.017812
0 0.731923 0.298458 0.406968 0.045353
1 0.573877 0.339706 0.083464 0.019078
2 0.664709 0.339348 0.085130 0.019085
3 0.820961 0.339357 0.205953 0.018312
3 0.601530 0.361473 0.063455 0.017750
0 0.732287 0.350332 0.406968 0.045353
1 0.574219 0.388456 0.083464 0.019078
2 0.647968 0.388165 0.050964 0.018950
3 0.802970 0.388179 0.237619 0.018436
3 0.744370 0.409660 0.348451 0.018874
3 0.749519 0.430890 0.358451 0.018913
3 0.744668 0.452159 0.348451 0.018874
3 0.749817 0.473389 0.358451 0.018913
3 0.744966 0.494659 0.348451 0.018874
3 0.705532 0.516065 0.269286 0.018561
0 0.733001 0.452205 0.407713 0.151602
1 0.554464 0.542286 0.041798 0.018914
2 0.619463 0.542029 0.075130 0.019046
3 0.794465 0.541964 0.253453 0.018499
3 0.745448 0.563408 0.348451 0.018874
3 0.731847 0.584712 0.320952 0.018765
0 0.733781 0.563454 0.407117 0.066603
1 0.565389 0.614744 0.062631 0.018996
2 0.641638 0.614443 0.076797 0.019052
3 0.809556 0.614406 0.237619 0.018436
3 0.745956 0.635907 0.348451 0.018874
3 0.579858 0.657812 0.015956 0.017562
0 0.734290 0.635953 0.407117 0.066603
1 0.565910 0.689118 0.062631 0.018996
2 0.631743 0.688858 0.055964 0.018970
3 0.797161 0.688831 0.253453 0.018499
3 0.635646 0.710718 0.126788 0.017999
0 0.734737 0.699702 0.406968 0.045353
1 0.566300 0.744742 0.062631 0.018996
2 0.650049 0.744412 0.091797 0.019111
0 0.735052 0.744701 0.406819 0.024103
1 0.566528 0.777241 0.062631 0.018996
2 0.626944 0.777003 0.045131 0.018927
0 0.735280 0.777201 0.406819 0.024103
1 0.566760 0.810366 0.062631 0.018996
2 0.640093 0.810077 0.070964 0.019029
3 0.805095 0.810051 0.237619 0.018436
3 0.652329 0.831904 0.158454 0.018124
0 0.735587 0.820950 0.406968 0.045353
1 0.577571 0.866574 0.083464 0.019078
2 0.653820 0.866273 0.055964 0.018970
0 0.735907 0.866575 0.406819 0.024103
1 0.556922 0.892906 0.041798 0.018914
2 0.604005 0.892720 0.039298 0.018904
0 0.736091 0.892824 0.406819 0.024103
