1 0.166250 0.085938 0.097500 0.021875
0 0.266667 0.085938 0.400000 0.021875
1 0.191250 0.120313 0.054167 0.021875
0 0.266667 0.157812 0.400000 0.096875
1 0.190000 0.227813 0.098333 0.021875
0 0.266667 0.227813 0.400000 0.021875
1 0.163333 0.261562 0.091667 0.021875
0 0.266667 0.261562 0.400000 0.021875
1 0.217500 0.295938 0.106667 0.021875
0 0.266667 0.305312 0.400000 0.040625
1 0.184167 0.344687 0.086667 0.021875
0 0.266667 0.354063 0.400000 0.040625
1 0.221250 0.394688 0.114167 0.021875
0 0.266667 0.404062 0.400000 0.040625
1 0.178333 0.444688 0.121667 0.021875
0 0.266667 0.454062 0.400000 0.040625
1 0.190833 0.495937 0.146667 0.021875
0 0.266667 0.524062 0.400000 0.078125
1 0.226250 0.580313 0.170833 0.021875
0 0.266667 0.589688 0.400000 0.040625
1 0.164167 0.633437 0.046667 0.021875
0 0.266667 0.642813 0.400000 0.040625
1 0.172500 0.684063 0.110000 0.021875
0 0.266667 0.740313 0.400000 0.134375
1 0.240833 0.825313 0.153333 0.021875
0 0.266667 0.834688 0.400000 0.040625
1 0.175000 0.877188 0.115000 0.021875
0 0.266667 0.905312 0.400000 0.078125
1 0.641250 0.085938 0.067500 0.021875
0 0.733333 0.085938 0.400000 0.021875
1 0.652083 0.119688 0.089167 0.021875
0 0.733333 0.119688 0.400000 0.021875
1 0.652917 0.150312 0.090833 0.021875
0 0.733333 0.159688 0.400000 0.040625
1 0.701250 0.200937 0.140833 0.021875
0 0.733333 0.210313 0.400000 0.040625
1 0.666667 0.247812 0.118333 0.021875
0 0.733333 0.247812 0.400000 0.021875
1 0.629167 0.279687 0.090000 0.021875
0 0.733333 0.289062 0.400000 0.040625
1 0.669167 0.332188 0.076667 0.021875
0 0.733333 0.360312 0.400000 0.078125
1 0.667917 0.417187 0.120833 0.021875
0 0.733333 0.426563 0.400000 0.040625
1 0.660000 0.469062 0.105000 0.021875
0 0.733333 0.478438 0.400000 0.040625
1 0.666667 0.522188 0.165000 0.021875
0 0.733333 0.522188 0.400000 0.021875
1 0.636250 0.554688 0.057500 0.021875
0 0.733333 0.554688 0.400000 0.021875
1 0.655833 0.586562 0.143333 0.021875
0 0.733333 0.586562 0.400000 0.021875
1 0.652917 0.615938 0.137500 0.021875
0 0.733333 0.625313 0.400000 0.040625
1 0.672083 0.662813 0.129167 0.021875
0 0.733333 0.662813 0.400000 0.021875
1 0.644167 0.694688 0.120000 0.021875
0 0.733333 0.704063 0.400000 0.040625
1 0.676250 0.745313 0.090833 0.021875
0 0.733333 0.754687 0.400000 0.040625
1 0.670000 0.797813 0.125000 0.021875
0 0.733333 0.835313 0.400000 0.096875
1 0.652083 0.907188 0.089167 0.021875
0 0.733333 0.916562 0.400000 0.040625
