1 0.112076 0.082406 0.083500 0.019171
2 0.192907 0.082814 0.065167 0.019078
3 0.347065 0.084218 0.221819 0.018620
3 0.281875 0.105139 0.348483 0.019260
3 0.281684 0.126388 0.348483 0.019260
3 0.281493 0.147638 0.348483 0.019260
0 0.270113 0.115705 0.407432 0.088303
1 0.100795 0.178601 0.062667 0.019065
2 0.182459 0.179013 0.087666 0.019192
3 0.347867 0.180474 0.221819 0.018620
3 0.281011 0.201387 0.348483 0.019260
3 0.280820 0.222636 0.348483 0.019260
3 0.280629 0.243886 0.348483 0.019260
3 0.280438 0.265135 0.348483 0.019260
3 0.280247 0.286385 0.348483 0.019260
3 0.264223 0.307554 0.316817 0.019100
0 0.268962 0.243827 0.408005 0.152051
1 0.109830 0.332400 0.083500 0.019171
2 0.182328 0.332766 0.048501 0.018994
3 0.293570 0.333953 0.152654 0.018270
0 0.268154 0.333825 0.406860 0.024554
1 0.109527 0.366149 0.083500 0.019171
2 0.187025 0.366541 0.058500 0.019044
3 0.345766 0.367968 0.237652 0.018700
3 0.279326 0.388883 0.348483 0.019260
3 0.279136 0.410132 0.348483 0.019260
3 0.278945 0.431382 0.348483 0.019260
3 0.262921 0.452551 0.316817 0.019100
0 0.267469 0.410073 0.407623 0.109552
1 0.108483 0.482396 0.083500 0.019171
2 0.199314 0.482855 0.085166 0.019179
3 0.355555 0.484270 0.205986 0.018540
3 0.143702 0.504450 0.079322 0.017900
0 0.266711 0.494446 0.407050 0.045804
1 0.087139 0.539165 0.041834 0.018960
2 0.137138 0.539418 0.045167 0.018977
3 0.312961 0.540931 0.285151 0.018940
3 0.277771 0.562004 0.348483 0.019260
3 0.277580 0.583253 0.348483 0.019260
3 0.277390 0.604503 0.348483 0.019260
3 0.277199 0.625752 0.348483 0.019260
3 0.279091 0.647012 0.352649 0.019281
3 0.276817 0.668251 0.348483 0.019260
3 0.252877 0.689381 0.300984 0.019020
0 0.265628 0.615068 0.408196 0.173301
1 0.095916 0.721713 0.062667 0.019065
2 0.177581 0.722126 0.087666 0.019192
3 0.287573 0.723307 0.110988 0.018060
0 0.264657 0.723191 0.406860 0.024554
1 0.095652 0.751088 0.062667 0.019065
2 0.162317 0.751425 0.057667 0.019040
3 0.328558 0.752890 0.253485 0.018780
3 0.133371 0.773154 0.063489 0.017820
0 0.264297 0.763190 0.407050 0.045804
1 0.095181 0.803587 0.062667 0.019065
2 0.172262 0.803976 0.078500 0.019145
0 0.263921 0.805064 0.406860 0.024554
1 0.084450 0.838533 0.041834 0.018960
2 0.142365 0.838826 0.061000 0.019057
3 0.323189 0.840364 0.279318 0.018910
3 0.275082 0.861372 0.348483 0.019260
3 0.266975 0.882581 0.332650 0.019180
0 0.263416 0.861313 0.407241 0.067053
1 0.568315 0.084711 0.062667 0.019065
2 0.649563 0.085121 0.086833 0.019187
3 0.814554 0.086580 0.221819 0.018620
3 0.748531 0.107497 0.348483 0.019260
3 0.748340 0.128746 0.348483 0.019260
3 0.750233 0.150006 0.352649 0.019281
3 0.747959 0.171245 0.348483 0.019260
3 0.736935 0.192440 0.326816 0.019150
0 0.736579 0.139312 0.407814 0.130802
1 0.577513 0.220385 0.083500 0.019171
2 0.660011 0.220802 0.068500 0.019095
3 0.800003 0.222134 0.190153 0.018460
0 0.735837 0.221810 0.406860 0.024554
1 0.577261 0.248510 0.083500 0.019171
2 0.651009 0.248882 0.051001 0.019006
3 0.806000 0.250290 0.237652 0.018700
3 0.747060 0.271243 0.348483 0.019260
3 0.746870 0.292493 0.348483 0.019260
3 0.746679 0.313742 0.348483 0.019260
3 0.643573 0.334472 0.142654 0.018220
0 0.735203 0.292434 0.407623 0.109552
1 0.565800 0.364704 0.062667 0.019065
2 0.641632 0.365088 0.076000 0.019133
3 0.809122 0.366559 0.237652 0.018700
3 0.746016 0.387490 0.348483 0.019260
3 0.745825 0.408740 0.348483 0.019260
3 0.750634 0.430015 0.358482 0.019310
3 0.745444 0.451239 0.348483 0.019260
3 0.745253 0.472489 0.348483 0.019260
3 0.665897 0.493338 0.190153 0.018460
0 0.733968 0.429931 0.408005 0.152051
1 0.574779 0.524753 0.083500 0.019171
2 0.670611 0.525238 0.095166 0.019230
3 0.823935 0.526637 0.190153 0.018460
3 0.586249 0.546687 0.031823 0.017660
0 0.733008 0.536803 0.407050 0.045804
1 0.574291 0.579127 0.083500 0.019171
2 0.673039 0.579626 0.100999 0.019259
3 0.829280 0.581041 0.190153 0.018460
3 0.688675 0.601581 0.237652 0.018700
0 0.732520 0.591177 0.407050 0.045804
1 0.563392 0.632823 0.062667 0.019065
2 0.640057 0.633211 0.077667 0.019141
3 0.808381 0.634686 0.237652 0.018700
0 0.732132 0.634301 0.406860 0.024554
1 0.563133 0.661573 0.062667 0.019065
2 0.621049 0.661865 0.040168 0.018952
3 0.770623 0.663246 0.237652 0.018700
0 0.731874 0.663050 0.406860 0.024554
1 0.562881 0.689697 0.062667 0.019065
2 0.629546 0.690034 0.057667 0.019040
3 0.795787 0.691499 0.253485 0.018780
3 0.600600 0.711763 0.063489 0.017820
0 0.731526 0.701799 0.407050 0.045804
1 0.572848 0.739749 0.083500 0.019171
2 0.656596 0.740172 0.071000 0.019107
3 0.813670 0.741590 0.221819 0.018620
3 0.742648 0.762482 0.348483 0.019260
3 0.742457 0.783731 0.348483 0.019260
3 0.742266 0.804981 0.348483 0.019260
3 0.742075 0.826231 0.348483 0.019260
3 0.741884 0.847480 0.348483 0.019260
3 0.607113 0.868050 0.079322 0.017900
0 0.730600 0.804922 0.408005 0.152051
1 0.561034 0.895317 0.062667 0.019065
2 0.641032 0.895722 0.084333 0.019175
3 0.804773 0.897174 0.221819 0.018620
3 0.741250 0.918103 0.348483 0.019260
3 0.741059 0.939353 0.348483 0.019260
3 0.709202 0.960442 0.285151 0.018940
0 0.729488 0.928669 0.407432 0.088303
