1 0.092245 0.081750 0.041879 0.019016
2 0.159326 0.082179 0.079377 0.019256
0 0.271398 0.083522 0.406908 0.025102
1 0.091861 0.115498 0.041879 0.019016
2 0.163108 0.115955 0.087710 0.019309
3 0.344344 0.117740 0.253523 0.019121
3 0.139943 0.137682 0.063530 0.017905
0 0.270893 0.127895 0.407150 0.046352
1 0.091313 0.163622 0.041879 0.019016
2 0.163394 0.164083 0.089377 0.019320
3 0.337547 0.165823 0.237690 0.019020
3 0.281890 0.186717 0.348520 0.019729
3 0.139154 0.207055 0.063530 0.017905
0 0.270224 0.186643 0.407392 0.067601
1 0.111321 0.236252 0.083544 0.019283
2 0.188401 0.236746 0.057711 0.019117
3 0.346722 0.238384 0.237690 0.019020
0 0.269641 0.237891 0.406908 0.025102
1 0.090097 0.270493 0.041879 0.019016
2 0.143428 0.270834 0.051878 0.019080
3 0.319665 0.272587 0.279356 0.019286
3 0.280674 0.293589 0.348520 0.019729
3 0.280432 0.314838 0.348520 0.019729
3 0.280191 0.336087 0.348520 0.019729
3 0.216618 0.356931 0.221858 0.018918
0 0.268766 0.314763 0.407875 0.110099
1 0.109606 0.386872 0.083544 0.019283
2 0.196687 0.387429 0.077711 0.019245
3 0.357090 0.389081 0.221858 0.018918
3 0.279351 0.409834 0.348520 0.019729
3 0.279110 0.431084 0.348520 0.019729
3 0.278868 0.452333 0.348520 0.019729
3 0.278626 0.473582 0.348520 0.019729
3 0.159638 0.494071 0.111028 0.018209
0 0.267322 0.441633 0.408117 0.131348
1 0.108077 0.521242 0.083544 0.019283
2 0.195991 0.521805 0.079377 0.019256
3 0.349311 0.523411 0.206025 0.018817
3 0.277822 0.544204 0.348520 0.019729
3 0.261748 0.565352 0.316854 0.019526
0 0.266156 0.544130 0.407392 0.067601
1 0.086406 0.594856 0.041879 0.019016
2 0.150986 0.595269 0.074377 0.019224
3 0.325556 0.597012 0.253523 0.019121
3 0.126572 0.616989 0.047697 0.017803
0 0.265438 0.607252 0.407150 0.046352
1 0.096239 0.646171 0.062711 0.019149
2 0.172069 0.646656 0.076044 0.019235
3 0.339556 0.648353 0.237690 0.019020
3 0.276400 0.669200 0.348520 0.019729
3 0.276158 0.690449 0.348520 0.019729
3 0.275916 0.711698 0.348520 0.019729
3 0.275674 0.732948 0.348520 0.019729
3 0.172520 0.753538 0.142694 0.018412
0 0.264371 0.700999 0.408117 0.131348
1 0.105119 0.781233 0.083544 0.019283
2 0.186782 0.781755 0.066878 0.019176
3 0.341770 0.783372 0.221858 0.018918
3 0.116536 0.803181 0.031865 0.017702
0 0.263318 0.793496 0.407150 0.046352
1 0.104500 0.835606 0.083544 0.019283
2 0.189080 0.836147 0.072711 0.019213
3 0.346984 0.837783 0.221858 0.018918
3 0.279245 0.858600 0.358519 0.019793
3 0.274003 0.879817 0.348520 0.019729
3 0.273761 0.901066 0.348520 0.019729
3 0.273519 0.922316 0.348520 0.019729
3 0.278277 0.943597 0.358519 0.019793
3 0.217621 0.964459 0.237690 0.019020
0 0.262095 0.900992 0.408359 0.152598
1 0.569311 0.084804 0.062711 0.019149
2 0.645141 0.085289 0.076044 0.019235
3 0.804712 0.086935 0.221858 0.018918
0 0.738047 0.086509 0.406908 0.025102
1 0.568983 0.113552 0.062711 0.019149
2 0.631481 0.113953 0.049378 0.019064
3 0.801468 0.115666 0.269356 0.019222
3 0.749145 0.136582 0.348520 0.019729
3 0.748903 0.157831 0.348520 0.019729
3 0.606166 0.178168 0.063530 0.017905
0 0.737358 0.147131 0.407633 0.088850
1 0.557493 0.207857 0.041879 0.019016
2 0.615824 0.208231 0.061878 0.019144
3 0.794144 0.209997 0.273523 0.019249
3 0.748071 0.230953 0.348520 0.019729
3 0.747829 0.252202 0.348520 0.019729
3 0.747587 0.273452 0.348520 0.019729
3 0.747345 0.294701 0.348520 0.019729
3 0.747103 0.315950 0.348520 0.019729
3 0.720196 0.337029 0.295188 0.019388
0 0.735921 0.273377 0.408359 0.152598
1 0.566060 0.370418 0.062711 0.019149
2 0.652724 0.370973 0.097710 0.019373
0 0.734797 0.372123 0.406908 0.025102
1 0.555267 0.403475 0.041879 0.019016
2 0.617348 0.403873 0.069378 0.019192
3 0.797335 0.405650 0.269356 0.019222
3 0.714179 0.426368 0.285189 0.019324
0 0.734299 0.415872 0.407150 0.046352
1 0.565058 0.458540 0.062711 0.019149
2 0.636722 0.458999 0.067711 0.019181
3 0.800042 0.460669 0.237690 0.019020
3 0.705637 0.481316 0.269356 0.019222
0 0.733673 0.470870 0.407150 0.046352
1 0.553994 0.515346 0.041879 0.019016
2 0.621075 0.515776 0.079377 0.019256
3 0.798145 0.517534 0.253523 0.019121
0 0.733147 0.517118 0.406908 0.025102
1 0.553667 0.544095 0.041879 0.019016
2 0.632831 0.544602 0.103543 0.019411
0 0.732820 0.545867 0.406908 0.025102
1 0.563777 0.571036 0.062711 0.019149
2 0.624608 0.571425 0.046045 0.019043
3 0.758346 0.572906 0.200192 0.018780
0 0.732514 0.572741 0.406908 0.025102
1 0.553055 0.597843 0.041879 0.019016
2 0.620969 0.598278 0.081044 0.019267
0 0.732208 0.599615 0.406908 0.025102
1 0.573568 0.626101 0.083544 0.019283
2 0.665231 0.626687 0.086877 0.019304
3 0.822302 0.628318 0.206025 0.018817
3 0.672065 0.648607 0.206025 0.018817
0 0.731767 0.638364 0.407150 0.046352
1 0.562604 0.674157 0.062711 0.019149
2 0.629685 0.674586 0.058545 0.019123
3 0.796338 0.676278 0.253523 0.019121
3 0.600270 0.696274 0.063530 0.017905
0 0.731220 0.686487 0.407150 0.046352
1 0.551640 0.722214 0.041879 0.019016
2 0.602471 0.722539 0.046878 0.019048
3 0.747459 0.724092 0.221858 0.018918
0 0.730793 0.723985 0.406908 0.025102
1 0.572117 0.753596 0.083544 0.019283
2 0.659614 0.754156 0.078544 0.019251
0 0.730437 0.755234 0.406908 0.025102
1 0.561302 0.788528 0.062711 0.019149
2 0.621300 0.788912 0.044378 0.019032
3 0.733372 0.790254 0.158527 0.018513
0 0.730039 0.790233 0.406908 0.025102
1 0.560904 0.823527 0.062711 0.019149
2 0.629235 0.823964 0.061044 0.019139
3 0.797138 0.825664 0.253523 0.019121
3 0.746065 0.846588 0.358519 0.019793
3 0.740823 0.867805 0.348520 0.019729
3 0.582254 0.888041 0.031865 0.017702
0 0.729278 0.857106 0.407633 0.088850
