3 0.500873 0.039377 0.998254 0.027189
0 0.089119 0.083474 0.041739 0.018841
1 0.152869 0.083613 0.072573 0.018909
2 0.326616 0.084619 0.253400 0.018054
2 0.256117 0.105714 0.300900 0.018158
0 0.099344 0.132871 0.062573 0.018887
1 0.170177 0.133026 0.065906 0.018894
2 0.340590 0.134024 0.253400 0.018054
0 0.109658 0.159144 0.083406 0.018932
1 0.181741 0.159302 0.047573 0.018854
2 0.335071 0.160263 0.237567 0.018020
2 0.279572 0.181391 0.348400 0.018262
2 0.279490 0.202641 0.348400 0.018262
2 0.279407 0.223891 0.348400 0.018262
2 0.279324 0.245141 0.348400 0.018262
2 0.279242 0.266391 0.348400 0.018262
2 0.192076 0.287450 0.174234 0.017881
0 0.109038 0.318518 0.083406 0.018932
1 0.184871 0.318684 0.055073 0.018870
2 0.341951 0.319653 0.237567 0.018020
2 0.278952 0.340765 0.348400 0.018262
2 0.283869 0.362026 0.358400 0.018284
2 0.278787 0.383265 0.348400 0.018262
2 0.262871 0.404480 0.316733 0.018193
0 0.108593 0.432893 0.083406 0.018932
1 0.196092 0.433084 0.078406 0.018921
2 0.349006 0.434044 0.205901 0.017951
2 0.143924 0.454845 0.079234 0.017673
0 0.103798 0.487258 0.074239 0.018912
1 0.194631 0.487456 0.094239 0.018956
2 0.355461 0.488434 0.205901 0.017951
2 0.278295 0.509515 0.348400 0.018262
2 0.278213 0.530765 0.348400 0.018262
2 0.280213 0.552019 0.352567 0.018272
2 0.278047 0.573264 0.348400 0.018262
2 0.277965 0.594514 0.348400 0.018262
2 0.277882 0.615764 0.348400 0.018262
2 0.277799 0.637014 0.348400 0.018262
2 0.269800 0.658247 0.332567 0.018228
0 0.086770 0.687221 0.041739 0.018841
1 0.138436 0.687334 0.048406 0.018856
0 0.086667 0.713471 0.041739 0.018841
1 0.145834 0.713601 0.063406 0.018889
2 0.322914 0.714613 0.269234 0.018089
2 0.219082 0.735636 0.231734 0.018007
0 0.086451 0.769096 0.041739 0.018841
1 0.153951 0.769244 0.080073 0.018925
2 0.328531 0.770251 0.247567 0.018042
2 0.277198 0.791389 0.348400 0.018262
2 0.277116 0.812638 0.348400 0.018262
2 0.282033 0.833899 0.358400 0.018284
2 0.276950 0.855138 0.348400 0.018262
2 0.189785 0.876198 0.174234 0.017881
0 0.555784 0.084495 0.041739 0.018841
1 0.603284 0.084599 0.040073 0.018837
2 0.784531 0.085621 0.300900 0.018158
2 0.746531 0.106788 0.348400 0.018262
2 0.746449 0.128038 0.348400 0.018262
2 0.746366 0.149288 0.348400 0.018262
2 0.690867 0.170416 0.237567 0.018020
0 0.565765 0.196393 0.062573 0.018887
1 0.627015 0.196527 0.046739 0.018852
2 0.797845 0.197526 0.273400 0.018098
2 0.587763 0.218316 0.031735 0.017569
0 0.565546 0.252642 0.062573 0.018887
1 0.638879 0.252803 0.070906 0.018905
2 0.803876 0.253789 0.237567 0.018020
2 0.642961 0.274687 0.142567 0.017812
0 0.554928 0.304494 0.041739 0.018841
1 0.616594 0.304629 0.068406 0.018900
0 0.554811 0.334494 0.041739 0.018841
1 0.627311 0.334653 0.090073 0.018947
2 0.801891 0.335660 0.237567 0.018020
2 0.745558 0.356787 0.348400 0.018262
2 0.745476 0.378037 0.348400 0.018262
2 0.750393 0.399298 0.358400 0.018284
2 0.689894 0.420415 0.237567 0.018020
0 0.575177 0.454539 0.083406 0.018932
1 0.659760 0.454725 0.072573 0.018909
2 0.793924 0.455643 0.174234 0.017881
0 0.575065 0.483289 0.083406 0.018932
1 0.653398 0.483461 0.060073 0.018881
2 0.812979 0.484435 0.237567 0.018020
2 0.642063 0.505311 0.142567 0.017812
0 0.554035 0.533868 0.041739 0.018841
1 0.619868 0.534013 0.076739 0.018918
2 0.795698 0.535022 0.253400 0.018054
2 0.673533 0.556005 0.205901 0.017951
0 0.574681 0.582039 0.083406 0.018932
1 0.657597 0.582220 0.069239 0.018901
2 0.813844 0.583187 0.221734 0.017985
2 0.657512 0.604095 0.174234 0.017881
0 0.553636 0.636368 0.041739 0.018841
1 0.603636 0.636477 0.045073 0.018848
2 0.708216 0.637331 0.142567 0.017812
0 0.563941 0.665141 0.062573 0.018887
1 0.626441 0.665277 0.049239 0.018858
2 0.788521 0.666257 0.253400 0.018054
0 0.563805 0.700141 0.062573 0.018887
1 0.632138 0.700290 0.060906 0.018883
2 0.776301 0.701231 0.205901 0.017951
0 0.574109 0.728913 0.083406 0.018932
1 0.657442 0.729096 0.070073 0.018903
2 0.814106 0.730064 0.221734 0.017985
2 0.656941 0.750970 0.174234 0.017881
0 0.563476 0.784515 0.062573 0.018887
1 0.632226 0.784666 0.061739 0.018885
2 0.765973 0.785583 0.184234 0.017903
0 0.552955 0.811367 0.041739 0.018841
1 0.610455 0.811493 0.060073 0.018881
2 0.790868 0.812513 0.279234 0.018111
0 0.573667 0.842663 0.083406 0.018932
1 0.657416 0.842846 0.070906 0.018905
0 0.552719 0.871992 0.041739 0.018841
1 0.618136 0.872135 0.075906 0.018916
2 0.793549 0.873144 0.253400 0.018054
2 0.743467 0.894285 0.348400 0.018262
2 0.743384 0.915535 0.348400 0.018262
2 0.743301 0.936784 0.348400 0.018262
2 0.743219 0.958034 0.348400 0.018262
2 0.743136 0.979284 0.348400 0.018262
2 0.743053 0.995701 0.348400 0.008597
