1 0.090840 0.082522 0.041816 0.018938
2 0.161672 0.082842 0.086815 0.019141
3 0.342497 0.084282 0.253469 0.018642
3 0.286494 0.105280 0.358467 0.019116
3 0.286324 0.126530 0.358467 0.019116
3 0.249487 0.147614 0.285135 0.018785
0 0.269743 0.115830 0.407351 0.088082
1 0.090048 0.181270 0.041816 0.018938
2 0.151297 0.181547 0.067649 0.019054
3 0.280040 0.182752 0.168471 0.018259
0 0.269206 0.182703 0.406840 0.024334
1 0.100254 0.207567 0.062649 0.019032
2 0.161503 0.207843 0.046816 0.018960
3 0.330245 0.209229 0.269302 0.018714
3 0.285492 0.230278 0.358467 0.019116
3 0.285322 0.251527 0.358467 0.019116
3 0.285151 0.272777 0.358467 0.019116
3 0.129567 0.293326 0.047639 0.017714
0 0.268655 0.251452 0.407521 0.109332
1 0.088880 0.326893 0.041816 0.018938
2 0.144296 0.327143 0.055983 0.019001
3 0.322621 0.328572 0.279302 0.018759
3 0.137038 0.348985 0.063472 0.017785
0 0.267954 0.338951 0.407010 0.045583
1 0.088439 0.381892 0.041816 0.018938
2 0.150105 0.382170 0.068482 0.019058
3 0.329680 0.383605 0.269302 0.018714
3 0.279094 0.404627 0.348467 0.019071
3 0.278924 0.425877 0.348467 0.019071
3 0.278753 0.447126 0.348467 0.019071
3 0.278583 0.468376 0.348467 0.019071
3 0.175498 0.489161 0.142638 0.018142
0 0.267172 0.436449 0.407692 0.130582
1 0.082794 0.514369 0.032650 0.018896
2 0.148209 0.514664 0.085149 0.019133
3 0.328201 0.516101 0.253469 0.018642
3 0.278032 0.537125 0.348467 0.019071
3 0.277861 0.558374 0.348467 0.019071
3 0.277691 0.579624 0.348467 0.019071
3 0.277521 0.600873 0.348467 0.019071
3 0.277350 0.622123 0.348467 0.019071
3 0.166348 0.642873 0.126805 0.018071
0 0.266024 0.579571 0.407862 0.151831
1 0.106927 0.674480 0.083482 0.019125
2 0.173176 0.674779 0.035983 0.018911
3 0.328585 0.676105 0.253469 0.018642
3 0.276749 0.697122 0.348467 0.019071
3 0.126165 0.717693 0.047639 0.017714
0 0.265082 0.697069 0.407180 0.066833
1 0.106306 0.751979 0.083482 0.019125
2 0.193804 0.752374 0.078482 0.019103
3 0.346713 0.753688 0.205970 0.018428
3 0.125714 0.773942 0.047639 0.017714
0 0.264546 0.763943 0.407010 0.045583
1 0.105860 0.807603 0.083482 0.019125
2 0.181275 0.807943 0.054316 0.018994
3 0.337934 0.809275 0.237636 0.018571
3 0.280681 0.830267 0.358467 0.019116
3 0.280511 0.851516 0.358467 0.019116
3 0.275341 0.872744 0.348467 0.019071
3 0.132673 0.893351 0.063472 0.017785
0 0.263845 0.851441 0.407521 0.109332
1 0.557498 0.084627 0.041816 0.018938
2 0.605414 0.084843 0.040983 0.018934
3 0.779156 0.086251 0.285135 0.018785
3 0.748152 0.107362 0.348467 0.019071
3 0.747982 0.128612 0.348467 0.019071
3 0.724062 0.149754 0.300968 0.018856
0 0.736401 0.117934 0.407351 0.088082
1 0.556766 0.175875 0.041816 0.018938
2 0.629682 0.176204 0.090982 0.019159
3 0.804674 0.177618 0.237636 0.018571
3 0.747421 0.198610 0.348467 0.019071
3 0.747251 0.219860 0.348467 0.019071
3 0.747080 0.241110 0.348467 0.019071
3 0.707327 0.262181 0.269302 0.018714
0 0.735584 0.219807 0.407521 0.109332
1 0.566231 0.294670 0.062649 0.019032
2 0.631230 0.294963 0.054316 0.018994
3 0.795805 0.296330 0.253469 0.018642
3 0.619804 0.316787 0.095139 0.017928
0 0.734888 0.306681 0.407010 0.045583
1 0.576211 0.349091 0.083482 0.019125
2 0.660376 0.349471 0.071816 0.019073
3 0.794119 0.350699 0.174304 0.018285
0 0.734537 0.350430 0.406840 0.024334
1 0.555113 0.382121 0.041816 0.018938
2 0.625528 0.382439 0.085982 0.019137
3 0.805937 0.383878 0.253469 0.018642
3 0.745767 0.404857 0.348467 0.019071
3 0.745597 0.426106 0.348467 0.019071
3 0.745427 0.447356 0.348467 0.019071
3 0.681924 0.468320 0.221803 0.018499
0 0.733930 0.426054 0.407521 0.109332
1 0.554166 0.500244 0.041816 0.018938
2 0.603331 0.500466 0.043483 0.018945
3 0.778323 0.501880 0.285135 0.018785
3 0.749820 0.523002 0.358467 0.019116
3 0.744650 0.544229 0.348467 0.019071
3 0.736563 0.565443 0.332634 0.018999
0 0.733069 0.533552 0.407351 0.088082
1 0.553419 0.593368 0.041816 0.018938
2 0.630084 0.593713 0.098482 0.019193
3 0.800910 0.595109 0.221803 0.018499
0 0.732577 0.594801 0.406840 0.024334
1 0.563590 0.624039 0.062649 0.019032
2 0.639422 0.624381 0.075982 0.019092
0 0.732332 0.625425 0.406840 0.024334
1 0.563370 0.651539 0.062649 0.019032
2 0.652535 0.651941 0.102648 0.019212
3 0.817527 0.653310 0.205970 0.018428
3 0.748607 0.674249 0.358467 0.019116
3 0.743437 0.695476 0.348467 0.019071
3 0.743267 0.716726 0.348467 0.019071
3 0.632265 0.737476 0.126805 0.018071
0 0.731771 0.695424 0.407521 0.109332
1 0.572859 0.767208 0.083482 0.019125
2 0.649524 0.767554 0.056816 0.019005
3 0.807433 0.768891 0.237636 0.018571
3 0.742681 0.789850 0.348467 0.019071
3 0.742510 0.811099 0.348467 0.019071
3 0.599842 0.831706 0.063472 0.017785
0 0.730929 0.800422 0.407351 0.088082
1 0.561701 0.859660 0.062649 0.019032
2 0.625033 0.859945 0.050983 0.018979
3 0.795858 0.861341 0.269302 0.018714
3 0.741939 0.882348 0.348467 0.019071
3 0.741769 0.903598 0.348467 0.019071
3 0.741598 0.924847 0.348467 0.019071
3 0.741428 0.946097 0.348467 0.019071
3 0.646259 0.966918 0.158471 0.018214
0 0.730017 0.914170 0.407692 0.130582
