1 0.100918 0.082751 0.062634 0.019003
2 0.184667 0.083090 0.091800 0.019121
3 0.352160 0.084394 0.221790 0.018399
3 0.154510 0.104843 0.095125 0.017885
0 0.269585 0.094685 0.406976 0.045398
1 0.110957 0.135292 0.083467 0.019088
2 0.188455 0.135606 0.058468 0.018986
3 0.344282 0.136863 0.231789 0.018439
3 0.280796 0.157856 0.348454 0.018912
3 0.285643 0.179126 0.358454 0.018953
3 0.280490 0.200356 0.348454 0.018912
3 0.280337 0.221605 0.348454 0.018912
3 0.208935 0.242566 0.205956 0.018334
0 0.268900 0.189683 0.407589 0.130397
1 0.109997 0.268415 0.083467 0.019088
2 0.192912 0.268752 0.069301 0.019030
0 0.268323 0.269682 0.406823 0.024149
1 0.109808 0.294665 0.083467 0.019088
2 0.186057 0.294974 0.055968 0.018976
0 0.268134 0.295932 0.406823 0.024149
1 0.109609 0.322165 0.083467 0.019088
2 0.191692 0.322497 0.067634 0.019023
3 0.347102 0.323752 0.221790 0.018399
3 0.284449 0.344749 0.358454 0.018953
3 0.279296 0.365978 0.348454 0.018912
3 0.284143 0.387248 0.358454 0.018953
3 0.144408 0.407932 0.079292 0.017821
0 0.267630 0.365931 0.407436 0.109147
1 0.098373 0.435871 0.062634 0.019003
2 0.178372 0.436195 0.084301 0.019091
0 0.267116 0.437180 0.406823 0.024149
1 0.098161 0.465245 0.062634 0.019003
2 0.171494 0.465543 0.070967 0.019037
3 0.336487 0.466837 0.237623 0.018463
3 0.280501 0.487860 0.352621 0.018929
3 0.278264 0.509101 0.348454 0.018912
3 0.183113 0.529966 0.158457 0.018142
0 0.266675 0.498429 0.407282 0.087898
1 0.107871 0.563411 0.083467 0.019088
2 0.179119 0.563700 0.045968 0.018936
3 0.276197 0.564719 0.126791 0.018013
0 0.266197 0.564678 0.406823 0.024149
1 0.097251 0.591493 0.062634 0.019003
2 0.166834 0.591775 0.063468 0.019007
0 0.265994 0.592803 0.406823 0.024149
1 0.086628 0.620201 0.041801 0.018919
2 0.149127 0.620454 0.070134 0.019034
3 0.305786 0.621714 0.221790 0.018399
0 0.265787 0.621552 0.406823 0.024149
1 0.107244 0.650285 0.083467 0.019088
2 0.188910 0.650616 0.066801 0.019020
0 0.265571 0.651552 0.406823 0.024149
1 0.096639 0.676492 0.062634 0.019003
2 0.178721 0.676825 0.088467 0.019108
3 0.349547 0.678143 0.231789 0.018439
3 0.276895 0.699098 0.348454 0.018912
3 0.276742 0.720348 0.348454 0.018912
3 0.276589 0.741598 0.348454 0.018912
3 0.276435 0.762847 0.348454 0.018912
3 0.276282 0.784097 0.348454 0.018912
3 0.276129 0.805347 0.348454 0.018912
3 0.275976 0.826596 0.348454 0.018912
3 0.275823 0.847846 0.348454 0.018912
0 0.264769 0.762800 0.408048 0.194146
1 0.105586 0.880281 0.083467 0.019088
2 0.184752 0.880602 0.061801 0.019000
3 0.342245 0.881866 0.231789 0.018439
3 0.109179 0.902171 0.015959 0.017564
0 0.263836 0.892173 0.406976 0.045398
1 0.557162 0.084601 0.041801 0.018919
2 0.609244 0.084812 0.049301 0.018949
3 0.787154 0.086158 0.285122 0.018655
3 0.644919 0.106832 0.142624 0.018078
0 0.736245 0.096577 0.406976 0.045398
1 0.577589 0.140934 0.083467 0.019088
2 0.658421 0.141262 0.065134 0.019013
3 0.814665 0.142521 0.225956 0.018415
3 0.739513 0.163466 0.332621 0.018848
0 0.735839 0.152826 0.406976 0.045398
1 0.566799 0.192766 0.062634 0.019003
2 0.644298 0.193081 0.079301 0.019071
3 0.813457 0.194391 0.237623 0.018463
3 0.667890 0.215052 0.190123 0.018270
0 0.735465 0.204700 0.406976 0.045398
1 0.555981 0.248348 0.041801 0.018919
2 0.628480 0.248642 0.090134 0.019115
0 0.735141 0.249700 0.406823 0.024149
1 0.551195 0.276454 0.032635 0.018881
2 0.596611 0.276638 0.045134 0.018932
3 0.780354 0.278008 0.300955 0.018719
3 0.596037 0.298511 0.047625 0.017692
0 0.734862 0.288449 0.406976 0.045398
1 0.555423 0.325847 0.041801 0.018919
2 0.622505 0.326119 0.079301 0.019071
0 0.734582 0.327199 0.406823 0.024149
1 0.555175 0.360222 0.041801 0.018919
2 0.612258 0.360453 0.059301 0.018990
3 0.731835 0.361563 0.158457 0.018142
0 0.734335 0.361573 0.406823 0.024149
1 0.575769 0.393431 0.083467 0.019088
2 0.652018 0.393740 0.055968 0.018976
3 0.809511 0.395003 0.237623 0.018463
3 0.750609 0.416015 0.358454 0.018953
3 0.745456 0.437244 0.348454 0.018912
0 0.733943 0.415947 0.407129 0.066648
1 0.575215 0.470305 0.083467 0.019088
2 0.652714 0.470619 0.058468 0.018986
3 0.811457 0.471887 0.237623 0.018463
3 0.642140 0.492451 0.142624 0.018078
0 0.733465 0.482196 0.406976 0.045398
1 0.564447 0.519012 0.062634 0.019003
2 0.633613 0.519292 0.062634 0.019003
3 0.802356 0.520601 0.253456 0.018527
3 0.625955 0.541136 0.110958 0.017949
0 0.733114 0.530946 0.406976 0.045398
1 0.553657 0.570844 0.041801 0.018919
2 0.621572 0.571119 0.080967 0.019077
3 0.799482 0.572465 0.253456 0.018527
3 0.744330 0.593492 0.348454 0.018912
3 0.744176 0.614742 0.348454 0.018912
3 0.749023 0.636012 0.358454 0.018953
3 0.743870 0.657241 0.348454 0.018912
3 0.593303 0.677881 0.047625 0.017692
0 0.732433 0.625319 0.407589 0.130397
1 0.552697 0.703967 0.041801 0.018919
2 0.616863 0.704227 0.073467 0.019047
0 0.731857 0.705318 0.406823 0.024149
1 0.562906 0.732758 0.062634 0.019003
2 0.647905 0.733103 0.094300 0.019132
3 0.816648 0.734412 0.221790 0.018399
3 0.727330 0.755300 0.316788 0.018784
0 0.731573 0.744693 0.406976 0.045398
1 0.552121 0.783965 0.041801 0.018919
2 0.618370 0.784234 0.077634 0.019064
3 0.794613 0.785574 0.253456 0.018527
3 0.742793 0.806614 0.348454 0.018912
3 0.742640 0.827864 0.348454 0.018912
3 0.747487 0.849134 0.358454 0.018953
3 0.742334 0.870363 0.348454 0.018912
3 0.747181 0.891633 0.358454 0.018953
0 0.730897 0.838441 0.407589 0.130397
