0 0.101319 0.082536 0.062652 0.019037
1 0.168818 0.082846 0.059319 0.019021
2 0.335893 0.084238 0.253472 0.018664
2 0.286553 0.105262 0.358470 0.019146
2 0.281380 0.126489 0.348470 0.019100
2 0.286206 0.147761 0.358470 0.019146
2 0.209784 0.168660 0.205972 0.018445
0 0.089927 0.201860 0.041819 0.018941
1 0.157843 0.202172 0.080985 0.019121
2 0.332834 0.203601 0.247638 0.018637
2 0.280578 0.224612 0.348470 0.019100
2 0.280405 0.245861 0.348470 0.019100
2 0.280231 0.267111 0.348470 0.019100
2 0.285058 0.288384 0.358470 0.019146
2 0.281968 0.309620 0.352636 0.019119
2 0.253044 0.330737 0.295137 0.018855
0 0.099083 0.356280 0.062652 0.019037
1 0.166165 0.356589 0.058485 0.019018
2 0.332823 0.357979 0.253472 0.018664
2 0.128904 0.378293 0.047642 0.017718
0 0.088212 0.411856 0.041819 0.018941
1 0.140711 0.412098 0.050152 0.018979
2 0.319036 0.413542 0.285138 0.018809
2 0.168032 0.434099 0.126807 0.018082
0 0.108621 0.463826 0.083485 0.019133
1 0.181953 0.464163 0.050152 0.018979
0 0.097919 0.498778 0.062652 0.019037
1 0.162918 0.499076 0.054319 0.018999
2 0.327493 0.500457 0.253472 0.018664
2 0.278154 0.521481 0.348470 0.019100
2 0.277980 0.542731 0.348470 0.019100
2 0.277807 0.563980 0.348470 0.019100
2 0.222217 0.584975 0.237638 0.018591
0 0.107376 0.616323 0.083485 0.019133
1 0.193624 0.616720 0.075985 0.019098
0 0.086262 0.650602 0.041819 0.018941
1 0.145011 0.650872 0.062652 0.019037
2 0.321669 0.652309 0.269305 0.018736
0 0.096444 0.679399 0.062652 0.019037
1 0.162693 0.679704 0.056819 0.019010
2 0.330601 0.681100 0.257638 0.018683
2 0.126265 0.701412 0.047642 0.017718
0 0.096035 0.729398 0.062652 0.019037
1 0.171867 0.729747 0.075985 0.019098
0 0.095760 0.763148 0.062652 0.019037
1 0.155759 0.763423 0.044319 0.018953
2 0.323250 0.764818 0.269305 0.018736
0 0.085068 0.796849 0.041819 0.018941
1 0.136317 0.797085 0.047652 0.018968
2 0.310475 0.798510 0.279304 0.018782
2 0.172804 0.819128 0.142640 0.018154
0 0.105467 0.850069 0.083485 0.019133
1 0.180882 0.850415 0.054319 0.018999
2 0.337541 0.851760 0.237638 0.018591
2 0.132788 0.872070 0.063475 0.017791
0 0.557560 0.084632 0.041819 0.018941
1 0.609643 0.084871 0.049319 0.018976
2 0.787551 0.086313 0.285138 0.018809
2 0.748211 0.107383 0.348470 0.019100
2 0.660956 0.128232 0.174306 0.018300
0 0.556927 0.162130 0.041819 0.018941
1 0.625259 0.162444 0.081818 0.019125
2 0.803584 0.163888 0.253472 0.018664
2 0.673413 0.184541 0.200139 0.018419
0 0.577321 0.215975 0.083485 0.019133
1 0.671069 0.216406 0.090985 0.019167
2 0.830228 0.217762 0.205972 0.018445
2 0.580892 0.237867 0.015976 0.017572
0 0.566496 0.265926 0.062652 0.019037
1 0.623162 0.266186 0.037652 0.018922
2 0.787320 0.267566 0.269305 0.018736
2 0.675482 0.288302 0.205972 0.018445
0 0.566032 0.322800 0.062652 0.019037
1 0.630197 0.323095 0.052652 0.018991
2 0.754357 0.324290 0.174306 0.018300
0 0.555350 0.355252 0.041819 0.018941
1 0.615349 0.355527 0.065152 0.019048
0 0.555100 0.385876 0.041819 0.018941
1 0.600932 0.386087 0.036819 0.018918
0 0.575657 0.419721 0.083485 0.019133
1 0.645656 0.420043 0.043486 0.018949
2 0.801898 0.421386 0.247638 0.018637
2 0.602978 0.441722 0.063475 0.017791
0 0.564848 0.467797 0.062652 0.019037
1 0.650263 0.468190 0.095151 0.019186
2 0.819421 0.469592 0.221805 0.018518
2 0.745082 0.490501 0.348470 0.019100
2 0.744909 0.511750 0.348470 0.019100
2 0.705152 0.532818 0.269305 0.018736
0 0.564077 0.562171 0.062652 0.019037
1 0.647409 0.562553 0.090985 0.019167
2 0.814484 0.563946 0.221805 0.018518
2 0.609731 0.584256 0.079308 0.017863
0 0.563617 0.618419 0.062652 0.019037
1 0.646116 0.618799 0.089318 0.019159
0 0.563331 0.653419 0.062652 0.019037
1 0.644163 0.653790 0.085985 0.019144
2 0.808738 0.655171 0.221805 0.018518
2 0.743566 0.676122 0.348470 0.019100
2 0.608812 0.696754 0.079308 0.017863
0 0.573151 0.726590 0.083485 0.019133
1 0.671066 0.727040 0.099318 0.019205
2 0.826474 0.728379 0.190139 0.018373
2 0.671720 0.748919 0.205972 0.018445
0 0.572722 0.779089 0.083485 0.019133
1 0.650637 0.779447 0.059319 0.019021
2 0.809796 0.780804 0.237638 0.018591
2 0.742540 0.801745 0.348470 0.019100
0 0.572314 0.829088 0.083485 0.019133
1 0.654812 0.829467 0.068485 0.019064
2 0.810637 0.830808 0.221805 0.018518
2 0.742132 0.851744 0.348470 0.019100
2 0.746958 0.873017 0.358470 0.019146
2 0.718035 0.894134 0.300971 0.018882
