1 0.114792 0.080994 0.083618 0.019474
2 0.195619 0.081697 0.065286 0.019315
3 0.326018 0.083457 0.174426 0.019015
0 0.273105 0.082997 0.406987 0.026038
1 0.114308 0.112242 0.083618 0.019474
2 0.198469 0.112974 0.071952 0.019373
3 0.355949 0.114970 0.221923 0.019428
3 0.265209 0.135432 0.311083 0.020205
0 0.272457 0.124869 0.407316 0.047287
1 0.092625 0.167056 0.041954 0.019111
2 0.160954 0.167651 0.081951 0.019460
3 0.339265 0.169829 0.253587 0.019704
3 0.219778 0.190040 0.221923 0.019428
0 0.271605 0.179865 0.407316 0.047287
1 0.091774 0.222053 0.041954 0.019111
2 0.145937 0.222524 0.053620 0.019213
3 0.325915 0.224716 0.285252 0.019980
3 0.287255 0.245631 0.358580 0.020618
3 0.281927 0.266836 0.348581 0.020531
3 0.194521 0.287327 0.174426 0.019015
0 0.270425 0.256110 0.407974 0.089784
1 0.100787 0.312762 0.062786 0.019293
2 0.174116 0.313401 0.071119 0.019365
3 0.339095 0.315462 0.237755 0.019566
3 0.154195 0.335104 0.095264 0.018326
0 0.269352 0.325481 0.407316 0.047287
1 0.089549 0.365793 0.041954 0.019111
2 0.152045 0.366337 0.070285 0.019358
3 0.332440 0.368533 0.269419 0.019842
3 0.121709 0.387950 0.031935 0.017774
0 0.268530 0.378602 0.407316 0.047287
1 0.109617 0.415346 0.083618 0.019474
2 0.185862 0.416010 0.056120 0.019235
3 0.311677 0.417730 0.174426 0.019015
0 0.267930 0.417349 0.406987 0.026038
1 0.098727 0.445878 0.062786 0.019293
2 0.165806 0.446462 0.058620 0.019257
3 0.332452 0.448538 0.253587 0.019704
3 0.278793 0.469322 0.348581 0.020531
3 0.278464 0.490571 0.348581 0.020531
3 0.278135 0.511820 0.348581 0.020531
3 0.277807 0.533068 0.348581 0.020531
3 0.277478 0.554317 0.348581 0.020531
3 0.274232 0.575540 0.342748 0.020480
0 0.266470 0.511718 0.408961 0.153530
1 0.096261 0.605243 0.062786 0.019293
2 0.161673 0.605812 0.055286 0.019227
3 0.271239 0.607391 0.142761 0.018739
0 0.264990 0.607337 0.406987 0.026038
1 0.095835 0.632741 0.062786 0.019293
2 0.179996 0.633473 0.092784 0.019554
3 0.347892 0.635560 0.221923 0.019428
3 0.275901 0.656185 0.348581 0.020531
3 0.275572 0.677433 0.348581 0.020531
3 0.275244 0.698682 0.348581 0.020531
3 0.274915 0.719931 0.348581 0.020531
0 0.263907 0.677332 0.408303 0.111033
1 0.083601 0.750142 0.041954 0.019111
2 0.145264 0.750679 0.068619 0.019344
3 0.324825 0.752867 0.269419 0.019842
0 0.262746 0.752327 0.406987 0.026038
1 0.093582 0.778356 0.062786 0.019293
2 0.169410 0.779016 0.076118 0.019409
3 0.336889 0.781099 0.237755 0.019566
0 0.262311 0.780450 0.406987 0.026038
1 0.103543 0.807820 0.083618 0.019474
2 0.173955 0.808433 0.044454 0.019133
3 0.301853 0.810171 0.190258 0.019153
0 0.261856 0.809823 0.406987 0.026038
1 0.092673 0.837102 0.062786 0.019293
2 0.165584 0.837737 0.070285 0.019358
3 0.330147 0.839794 0.237755 0.019566
3 0.153997 0.859512 0.111097 0.018464
0 0.261237 0.849820 0.407316 0.047287
1 0.102344 0.885314 0.083618 0.019474
2 0.189421 0.886073 0.077785 0.019423
3 0.349817 0.888094 0.221923 0.019428
3 0.269077 0.908642 0.342748 0.020480
0 0.260492 0.897942 0.407316 0.047287
1 0.581427 0.085056 0.083618 0.019474
2 0.669754 0.085825 0.080285 0.019445
3 0.823484 0.087788 0.206090 0.019291
3 0.751077 0.108409 0.348581 0.020531
3 0.750748 0.129658 0.348581 0.020531
3 0.750419 0.150906 0.348581 0.020531
3 0.750090 0.172155 0.348581 0.020531
3 0.749761 0.193403 0.348581 0.020531
3 0.749433 0.214652 0.348581 0.020531
3 0.749104 0.235901 0.348581 0.020531
3 0.637949 0.256184 0.126929 0.018601
0 0.738424 0.172053 0.409618 0.196027
1 0.578351 0.283792 0.083618 0.019474
2 0.665429 0.284550 0.077785 0.019423
3 0.825825 0.286572 0.221923 0.019428
3 0.748001 0.307146 0.348581 0.020531
3 0.747672 0.328394 0.348581 0.020531
3 0.747343 0.349643 0.348581 0.020531
3 0.636189 0.369927 0.126929 0.018601
0 0.736006 0.328293 0.408303 0.111033
1 0.555778 0.396104 0.041954 0.019111
2 0.604108 0.396524 0.041954 0.019111
3 0.778254 0.398665 0.285252 0.019980
3 0.751260 0.419682 0.358580 0.020618
3 0.750931 0.440930 0.358580 0.020618
3 0.658525 0.461377 0.174426 0.019015
0 0.734430 0.430161 0.407974 0.089784
1 0.549783 0.487307 0.032788 0.019032
2 0.611862 0.487848 0.078618 0.019431
3 0.796423 0.490080 0.269419 0.019842
3 0.744848 0.510882 0.348581 0.020531
3 0.749519 0.532174 0.358580 0.020618
3 0.749190 0.553423 0.358580 0.020618
3 0.743862 0.574628 0.348581 0.020531
3 0.656455 0.595118 0.174426 0.019015
0 0.732689 0.542653 0.408632 0.132281
1 0.573061 0.625644 0.083618 0.019474
2 0.649722 0.626312 0.056953 0.019242
3 0.807618 0.628311 0.237755 0.019566
3 0.742711 0.648998 0.348581 0.020531
3 0.742382 0.670246 0.348581 0.020531
3 0.742053 0.691495 0.348581 0.020531
3 0.659646 0.712029 0.184425 0.019102
0 0.730716 0.670145 0.408303 0.111033
1 0.550459 0.739830 0.041954 0.019111
2 0.603372 0.740291 0.051120 0.019191
3 0.782100 0.742472 0.285252 0.019980
3 0.645947 0.762538 0.158593 0.018877
0 0.729439 0.752639 0.407316 0.047287
1 0.570410 0.796883 0.083618 0.019474
2 0.657488 0.797641 0.077785 0.019423
3 0.762471 0.799180 0.111097 0.018464
0 0.728723 0.798886 0.406987 0.026038
1 0.559501 0.828665 0.062786 0.019293
2 0.636163 0.829332 0.077785 0.019423
3 0.788643 0.831285 0.206090 0.019291
0 0.728230 0.830759 0.406987 0.026038
1 0.559095 0.854913 0.062786 0.019293
2 0.629924 0.855530 0.066119 0.019322
3 0.760738 0.857294 0.174426 0.019015
0 0.727824 0.857007 0.406987 0.026038
1 0.569027 0.886252 0.083618 0.019474
2 0.642356 0.886890 0.050287 0.019184
3 0.796919 0.888861 0.237755 0.019566
3 0.596187 0.908365 0.063600 0.018050
0 0.727176 0.898879 0.407316 0.047287
