3 0.492789 0.039507 0.985578 0.042916
0 0.074375 0.091887 0.042252 0.019491
1 0.123111 0.091013 0.043085 0.019506
2 0.297664 0.088509 0.285476 0.022603
0 0.075470 0.126252 0.042252 0.019491
1 0.127122 0.125326 0.048917 0.019611
2 0.304591 0.122770 0.285476 0.022603
2 0.266946 0.144701 0.348791 0.023738
2 0.267623 0.165945 0.348791 0.023738
2 0.252471 0.187472 0.317134 0.023171
0 0.078537 0.222475 0.042252 0.019491
1 0.145601 0.221272 0.079741 0.020164
2 0.322654 0.218723 0.253819 0.022036
2 0.270013 0.240923 0.348791 0.023738
2 0.270690 0.262167 0.348791 0.023738
2 0.271367 0.283411 0.348791 0.023738
2 0.272044 0.304655 0.348791 0.023738
2 0.233149 0.326608 0.269647 0.022319
0 0.083057 0.364309 0.042252 0.019491
1 0.139708 0.363294 0.058914 0.019790
2 0.290518 0.361215 0.222161 0.021468
0 0.104781 0.392053 0.083907 0.020238
1 0.185175 0.390611 0.064746 0.019895
2 0.307243 0.389048 0.158846 0.020333
0 0.105916 0.427668 0.083907 0.020238
1 0.186726 0.426219 0.065579 0.019910
2 0.340869 0.424080 0.222161 0.021468
2 0.281563 0.446400 0.358789 0.023917
2 0.282240 0.467644 0.358789 0.023917
2 0.277919 0.488977 0.348791 0.023738
2 0.278596 0.510221 0.348791 0.023738
2 0.284271 0.531375 0.358789 0.023917
2 0.279950 0.552709 0.348791 0.023738
2 0.185654 0.575656 0.158846 0.020333
0 0.101118 0.604054 0.063080 0.019865
1 0.170682 0.602807 0.063913 0.019880
2 0.339820 0.600400 0.253819 0.022036
0 0.112428 0.631984 0.083907 0.020238
1 0.193238 0.630535 0.065579 0.019910
2 0.347381 0.628397 0.222161 0.021468
2 0.259333 0.651232 0.301305 0.022887
0 0.103548 0.680282 0.063080 0.019865
1 0.171029 0.679072 0.059747 0.019805
2 0.338084 0.676702 0.253819 0.022036
2 0.284610 0.698917 0.348791 0.023738
2 0.285287 0.720161 0.348791 0.023738
2 0.285964 0.741405 0.348791 0.023738
2 0.286641 0.762649 0.348791 0.023738
2 0.192345 0.785596 0.158846 0.020333
0 0.097495 0.817305 0.042252 0.019491
1 0.162060 0.816147 0.074743 0.020074
2 0.336614 0.813643 0.253819 0.022036
2 0.170255 0.837882 0.111359 0.019481
0 0.120016 0.870041 0.083907 0.020238
1 0.200409 0.868600 0.064746 0.019895
2 0.354135 0.866469 0.222161 0.021468
2 0.132376 0.891701 0.032215 0.018063
0 0.551322 0.083336 0.063080 0.019865
1 0.621302 0.082082 0.064746 0.019895
2 0.790857 0.079667 0.253819 0.022036
2 0.621582 0.103958 0.127188 0.019765
0 0.537899 0.132966 0.033088 0.019327
1 0.603714 0.131786 0.086406 0.020283
2 0.728698 0.130170 0.143017 0.020049
0 0.543596 0.167874 0.042252 0.019491
1 0.605662 0.166761 0.069744 0.019984
2 0.785631 0.164160 0.269647 0.022319
2 0.735072 0.186322 0.348791 0.023738
2 0.735749 0.207566 0.348791 0.023738
2 0.630623 0.230707 0.137185 0.019944
0 0.546484 0.258473 0.042252 0.019491
1 0.600635 0.257502 0.053916 0.019701
2 0.777688 0.254953 0.279645 0.022499
2 0.635073 0.278766 0.143017 0.020049
0 0.558591 0.311396 0.063080 0.019865
1 0.624822 0.310209 0.057248 0.019760
2 0.795626 0.307772 0.263816 0.022215
2 0.739653 0.330031 0.348791 0.023738
2 0.740330 0.351275 0.348791 0.023738
2 0.743090 0.372482 0.352957 0.023813
2 0.741684 0.393763 0.348791 0.023738
2 0.584073 0.417845 0.032215 0.018063
0 0.552458 0.445919 0.042252 0.019491
1 0.618690 0.444732 0.078075 0.020134
2 0.791993 0.442250 0.247987 0.021931
0 0.574301 0.477412 0.083907 0.020238
1 0.653029 0.476000 0.061413 0.019835
2 0.813003 0.473758 0.237990 0.021752
2 0.744950 0.496234 0.348791 0.023738
2 0.745627 0.517478 0.348791 0.023738
2 0.627588 0.540850 0.111359 0.019481
0 0.556501 0.572758 0.042252 0.019491
1 0.611485 0.571772 0.055582 0.019730
2 0.768544 0.569582 0.237990 0.021752
0 0.578185 0.599252 0.083907 0.020238
1 0.653580 0.597900 0.054749 0.019715
2 0.810222 0.595717 0.237990 0.021752
2 0.658859 0.619687 0.168843 0.020512
0 0.569524 0.654423 0.063080 0.019865
1 0.630340 0.653333 0.046418 0.019566
0 0.560185 0.688350 0.042252 0.019491
1 0.618085 0.687312 0.061413 0.019835
2 0.738488 0.685779 0.158846 0.020333
0 0.571654 0.721279 0.063080 0.019865
1 0.654131 0.719800 0.089739 0.020343
2 0.820353 0.717445 0.222161 0.021468
2 0.586514 0.742894 0.016386 0.017779
0 0.583821 0.776077 0.083907 0.020238
1 0.670879 0.774516 0.078075 0.020134
2 0.831270 0.772265 0.222161 0.021468
2 0.754469 0.794898 0.348791 0.023738
2 0.755146 0.816142 0.348791 0.023738
2 0.755823 0.837386 0.348791 0.023738
2 0.756500 0.858630 0.348791 0.023738
2 0.757177 0.879874 0.348791 0.023738
2 0.757855 0.901118 0.348791 0.023738
