3 0.506517 0.034481 0.986966 0.041033
0 0.109860 0.078021 0.063020 0.019748
1 0.183593 0.079204 0.072185 0.019895
2 0.325209 0.082101 0.190456 0.020543
0 0.108915 0.111139 0.063020 0.019748
1 0.176816 0.112228 0.060521 0.019708
2 0.341344 0.115492 0.247942 0.021466
2 0.288667 0.135902 0.348753 0.023083
2 0.288061 0.157147 0.348753 0.023083
2 0.287455 0.178392 0.348753 0.023083
2 0.286849 0.199638 0.348753 0.023083
2 0.286243 0.220883 0.348753 0.023083
2 0.135255 0.239715 0.047988 0.018258
0 0.104317 0.272352 0.063020 0.019748
1 0.188881 0.273708 0.093847 0.020243
0 0.113912 0.301262 0.083849 0.020082
1 0.203475 0.302699 0.083016 0.020069
2 0.358421 0.305810 0.206285 0.020797
2 0.124952 0.323319 0.032158 0.018004
0 0.112343 0.356250 0.083849 0.020082
1 0.195658 0.357586 0.070519 0.019868
2 0.352271 0.360724 0.222115 0.021051
2 0.178788 0.379196 0.142966 0.019782
0 0.100539 0.404821 0.063020 0.019748
1 0.169690 0.405931 0.063020 0.019748
0 0.110009 0.438106 0.083849 0.020082
1 0.183326 0.439282 0.050523 0.019548
2 0.337856 0.442386 0.237945 0.021305
2 0.239772 0.462068 0.269604 0.021813
0 0.097973 0.494801 0.063020 0.019748
1 0.176288 0.496057 0.081349 0.020042
2 0.346232 0.499409 0.237945 0.021305
2 0.277725 0.519564 0.348753 0.023083
2 0.277119 0.540810 0.348753 0.023083
2 0.281512 0.562135 0.358750 0.023243
2 0.280906 0.583380 0.358750 0.023243
2 0.251556 0.604164 0.301264 0.022321
0 0.083513 0.636476 0.042192 0.019414
1 0.145999 0.637479 0.070519 0.019868
2 0.326357 0.640997 0.269604 0.021813
2 0.273679 0.661407 0.348753 0.023083
2 0.273073 0.682652 0.348753 0.023083
2 0.272467 0.703897 0.348753 0.023083
2 0.271862 0.725142 0.348753 0.023083
2 0.112959 0.743848 0.032158 0.018004
0 0.079539 0.775819 0.042192 0.019414
1 0.149107 0.776935 0.084682 0.020096
2 0.328631 0.780441 0.253774 0.021559
2 0.127238 0.798465 0.063818 0.018512
0 0.088368 0.831599 0.063020 0.019748
1 0.175014 0.832989 0.098012 0.020309
2 0.345374 0.836347 0.222115 0.021051
2 0.117737 0.853950 0.047988 0.018258
0 0.097249 0.885504 0.083849 0.020082
1 0.192227 0.887027 0.093847 0.020243
0 0.586834 0.085673 0.083849 0.020082
1 0.665566 0.086936 0.061354 0.019721
2 0.825511 0.090127 0.237945 0.021305
2 0.645363 0.108492 0.127137 0.019528
0 0.574869 0.139868 0.063020 0.019748
1 0.640687 0.140924 0.056355 0.019641
2 0.806048 0.144202 0.253774 0.021559
2 0.612153 0.162347 0.063818 0.018512
0 0.562833 0.196563 0.042192 0.019414
1 0.615321 0.197405 0.050523 0.019548
2 0.793596 0.200891 0.285434 0.022067
0 0.582806 0.226891 0.083849 0.020082
1 0.662788 0.228174 0.063853 0.019762
2 0.821067 0.231338 0.232113 0.021212
2 0.752144 0.251487 0.348753 0.023083
0 0.560588 0.275295 0.042192 0.019414
1 0.627656 0.276371 0.079683 0.020015
2 0.801765 0.279790 0.247942 0.021466
2 0.624116 0.298195 0.095477 0.019020
0 0.559162 0.325284 0.042192 0.019414
1 0.615399 0.326186 0.058021 0.019668
2 0.794507 0.329685 0.279602 0.021973
2 0.638520 0.348437 0.127137 0.019528
0 0.567955 0.382313 0.063020 0.019748
1 0.631273 0.383329 0.051356 0.019561
2 0.730816 0.385551 0.127137 0.019528
0 0.556596 0.415263 0.042192 0.019414
1 0.623664 0.416339 0.079683 0.020015
2 0.769029 0.419296 0.190456 0.020543
0 0.566101 0.447298 0.063020 0.019748
1 0.644417 0.448555 0.081349 0.020042
2 0.814360 0.451906 0.237945 0.021305
2 0.745853 0.472062 0.348753 0.023083
2 0.745247 0.493307 0.348753 0.023083
2 0.744641 0.514552 0.348753 0.023083
2 0.712376 0.535289 0.285434 0.022067
0 0.552372 0.563354 0.042192 0.019414
1 0.627772 0.564564 0.096346 0.020283
2 0.805213 0.568036 0.237945 0.021305
2 0.742538 0.588285 0.348753 0.023083
2 0.599465 0.607245 0.063818 0.018512
0 0.571009 0.640546 0.083849 0.020082
1 0.661405 0.641996 0.084682 0.020096
2 0.817185 0.645120 0.206285 0.020797
2 0.740346 0.665143 0.348753 0.023083
2 0.739740 0.686388 0.348753 0.023083
2 0.739134 0.707633 0.348753 0.023083
2 0.738528 0.728878 0.348753 0.023083
2 0.737923 0.750123 0.348753 0.023083
2 0.737317 0.771368 0.348753 0.023083
2 0.594243 0.790328 0.063818 0.018512
0 0.555498 0.819088 0.063020 0.019748
1 0.623399 0.820177 0.060521 0.019708
2 0.790843 0.823489 0.253774 0.021559
2 0.740248 0.843932 0.358750 0.023243
2 0.734643 0.865097 0.348753 0.023083
2 0.667803 0.885279 0.216283 0.020958
