1 0.176250 0.085938 0.070833 0.021875
0 0.266667 0.095312 0.400000 0.040625
1 0.196667 0.138437 0.065000 0.021875
0 0.266667 0.185312 0.400000 0.115625
1 0.146667 0.260937 0.058333 0.021875
0 0.266667 0.307812 0.400000 0.115625
1 0.190417 0.385937 0.099167 0.021875
0 0.266667 0.395313 0.400000 0.040625
1 0.223750 0.439063 0.119167 0.021875
0 0.266667 0.439063 0.400000 0.021875
1 0.210000 0.468438 0.138333 0.021875
0 0.266667 0.515312 0.400000 0.115625
1 0.173750 0.593437 0.112500 0.021875
0 0.266667 0.593437 0.400000 0.021875
1 0.189583 0.624062 0.097500 0.021875
0 0.266667 0.624062 0.400000 0.021875
1 0.211250 0.654687 0.094167 0.021875
0 0.266667 0.664062 0.400000 0.040625
1 0.237500 0.707812 0.146667 0.021875
0 0.266667 0.717187 0.400000 0.040625
1 0.189167 0.757812 0.096667 0.021875
0 0.266667 0.767188 0.400000 0.040625
1 0.165000 0.807813 0.048333 0.021875
0 0.266667 0.807813 0.400000 0.021875
1 0.170417 0.842187 0.105833 0.021875
0 0.266667 0.907813 0.400000 0.153125
1 0.663750 0.085938 0.112500 0.021875
0 0.733333 0.085938 0.400000 0.021875
1 0.642917 0.115312 0.117500 0.021875
0 0.733333 0.143437 0.400000 0.078125
1 0.677500 0.202813 0.093333 0.021875
0 0.733333 0.202813 0.400000 0.021875
1 0.690417 0.234687 0.119167 0.021875
0 0.733333 0.234687 0.400000 0.021875
1 0.636250 0.262813 0.104167 0.021875
0 0.733333 0.272188 0.400000 0.040625
1 0.637917 0.312812 0.060833 0.021875
0 0.733333 0.322188 0.400000 0.040625
1 0.632500 0.362187 0.096667 0.021875
0 0.733333 0.371563 0.400000 0.040625
1 0.633750 0.412813 0.099167 0.021875
0 0.733333 0.459688 0.400000 0.115625
1 0.627917 0.536563 0.087500 0.021875
0 0.733333 0.536563 0.400000 0.021875
1 0.664583 0.565312 0.114167 0.021875
0 0.733333 0.565312 0.400000 0.021875
1 0.609583 0.595938 0.050833 0.021875
0 0.733333 0.595938 0.400000 0.021875
1 0.675417 0.625938 0.135833 0.021875
0 0.733333 0.625938 0.400000 0.021875
1 0.617500 0.657188 0.066667 0.021875
0 0.733333 0.685312 0.400000 0.078125
1 0.656667 0.745938 0.098333 0.021875
0 0.733333 0.745938 0.400000 0.021875
1 0.655417 0.776563 0.142500 0.021875
0 0.733333 0.823438 0.400000 0.115625
1 0.666667 0.902188 0.071667 0.021875
0 0.733333 0.902188 0.400000 0.021875
