3 0.494298 0.038832 0.988596 0.039178
0 0.097924 0.090004 0.083791 0.019929
1 0.187908 0.088728 0.083791 0.019929
0 0.077945 0.124044 0.042132 0.019338
1 0.142101 0.123134 0.073793 0.019787
2 0.252930 0.122187 0.127085 0.019293
0 0.089211 0.157640 0.062962 0.019633
1 0.153783 0.156724 0.053797 0.019503
2 0.317936 0.155020 0.253729 0.021090
2 0.143503 0.178749 0.095424 0.018844
0 0.080057 0.207779 0.042132 0.019338
1 0.135464 0.206993 0.056296 0.019539
2 0.300867 0.205272 0.253729 0.021090
0 0.101769 0.242477 0.083791 0.019929
1 0.189253 0.241236 0.078792 0.019858
2 0.342159 0.239692 0.206238 0.020416
2 0.272290 0.261937 0.348712 0.022437
2 0.272826 0.283183 0.348712 0.022437
2 0.273362 0.304429 0.348712 0.022437
0 0.104054 0.333086 0.083791 0.019929
1 0.176958 0.332052 0.049631 0.019444
2 0.331113 0.330490 0.237899 0.020865
2 0.274575 0.352546 0.348712 0.022437
2 0.275111 0.373792 0.348712 0.022437
2 0.280646 0.394967 0.358710 0.022579
2 0.276183 0.416284 0.348712 0.022437
2 0.250056 0.437909 0.295388 0.021681
0 0.097201 0.474458 0.062962 0.019633
1 0.161772 0.473542 0.053797 0.019503
2 0.270519 0.472625 0.142916 0.019518
0 0.087542 0.504601 0.042132 0.019338
1 0.151281 0.503696 0.072960 0.019775
0 0.098808 0.538197 0.062962 0.019633
1 0.170878 0.537174 0.068794 0.019716
0 0.089102 0.566464 0.042132 0.019338
1 0.140760 0.565732 0.048797 0.019432
0 0.106185 0.599353 0.074626 0.019799
1 0.189503 0.598171 0.079625 0.019869
2 0.350740 0.596509 0.222068 0.020641
2 0.202136 0.619871 0.190407 0.020192
0 0.091356 0.655823 0.042132 0.019338
1 0.156761 0.654896 0.076293 0.019822
2 0.332162 0.653033 0.253729 0.021090
0 0.092175 0.688318 0.042132 0.019338
1 0.157997 0.687384 0.077126 0.019834
2 0.333814 0.685515 0.253729 0.021090
2 0.148967 0.709391 0.079594 0.018620
0 0.099426 0.744475 0.053797 0.019503
1 0.160248 0.743612 0.055463 0.019527
2 0.333150 0.741785 0.269560 0.021314
2 0.166215 0.765406 0.111255 0.019069
0 0.115794 0.798627 0.083791 0.019929
1 0.205778 0.797351 0.083791 0.019929
2 0.361183 0.795772 0.206238 0.020416
2 0.286315 0.818087 0.348712 0.022437
2 0.286851 0.839334 0.348712 0.022437
2 0.247810 0.861141 0.269560 0.021314
0 0.097234 0.888907 0.042132 0.019338
1 0.143892 0.888245 0.038799 0.019290
0 0.543678 0.083681 0.042132 0.019338
1 0.599084 0.082895 0.056296 0.019539
2 0.780318 0.080949 0.285390 0.021539
2 0.671706 0.103744 0.222068 0.020641
0 0.565736 0.132127 0.083791 0.019929
1 0.656554 0.130839 0.085458 0.019952
2 0.812791 0.129248 0.206238 0.020416
2 0.736258 0.151587 0.348712 0.022437
2 0.741792 0.172762 0.358710 0.022579
2 0.737329 0.194079 0.348712 0.022437
2 0.737865 0.215326 0.348712 0.022437
2 0.643418 0.237919 0.158746 0.019742
0 0.548437 0.272397 0.042132 0.019338
1 0.603010 0.271623 0.054630 0.019515
2 0.783410 0.269689 0.285390 0.021539
2 0.744787 0.291491 0.358710 0.022579
2 0.740323 0.312808 0.348712 0.022437
2 0.740859 0.334054 0.348712 0.022437
2 0.741395 0.355301 0.348712 0.022437
0 0.551352 0.388002 0.042132 0.019338
1 0.614674 0.387103 0.072127 0.019763
2 0.795907 0.385158 0.269560 0.021314
2 0.600228 0.409187 0.063763 0.018395
0 0.573490 0.439572 0.083791 0.019929
1 0.659724 0.438349 0.076293 0.019822
0 0.563768 0.467215 0.062962 0.019633
1 0.639588 0.466139 0.076293 0.019822
2 0.807074 0.464389 0.237899 0.020865
2 0.728874 0.486752 0.317051 0.021988
0 0.565013 0.516581 0.062962 0.019633
1 0.632918 0.515618 0.060462 0.019598
2 0.800403 0.513867 0.253729 0.021090
2 0.714288 0.536342 0.285390 0.021539
0 0.556001 0.572344 0.042132 0.019338
1 0.624322 0.571375 0.082125 0.019905
2 0.802639 0.569470 0.253729 0.021090
2 0.596962 0.593642 0.047933 0.018171
0 0.557387 0.627334 0.042132 0.019338
1 0.627375 0.626341 0.085458 0.019952
2 0.807358 0.624413 0.253729 0.021090
2 0.750821 0.646469 0.352878 0.022496
2 0.749274 0.667745 0.348712 0.022437
2 0.754809 0.688920 0.358710 0.022579
0 0.559657 0.717318 0.042132 0.019338
1 0.611731 0.716579 0.049631 0.019444
2 0.765886 0.715018 0.237899 0.020865
0 0.570812 0.746540 0.062962 0.019633
1 0.651631 0.745393 0.086291 0.019964
2 0.816201 0.743684 0.222068 0.020641
2 0.751748 0.765852 0.348712 0.022437
2 0.752284 0.787098 0.348712 0.022437
2 0.752820 0.808345 0.348712 0.022437
2 0.753355 0.829591 0.348712 0.022437
2 0.753891 0.850837 0.348712 0.022437
2 0.722766 0.872532 0.285390 0.021539
