3 0.490271 0.037112 0.980541 0.048958
0 0.080410 0.094226 0.063267 0.020239
1 0.139963 0.092797 0.044110 0.019779
2 0.243687 0.090935 0.143173 0.020907
0 0.071171 0.121961 0.042444 0.019739
1 0.127808 0.120603 0.059103 0.020139
2 0.236113 0.118631 0.137343 0.020767
0 0.072529 0.153820 0.042444 0.019739
1 0.135830 0.152302 0.072429 0.020458
2 0.317014 0.148582 0.269775 0.023943
2 0.264197 0.171109 0.348901 0.025841
2 0.265103 0.192349 0.348901 0.025841
2 0.266008 0.213588 0.348901 0.025841
2 0.116574 0.238433 0.048221 0.018630
0 0.087894 0.269761 0.063267 0.020239
1 0.147447 0.268333 0.044110 0.019779
2 0.314472 0.264952 0.269775 0.023943
2 0.118811 0.290906 0.048221 0.018630
0 0.100543 0.321984 0.084090 0.020738
1 0.173839 0.320227 0.050773 0.019939
0 0.080839 0.348720 0.042444 0.019739
1 0.157467 0.346883 0.099082 0.021098
0 0.092369 0.374707 0.063267 0.020239
1 0.152338 0.373269 0.044943 0.019799
2 0.319779 0.369879 0.269775 0.023943
2 0.162849 0.394903 0.127348 0.020527
0 0.105098 0.428805 0.084090 0.020738
1 0.192969 0.426697 0.079925 0.020638
2 0.306688 0.424595 0.127348 0.020527
0 0.095832 0.455916 0.063267 0.020239
1 0.165796 0.454238 0.064933 0.020279
2 0.335319 0.450797 0.253950 0.023564
2 0.126748 0.477061 0.048221 0.018630
0 0.108667 0.512512 0.084090 0.020738
1 0.180713 0.510784 0.048275 0.019879
2 0.333995 0.507733 0.238124 0.023184
2 0.137085 0.533717 0.064047 0.019009
0 0.110717 0.560612 0.084090 0.020738
1 0.203170 0.558395 0.089087 0.020858
0 0.091227 0.592346 0.042444 0.019739
1 0.148697 0.590968 0.060768 0.020179
0 0.102756 0.618333 0.063267 0.020239
1 0.173137 0.616645 0.065766 0.020299
0 0.093730 0.651066 0.042444 0.019739
1 0.159946 0.649478 0.078259 0.020598
0 0.094982 0.680426 0.042444 0.019739
1 0.152453 0.679048 0.060768 0.020179
2 0.327806 0.675467 0.269775 0.023943
2 0.255000 0.698474 0.285600 0.024323
0 0.097219 0.732899 0.042444 0.019739
1 0.152608 0.731571 0.056604 0.020079
0 0.108856 0.761385 0.063267 0.020239
1 0.170491 0.759906 0.048275 0.019879
2 0.339598 0.756476 0.269775 0.023943
0 0.099829 0.794118 0.042444 0.019739
1 0.149804 0.792919 0.045776 0.019819
0 0.122090 0.827351 0.084090 0.020738
1 0.217875 0.825054 0.095751 0.021018
2 0.371156 0.822003 0.190649 0.022046
2 0.292936 0.845140 0.348901 0.025841
2 0.298839 0.866259 0.358896 0.026081
2 0.294747 0.887618 0.348901 0.025841
2 0.295652 0.908857 0.348901 0.025841
2 0.264908 0.930856 0.285600 0.024323
0 0.536427 0.083289 0.042444 0.019739
1 0.600977 0.081741 0.074928 0.020518
2 0.775498 0.078181 0.253950 0.023564
2 0.561930 0.104563 0.016571 0.017871
0 0.548863 0.130515 0.063267 0.020239
1 0.624241 0.128707 0.075761 0.020538
2 0.791265 0.125327 0.238124 0.023184
2 0.611430 0.150901 0.111522 0.020148
0 0.561325 0.178366 0.084090 0.020738
1 0.629207 0.176738 0.039946 0.019679
2 0.786236 0.173597 0.253950 0.023564
2 0.732170 0.196154 0.348901 0.025841
2 0.622299 0.220050 0.127348 0.020527
0 0.553950 0.249829 0.063267 0.020239
1 0.630994 0.247981 0.079092 0.020618
2 0.799684 0.244561 0.238124 0.023184
2 0.735206 0.267368 0.348901 0.025841
2 0.736112 0.288607 0.348901 0.025841
2 0.737018 0.309846 0.348901 0.025841
2 0.737923 0.331085 0.348901 0.025841
2 0.672613 0.353913 0.216469 0.022665
0 0.559943 0.390382 0.063267 0.020239
1 0.629490 0.388714 0.064100 0.020259
2 0.774859 0.385853 0.206474 0.022425
0 0.561301 0.422241 0.063267 0.020239
1 0.637928 0.420403 0.078259 0.020598
2 0.742901 0.418511 0.111522 0.020148
0 0.572884 0.449477 0.084090 0.020738
1 0.662422 0.447330 0.083257 0.020718
0 0.574056 0.476963 0.084090 0.020738
1 0.654015 0.475045 0.064100 0.020259
2 0.807297 0.471994 0.222299 0.022805
2 0.602474 0.498168 0.064047 0.019009
0 0.576134 0.525688 0.084090 0.020738
1 0.650679 0.523900 0.053272 0.019999
2 0.751071 0.522118 0.127348 0.020527
0 0.577652 0.561295 0.084090 0.020738
1 0.656778 0.559397 0.062434 0.020219
0 0.578824 0.588781 0.084090 0.020738
1 0.656284 0.586923 0.059103 0.020139
2 0.814980 0.583742 0.238124 0.023184
2 0.591417 0.610365 0.032396 0.018250
0 0.580901 0.637506 0.084090 0.020738
1 0.659611 0.635618 0.061601 0.020199
2 0.819556 0.632408 0.238124 0.023184
2 0.609319 0.658711 0.064047 0.019009
0 0.572887 0.693977 0.063267 0.020239
1 0.646599 0.692209 0.072429 0.020458
2 0.811958 0.688869 0.238124 0.023184
2 0.611716 0.714932 0.064047 0.019009
0 0.575284 0.750198 0.063267 0.020239
1 0.642750 0.748580 0.059935 0.020159
0 0.587134 0.783681 0.084090 0.020738
1 0.666676 0.781774 0.063267 0.020239
2 0.787891 0.779492 0.158998 0.021286
0 0.567829 0.819787 0.042444 0.019739
1 0.632379 0.818239 0.074928 0.020518
2 0.791075 0.815059 0.222299 0.022805
0 0.579546 0.850147 0.063267 0.020239
1 0.653674 0.848369 0.073262 0.020478
2 0.819450 0.845019 0.238124 0.023184
2 0.594637 0.871671 0.016571 0.017871
