1 0.172500 0.085938 0.110000 0.021875
0 0.266667 0.095312 0.400000 0.040625
1 0.178750 0.135937 0.075833 0.021875
0 0.266667 0.182812 0.400000 0.115625
1 0.240417 0.262188 0.152500 0.021875
0 0.266667 0.262188 0.400000 0.021875
1 0.196250 0.295938 0.110833 0.021875
0 0.266667 0.295938 0.400000 0.021875
1 0.156667 0.327188 0.078333 0.021875
0 0.266667 0.327188 0.400000 0.021875
1 0.201667 0.355938 0.075000 0.021875
0 0.266667 0.365312 0.400000 0.040625
1 0.198750 0.408438 0.069167 0.021875
0 0.266667 0.417812 0.400000 0.040625
1 0.160000 0.457188 0.085000 0.021875
0 0.266667 0.532188 0.400000 0.171875
1 0.166250 0.641563 0.050833 0.021875
0 0.266667 0.641563 0.400000 0.021875
1 0.230417 0.669687 0.132500 0.021875
0 0.266667 0.679063 0.400000 0.040625
1 0.208333 0.719688 0.088333 0.021875
0 0.266667 0.729062 0.400000 0.040625
1 0.153750 0.770312 0.072500 0.021875
0 0.266667 0.817187 0.400000 0.115625
1 0.208333 0.897813 0.088333 0.021875
0 0.266667 0.897813 0.400000 0.021875
1 0.675000 0.085938 0.088333 0.021875
0 0.733333 0.132812 0.400000 0.115625
1 0.646250 0.207813 0.077500 0.021875
0 0.733333 0.235937 0.400000 0.078125
1 0.674583 0.293438 0.087500 0.021875
0 0.733333 0.302812 0.400000 0.040625
1 0.647917 0.341562 0.127500 0.021875
0 0.733333 0.341562 0.400000 0.021875
1 0.675000 0.371563 0.088333 0.021875
0 0.733333 0.380937 0.400000 0.040625
1 0.680417 0.422812 0.099167 0.021875
0 0.733333 0.469687 0.400000 0.115625
1 0.660417 0.549687 0.105833 0.021875
0 0.733333 0.559063 0.400000 0.040625
1 0.656667 0.597187 0.051667 0.021875
0 0.733333 0.634687 0.400000 0.096875
1 0.670000 0.706562 0.078333 0.021875
0 0.733333 0.706562 0.400000 0.021875
1 0.634583 0.738437 0.054167 0.021875
0 0.733333 0.738437 0.400000 0.021875
1 0.664583 0.770312 0.114167 0.021875
0 0.733333 0.779687 0.400000 0.040625
1 0.693333 0.822812 0.125000 0.021875
0 0.733333 0.822812 0.400000 0.021875
1 0.637500 0.854688 0.060000 0.021875
0 0.733333 0.864062 0.400000 0.040625
1 0.678750 0.904062 0.095833 0.021875
0 0.733333 0.913438 0.400000 0.040625
