1 0.103475 0.086974 0.083550 0.019299
2 0.183889 0.086444 0.064384 0.019173
3 0.342640 0.086022 0.231863 0.019027
3 0.273725 0.107727 0.348525 0.019797
3 0.273974 0.128976 0.348525 0.019797
3 0.274223 0.150226 0.348525 0.019797
3 0.274472 0.171475 0.348525 0.019797
3 0.274722 0.192724 0.348525 0.019797
3 0.274971 0.213973 0.348525 0.019797
3 0.211889 0.235640 0.221863 0.018961
0 0.262682 0.160927 0.408659 0.173926
1 0.095140 0.264536 0.062717 0.019162
2 0.170137 0.264042 0.074384 0.019238
3 0.336805 0.263567 0.237696 0.019066
3 0.275806 0.285220 0.348525 0.019797
3 0.188975 0.307044 0.174365 0.018648
0 0.264140 0.285297 0.407413 0.067680
1 0.095961 0.334534 0.062717 0.019162
2 0.169708 0.334047 0.071884 0.019222
3 0.335126 0.333581 0.237696 0.019066
3 0.197463 0.355740 0.190198 0.018753
0 0.264836 0.344670 0.407164 0.046431
1 0.106963 0.384463 0.083550 0.019299
2 0.194877 0.383883 0.079383 0.019271
3 0.348211 0.383497 0.206031 0.018857
3 0.126802 0.406208 0.047703 0.017813
0 0.265422 0.394668 0.407164 0.046431
1 0.086702 0.433348 0.041885 0.019024
2 0.151283 0.432922 0.074384 0.019238
3 0.325867 0.432396 0.253529 0.019170
3 0.277785 0.453964 0.348525 0.019797
3 0.278034 0.475213 0.348525 0.019797
3 0.283283 0.496429 0.358525 0.019863
3 0.278532 0.517711 0.348525 0.019797
3 0.278782 0.538961 0.348525 0.019797
3 0.279031 0.560210 0.348525 0.019797
3 0.279280 0.581459 0.348525 0.019797
3 0.200366 0.603230 0.190198 0.018753
0 0.266866 0.517788 0.408908 0.195175
1 0.089114 0.638965 0.041885 0.019024
2 0.148695 0.638572 0.064384 0.019173
3 0.326195 0.638027 0.269361 0.019275
3 0.129785 0.660573 0.047703 0.017813
0 0.268405 0.649033 0.407164 0.046431
1 0.100094 0.687020 0.062717 0.019162
2 0.184258 0.686465 0.092716 0.019359
3 0.352175 0.685982 0.221863 0.018961
3 0.233262 0.708017 0.253529 0.019170
0 0.268970 0.697156 0.407164 0.046431
1 0.111148 0.741324 0.083550 0.019299
2 0.191145 0.740796 0.063551 0.019167
3 0.312814 0.740619 0.158532 0.018544
0 0.269483 0.740905 0.406915 0.025181
1 0.111485 0.770073 0.083550 0.019299
2 0.185649 0.769584 0.051885 0.019090
3 0.309401 0.769393 0.174365 0.018648
0 0.269820 0.769654 0.406915 0.025181
1 0.111844 0.800697 0.083550 0.019299
2 0.186008 0.800208 0.051885 0.019090
3 0.341426 0.799808 0.237696 0.019066
3 0.131683 0.822442 0.047703 0.017813
0 0.270303 0.810902 0.407164 0.046431
1 0.091576 0.848957 0.041885 0.019024
2 0.152407 0.848556 0.066884 0.019189
0 0.270743 0.848401 0.406915 0.025181
1 0.112775 0.880069 0.083550 0.019299
2 0.186522 0.879582 0.051051 0.019085
3 0.341523 0.879185 0.237696 0.019066
3 0.283025 0.900822 0.348525 0.019797
3 0.288274 0.922038 0.358525 0.019863
3 0.283523 0.943320 0.348525 0.019797
3 0.288772 0.964536 0.358525 0.019863
3 0.284022 0.985818 0.348525 0.019797
3 0.228856 1.000000 0.237696 0.019066
0 0.271857 0.943397 0.408410 0.152676
1 0.549291 0.084034 0.041885 0.019024
2 0.619288 0.083572 0.085217 0.019310
0 0.728458 0.083477 0.406915 0.025181
1 0.549694 0.118407 0.041885 0.019024
2 0.614692 0.117979 0.075217 0.019244
3 0.742194 0.117763 0.158532 0.018544
0 0.728861 0.117851 0.406915 0.025181
1 0.570886 0.148894 0.083550 0.019299
2 0.662549 0.148289 0.086883 0.019321
0 0.729220 0.148475 0.406915 0.025181
1 0.550376 0.176530 0.041885 0.019024
2 0.605790 0.176165 0.056051 0.019118
3 0.787041 0.175594 0.285194 0.019379
3 0.741458 0.197146 0.348525 0.019797
3 0.741707 0.218395 0.348525 0.019797
3 0.741956 0.239644 0.348525 0.019797
3 0.747205 0.260860 0.358525 0.019863
3 0.742455 0.282142 0.348525 0.019797
3 0.742704 0.303392 0.348525 0.019797
3 0.747953 0.324608 0.358525 0.019863
3 0.624457 0.346673 0.111034 0.018230
0 0.730539 0.260970 0.408908 0.195175
1 0.552735 0.377772 0.041885 0.019024
2 0.603984 0.377434 0.047718 0.019063
3 0.781067 0.376891 0.285194 0.019379
3 0.577574 0.399484 0.016038 0.017604
0 0.732027 0.387840 0.407164 0.046431
1 0.553314 0.427146 0.041885 0.019024
2 0.629562 0.426643 0.097716 0.019392
3 0.807895 0.426091 0.237696 0.019066
3 0.744397 0.447761 0.348525 0.019797
3 0.744646 0.469010 0.348525 0.019797
3 0.744895 0.490259 0.348525 0.019797
3 0.681814 0.511926 0.221863 0.018961
0 0.732980 0.469087 0.407911 0.110178
1 0.565079 0.542072 0.062717 0.019162
2 0.632160 0.541630 0.058551 0.019134
3 0.798827 0.541156 0.253529 0.019170
3 0.642833 0.563435 0.142700 0.018439
0 0.733955 0.552209 0.407164 0.046431
1 0.555220 0.589639 0.041885 0.019024
2 0.604801 0.589312 0.044385 0.019041
3 0.740637 0.589041 0.206031 0.018857
0 0.734387 0.589082 0.406915 0.025181
1 0.555542 0.617138 0.041885 0.019024
2 0.622206 0.616698 0.078550 0.019266
3 0.798874 0.616158 0.253529 0.019170
3 0.651628 0.638380 0.158532 0.018544
0 0.734834 0.627206 0.407164 0.046431
1 0.576983 0.668874 0.083550 0.019299
2 0.656563 0.668349 0.062717 0.019162
0 0.735318 0.668454 0.406915 0.025181
1 0.556488 0.697760 0.041885 0.019024
2 0.613569 0.697384 0.059384 0.019140
3 0.788569 0.696854 0.269361 0.019275
3 0.581327 0.719472 0.016038 0.017604
0 0.735779 0.707828 0.407164 0.046431
1 0.567571 0.754564 0.062717 0.019162
2 0.651318 0.754012 0.091883 0.019354
3 0.818819 0.753532 0.221863 0.018961
3 0.597826 0.776240 0.047703 0.017813
0 0.736446 0.764701 0.407164 0.046431
1 0.578581 0.805118 0.083550 0.019299
2 0.657328 0.804599 0.061051 0.019151
3 0.817329 0.804169 0.237696 0.019066
3 0.709249 0.826132 0.269361 0.019275
0 0.737040 0.815324 0.407164 0.046431
1 0.558379 0.859004 0.041885 0.019024
2 0.611293 0.858655 0.051051 0.019085
3 0.790044 0.858101 0.285194 0.019379
3 0.749461 0.879619 0.348525 0.019797
3 0.749710 0.900868 0.348525 0.019797
3 0.754959 0.922085 0.358525 0.019863
3 0.750209 0.943367 0.348525 0.019797
3 0.710876 0.964877 0.269361 0.019275
0 0.738169 0.911570 0.408161 0.131427
