1 0.077687 0.089956 0.042106 0.019304
2 0.142676 0.089087 0.075434 0.019750
3 0.317664 0.087372 0.253709 0.020884
3 0.269010 0.109276 0.348694 0.022154
3 0.158699 0.132005 0.127062 0.019191
0 0.257345 0.109432 0.408147 0.070427
1 0.079351 0.159945 0.042106 0.019304
2 0.151839 0.158976 0.090431 0.019950
3 0.326410 0.157266 0.237878 0.020673
3 0.167773 0.180641 0.142893 0.019402
0 0.258756 0.168798 0.407642 0.049180
1 0.101399 0.210908 0.083766 0.019861
2 0.168888 0.210006 0.038773 0.019260
3 0.325545 0.208536 0.253709 0.020884
3 0.271892 0.230507 0.348694 0.022154
3 0.272397 0.251754 0.348694 0.022154
3 0.272902 0.273000 0.348694 0.022154
0 0.260479 0.241286 0.408652 0.091673
1 0.093227 0.305408 0.062936 0.019583
2 0.166965 0.304421 0.072101 0.019705
3 0.332370 0.302835 0.237878 0.020673
3 0.274135 0.324867 0.348694 0.022154
0 0.262217 0.314400 0.407642 0.049180
1 0.083956 0.353664 0.042106 0.019304
2 0.139364 0.352923 0.056270 0.019493
3 0.281023 0.351654 0.206217 0.020249
0 0.263109 0.351894 0.407137 0.027933
1 0.084609 0.381160 0.042106 0.019304
2 0.152515 0.380252 0.081266 0.019828
0 0.263762 0.379389 0.407137 0.027933
1 0.085263 0.408655 0.042106 0.019304
2 0.135672 0.407981 0.046272 0.019360
3 0.311908 0.406250 0.285371 0.021308
3 0.276586 0.427976 0.348694 0.022154
3 0.282090 0.449155 0.358692 0.022288
3 0.277596 0.470469 0.348694 0.022154
3 0.254355 0.492033 0.301201 0.021519
0 0.265426 0.449378 0.409157 0.112920
1 0.104273 0.524670 0.074601 0.019739
2 0.175512 0.523717 0.055437 0.019482
3 0.340501 0.522136 0.253709 0.020884
3 0.144787 0.546006 0.079570 0.018556
0 0.267432 0.533740 0.407642 0.049180
1 0.089259 0.576754 0.042106 0.019304
2 0.157998 0.575835 0.082933 0.019850
3 0.336735 0.574070 0.253709 0.020884
3 0.153935 0.597767 0.095401 0.018767
0 0.268665 0.585606 0.407642 0.049180
1 0.090433 0.626121 0.042106 0.019304
2 0.150423 0.625319 0.065435 0.019616
3 0.328326 0.623565 0.269540 0.021096
3 0.281756 0.645441 0.348694 0.022154
3 0.287260 0.666621 0.358692 0.022288
3 0.282766 0.687934 0.348694 0.022154
3 0.204117 0.710239 0.190386 0.020037
0 0.270596 0.666844 0.409157 0.112920
1 0.114055 0.743324 0.083766 0.019861
2 0.194043 0.742254 0.063769 0.019594
3 0.347367 0.740829 0.222047 0.020461
3 0.284548 0.762922 0.348694 0.022154
3 0.285053 0.784169 0.348694 0.022154
3 0.285558 0.805416 0.348694 0.022154
3 0.286064 0.826662 0.348694 0.022154
3 0.239076 0.848544 0.253709 0.020884
0 0.273641 0.794948 0.409662 0.134167
1 0.106879 0.879691 0.062936 0.019583
2 0.164370 0.878922 0.039606 0.019271
3 0.329358 0.877341 0.269540 0.021096
3 0.287787 0.899151 0.348694 0.022154
3 0.288292 0.920397 0.348694 0.022154
3 0.288797 0.941644 0.348694 0.022154
3 0.289302 0.962891 0.348694 0.022154
3 0.163161 0.985831 0.095401 0.018767
0 0.276880 0.931177 0.409662 0.134167
1 0.544279 0.083717 0.042106 0.019304
2 0.597188 0.083009 0.051271 0.019427
3 0.775924 0.081244 0.285371 0.021308
3 0.640617 0.104307 0.158724 0.019614
0 0.723685 0.092570 0.407642 0.049180
1 0.566402 0.137805 0.083766 0.019861
2 0.647222 0.136724 0.065435 0.019616
3 0.774717 0.135644 0.168723 0.019748
0 0.724725 0.136313 0.407137 0.027933
1 0.546344 0.170578 0.042106 0.019304
2 0.617166 0.169631 0.087099 0.019906
3 0.795070 0.167877 0.247877 0.020806
3 0.571444 0.192121 0.016247 0.017709
0 0.725750 0.179431 0.407642 0.049180
1 0.557962 0.221056 0.062936 0.019583
2 0.633784 0.220042 0.076267 0.019761
3 0.769610 0.218851 0.174555 0.019826
0 0.726701 0.219424 0.407137 0.027933
1 0.548290 0.252440 0.042106 0.019304
2 0.612030 0.251588 0.072934 0.019716
3 0.790767 0.249823 0.263707 0.021018
3 0.739613 0.271760 0.348694 0.022154
3 0.740118 0.293007 0.348694 0.022154
3 0.740623 0.314253 0.348694 0.022154
3 0.638228 0.336876 0.142893 0.019402
0 0.728453 0.293163 0.409157 0.112920
1 0.571898 0.369018 0.083766 0.019861
2 0.651052 0.367959 0.062103 0.019571
0 0.730221 0.367526 0.407137 0.027933
1 0.551737 0.397417 0.042106 0.019304
2 0.614227 0.396581 0.070435 0.019683
3 0.794630 0.394794 0.269540 0.021096
0 0.730890 0.395646 0.407137 0.027933
1 0.562880 0.427898 0.062936 0.019583
2 0.648283 0.426756 0.095431 0.020017
0 0.731618 0.426267 0.407137 0.027933
1 0.553133 0.456158 0.042106 0.019304
2 0.605625 0.455456 0.050438 0.019416
3 0.783945 0.453696 0.285371 0.021308
3 0.594063 0.477489 0.047908 0.018132
0 0.732539 0.465010 0.407642 0.049180
1 0.575092 0.503372 0.083766 0.019861
2 0.649247 0.502380 0.052104 0.019438
3 0.804654 0.500927 0.237878 0.020673
3 0.658515 0.524135 0.174555 0.019826
0 0.733668 0.512503 0.407642 0.049180
1 0.555599 0.559891 0.042106 0.019304
2 0.610590 0.559156 0.055437 0.019482
3 0.791410 0.557363 0.285371 0.021308
3 0.751921 0.579144 0.358692 0.022288
3 0.747427 0.600458 0.348694 0.022154
3 0.747932 0.621705 0.348694 0.022154
3 0.590129 0.645068 0.032078 0.017921
0 0.735762 0.600614 0.409157 0.112920
1 0.579266 0.678969 0.083766 0.019861
2 0.650088 0.678022 0.045439 0.019349
3 0.770501 0.677037 0.174555 0.019826
0 0.737589 0.677477 0.407137 0.027933
1 0.559120 0.707993 0.042106 0.019304
2 0.623276 0.707135 0.073767 0.019727
3 0.797430 0.705431 0.253709 0.020884
3 0.750443 0.727313 0.348694 0.022154
3 0.750948 0.748559 0.348694 0.022154
3 0.656468 0.771076 0.158724 0.019614
0 0.739030 0.738092 0.408652 0.091673
1 0.561393 0.803602 0.042106 0.019304
2 0.620966 0.802806 0.064602 0.019605
3 0.798453 0.801058 0.269540 0.021096
3 0.752715 0.822923 0.348694 0.022154
3 0.658236 0.845439 0.158724 0.019614
0 0.741051 0.823079 0.408147 0.070427
1 0.563041 0.872966 0.042106 0.019304
2 0.617200 0.872242 0.053771 0.019460
0 0.742195 0.871196 0.407137 0.027933
