3 0.504753 0.031307 0.990493 0.036643
0 0.096155 0.079621 0.042050 0.019233
1 0.145732 0.080199 0.044550 0.019262
2 0.273621 0.082313 0.190339 0.019711
0 0.105936 0.110364 0.062881 0.019476
1 0.176761 0.111189 0.066214 0.019514
0 0.115718 0.141106 0.083711 0.019718
1 0.203207 0.142125 0.078712 0.019660
2 0.356092 0.144531 0.206171 0.019895
2 0.285244 0.164959 0.348654 0.021555
2 0.284804 0.186206 0.348654 0.021555
2 0.284364 0.207453 0.348654 0.021555
2 0.283924 0.228701 0.348654 0.021555
2 0.283484 0.249948 0.348654 0.021555
2 0.251382 0.270827 0.285328 0.020817
0 0.091691 0.295220 0.042050 0.019233
1 0.157516 0.295987 0.077046 0.019641
2 0.338315 0.298718 0.263664 0.020565
2 0.131649 0.317563 0.047857 0.018051
0 0.090642 0.345839 0.042050 0.019233
1 0.136470 0.346373 0.037050 0.019175
2 0.316019 0.349089 0.301159 0.021001
2 0.281000 0.369934 0.348654 0.021555
2 0.209318 0.390351 0.206171 0.019895
0 0.099492 0.421576 0.062881 0.019476
1 0.176566 0.422474 0.078712 0.019660
2 0.321536 0.424788 0.190339 0.019711
0 0.109235 0.454194 0.083711 0.019718
1 0.177143 0.454985 0.039550 0.019204
0 0.098146 0.486568 0.062881 0.019476
1 0.173554 0.487447 0.075379 0.019621
2 0.340604 0.490017 0.237834 0.020264
2 0.278088 0.510542 0.348654 0.021555
2 0.150997 0.530314 0.095351 0.018604
0 0.086139 0.563313 0.042050 0.019233
1 0.149048 0.564045 0.071213 0.019573
2 0.314015 0.566592 0.237834 0.020264
0 0.085466 0.595809 0.042050 0.019233
1 0.146709 0.596522 0.067880 0.019534
2 0.325841 0.599234 0.269497 0.020633
2 0.275824 0.619904 0.348654 0.021555
2 0.275384 0.641151 0.348654 0.021555
2 0.274944 0.662399 0.348654 0.021555
2 0.263672 0.683520 0.326990 0.021302
0 0.093553 0.708417 0.062881 0.019476
1 0.176876 0.709387 0.091211 0.019806
2 0.343926 0.711958 0.222002 0.020079
2 0.278494 0.732448 0.358652 0.021671
2 0.273055 0.753638 0.348654 0.021555
2 0.272615 0.774885 0.348654 0.021555
2 0.264259 0.796040 0.332822 0.021370
0 0.091249 0.819653 0.062881 0.019476
1 0.153325 0.820376 0.048716 0.019311
2 0.283296 0.822515 0.190339 0.019711
0 0.090525 0.854649 0.062881 0.019476
1 0.164266 0.855508 0.072046 0.019582
2 0.329649 0.858059 0.237834 0.020264
2 0.215057 0.877977 0.237834 0.020264
0 0.562765 0.085056 0.042050 0.019233
1 0.620675 0.085730 0.061214 0.019456
2 0.725233 0.087573 0.127014 0.018973
0 0.572456 0.120173 0.062881 0.019476
1 0.650780 0.121085 0.081212 0.019689
2 0.817830 0.123656 0.232001 0.020196
2 0.681157 0.143317 0.206171 0.019895
0 0.571292 0.176416 0.062881 0.019476
1 0.644199 0.177265 0.070380 0.019563
2 0.813749 0.179865 0.247832 0.020380
2 0.656245 0.199283 0.158677 0.019342
0 0.559854 0.225664 0.042050 0.019233
1 0.618597 0.226348 0.062881 0.019476
0 0.579947 0.261527 0.083711 0.019718
1 0.664937 0.262517 0.073713 0.019602
2 0.823238 0.264986 0.222002 0.020079
2 0.749474 0.285380 0.348654 0.021555
2 0.749034 0.306627 0.348654 0.021555
2 0.748594 0.327874 0.348654 0.021555
2 0.748154 0.349122 0.348654 0.021555
2 0.705219 0.369874 0.263664 0.020565
0 0.577178 0.395261 0.083711 0.019718
1 0.658001 0.396203 0.065380 0.019505
2 0.788389 0.398346 0.174508 0.019526
0 0.576621 0.422133 0.083711 0.019718
1 0.668277 0.423201 0.087044 0.019757
2 0.822412 0.425621 0.200338 0.019827
2 0.746148 0.445985 0.348654 0.021555
2 0.745708 0.467233 0.348654 0.021555
2 0.697774 0.487927 0.253665 0.020448
0 0.564174 0.520125 0.062881 0.019476
1 0.638332 0.520989 0.072879 0.019592
2 0.804133 0.523545 0.237834 0.020264
2 0.744116 0.544098 0.348654 0.021555
2 0.743676 0.565346 0.348654 0.021555
2 0.743236 0.586593 0.348654 0.021555
2 0.624061 0.606458 0.111182 0.018789
0 0.561703 0.639485 0.062881 0.019476
1 0.632528 0.640310 0.066214 0.019514
0 0.550666 0.669360 0.042050 0.019233
1 0.613575 0.670093 0.071213 0.019573
2 0.794374 0.672824 0.269497 0.020633
2 0.741024 0.693455 0.348654 0.021555
2 0.740584 0.714703 0.348654 0.021555
2 0.573914 0.734014 0.016194 0.017682
0 0.559115 0.764470 0.062881 0.019476
1 0.622024 0.765203 0.050382 0.019330
2 0.792407 0.767813 0.269497 0.020633
2 0.699478 0.787983 0.269497 0.020633
0 0.568456 0.816460 0.083711 0.019718
1 0.658029 0.817504 0.082878 0.019709
0 0.557368 0.848835 0.062881 0.019476
1 0.629859 0.849680 0.069547 0.019553
2 0.793993 0.852216 0.237834 0.020264
2 0.737310 0.872809 0.348654 0.021555
2 0.736870 0.894056 0.348654 0.021555
2 0.736430 0.915304 0.348654 0.021555
2 0.735990 0.936551 0.348654 0.021555
2 0.735550 0.957798 0.348654 0.021555
2 0.716362 0.978828 0.311158 0.021118
