0 0.086030 0.085198 0.041733 0.018833
1 0.146447 0.085077 0.065899 0.018881
2 0.324782 0.085347 0.269228 0.018036
2 0.142358 0.106961 0.079228 0.017658
0 0.107052 0.138281 0.083399 0.018916
1 0.174968 0.138146 0.039233 0.018828
2 0.332053 0.138458 0.253394 0.018004
2 0.277128 0.159818 0.348394 0.018193
2 0.277204 0.181067 0.348394 0.018193
2 0.277279 0.202317 0.348394 0.018193
2 0.119021 0.223883 0.031728 0.017563
0 0.086645 0.258947 0.041733 0.018833
1 0.160395 0.258800 0.092566 0.018934
2 0.304563 0.259138 0.174228 0.017847
0 0.086738 0.285197 0.041733 0.018833
1 0.150071 0.285071 0.071733 0.018893
2 0.331323 0.285335 0.269228 0.018036
2 0.282648 0.306682 0.358394 0.018213
2 0.277724 0.327942 0.348394 0.018193
2 0.151133 0.349444 0.095062 0.017689
0 0.087057 0.375197 0.041733 0.018833
1 0.134557 0.375102 0.040066 0.018830
2 0.315808 0.375366 0.300894 0.018099
2 0.182967 0.396881 0.158395 0.017815
0 0.108087 0.430780 0.083399 0.018916
1 0.189337 0.430618 0.065899 0.018881
2 0.343922 0.430936 0.221728 0.017941
2 0.188164 0.452496 0.168395 0.017835
0 0.097861 0.484551 0.062566 0.018874
1 0.156194 0.484434 0.040900 0.018831
0 0.087561 0.517696 0.041733 0.018833
1 0.146311 0.517579 0.062566 0.018874
0 0.087665 0.547071 0.041733 0.018833
1 0.154332 0.546938 0.078399 0.018906
2 0.331000 0.547212 0.253394 0.018004
2 0.183576 0.568755 0.158395 0.017815
0 0.098254 0.595800 0.062566 0.018874
1 0.172004 0.595653 0.071733 0.018893
2 0.342422 0.595939 0.247561 0.017993
2 0.120415 0.617631 0.031728 0.017563
0 0.108848 0.645779 0.083399 0.018916
1 0.193014 0.645612 0.071733 0.018893
2 0.350516 0.645923 0.221728 0.017941
2 0.283925 0.667306 0.358394 0.018213
2 0.279000 0.688566 0.348394 0.018193
2 0.279075 0.709816 0.348394 0.018193
2 0.279150 0.731066 0.348394 0.018193
2 0.279226 0.752315 0.348394 0.018193
2 0.279301 0.773565 0.348394 0.018193
2 0.173543 0.795026 0.136728 0.017772
0 0.109485 0.825779 0.083399 0.018916
1 0.179485 0.825639 0.043400 0.018836
2 0.338653 0.825947 0.253394 0.018004
0 0.109578 0.852029 0.083399 0.018916
1 0.185411 0.851878 0.055066 0.018859
2 0.344579 0.852186 0.241728 0.017981
2 0.279655 0.873565 0.348394 0.018193
2 0.279730 0.894815 0.348394 0.018193
2 0.279805 0.916065 0.348394 0.018193
2 0.145298 0.937583 0.079228 0.017658
0 0.552695 0.084269 0.041733 0.018833
1 0.626028 0.084123 0.091733 0.018932
2 0.777697 0.084446 0.190061 0.017878
0 0.573621 0.110477 0.083399 0.018916
1 0.660288 0.110304 0.076733 0.018903
2 0.820289 0.110611 0.221728 0.017941
2 0.748698 0.132004 0.358394 0.018213
2 0.743774 0.153263 0.348394 0.018193
2 0.743849 0.174513 0.348394 0.018193
2 0.743924 0.195763 0.348394 0.018193
2 0.712333 0.217076 0.285061 0.018067
0 0.563689 0.247372 0.062566 0.018874
1 0.647856 0.247205 0.092566 0.018934
2 0.815774 0.247495 0.221728 0.017941
2 0.617517 0.269140 0.095062 0.017689
0 0.563882 0.301747 0.062566 0.018874
1 0.638882 0.301598 0.074233 0.018898
2 0.805550 0.301891 0.237561 0.017973
2 0.633542 0.323483 0.126728 0.017752
0 0.574480 0.352976 0.083399 0.018916
1 0.640730 0.352844 0.035900 0.018821
0 0.553762 0.385518 0.041733 0.018833
1 0.607511 0.385411 0.052566 0.018854
2 0.731680 0.385788 0.174228 0.017847
0 0.574701 0.415476 0.083399 0.018916
1 0.659284 0.415308 0.072566 0.018894
2 0.793453 0.415665 0.174228 0.017847
0 0.574825 0.450476 0.083399 0.018916
1 0.664408 0.450297 0.082566 0.018914
0 0.570366 0.485485 0.074233 0.018898
1 0.640782 0.485345 0.053400 0.018856
2 0.804950 0.485643 0.253394 0.018004
2 0.729192 0.507044 0.316727 0.018130
0 0.564731 0.541746 0.062566 0.018874
1 0.626398 0.541623 0.047566 0.018845
2 0.795566 0.541912 0.269228 0.018036
2 0.642308 0.563467 0.142561 0.017784
0 0.564922 0.595496 0.062566 0.018874
1 0.630338 0.595366 0.055066 0.018859
0 0.565028 0.625496 0.062566 0.018874
1 0.644611 0.625338 0.083399 0.018916
2 0.807946 0.625637 0.221728 0.017941
2 0.745521 0.647012 0.348394 0.018193
2 0.745596 0.668262 0.348394 0.018193
2 0.747755 0.689507 0.352561 0.018202
2 0.745747 0.710761 0.348394 0.018193
2 0.750822 0.732001 0.358394 0.018213
2 0.706314 0.753340 0.269228 0.018036
0 0.575989 0.779225 0.083399 0.018916
1 0.660155 0.779057 0.071733 0.018893
2 0.783073 0.779437 0.152561 0.017804
0 0.565674 0.807995 0.062566 0.018874
1 0.630257 0.807867 0.053400 0.018856
2 0.746925 0.808259 0.158395 0.017815
0 0.576194 0.837349 0.083399 0.018916
1 0.653277 0.837196 0.057566 0.018864
2 0.811612 0.837506 0.237561 0.017973
2 0.746271 0.858886 0.348394 0.018193
2 0.746346 0.880136 0.348394 0.018193
2 0.746422 0.901386 0.348394 0.018193
2 0.751497 0.922626 0.358394 0.018213
2 0.588239 0.944201 0.031728 0.017563
