3 0.500763 0.035001 0.998475 0.026894
0 0.088901 0.083595 0.041730 0.018829
1 0.136401 0.083685 0.040063 0.018826
0 0.088791 0.116095 0.041730 0.018829
1 0.143791 0.116199 0.055063 0.018854
2 0.245455 0.117017 0.126725 0.017740
0 0.088690 0.146095 0.041730 0.018829
1 0.152023 0.146215 0.071730 0.018886
2 0.333271 0.147183 0.269225 0.018010
0 0.099008 0.175490 0.062563 0.018868
1 0.184841 0.175652 0.095896 0.018931
0 0.088480 0.208595 0.041730 0.018829
1 0.147230 0.208706 0.062563 0.018868
2 0.320977 0.209660 0.263391 0.017999
2 0.279239 0.230831 0.348391 0.018160
2 0.279167 0.252081 0.348391 0.018160
2 0.279096 0.273331 0.348391 0.018160
2 0.279024 0.294581 0.348391 0.018160
2 0.278953 0.315831 0.348391 0.018160
2 0.215548 0.336961 0.221725 0.017920
0 0.098358 0.368614 0.062563 0.018868
1 0.182524 0.368773 0.092563 0.018925
2 0.350438 0.369716 0.221725 0.017920
2 0.283700 0.390840 0.358391 0.018179
2 0.278629 0.412080 0.348391 0.018160
2 0.278557 0.433330 0.348391 0.018160
2 0.278486 0.454580 0.348391 0.018160
2 0.278414 0.475830 0.348391 0.018160
2 0.183343 0.496900 0.158392 0.017800
0 0.097811 0.531113 0.062563 0.018868
1 0.177810 0.531265 0.084230 0.018909
2 0.341558 0.532200 0.221725 0.017920
2 0.278153 0.553330 0.348391 0.018160
2 0.278082 0.574580 0.348391 0.018160
2 0.278010 0.595830 0.348391 0.018160
2 0.214605 0.616960 0.221725 0.017920
0 0.107825 0.650508 0.083396 0.018908
1 0.192825 0.650669 0.073396 0.018889
2 0.303656 0.651504 0.126725 0.017740
0 0.107705 0.686133 0.083396 0.018908
1 0.188538 0.686286 0.065063 0.018873
2 0.342703 0.687203 0.221725 0.017920
2 0.166798 0.708120 0.126725 0.017740
0 0.097101 0.741738 0.062563 0.018868
1 0.179185 0.741893 0.088396 0.018917
2 0.337099 0.742817 0.205892 0.017890
0 0.107402 0.776132 0.083396 0.018908
1 0.192819 0.776294 0.074230 0.018890
2 0.351566 0.777220 0.221725 0.017920
2 0.158579 0.798104 0.110892 0.017710
0 0.086403 0.825468 0.041730 0.018829
1 0.150986 0.825590 0.074230 0.018890
2 0.325567 0.826546 0.253391 0.017980
2 0.277162 0.847704 0.348391 0.018160
2 0.277090 0.868954 0.348391 0.018160
2 0.279102 0.890208 0.352558 0.018168
2 0.276947 0.911454 0.348391 0.018160
2 0.276876 0.932704 0.348391 0.018160
2 0.276804 0.953954 0.348391 0.018160
2 0.276733 0.975204 0.348391 0.018160
2 0.165828 0.993687 0.126725 0.012626
0 0.555566 0.084479 0.041730 0.018829
1 0.608482 0.084579 0.050896 0.018846
2 0.787230 0.085543 0.285058 0.018040
2 0.746325 0.106715 0.348391 0.018160
2 0.751253 0.127975 0.358391 0.018179
2 0.746182 0.149215 0.348391 0.018160
2 0.746110 0.170465 0.348391 0.018160
2 0.751039 0.191724 0.358391 0.018179
2 0.745967 0.212965 0.348391 0.018160
2 0.745896 0.234215 0.348391 0.018160
2 0.611241 0.255210 0.079225 0.017650
0 0.575711 0.288893 0.083396 0.018908
1 0.658211 0.289049 0.068396 0.018879
2 0.782375 0.289909 0.158392 0.017800
0 0.565200 0.316998 0.062563 0.018868
1 0.628949 0.317119 0.051730 0.018848
2 0.792280 0.318053 0.253391 0.017980
2 0.595126 0.338930 0.047559 0.017590
0 0.554604 0.370103 0.041730 0.018829
1 0.625437 0.370237 0.086730 0.018914
0 0.554488 0.404478 0.041730 0.018829
1 0.614905 0.404592 0.065896 0.018875
2 0.793236 0.405555 0.269225 0.018010
2 0.602748 0.426444 0.063392 0.017620
0 0.554301 0.460103 0.041730 0.018829
1 0.600134 0.460190 0.036730 0.018819
2 0.779715 0.461155 0.300891 0.018070
2 0.578811 0.482024 0.015892 0.017530
0 0.554124 0.512603 0.041730 0.018829
1 0.626208 0.512739 0.089230 0.018919
2 0.800372 0.513694 0.237558 0.017950
2 0.618217 0.534599 0.095059 0.017680
0 0.564373 0.562622 0.062563 0.018868
1 0.631039 0.562748 0.057563 0.018859
2 0.794370 0.563683 0.247558 0.017969
2 0.578466 0.584524 0.015892 0.017530
0 0.564213 0.610122 0.062563 0.018868
1 0.627546 0.610242 0.050896 0.018846
2 0.782543 0.611160 0.237558 0.017950
0 0.574541 0.636392 0.083396 0.018908
1 0.644541 0.636524 0.043396 0.018832
2 0.803705 0.637451 0.253391 0.017980
2 0.633634 0.658379 0.126725 0.017740
0 0.574360 0.690141 0.083396 0.018908
1 0.644776 0.690275 0.044230 0.018834
2 0.804357 0.691202 0.253391 0.017980
2 0.665119 0.712188 0.190058 0.017860
0 0.574192 0.740141 0.083396 0.018908
1 0.662108 0.740308 0.079230 0.018900
0 0.574097 0.768266 0.083396 0.018908
1 0.648263 0.768407 0.051730 0.018848
0 0.553167 0.796977 0.041730 0.018829
1 0.611917 0.797088 0.062563 0.018868
2 0.788581 0.798047 0.269225 0.018010
2 0.743926 0.819213 0.348391 0.018160
2 0.680521 0.840343 0.221725 0.017920
0 0.573748 0.872016 0.083396 0.018908
1 0.658331 0.872176 0.072563 0.018887
