1 0.095002 0.085970 0.062631 0.018997
2 0.182501 0.085624 0.099297 0.019142
3 0.345836 0.085604 0.205953 0.018313
3 0.275570 0.107132 0.348451 0.018876
3 0.275719 0.128381 0.348451 0.018876
0 0.263903 0.107178 0.407118 0.066606
1 0.105937 0.159678 0.083464 0.019079
2 0.185936 0.159361 0.063464 0.019000
3 0.339271 0.159380 0.221787 0.018376
3 0.157340 0.181350 0.110955 0.017938
0 0.264347 0.170302 0.406968 0.045357
1 0.085459 0.210384 0.041798 0.018914
2 0.154625 0.210111 0.083464 0.019079
3 0.333794 0.210028 0.253453 0.018501
3 0.126029 0.232099 0.047622 0.017687
0 0.264703 0.220926 0.406968 0.045357
1 0.106666 0.263426 0.083464 0.019079
2 0.194581 0.263079 0.079297 0.019063
3 0.347917 0.263098 0.205953 0.018313
3 0.281817 0.284609 0.358451 0.018916
3 0.276966 0.305879 0.348451 0.018876
3 0.277116 0.327128 0.348451 0.018876
3 0.277265 0.348378 0.348451 0.018876
3 0.277414 0.369628 0.348451 0.018876
3 0.282563 0.390858 0.358451 0.018916
3 0.238130 0.412284 0.269286 0.018564
0 0.265524 0.337799 0.407864 0.172855
1 0.087124 0.447256 0.041798 0.018914
2 0.146706 0.447021 0.064298 0.019003
3 0.324208 0.446944 0.269286 0.018564
3 0.278108 0.468377 0.348451 0.018876
3 0.283257 0.489606 0.358451 0.018916
3 0.222991 0.511095 0.237620 0.018438
0 0.266516 0.479047 0.407267 0.087856
1 0.108651 0.545922 0.083464 0.019079
2 0.201149 0.545557 0.088464 0.019099
0 0.266986 0.545922 0.406819 0.024107
1 0.098436 0.574713 0.062631 0.018997
2 0.173852 0.574415 0.075131 0.019046
3 0.340937 0.574380 0.237620 0.018438
3 0.112756 0.596532 0.015956 0.017562
0 0.267263 0.585296 0.406968 0.045357
1 0.088388 0.627253 0.041798 0.018914
2 0.148388 0.627016 0.065131 0.019007
3 0.318390 0.626970 0.253453 0.018501
0 0.267557 0.627170 0.406819 0.024107
1 0.109459 0.660921 0.083464 0.019079
2 0.181124 0.660637 0.046798 0.018934
3 0.334043 0.660658 0.237620 0.018438
3 0.279610 0.682124 0.348451 0.018876
3 0.279759 0.703373 0.348451 0.018876
3 0.284908 0.724603 0.358451 0.018916
3 0.280058 0.745873 0.348451 0.018876
3 0.280207 0.767122 0.348451 0.018876
3 0.280356 0.788372 0.348451 0.018876
3 0.264673 0.809684 0.316785 0.018751
0 0.268317 0.735294 0.407864 0.172855
1 0.089912 0.844125 0.041798 0.018914
2 0.150328 0.843887 0.065964 0.019010
0 0.269081 0.844042 0.406819 0.024107
1 0.100526 0.872209 0.062631 0.018997
2 0.175525 0.871913 0.074297 0.019043
3 0.318444 0.871973 0.190120 0.018251
0 0.269278 0.872167 0.406819 0.024107
1 0.561662 0.084126 0.062631 0.018997
2 0.631245 0.083851 0.063464 0.019000
3 0.800413 0.083807 0.253453 0.018501
3 0.647231 0.105663 0.158454 0.018126
0 0.730489 0.094708 0.406968 0.045357
1 0.562049 0.139125 0.062631 0.018997
2 0.636631 0.138830 0.073464 0.019040
3 0.802883 0.138798 0.237620 0.018438
3 0.742617 0.160286 0.348451 0.018876
3 0.742766 0.181536 0.348451 0.018876
3 0.742915 0.202786 0.348451 0.018876
3 0.703482 0.224192 0.269286 0.018564
0 0.731099 0.181582 0.407416 0.109106
1 0.562861 0.254748 0.062631 0.018997
2 0.623277 0.254509 0.045131 0.018928
3 0.727863 0.254721 0.142621 0.018063
0 0.731613 0.254706 0.406819 0.024107
1 0.552651 0.284164 0.041798 0.018914
2 0.608483 0.283943 0.056798 0.018974
3 0.782235 0.283882 0.269286 0.018564
3 0.743635 0.305284 0.348451 0.018876
3 0.712118 0.326659 0.285119 0.018626
0 0.731969 0.305331 0.407118 0.066606
1 0.553156 0.356038 0.041798 0.018914
2 0.620238 0.355773 0.079297 0.019063
3 0.797324 0.355698 0.253453 0.018501
3 0.617475 0.377659 0.095122 0.017875
0 0.732399 0.366580 0.406968 0.045357
1 0.563933 0.407246 0.062631 0.018997
2 0.646848 0.406918 0.090130 0.019105
3 0.813517 0.406885 0.221787 0.018376
3 0.749500 0.428388 0.358451 0.018916
3 0.749650 0.449638 0.358451 0.018916
3 0.749799 0.470887 0.358451 0.018916
3 0.744948 0.492157 0.348451 0.018876
3 0.747181 0.513398 0.352618 0.018893
3 0.578999 0.535313 0.015956 0.017562
0 0.733132 0.470953 0.407715 0.151605
1 0.565057 0.567244 0.062631 0.018997
2 0.636722 0.566961 0.067631 0.019017
0 0.733809 0.567202 0.406819 0.024107
1 0.575675 0.595952 0.083464 0.019079
2 0.656507 0.595633 0.065131 0.019007
3 0.810676 0.595649 0.221787 0.018376
3 0.745827 0.617155 0.348451 0.018876
3 0.714310 0.638530 0.285119 0.018626
0 0.734160 0.617201 0.407118 0.066606
1 0.555330 0.665409 0.041798 0.018914
2 0.606579 0.665206 0.047631 0.018937
3 0.704499 0.665444 0.126788 0.018000
0 0.734498 0.665326 0.406819 0.024107
1 0.555527 0.693533 0.041798 0.018914
2 0.624693 0.693260 0.083464 0.019079
3 0.803861 0.693177 0.253453 0.018501
3 0.751512 0.714634 0.358451 0.018916
3 0.746661 0.735903 0.348451 0.018876
3 0.746810 0.757153 0.348451 0.018876
3 0.746959 0.778403 0.348451 0.018876
3 0.752109 0.799633 0.358451 0.018916
3 0.739342 0.820934 0.332618 0.018814
0 0.735144 0.757199 0.407715 0.151605
1 0.556656 0.854156 0.041798 0.018914
2 0.605405 0.853963 0.042631 0.018918
3 0.779990 0.853898 0.285119 0.018626
3 0.644725 0.875683 0.142621 0.018063
0 0.735899 0.864698 0.406968 0.045357
