1 0.085857 0.085295 0.041741 0.018843
2 0.148357 0.085156 0.070074 0.018906
0 0.265025 0.085521 0.406754 0.023405
1 0.106826 0.119624 0.083407 0.018935
2 0.190993 0.119436 0.071741 0.018909
3 0.348494 0.119711 0.221735 0.017993
3 0.210662 0.141267 0.215902 0.017980
0 0.265204 0.130521 0.406838 0.044655
1 0.107037 0.172748 0.083407 0.018935
2 0.182870 0.172579 0.055074 0.018872
3 0.337038 0.172861 0.231735 0.018016
3 0.166290 0.194491 0.126735 0.017782
0 0.265414 0.183646 0.406838 0.044655
1 0.086421 0.227794 0.041741 0.018843
2 0.147254 0.227659 0.066741 0.018898
3 0.326006 0.227886 0.269235 0.018099
3 0.190257 0.249438 0.174235 0.017888
0 0.265631 0.238646 0.406838 0.044655
1 0.107467 0.281498 0.083407 0.018935
2 0.196217 0.281300 0.080907 0.018930
0 0.265802 0.281770 0.406754 0.023405
1 0.107598 0.314623 0.083407 0.018935
2 0.195514 0.314427 0.079241 0.018926
3 0.348849 0.314711 0.205902 0.017958
3 0.277684 0.336119 0.348401 0.018275
3 0.277768 0.357369 0.348401 0.018275
3 0.277852 0.378619 0.348401 0.018275
3 0.119603 0.400221 0.031736 0.017570
0 0.266101 0.357395 0.407090 0.108405
1 0.108068 0.433372 0.083407 0.018935
2 0.179734 0.433213 0.046741 0.018854
3 0.332653 0.433497 0.237568 0.018029
3 0.127738 0.455203 0.047569 0.017606
0 0.266445 0.444270 0.406838 0.044655
1 0.108268 0.483997 0.083407 0.018935
2 0.195768 0.483802 0.078407 0.018924
0 0.266603 0.484269 0.406754 0.023405
1 0.097960 0.511520 0.062574 0.018889
2 0.164210 0.511373 0.056741 0.018876
3 0.330045 0.511628 0.253401 0.018064
3 0.185547 0.533200 0.162569 0.017862
0 0.266754 0.522394 0.406838 0.044655
1 0.087742 0.561543 0.041741 0.018843
2 0.138575 0.561430 0.046741 0.018854
3 0.315243 0.561662 0.285068 0.018134
3 0.278661 0.582993 0.348401 0.018275
3 0.278745 0.604243 0.348401 0.018275
3 0.255079 0.625546 0.300901 0.018170
0 0.267036 0.593644 0.407006 0.087155
1 0.098544 0.659019 0.062574 0.018889
2 0.171877 0.658856 0.070907 0.018908
3 0.336879 0.659114 0.237568 0.018029
3 0.157380 0.680763 0.105069 0.017734
0 0.267338 0.669894 0.406838 0.044655
1 0.109149 0.706496 0.083407 0.018935
2 0.188732 0.706319 0.062574 0.018889
3 0.341650 0.706603 0.221735 0.017993
3 0.284235 0.727981 0.358401 0.018298
3 0.279319 0.749242 0.348401 0.018275
3 0.279403 0.770492 0.348401 0.018275
3 0.284487 0.791731 0.358401 0.018298
3 0.168738 0.813239 0.126735 0.017782
0 0.267694 0.759893 0.407174 0.129655
1 0.088855 0.842792 0.041741 0.018843
2 0.155104 0.842644 0.077574 0.018922
3 0.331356 0.842877 0.253401 0.018064
3 0.284774 0.864231 0.358401 0.018298
3 0.284858 0.885481 0.358401 0.018298
3 0.129526 0.907076 0.047569 0.017606
0 0.268149 0.874893 0.407006 0.087155
1 0.562938 0.084233 0.062574 0.018889
2 0.638355 0.084065 0.075074 0.018917
3 0.805440 0.084318 0.237568 0.018029
3 0.608858 0.106006 0.079236 0.017676
0 0.731732 0.095107 0.406838 0.044655
1 0.563158 0.139858 0.062574 0.018889
2 0.646491 0.139672 0.090907 0.018952
3 0.813576 0.139925 0.221735 0.017993
3 0.664495 0.161507 0.190068 0.017923
0 0.731952 0.150732 0.406838 0.044655
1 0.552957 0.194256 0.041741 0.018843
2 0.628373 0.194088 0.095907 0.018963
0 0.732125 0.194482 0.406754 0.023405
1 0.563480 0.221107 0.062574 0.018889
2 0.637646 0.220942 0.072574 0.018911
0 0.732232 0.221357 0.406754 0.023405
1 0.563621 0.256732 0.062574 0.018889
2 0.640287 0.256562 0.077574 0.018922
3 0.805706 0.256818 0.231735 0.018016
3 0.704540 0.278294 0.269235 0.018099
0 0.732415 0.267607 0.406838 0.044655
1 0.574255 0.311709 0.083407 0.018935
2 0.671755 0.311492 0.098407 0.018969
3 0.826757 0.311772 0.190068 0.017923
3 0.665175 0.333382 0.190068 0.017923
0 0.732632 0.322606 0.406838 0.044655
1 0.564029 0.359857 0.062574 0.018889
2 0.627779 0.359715 0.051741 0.018865
3 0.791114 0.359976 0.253401 0.018064
3 0.744531 0.381330 0.348401 0.018275
3 0.744616 0.402580 0.348401 0.018275
3 0.744700 0.423830 0.348401 0.018275
3 0.744784 0.445080 0.348401 0.018275
3 0.665702 0.466506 0.190068 0.017923
0 0.732991 0.413231 0.407174 0.129655
1 0.554171 0.501129 0.041741 0.018843
2 0.631254 0.500958 0.099240 0.018971
3 0.810423 0.501184 0.237568 0.018029
3 0.602591 0.522897 0.063402 0.017641
0 0.733382 0.511981 0.406838 0.044655
1 0.554391 0.556754 0.041741 0.018843
2 0.612725 0.556624 0.061741 0.018887
3 0.793976 0.556846 0.279235 0.018121
0 0.733560 0.556980 0.406754 0.023405
1 0.554520 0.589254 0.041741 0.018843
2 0.612853 0.589124 0.061741 0.018887
3 0.741605 0.589463 0.174235 0.017888
0 0.733688 0.589480 0.406754 0.023405
1 0.570894 0.620468 0.074241 0.018915
2 0.653810 0.620283 0.078407 0.018924
3 0.814645 0.620550 0.221735 0.017993
3 0.745563 0.641954 0.348401 0.018275
3 0.745647 0.663204 0.348401 0.018275
3 0.745731 0.684454 0.348401 0.018275
3 0.619149 0.705986 0.095069 0.017711
0 0.733980 0.663230 0.407090 0.108405
1 0.565525 0.737980 0.062574 0.018889
2 0.647608 0.737797 0.088407 0.018947
3 0.813443 0.738053 0.221735 0.017993
3 0.635195 0.759700 0.126735 0.017782
0 0.734319 0.748855 0.406838 0.044655
1 0.555307 0.788003 0.041741 0.018843
2 0.614056 0.787872 0.062574 0.018889
3 0.790725 0.788104 0.269235 0.018099
3 0.746226 0.809453 0.348401 0.018275
3 0.746310 0.830703 0.348401 0.018275
3 0.746394 0.851953 0.348401 0.018275
3 0.751478 0.873192 0.358401 0.018298
0 0.734643 0.830729 0.407090 0.108405
