3 0.499402 0.040626 0.998804 0.026504
0 0.096806 0.084981 0.062550 0.018844
1 0.162639 0.084882 0.055883 0.018834
2 0.256807 0.085365 0.110880 0.017667
0 0.096901 0.120606 0.062550 0.018844
1 0.181901 0.120478 0.094217 0.018892
2 0.350653 0.120849 0.221713 0.017833
2 0.282376 0.142202 0.358379 0.018039
2 0.277433 0.163459 0.348379 0.018024
2 0.134990 0.184923 0.063380 0.017595
0 0.086730 0.212496 0.041717 0.018813
1 0.142147 0.212413 0.055883 0.018834
2 0.323398 0.212765 0.285046 0.017929
2 0.277622 0.234084 0.348379 0.018024
2 0.277679 0.255334 0.348379 0.018024
2 0.277735 0.276584 0.348379 0.018024
2 0.254042 0.297870 0.300880 0.017952
0 0.107863 0.324339 0.083383 0.018875
1 0.179529 0.324232 0.046717 0.018820
2 0.332447 0.324627 0.237546 0.017857
2 0.282921 0.345951 0.358379 0.018039
2 0.277978 0.367209 0.348379 0.018024
2 0.278035 0.388459 0.348379 0.018024
2 0.278091 0.409709 0.348379 0.018024
2 0.206898 0.431066 0.205880 0.017810
0 0.087392 0.459996 0.041717 0.018813
1 0.138225 0.459919 0.046717 0.018820
0 0.097884 0.488105 0.062550 0.018844
1 0.183301 0.487976 0.095050 0.018893
2 0.352469 0.488347 0.221713 0.017833
2 0.278359 0.509708 0.348379 0.018024
2 0.278416 0.530958 0.348379 0.018024
2 0.278472 0.552208 0.348379 0.018024
2 0.278529 0.573458 0.348379 0.018024
2 0.278586 0.594708 0.348379 0.018024
2 0.215310 0.616053 0.221713 0.017833
0 0.098295 0.641854 0.062550 0.018844
1 0.163712 0.641756 0.055050 0.018833
2 0.328713 0.642133 0.253380 0.017881
2 0.278770 0.663458 0.348379 0.018024
2 0.278827 0.684708 0.348379 0.018024
2 0.278884 0.705958 0.348379 0.018024
2 0.136441 0.727422 0.063380 0.017595
0 0.109033 0.761839 0.083383 0.018875
1 0.188616 0.761719 0.062550 0.018844
2 0.341534 0.762114 0.221713 0.017833
2 0.279091 0.783458 0.348379 0.018024
2 0.284148 0.804700 0.358379 0.018039
2 0.207955 0.826065 0.205880 0.017810
0 0.098857 0.851854 0.062550 0.018844
1 0.179273 0.851733 0.085050 0.018878
2 0.343441 0.852111 0.221713 0.017833
2 0.144748 0.873660 0.079213 0.017619
0 0.553055 0.084294 0.041717 0.018813
1 0.614722 0.084202 0.068383 0.018853
2 0.794306 0.084557 0.269213 0.017905
2 0.641030 0.106037 0.142547 0.017714
0 0.553202 0.139294 0.041717 0.018813
1 0.618202 0.139196 0.075050 0.018863
2 0.798203 0.139551 0.263380 0.017896
2 0.625344 0.161061 0.110880 0.017667
0 0.553346 0.193044 0.041717 0.018813
1 0.617096 0.192948 0.072550 0.018859
2 0.790847 0.193312 0.253380 0.017881
2 0.609654 0.214834 0.079213 0.017619
0 0.553493 0.248044 0.041717 0.018813
1 0.612243 0.247956 0.062550 0.018844
2 0.788911 0.248315 0.269213 0.017905
2 0.578135 0.269882 0.015880 0.017524
0 0.574463 0.299263 0.083383 0.018875
1 0.654047 0.299143 0.062550 0.018844
2 0.806965 0.299538 0.221713 0.017833
2 0.594105 0.321108 0.047547 0.017571
0 0.564192 0.353653 0.062550 0.018844
1 0.623775 0.353564 0.043383 0.018815
2 0.790860 0.353937 0.269213 0.017905
2 0.744667 0.375257 0.348379 0.018024
2 0.744724 0.396507 0.348379 0.018024
2 0.744781 0.417757 0.348379 0.018024
2 0.626088 0.439185 0.110880 0.017667
0 0.574931 0.474262 0.083383 0.018875
1 0.667848 0.474122 0.089217 0.018884
2 0.826182 0.474509 0.205880 0.017810
2 0.744989 0.495882 0.348379 0.018024
2 0.602547 0.517346 0.063380 0.017595
0 0.564710 0.547403 0.062550 0.018844
1 0.628877 0.547306 0.052550 0.018829
2 0.792628 0.547685 0.253380 0.017881
2 0.626435 0.569185 0.110880 0.017667
0 0.575266 0.599262 0.083383 0.018875
1 0.641099 0.599163 0.035050 0.018803
2 0.796100 0.599555 0.253380 0.017881
2 0.745324 0.620881 0.348379 0.018024
2 0.745381 0.642131 0.348379 0.018024
2 0.750437 0.663374 0.358379 0.018039
2 0.745494 0.684631 0.348379 0.018024
2 0.745551 0.705881 0.348379 0.018024
2 0.666441 0.727250 0.190046 0.017786
0 0.565272 0.757402 0.062550 0.018844
1 0.646938 0.757280 0.087550 0.018882
2 0.812356 0.757656 0.221713 0.017833
2 0.745747 0.779006 0.348379 0.018024
2 0.722053 0.800292 0.300880 0.017952
0 0.555052 0.831168 0.041717 0.018813
1 0.607552 0.831089 0.050050 0.018825
0 0.565554 0.863027 0.062550 0.018844
1 0.629304 0.862931 0.051717 0.018828
2 0.768889 0.863346 0.205880 0.017810
