3 0.506044 0.037592 0.987911 0.039981
0 0.098656 0.078276 0.042158 0.019371
1 0.165309 0.079275 0.078817 0.019920
2 0.341924 0.082548 0.253749 0.021293
2 0.280953 0.102888 0.332900 0.022479
0 0.107655 0.131547 0.062987 0.019683
1 0.188055 0.132752 0.085483 0.020020
2 0.357172 0.135912 0.232087 0.020968
2 0.200387 0.154816 0.174598 0.020107
0 0.106339 0.180912 0.062987 0.019683
1 0.179241 0.182005 0.070486 0.019795
2 0.343775 0.185096 0.237919 0.021056
2 0.254477 0.205012 0.285409 0.021768
0 0.104874 0.235901 0.062987 0.019683
1 0.163612 0.236781 0.042158 0.019371
2 0.326896 0.239854 0.263747 0.021443
2 0.173861 0.258814 0.127108 0.019395
0 0.093161 0.284485 0.042158 0.019371
1 0.156065 0.285428 0.071319 0.019808
2 0.313100 0.288407 0.222089 0.020818
0 0.102793 0.314010 0.062987 0.019683
1 0.184860 0.315240 0.088815 0.020070
2 0.350643 0.318350 0.222089 0.020818
2 0.243015 0.337991 0.269579 0.021530
0 0.111875 0.364156 0.083816 0.019995
1 0.193109 0.365374 0.066320 0.019733
2 0.347645 0.368315 0.222089 0.020818
2 0.281258 0.388575 0.348730 0.022717
2 0.280692 0.409820 0.348730 0.022717
2 0.280126 0.431066 0.348730 0.022717
2 0.279560 0.452312 0.348730 0.022717
2 0.239418 0.472964 0.269579 0.021530
0 0.097681 0.505847 0.062987 0.019683
1 0.171832 0.506958 0.072985 0.019833
2 0.337616 0.510068 0.237919 0.021056
2 0.277478 0.530421 0.348730 0.022717
2 0.276912 0.551667 0.348730 0.022717
2 0.118044 0.570540 0.032127 0.017971
0 0.095266 0.596454 0.062987 0.019683
1 0.156087 0.597365 0.046324 0.019433
2 0.324370 0.600513 0.269579 0.021530
2 0.275064 0.621028 0.348730 0.022717
2 0.274498 0.642274 0.348730 0.022717
2 0.273932 0.663520 0.348730 0.022717
2 0.273365 0.684765 0.348730 0.022717
2 0.217394 0.705181 0.237919 0.021056
0 0.091686 0.730802 0.062987 0.019683
1 0.164172 0.731888 0.069652 0.019783
2 0.328289 0.734974 0.237919 0.021056
2 0.271484 0.755376 0.348730 0.022717
2 0.270918 0.776622 0.348730 0.022717
2 0.270352 0.797868 0.348730 0.022717
2 0.269785 0.819114 0.348730 0.022717
2 0.269219 0.840359 0.348730 0.022717
2 0.229078 0.861012 0.269579 0.021530
0 0.097938 0.887177 0.083816 0.019995
1 0.182088 0.888438 0.072152 0.019820
2 0.336623 0.891380 0.216256 0.020731
2 0.211915 0.910765 0.237919 0.021056
0 0.565229 0.085270 0.042158 0.019371
1 0.621884 0.086119 0.058821 0.019620
2 0.796416 0.089360 0.269579 0.021530
2 0.760441 0.110075 0.358728 0.022867
2 0.715300 0.130653 0.269579 0.021530
0 0.584210 0.154943 0.083816 0.019995
1 0.679191 0.156367 0.093814 0.020145
0 0.562515 0.187124 0.042158 0.019371
1 0.637500 0.188248 0.095481 0.020170
0 0.582495 0.219305 0.083816 0.019995
1 0.657063 0.220423 0.052989 0.019533
2 0.809933 0.223340 0.232087 0.020968
2 0.585661 0.241232 0.016296 0.017734
0 0.581096 0.271795 0.083816 0.019995
1 0.666912 0.273081 0.075485 0.019870
2 0.778540 0.275379 0.127108 0.019395
0 0.580363 0.299289 0.083816 0.019995
1 0.652849 0.300376 0.048823 0.019471
2 0.811551 0.303380 0.247917 0.021206
2 0.662681 0.322403 0.174598 0.020107
0 0.558136 0.351467 0.042158 0.019371
1 0.621040 0.352409 0.071319 0.019808
2 0.762245 0.355151 0.190428 0.020344
0 0.567651 0.385366 0.062987 0.019683
1 0.635137 0.386378 0.059654 0.019633
2 0.762595 0.388913 0.174598 0.020107
0 0.556354 0.418328 0.042158 0.019371
1 0.610926 0.419146 0.054655 0.019558
0 0.555571 0.447697 0.042158 0.019371
1 0.628473 0.448790 0.091315 0.020108
2 0.803422 0.452038 0.237919 0.021056
2 0.627057 0.470648 0.111277 0.019157
0 0.554189 0.499562 0.042158 0.019371
1 0.617926 0.500517 0.072985 0.019833
2 0.791625 0.503746 0.253749 0.021293
2 0.744402 0.524293 0.348730 0.022717
2 0.743835 0.545538 0.348730 0.022717
2 0.743269 0.566784 0.348730 0.022717
2 0.679382 0.587081 0.222089 0.020818
0 0.572054 0.611102 0.083816 0.019995
1 0.652038 0.612301 0.063820 0.019695
2 0.805324 0.615224 0.222089 0.020818
2 0.654372 0.634215 0.174598 0.020107
0 0.560141 0.667185 0.062987 0.019683
1 0.637209 0.668340 0.078817 0.019920
2 0.779247 0.671094 0.184596 0.020256
0 0.548994 0.694523 0.042158 0.019371
1 0.609815 0.695435 0.067153 0.019745
2 0.764767 0.698383 0.222089 0.020818
0 0.558509 0.728422 0.062987 0.019683
1 0.633911 0.729553 0.075485 0.019870
0 0.568025 0.762322 0.083816 0.019995
1 0.655924 0.763639 0.079650 0.019933
2 0.809210 0.766562 0.206258 0.020581
2 0.594936 0.784605 0.063787 0.018446
0 0.545797 0.814499 0.042158 0.019371
1 0.594537 0.815230 0.042991 0.019383
2 0.745324 0.818115 0.237919 0.021056
0 0.555296 0.849023 0.062987 0.019683
1 0.628198 0.850116 0.070486 0.019795
2 0.792731 0.853207 0.237919 0.021056
2 0.735093 0.873598 0.348730 0.022717
2 0.734527 0.894844 0.348730 0.022717
2 0.733961 0.916089 0.348730 0.022717
2 0.738394 0.937410 0.358728 0.022867
2 0.737828 0.958656 0.358728 0.022867
2 0.732263 0.979827 0.348730 0.022717
2 0.636715 0.994857 0.158768 0.010286
