0 0.26666666666666666 0.096875 0.4 0.04375
0 0.26666666666666666 0.14625 0.4 0.02
0 0.26666666666666666 0.2075 0.4 0.0675
0 0.26666666666666666 0.304375 0.4 0.09125
0 0.26666666666666666 0.389375 0.4 0.04375
0 0.26666666666666666 0.450625 0.4 0.04375
0 0.26666666666666666 0.511875 0.4 0.04375
0 0.26666666666666666 0.596875 0.4 0.09125
0 0.26666666666666666 0.681875 0.4 0.04375
0 0.26666666666666666 0.743125 0.4 0.04375
0 0.26666666666666666 0.828125 0.4 0.09125
0 0.7333333333333333 0.096875 0.4 0.04375
0 0.7333333333333333 0.14625 0.4 0.02
0 0.7333333333333333 0.243125 0.4 0.13875
0 0.7333333333333333 0.351875 0.4 0.04375
0 0.7333333333333333 0.425 0.4 0.0675
0 0.7333333333333333 0.545625 0.4 0.13875
0 0.7333333333333333 0.66625 0.4 0.0675
0 0.7333333333333333 0.75125 0.4 0.0675
0 0.7333333333333333 0.8125 0.4 0.02
0 0.7333333333333333 0.909375 0.4 0.13875
