3 0.498367 0.035632 0.996735 0.029055
0 0.094926 0.086012 0.062634 0.019003
1 0.155342 0.085767 0.045135 0.018932
0 0.084726 0.116054 0.041801 0.018919
1 0.147642 0.115798 0.070967 0.019037
2 0.328477 0.115690 0.269289 0.018591
2 0.275714 0.137154 0.348454 0.018912
2 0.109620 0.159078 0.015959 0.017564
0 0.085285 0.193552 0.041801 0.018919
1 0.136117 0.193346 0.046801 0.018939
2 0.265286 0.193447 0.190123 0.018270
0 0.095940 0.226635 0.062634 0.019003
1 0.165106 0.226354 0.062634 0.019003
0 0.106573 0.256592 0.083467 0.019088
1 0.196571 0.256227 0.083467 0.019088
2 0.351990 0.256222 0.205956 0.018335
2 0.276728 0.277777 0.348454 0.018912
2 0.276881 0.299027 0.348454 0.018912
2 0.282034 0.320256 0.358454 0.018953
2 0.110940 0.342201 0.015959 0.017564
0 0.107397 0.370965 0.083467 0.019088
1 0.177396 0.370681 0.043468 0.018925
2 0.336565 0.370661 0.253456 0.018527
2 0.277553 0.392151 0.348454 0.018912
0 0.086956 0.425424 0.041801 0.018919
1 0.146539 0.425182 0.064301 0.019010
2 0.284458 0.425248 0.190123 0.018270
0 0.097612 0.458506 0.062634 0.019003
1 0.160111 0.458253 0.049301 0.018949
2 0.330113 0.458188 0.269289 0.018591
2 0.278183 0.479649 0.348454 0.018912
2 0.278337 0.500899 0.348454 0.018912
2 0.278490 0.522149 0.348454 0.018912
2 0.278643 0.543398 0.348454 0.018912
2 0.201714 0.564961 0.194290 0.018287
0 0.098607 0.596629 0.062634 0.019003
1 0.173190 0.596327 0.073467 0.019047
2 0.339442 0.596278 0.237623 0.018463
2 0.136681 0.618350 0.063459 0.017757
0 0.088538 0.644796 0.041801 0.018919
1 0.151037 0.644542 0.070134 0.019034
2 0.331456 0.644436 0.269289 0.018591
2 0.176611 0.666314 0.142624 0.018078
0 0.088934 0.699795 0.041801 0.018919
1 0.142684 0.699577 0.052634 0.018963
2 0.258936 0.699731 0.158457 0.018142
0 0.099554 0.727877 0.062634 0.019003
1 0.167886 0.727600 0.060968 0.018996
2 0.335805 0.727544 0.253456 0.018527
2 0.280126 0.749020 0.348454 0.018912
2 0.280279 0.770270 0.348454 0.018912
2 0.240849 0.791680 0.269289 0.018591
0 0.110660 0.823459 0.083467 0.019088
1 0.198992 0.823100 0.080134 0.019074
2 0.352744 0.823102 0.205956 0.018335
2 0.114567 0.845318 0.015959 0.017564
0 0.111070 0.880333 0.083467 0.019088
1 0.179819 0.880054 0.040968 0.018915
2 0.337738 0.880039 0.253456 0.018527
2 0.178310 0.901935 0.142624 0.018078
0 0.561586 0.084119 0.062634 0.019003
1 0.648251 0.083768 0.097634 0.019145
2 0.771171 0.083894 0.126791 0.018013
0 0.551426 0.119786 0.041801 0.018919
1 0.611842 0.119541 0.065968 0.019017
2 0.790177 0.119443 0.269289 0.018591
2 0.742414 0.140887 0.348454 0.018912
2 0.742568 0.162136 0.348454 0.018912
2 0.639806 0.183803 0.142624 0.018078
0 0.562537 0.215992 0.062634 0.019003
1 0.637119 0.215690 0.073467 0.019047
2 0.803371 0.215641 0.237623 0.018463
2 0.624360 0.237617 0.110958 0.017949
0 0.562938 0.271616 0.062634 0.019003
1 0.628770 0.271349 0.055968 0.018976
2 0.794189 0.271304 0.253456 0.018527
2 0.648511 0.293145 0.158457 0.018142
0 0.563285 0.319741 0.062634 0.019003
1 0.646200 0.319404 0.090134 0.019115
2 0.812869 0.319354 0.221790 0.018399
2 0.593442 0.341494 0.047625 0.017692
0 0.553238 0.371032 0.041801 0.018919
1 0.604070 0.370826 0.046801 0.018939
2 0.780739 0.370735 0.285122 0.018656
2 0.744226 0.392133 0.348454 0.018912
2 0.744379 0.413383 0.348454 0.018912
2 0.681200 0.434889 0.221790 0.018399
0 0.564312 0.462239 0.062634 0.019003
1 0.627644 0.461982 0.050968 0.018956
2 0.798480 0.461914 0.269289 0.018591
2 0.586553 0.484024 0.031792 0.017628
0 0.554283 0.516030 0.041801 0.018919
1 0.618032 0.515772 0.072634 0.019044
0 0.564925 0.547237 0.062634 0.019003
1 0.644090 0.546916 0.082634 0.019084
2 0.814926 0.546849 0.237623 0.018463
2 0.650498 0.568766 0.158457 0.018142
0 0.554855 0.595404 0.041801 0.018919
1 0.607771 0.595189 0.050968 0.018956
2 0.746940 0.595250 0.205956 0.018335
0 0.575896 0.624069 0.083467 0.019088
1 0.655478 0.623746 0.062634 0.019003
2 0.776731 0.623880 0.158457 0.018142
0 0.565722 0.657861 0.062634 0.019003
1 0.628222 0.657607 0.049301 0.018949
2 0.790307 0.657575 0.253456 0.018527
0 0.565957 0.690360 0.062634 0.019003
1 0.633456 0.690087 0.059301 0.018990
2 0.800541 0.690034 0.253456 0.018527
2 0.683196 0.711760 0.221790 0.018399
0 0.576761 0.744067 0.083467 0.019088
1 0.658426 0.743736 0.066801 0.019020
2 0.813429 0.743732 0.221790 0.018399
2 0.580668 0.765927 0.015959 0.017564
0 0.577112 0.792817 0.083467 0.019088
1 0.655028 0.792501 0.059301 0.018990
0 0.577315 0.820941 0.083467 0.019088
1 0.659814 0.820607 0.068468 0.019027
2 0.815649 0.820600 0.221790 0.018399
2 0.752470 0.842106 0.358454 0.018953
2 0.747623 0.863376 0.348454 0.018912
2 0.747777 0.884626 0.348454 0.018912
2 0.747930 0.905875 0.348454 0.018912
2 0.748083 0.927125 0.348454 0.018912
2 0.753236 0.948355 0.358454 0.018953
2 0.669224 0.969946 0.190123 0.018270
