0 0.26666666666666666 0.15625 0.4 0.1625
0 0.26666666666666666 0.265 0.4 0.02
0 0.26666666666666666 0.314375 0.4 0.04375
0 0.26666666666666666 0.3875 0.4 0.0675
0 0.26666666666666666 0.460625 0.4 0.04375
0 0.26666666666666666 0.521875 0.4 0.04375
0 0.26666666666666666 0.583125 0.4 0.04375
0 0.26666666666666666 0.644375 0.4 0.04375
0 0.26666666666666666 0.74125 0.4 0.115
0 0.26666666666666666 0.861875 0.4 0.09125
0 0.7333333333333333 0.096875 0.4 0.04375
0 0.7333333333333333 0.14625 0.4 0.02
0 0.7333333333333333 0.195625 0.4 0.04375
0 0.7333333333333333 0.256875 0.4 0.04375
0 0.7333333333333333 0.35375 0.4 0.115
0 0.7333333333333333 0.51 0.4 0.1625
0 0.7333333333333333 0.654375 0.4 0.09125
0 0.7333333333333333 0.739375 0.4 0.04375
0 0.7333333333333333 0.78875 0.4 0.02
0 0.7333333333333333 0.82625 0.4 0.02
0 0.7333333333333333 0.875625 0.4 0.04375
