1 0.101266 0.082564 0.062650 0.019032
2 0.169598 0.082873 0.060983 0.019025
3 0.329590 0.084222 0.237636 0.018574
0 0.270008 0.083952 0.406840 0.024339
1 0.090593 0.114391 0.041817 0.018938
2 0.142259 0.114625 0.048483 0.018968
3 0.319751 0.116053 0.285136 0.018789
3 0.194165 0.136735 0.174304 0.018287
0 0.269666 0.126451 0.407011 0.045588
1 0.100577 0.168187 0.062650 0.019032
2 0.170159 0.168502 0.063483 0.019036
3 0.307652 0.169749 0.190137 0.018359
0 0.269319 0.169576 0.406840 0.024339
1 0.100361 0.195062 0.062650 0.019032
2 0.167860 0.195367 0.059316 0.019017
3 0.334935 0.196748 0.253469 0.018645
3 0.233100 0.217538 0.253469 0.018645
0 0.269018 0.207075 0.407011 0.045588
1 0.110341 0.249483 0.083483 0.019127
2 0.205339 0.249913 0.093482 0.019172
3 0.365748 0.251263 0.205970 0.018431
3 0.137664 0.271482 0.063473 0.017786
0 0.268581 0.261449 0.407011 0.045588
1 0.099477 0.305060 0.062650 0.019032
2 0.164476 0.305354 0.054316 0.018995
3 0.334051 0.306746 0.263469 0.018691
3 0.176800 0.327285 0.142638 0.018144
0 0.268133 0.317073 0.407011 0.045588
1 0.109481 0.356356 0.083483 0.019127
2 0.197396 0.356754 0.079316 0.019108
3 0.319056 0.357929 0.142638 0.018144
0 0.267807 0.357697 0.406840 0.024339
1 0.109195 0.391980 0.083483 0.019127
2 0.198360 0.392384 0.081816 0.019119
3 0.352935 0.393708 0.205970 0.018431
3 0.279016 0.414624 0.348468 0.019075
0 0.267435 0.403946 0.407011 0.045588
1 0.108783 0.443230 0.083483 0.019127
2 0.192115 0.443606 0.070149 0.019066
3 0.348773 0.444940 0.221803 0.018502
3 0.283604 0.465896 0.358468 0.019120
3 0.283433 0.487145 0.358468 0.019120
3 0.278262 0.508372 0.348468 0.019075
3 0.278091 0.529622 0.348468 0.019075
3 0.238338 0.550692 0.269302 0.018717
0 0.266681 0.497695 0.407694 0.130587
1 0.086879 0.576258 0.041817 0.018938
2 0.145628 0.576524 0.062650 0.019032
3 0.322287 0.577948 0.269302 0.018717
3 0.142952 0.598387 0.079306 0.017858
0 0.265952 0.588318 0.407011 0.045588
1 0.086442 0.630632 0.041817 0.018938
2 0.156024 0.630947 0.084316 0.019130
3 0.335599 0.632384 0.253469 0.018645
3 0.277096 0.653370 0.348468 0.019075
3 0.276925 0.674619 0.348468 0.019075
3 0.276754 0.695869 0.348468 0.019075
3 0.276584 0.717118 0.348468 0.019075
3 0.173498 0.737903 0.142638 0.018144
0 0.265173 0.685191 0.407694 0.130587
1 0.106154 0.770099 0.083483 0.019127
2 0.194069 0.770496 0.079316 0.019108
3 0.347395 0.771815 0.205970 0.018431
3 0.275975 0.792742 0.348468 0.019075
3 0.275805 0.813992 0.348468 0.019075
3 0.275634 0.835241 0.348468 0.019075
3 0.275463 0.856491 0.348468 0.019075
3 0.280292 0.877763 0.358468 0.019120
3 0.280121 0.899013 0.358468 0.019120
3 0.248284 0.920119 0.295135 0.018834
0 0.263882 0.845813 0.408036 0.173086
1 0.567924 0.084675 0.062650 0.019032
2 0.645423 0.085025 0.079316 0.019108
3 0.814581 0.086415 0.237636 0.018574
3 0.676913 0.107043 0.205970 0.018431
0 0.736580 0.096688 0.407011 0.045588
1 0.577943 0.134096 0.083483 0.019127
2 0.655859 0.134448 0.059316 0.019017
3 0.815017 0.135793 0.237636 0.018574
3 0.613184 0.156131 0.079306 0.017858
0 0.736183 0.146062 0.407011 0.045588
1 0.567075 0.190298 0.062650 0.019032
2 0.640407 0.190629 0.070983 0.019070
3 0.805399 0.192001 0.237636 0.018574
3 0.747312 0.212988 0.348468 0.019075
3 0.749225 0.234247 0.352634 0.019094
3 0.746971 0.255488 0.348468 0.019075
3 0.746800 0.276737 0.348468 0.019075
3 0.746629 0.297987 0.348468 0.019075
3 0.683126 0.318950 0.221803 0.018502
0 0.735304 0.255435 0.407865 0.151837
1 0.555422 0.343998 0.041817 0.018938
2 0.627504 0.344324 0.089316 0.019153
3 0.777913 0.345629 0.190137 0.018359
0 0.734580 0.345433 0.406840 0.024339
1 0.565597 0.374044 0.062650 0.019032
2 0.624763 0.374312 0.042650 0.018942
3 0.767672 0.375583 0.221803 0.018502
0 0.734339 0.375433 0.406840 0.024339
1 0.575803 0.400341 0.083483 0.019127
2 0.663301 0.400737 0.078483 0.019104
3 0.821210 0.402076 0.215970 0.018476
3 0.595210 0.422304 0.047640 0.017715
0 0.734043 0.412307 0.407011 0.045588
1 0.554543 0.453371 0.041817 0.018938
2 0.627875 0.453703 0.091816 0.019164
3 0.787450 0.455049 0.205970 0.018431
0 0.733701 0.454806 0.406840 0.024339
1 0.564733 0.481542 0.062650 0.019032
2 0.625565 0.481818 0.045983 0.018957
3 0.754308 0.483025 0.190137 0.018359
0 0.733475 0.482931 0.406840 0.024339
1 0.564517 0.508417 0.062650 0.019032
2 0.640349 0.508760 0.075983 0.019093
3 0.807841 0.510142 0.237636 0.018574
3 0.602257 0.530463 0.063473 0.017786
0 0.733173 0.520430 0.407011 0.045588
1 0.574511 0.560963 0.083483 0.019127
2 0.666176 0.561378 0.086816 0.019142
3 0.823252 0.562713 0.205970 0.018431
3 0.609751 0.582998 0.079306 0.017858
0 0.732751 0.572929 0.407011 0.045588
1 0.574114 0.610337 0.083483 0.019127
2 0.677862 0.610806 0.110982 0.019251
3 0.831188 0.612125 0.174304 0.018287
3 0.743935 0.632981 0.348468 0.019075
3 0.743764 0.654230 0.348468 0.019075
3 0.743593 0.675480 0.348468 0.019075
3 0.748423 0.696752 0.358468 0.019120
3 0.743252 0.717979 0.348468 0.019075
3 0.724331 0.739144 0.310968 0.018906
0 0.731927 0.675427 0.407865 0.151837
1 0.551975 0.772740 0.041817 0.018938
2 0.627807 0.773083 0.096816 0.019187
3 0.805715 0.774513 0.237636 0.018574
3 0.615964 0.794905 0.095139 0.017929
0 0.731048 0.784800 0.407011 0.045588
1 0.572355 0.829083 0.083483 0.019127
2 0.650271 0.829436 0.059316 0.019017
3 0.761930 0.830566 0.142638 0.018144
0 0.730681 0.830424 0.406840 0.024339
1 0.561708 0.857786 0.062650 0.019032
2 0.643373 0.858155 0.087649 0.019145
3 0.808781 0.859528 0.221803 0.018502
3 0.631114 0.879975 0.126805 0.018073
0 0.730364 0.869799 0.407011 0.045588
