3 0.508908 0.035823 0.982183 0.046902
0 0.124692 0.075970 0.084028 0.020568
1 0.193829 0.077486 0.042379 0.019655
2 0.352070 0.081580 0.253907 0.023044
2 0.206721 0.099652 0.174774 0.021309
0 0.122720 0.126573 0.084028 0.020568
1 0.196022 0.128180 0.050709 0.019838
2 0.355512 0.132302 0.248076 0.022916
2 0.291795 0.152164 0.348866 0.025126
2 0.290967 0.173405 0.348866 0.025126
2 0.290139 0.194646 0.348866 0.025126
2 0.265571 0.215366 0.301387 0.024085
0 0.097464 0.239818 0.042379 0.019655
1 0.169100 0.241389 0.089026 0.020678
2 0.342751 0.245821 0.238080 0.022697
2 0.287364 0.265866 0.348866 0.025126
2 0.286536 0.287106 0.348866 0.025126
2 0.285708 0.308347 0.348866 0.025126
2 0.284880 0.329588 0.348866 0.025126
2 0.117873 0.347186 0.016508 0.017839
0 0.102398 0.380611 0.063204 0.020112
1 0.162372 0.381926 0.044878 0.019710
2 0.329776 0.386221 0.269733 0.023391
2 0.139446 0.403308 0.063988 0.018880
0 0.110594 0.437690 0.084028 0.020568
1 0.193476 0.439507 0.069868 0.020258
2 0.349635 0.443556 0.222254 0.022350
2 0.279670 0.463281 0.348866 0.025126
2 0.278842 0.484522 0.348866 0.025126
2 0.278014 0.505763 0.348866 0.025126
2 0.282184 0.527114 0.358862 0.025345
2 0.228879 0.547204 0.253907 0.023044
0 0.094704 0.578027 0.063204 0.020112
1 0.173837 0.579762 0.083195 0.020550
2 0.297093 0.583089 0.143121 0.020615
0 0.104094 0.604494 0.084028 0.020568
1 0.176563 0.606083 0.049043 0.019801
2 0.330223 0.610077 0.238080 0.022697
2 0.201949 0.628524 0.206427 0.022003
0 0.091782 0.652995 0.063204 0.020112
1 0.173831 0.654794 0.089026 0.020678
2 0.339569 0.659052 0.222254 0.022350
2 0.110089 0.675281 0.026504 0.018059
0 0.079301 0.705869 0.042379 0.019655
1 0.143023 0.707266 0.073199 0.020331
2 0.316675 0.711698 0.253907 0.023044
0 0.078059 0.737731 0.042379 0.019655
1 0.139699 0.739082 0.069035 0.020239
2 0.247962 0.742080 0.127294 0.020268
0 0.087327 0.767321 0.063204 0.020112
1 0.158130 0.768873 0.066536 0.020185
0 0.086207 0.796059 0.063204 0.020112
1 0.159925 0.797675 0.072367 0.020312
2 0.325247 0.801925 0.238080 0.022697
2 0.265694 0.821878 0.348866 0.025126
2 0.264866 0.843119 0.348866 0.025126
2 0.264039 0.864360 0.348866 0.025126
2 0.268209 0.885710 0.358862 0.025345
2 0.262383 0.906842 0.348866 0.025126
2 0.261555 0.928083 0.348866 0.025126
2 0.118288 0.946201 0.063988 0.018880
0 0.570335 0.085739 0.042379 0.019655
1 0.645303 0.087383 0.095690 0.020824
0 0.589771 0.121806 0.084028 0.020568
1 0.677234 0.123723 0.079030 0.020459
2 0.830061 0.127699 0.206427 0.022003
2 0.640147 0.144794 0.111468 0.019921
0 0.587653 0.176157 0.084028 0.020568
1 0.676365 0.178102 0.081529 0.020513
2 0.830442 0.182105 0.206427 0.022003
2 0.756728 0.201748 0.348866 0.025126
2 0.755901 0.222989 0.348866 0.025126
2 0.755073 0.244230 0.348866 0.025126
2 0.759243 0.265581 0.358862 0.025345
2 0.753417 0.286712 0.348866 0.025126
2 0.752589 0.307953 0.348866 0.025126
2 0.712195 0.328327 0.269733 0.023391
0 0.560011 0.350626 0.042379 0.019655
1 0.614988 0.351831 0.055707 0.019947
2 0.795720 0.356419 0.285560 0.023738
2 0.749911 0.376674 0.348866 0.025126
2 0.754081 0.398024 0.358862 0.025345
2 0.748255 0.419155 0.348866 0.025126
2 0.747428 0.440396 0.348866 0.025126
2 0.746600 0.461637 0.348866 0.025126
2 0.745772 0.482878 0.348866 0.025126
2 0.713291 0.503425 0.285560 0.023738
0 0.552829 0.534923 0.042379 0.019655
1 0.617385 0.536338 0.074865 0.020367
2 0.736476 0.539574 0.143121 0.020615
0 0.551441 0.570532 0.042379 0.019655
1 0.611415 0.571847 0.065703 0.020166
2 0.789232 0.576371 0.269733 0.023391
2 0.614728 0.593804 0.095641 0.019574
0 0.570074 0.627215 0.084028 0.020568
1 0.650873 0.628986 0.065703 0.020166
0 0.548032 0.657995 0.042379 0.019655
1 0.609256 0.659337 0.068202 0.020221
2 0.788322 0.663888 0.269733 0.023391
0 0.546912 0.686733 0.042379 0.019655
1 0.599806 0.687892 0.051542 0.019856
0 0.566349 0.722799 0.084028 0.020568
1 0.641733 0.724452 0.054874 0.019929
2 0.798309 0.728509 0.238080 0.022697
2 0.569245 0.744747 0.016508 0.017839
0 0.564304 0.775277 0.084028 0.020568
1 0.660513 0.777386 0.096523 0.020842
2 0.806259 0.781206 0.174774 0.021309
0 0.542140 0.809180 0.042379 0.019655
1 0.603364 0.810523 0.068202 0.020221
2 0.782430 0.815073 0.269733 0.023391
2 0.732040 0.835228 0.348866 0.025126
2 0.736210 0.856578 0.358862 0.025345
2 0.730384 0.877710 0.348866 0.025126
2 0.729556 0.898951 0.348866 0.025126
2 0.728729 0.920191 0.348866 0.025126
2 0.727901 0.941432 0.348866 0.025126
2 0.671680 0.961459 0.238080 0.022697
