1 0.095653 0.091262 0.083888 0.020187
2 0.170217 0.089972 0.053063 0.019653
3 0.294370 0.088448 0.174659 0.020509
0 0.253964 0.089148 0.407251 0.029530
1 0.086335 0.127058 0.063060 0.019826
2 0.156317 0.125847 0.064726 0.019855
3 0.325874 0.123538 0.253804 0.021879
3 0.267377 0.145806 0.348779 0.023522
3 0.268030 0.167050 0.348779 0.023522
3 0.268684 0.188294 0.348779 0.023522
3 0.269338 0.209539 0.348779 0.023522
3 0.274990 0.230696 0.358776 0.023695
0 0.256694 0.177874 0.410519 0.135752
1 0.090468 0.261397 0.063060 0.019826
2 0.158784 0.260215 0.061394 0.019798
3 0.326675 0.257934 0.253804 0.021879
3 0.271510 0.280145 0.348779 0.023522
3 0.272164 0.301389 0.348779 0.023522
3 0.272817 0.322634 0.348779 0.023522
3 0.146838 0.346069 0.095513 0.019139
0 0.260500 0.301591 0.409865 0.114508
1 0.104381 0.374937 0.083888 0.020187
2 0.183110 0.373574 0.061394 0.019798
3 0.343087 0.371431 0.237975 0.021605
3 0.169204 0.395696 0.137169 0.019860
0 0.263018 0.383444 0.407904 0.050774
1 0.105977 0.426798 0.083888 0.020187
2 0.185122 0.425428 0.062227 0.019812
3 0.345516 0.423277 0.237975 0.021605
3 0.276604 0.445726 0.348779 0.023522
3 0.277258 0.466970 0.348779 0.023522
3 0.277912 0.488214 0.348779 0.023522
3 0.278565 0.509459 0.348779 0.023522
3 0.279219 0.530703 0.348779 0.023522
3 0.279873 0.551947 0.348779 0.023522
3 0.174721 0.575023 0.137169 0.019860
0 0.266575 0.499038 0.411826 0.178241
1 0.090763 0.609610 0.042232 0.019466
2 0.141999 0.608723 0.048064 0.019567
3 0.319054 0.606284 0.285462 0.022426
3 0.239729 0.628912 0.263802 0.022052
0 0.270228 0.617757 0.407904 0.050774
1 0.113148 0.659861 0.083888 0.020187
2 0.200624 0.658347 0.078889 0.020100
3 0.353519 0.656326 0.206317 0.021057
3 0.267946 0.679063 0.317121 0.022974
0 0.271785 0.668368 0.407904 0.050774
1 0.093877 0.710833 0.042232 0.019466
2 0.146363 0.709924 0.050563 0.019610
3 0.324668 0.707464 0.285462 0.022426
3 0.150785 0.731729 0.079684 0.018865
0 0.273342 0.718980 0.407904 0.050774
1 0.105886 0.762514 0.063060 0.019826
2 0.175451 0.761310 0.063893 0.019841
3 0.281276 0.760104 0.127171 0.019687
0 0.274611 0.760219 0.407251 0.029530
1 0.117204 0.791701 0.083888 0.020187
2 0.183853 0.790547 0.037234 0.019379
3 0.339664 0.788476 0.253804 0.021879
3 0.232430 0.811587 0.237975 0.021605
0 0.275841 0.800208 0.407904 0.050774
1 0.098010 0.845172 0.042232 0.019466
2 0.155911 0.844170 0.061394 0.019798
3 0.331717 0.841753 0.269633 0.022152
3 0.162833 0.865931 0.095513 0.019139
0 0.277475 0.853319 0.407904 0.050774
1 0.099606 0.897033 0.042232 0.019466
2 0.165422 0.895894 0.077223 0.020071
3 0.341227 0.893477 0.253804 0.021879
3 0.291061 0.915601 0.348779 0.023522
3 0.291715 0.936845 0.348779 0.023522
3 0.292368 0.958089 0.348779 0.023522
3 0.277193 0.979608 0.317121 0.022974
0 0.280051 0.937047 0.409865 0.114508
1 0.562196 0.083188 0.083888 0.020187
2 0.653838 0.081602 0.087220 0.020245
3 0.810899 0.079509 0.206317 0.021057
3 0.598276 0.104444 0.079684 0.018865
0 0.720833 0.091695 0.407904 0.050774
1 0.563715 0.132550 0.083888 0.020187
2 0.643693 0.131166 0.063893 0.019841
3 0.797005 0.129138 0.222146 0.021331
3 0.623538 0.153395 0.127171 0.019687
0 0.722352 0.141057 0.407904 0.050774
1 0.544348 0.180398 0.042232 0.019466
2 0.600166 0.179432 0.057228 0.019725
3 0.742231 0.177598 0.206317 0.021057
0 0.723486 0.177923 0.407251 0.029530
1 0.565983 0.206280 0.083888 0.020187
2 0.643046 0.204947 0.058061 0.019740
3 0.801356 0.202832 0.237975 0.021605
3 0.736611 0.225208 0.348779 0.023522
3 0.737264 0.246452 0.348779 0.023522
3 0.737918 0.267697 0.348779 0.023522
3 0.738572 0.288941 0.348779 0.023522
3 0.628421 0.312103 0.127171 0.019687
0 0.725928 0.257276 0.410519 0.135752
1 0.549269 0.340355 0.042232 0.019466
2 0.620500 0.339122 0.088053 0.020259
3 0.801721 0.336611 0.253804 0.021879
3 0.740725 0.358922 0.348779 0.023522
3 0.741378 0.380167 0.348779 0.023522
3 0.607484 0.403740 0.079684 0.018865
0 0.729388 0.369746 0.409211 0.093263
1 0.573058 0.436219 0.083888 0.020187
2 0.665116 0.434626 0.088053 0.020259
3 0.783021 0.433210 0.127171 0.019687
0 0.731368 0.434104 0.407251 0.029530
1 0.548609 0.467900 0.033068 0.019307
2 0.596096 0.467079 0.049730 0.019596
3 0.710668 0.465721 0.158829 0.020235
0 0.732329 0.465346 0.407251 0.029530
1 0.564412 0.493884 0.063060 0.019826
2 0.645641 0.492478 0.087220 0.020245
3 0.815615 0.490162 0.232143 0.021504
3 0.666308 0.514001 0.190488 0.020783
0 0.733463 0.502211 0.407904 0.050774
1 0.576556 0.549939 0.083888 0.020187
2 0.652370 0.548627 0.055562 0.019697
3 0.809430 0.546534 0.237975 0.021605
3 0.747184 0.568867 0.348779 0.023522
3 0.732009 0.590385 0.317121 0.022974
0 0.735520 0.569068 0.408558 0.072019
1 0.578671 0.618670 0.083888 0.020187
2 0.654901 0.617351 0.056395 0.019711
3 0.796549 0.615525 0.206317 0.021057
0 0.736982 0.616556 0.407251 0.029530
1 0.579671 0.651162 0.083888 0.020187
2 0.650485 0.649936 0.045565 0.019524
3 0.810462 0.647793 0.253804 0.021879
3 0.750298 0.670090 0.348779 0.023522
3 0.755951 0.691247 0.358776 0.023695
3 0.756604 0.712492 0.358776 0.023695
3 0.757258 0.733736 0.358776 0.023695
3 0.752913 0.755067 0.348779 0.023522
3 0.745652 0.776448 0.332950 0.023248
0 0.739942 0.712780 0.411172 0.156996
1 0.584688 0.814243 0.083888 0.020187
2 0.665500 0.812845 0.065559 0.019870
0 0.742999 0.812129 0.407251 0.029530
1 0.575197 0.844416 0.063060 0.019826
2 0.646845 0.843176 0.068059 0.019913
3 0.810154 0.840974 0.237975 0.021605
3 0.756239 0.863163 0.348779 0.023522
3 0.756892 0.884408 0.348779 0.023522
3 0.757546 0.905652 0.348779 0.023522
3 0.623652 0.929225 0.079684 0.018865
0 0.745229 0.884609 0.409865 0.114508
