3 0.493842 0.036346 0.987684 0.040219
0 0.086750 0.090582 0.062995 0.019698
1 0.167567 0.089352 0.086323 0.020053
2 0.332133 0.087471 0.222095 0.020871
0 0.077283 0.125734 0.042166 0.019380
1 0.145186 0.124700 0.081324 0.019977
2 0.320167 0.122660 0.247923 0.021264
2 0.157859 0.146386 0.127114 0.019425
0 0.099618 0.181030 0.083824 0.020015
1 0.175019 0.179882 0.054663 0.019571
2 0.328754 0.178166 0.232093 0.021023
2 0.214769 0.201156 0.237925 0.021112
0 0.101072 0.234769 0.083824 0.020015
1 0.188138 0.233443 0.077992 0.019926
2 0.316878 0.232108 0.158774 0.019907
0 0.091453 0.264296 0.062995 0.019698
1 0.160189 0.263250 0.062161 0.019685
2 0.328504 0.261312 0.253755 0.021353
2 0.145784 0.285349 0.095454 0.018943
0 0.103170 0.312253 0.083824 0.020015
1 0.180237 0.311079 0.057996 0.019622
2 0.338555 0.309294 0.237925 0.021112
2 0.273727 0.331535 0.348735 0.022800
0 0.104642 0.366617 0.083824 0.020015
1 0.201288 0.365145 0.097154 0.020218
2 0.355440 0.363423 0.190435 0.020389
2 0.275199 0.385899 0.348735 0.022800
2 0.275774 0.407145 0.348735 0.022800
2 0.276349 0.428390 0.348735 0.022800
2 0.276924 0.449636 0.348735 0.022800
2 0.135029 0.473051 0.063794 0.018461
0 0.093451 0.507441 0.053830 0.019558
1 0.161770 0.506401 0.070493 0.019812
0 0.098930 0.540489 0.062995 0.019698
1 0.163917 0.539500 0.054663 0.019571
2 0.296823 0.538101 0.190435 0.020389
0 0.089463 0.575641 0.042166 0.019380
1 0.153200 0.574670 0.072993 0.019850
2 0.324015 0.572694 0.247923 0.021264
0 0.111154 0.607192 0.083824 0.020015
1 0.206968 0.605733 0.095488 0.020192
2 0.360287 0.604023 0.190435 0.020389
2 0.281711 0.626474 0.348735 0.022800
2 0.282287 0.647720 0.348735 0.022800
2 0.211626 0.670050 0.206265 0.020630
0 0.103176 0.697332 0.062995 0.019698
1 0.181493 0.696140 0.081324 0.019977
2 0.351475 0.694176 0.237925 0.021112
2 0.284147 0.716456 0.348735 0.022800
2 0.289722 0.737625 0.358733 0.022952
2 0.285298 0.758947 0.348735 0.022800
0 0.105696 0.790438 0.062995 0.019698
1 0.195678 0.789068 0.104653 0.020332
0 0.106508 0.820432 0.062995 0.019698
1 0.183992 0.819252 0.079658 0.019951
2 0.353141 0.817301 0.237925 0.021112
2 0.129179 0.841966 0.032134 0.017979
0 0.107946 0.873546 0.062995 0.019698
1 0.178765 0.872467 0.066327 0.019748
2 0.349163 0.870498 0.253755 0.021353
2 0.288918 0.892670 0.348735 0.022800
2 0.257833 0.914397 0.285415 0.021835
0 0.563735 0.083319 0.083824 0.020015
1 0.645802 0.082069 0.067994 0.019774
2 0.801203 0.080328 0.222095 0.020871
2 0.694717 0.103204 0.269585 0.021594
0 0.554776 0.137216 0.062995 0.019698
1 0.640175 0.135916 0.095488 0.020192
2 0.809323 0.133965 0.222095 0.020871
2 0.617022 0.158148 0.111284 0.019184
0 0.556197 0.189705 0.062995 0.019698
1 0.622433 0.188697 0.057162 0.019609
2 0.788249 0.186797 0.253755 0.021353
2 0.737168 0.208829 0.348735 0.022800
2 0.737743 0.230075 0.348735 0.022800
2 0.738318 0.251320 0.348735 0.022800
2 0.738894 0.272566 0.348735 0.022800
2 0.739469 0.293812 0.348735 0.022800
2 0.740044 0.315057 0.348735 0.022800
2 0.590233 0.338593 0.047964 0.018220
0 0.560933 0.364669 0.062995 0.019698
1 0.641750 0.363439 0.086323 0.020053
2 0.806316 0.361558 0.222095 0.020871
2 0.741905 0.383793 0.348735 0.022800
2 0.742480 0.405039 0.348735 0.022800
2 0.743055 0.426284 0.348735 0.022800
2 0.664480 0.448735 0.190435 0.020389
0 0.563995 0.477771 0.062995 0.019698
1 0.640646 0.476604 0.077992 0.019926
2 0.808961 0.474666 0.237925 0.021112
2 0.744966 0.496895 0.348735 0.022800
2 0.745542 0.518140 0.348735 0.022800
2 0.651136 0.540832 0.158774 0.019907
0 0.577065 0.575717 0.083824 0.020015
1 0.669963 0.574303 0.089656 0.020104
2 0.828280 0.572517 0.206265 0.020630
2 0.628897 0.596808 0.111284 0.019184
0 0.568055 0.627740 0.062995 0.019698
1 0.625543 0.626865 0.039666 0.019342
2 0.790526 0.624978 0.269585 0.021594
2 0.754025 0.646788 0.358733 0.022952
2 0.749601 0.668110 0.348735 0.022800
2 0.750177 0.689355 0.348735 0.022800
2 0.608281 0.712770 0.063794 0.018461
0 0.581633 0.744433 0.083824 0.020015
1 0.665782 0.743151 0.072159 0.019837
2 0.823266 0.741378 0.222095 0.020871
2 0.641379 0.765402 0.127114 0.019425
0 0.583070 0.797547 0.083824 0.020015
1 0.657638 0.796411 0.052997 0.019545
2 0.813457 0.794663 0.237925 0.021112
2 0.753627 0.816829 0.348735 0.022800
2 0.759202 0.837998 0.358733 0.022952
2 0.754778 0.859320 0.348735 0.022800
2 0.723693 0.881048 0.285415 0.021835
