3 0.507648 0.037647 0.984704 0.043913
0 0.122438 0.077097 0.083937 0.020321
1 0.212410 0.078800 0.083937 0.020321
2 0.367756 0.082365 0.206356 0.021389
2 0.291648 0.102181 0.348811 0.024085
2 0.290934 0.123424 0.348811 0.024085
2 0.290219 0.144668 0.348811 0.024085
2 0.249933 0.165162 0.269670 0.022587
0 0.118591 0.191435 0.083937 0.020321
1 0.201065 0.192996 0.068942 0.020037
2 0.356827 0.196570 0.222185 0.021688
2 0.232402 0.215471 0.238013 0.021988
0 0.096061 0.241650 0.042284 0.019532
1 0.166039 0.242974 0.085604 0.020352
0 0.115921 0.270785 0.083937 0.020321
1 0.208392 0.272535 0.088936 0.020415
0 0.104625 0.296830 0.063111 0.019927
1 0.169604 0.298059 0.054780 0.019769
2 0.334114 0.301798 0.253841 0.022288
2 0.125965 0.319115 0.032245 0.018094
0 0.102775 0.351812 0.063111 0.019927
1 0.172753 0.353137 0.064777 0.019958
2 0.310604 0.356371 0.190528 0.021089
0 0.091226 0.385354 0.042284 0.019532
1 0.145376 0.386379 0.053947 0.019753
2 0.325297 0.390410 0.285498 0.022887
2 0.217950 0.409635 0.222185 0.021688
0 0.089586 0.434089 0.042284 0.019532
1 0.159148 0.435405 0.084771 0.020337
2 0.338653 0.439428 0.253841 0.022288
2 0.279623 0.459567 0.348811 0.024085
2 0.278908 0.480811 0.348811 0.024085
2 0.278194 0.502054 0.348811 0.024085
2 0.282477 0.523392 0.358808 0.024274
2 0.118481 0.541545 0.032245 0.018094
0 0.105704 0.574438 0.083937 0.020321
1 0.185679 0.575952 0.063944 0.019942
2 0.338942 0.579478 0.222185 0.021688
2 0.274914 0.599523 0.348811 0.024085
2 0.274199 0.620766 0.348811 0.024085
2 0.278483 0.642104 0.358808 0.024274
2 0.277768 0.663347 0.358808 0.024274
2 0.272055 0.684496 0.348811 0.024085
2 0.276339 0.705834 0.358808 0.024274
2 0.112342 0.723987 0.032245 0.018094
0 0.099523 0.758130 0.083937 0.020321
1 0.174499 0.759549 0.053947 0.019753
0 0.088080 0.788548 0.063111 0.019927
1 0.150976 0.789738 0.050615 0.019690
2 0.321318 0.793588 0.269670 0.022587
2 0.222301 0.812970 0.258007 0.022366
0 0.096706 0.841853 0.083937 0.020321
1 0.175015 0.843335 0.060612 0.019879
2 0.334526 0.846980 0.238013 0.021988
2 0.107633 0.863942 0.032245 0.018094
0 0.568130 0.085532 0.042284 0.019532
1 0.643522 0.086959 0.096434 0.020557
2 0.820945 0.090942 0.238013 0.021988
2 0.758166 0.111011 0.348811 0.024085
2 0.757452 0.132254 0.348811 0.024085
2 0.756737 0.153497 0.348811 0.024085
2 0.756022 0.174741 0.348811 0.024085
2 0.597024 0.192988 0.032245 0.018094
0 0.584457 0.219634 0.083937 0.020321
1 0.659434 0.221053 0.053947 0.019753
0 0.583385 0.251499 0.083937 0.020321
1 0.663360 0.253012 0.063944 0.019942
2 0.816623 0.256538 0.222185 0.021688
2 0.757594 0.276678 0.358808 0.024274
2 0.751881 0.297826 0.348811 0.024085
2 0.751166 0.319070 0.348811 0.024085
2 0.750451 0.340313 0.348811 0.024085
2 0.749736 0.361556 0.348811 0.024085
2 0.749021 0.382799 0.348811 0.024085
2 0.748307 0.404043 0.348811 0.024085
2 0.605137 0.422590 0.063902 0.018693
0 0.566329 0.448739 0.063111 0.019927
1 0.641721 0.450166 0.075607 0.020163
2 0.808730 0.453952 0.238013 0.021988
2 0.745952 0.474020 0.348811 0.024085
2 0.750236 0.495358 0.358808 0.024274
2 0.744523 0.516507 0.348811 0.024085
2 0.743808 0.537750 0.348811 0.024085
2 0.679780 0.557795 0.222185 0.021688
0 0.572243 0.582643 0.083937 0.020321
1 0.670545 0.584504 0.100599 0.020636
2 0.826308 0.588077 0.190528 0.021089
2 0.583170 0.604732 0.032245 0.018094
0 0.560127 0.633055 0.063111 0.019927
1 0.625106 0.634285 0.054780 0.019769
2 0.789616 0.638024 0.253841 0.022288
2 0.739750 0.658337 0.348811 0.024085
2 0.739036 0.679580 0.348811 0.024085
2 0.738321 0.700823 0.348811 0.024085
2 0.737606 0.722066 0.348811 0.024085
2 0.736891 0.743310 0.348811 0.024085
2 0.736177 0.764553 0.348811 0.024085
2 0.593007 0.783100 0.063902 0.018693
0 0.554072 0.812998 0.063111 0.019927
1 0.624467 0.814330 0.065610 0.019974
2 0.794391 0.818171 0.253841 0.022288
2 0.622898 0.836182 0.127215 0.019891
0 0.541977 0.862785 0.042284 0.019532
1 0.592378 0.863739 0.046449 0.019611
2 0.768551 0.867698 0.285498 0.022887
2 0.605388 0.885867 0.095558 0.019292
