3 0.494308 0.036332 0.988616 0.039076
0 0.077169 0.090256 0.042129 0.019333
1 0.143407 0.089324 0.077956 0.019838
2 0.319642 0.087467 0.253727 0.021064
2 0.118126 0.111559 0.047930 0.018166
0 0.088929 0.143850 0.062958 0.019627
1 0.161000 0.142835 0.068791 0.019709
2 0.293075 0.141600 0.174574 0.019949
0 0.100126 0.174948 0.083788 0.019920
1 0.189694 0.173687 0.082955 0.019908
2 0.344682 0.172129 0.206235 0.020395
2 0.104423 0.196766 0.016269 0.017720
0 0.101425 0.226814 0.083788 0.019920
1 0.177245 0.225746 0.055460 0.019521
2 0.318485 0.224382 0.206235 0.020395
0 0.081424 0.260227 0.042129 0.019333
1 0.145580 0.259323 0.073790 0.019779
2 0.319731 0.257496 0.253727 0.021064
2 0.154042 0.281083 0.111252 0.019058
0 0.093216 0.315070 0.062958 0.019627
1 0.155288 0.314196 0.048794 0.019427
2 0.324857 0.312433 0.269557 0.021287
2 0.131673 0.336407 0.063760 0.018389
0 0.084099 0.367083 0.042129 0.019333
1 0.148671 0.366173 0.074623 0.019791
2 0.323240 0.364340 0.253727 0.021064
2 0.275447 0.386267 0.348710 0.022402
2 0.275979 0.407513 0.348710 0.022402
2 0.276511 0.428759 0.348710 0.022402
2 0.282042 0.449935 0.358708 0.022542
2 0.277575 0.471252 0.348710 0.022402
2 0.167293 0.494059 0.127082 0.019280
0 0.088058 0.525180 0.042129 0.019333
1 0.140132 0.524446 0.049627 0.019439
2 0.310118 0.522678 0.269557 0.021287
0 0.109576 0.552382 0.083788 0.019920
1 0.196644 0.551155 0.077956 0.019838
2 0.357048 0.549522 0.222066 0.020618
2 0.169280 0.573420 0.127082 0.019280
0 0.090092 0.606415 0.042129 0.019333
1 0.150498 0.605565 0.066291 0.019674
0 0.111672 0.636117 0.083788 0.019920
1 0.209988 0.634732 0.100452 0.020155
2 0.318318 0.633832 0.095421 0.018835
0 0.112564 0.671736 0.083788 0.019920
1 0.207547 0.670398 0.093786 0.020061
2 0.367951 0.668764 0.206235 0.020395
2 0.288081 0.691143 0.358708 0.022542
2 0.285696 0.712430 0.352876 0.022460
2 0.284145 0.733706 0.348710 0.022402
2 0.284677 0.754952 0.348710 0.022402
2 0.285209 0.776198 0.348710 0.022402
2 0.269911 0.797667 0.317049 0.021956
0 0.095724 0.831376 0.042129 0.019333
1 0.153630 0.830560 0.061292 0.019603
0 0.096616 0.866995 0.042129 0.019333
1 0.151606 0.866220 0.055460 0.019521
2 0.292847 0.864856 0.206235 0.020395
0 0.107703 0.893718 0.062958 0.019627
1 0.186023 0.892615 0.081288 0.019885
2 0.356008 0.890846 0.237896 0.020841
2 0.288636 0.913049 0.348710 0.022402
2 0.289167 0.934295 0.348710 0.022402
2 0.289699 0.955541 0.348710 0.022402
2 0.290231 0.976788 0.348710 0.022402
2 0.290763 0.993417 0.348710 0.013167
0 0.564583 0.083392 0.083788 0.019920
1 0.632488 0.082436 0.039629 0.019298
2 0.789559 0.080849 0.253727 0.021064
2 0.608456 0.104653 0.095421 0.018835
0 0.565850 0.134008 0.083788 0.019920
1 0.653335 0.132776 0.078789 0.019850
2 0.806240 0.131248 0.206235 0.020395
2 0.593893 0.155492 0.063760 0.018389
0 0.567242 0.189623 0.083788 0.019920
1 0.641813 0.188573 0.052960 0.019486
2 0.765973 0.187450 0.174574 0.019949
0 0.568040 0.221493 0.083788 0.019920
1 0.643860 0.220425 0.055460 0.019521
2 0.800932 0.218838 0.237896 0.020841
0 0.558455 0.254759 0.062958 0.019627
1 0.635941 0.253667 0.079622 0.019861
0 0.548744 0.283025 0.042129 0.019333
1 0.613732 0.282110 0.075456 0.019803
2 0.788717 0.280271 0.253727 0.021064
2 0.705514 0.302696 0.279556 0.021428
0 0.570872 0.334598 0.083788 0.019920
1 0.659190 0.333354 0.080455 0.019873
2 0.812928 0.331814 0.206235 0.020395
2 0.638491 0.355525 0.142913 0.019503
0 0.561850 0.390360 0.062958 0.019627
1 0.635170 0.389327 0.071290 0.019744
0 0.562569 0.419105 0.062958 0.019627
1 0.639223 0.418025 0.077956 0.019838
2 0.807542 0.416280 0.237896 0.020841
2 0.748501 0.438365 0.358708 0.022542
2 0.744034 0.459682 0.348710 0.022402
2 0.744566 0.480928 0.348710 0.022402
2 0.745098 0.502174 0.348710 0.022402
2 0.745630 0.523421 0.348710 0.022402
2 0.746161 0.544667 0.348710 0.022402
0 0.556097 0.576724 0.042129 0.019333
1 0.612337 0.575932 0.057959 0.019556
2 0.786489 0.574104 0.269557 0.021287
2 0.747444 0.595908 0.348710 0.022402
2 0.747976 0.617154 0.348710 0.022402
2 0.661440 0.639626 0.174574 0.019949
0 0.568812 0.668436 0.062958 0.019627
1 0.630468 0.667567 0.047961 0.019416
2 0.799620 0.665810 0.269557 0.021287
2 0.702253 0.688435 0.253727 0.021064
0 0.580635 0.724529 0.083788 0.019920
1 0.663120 0.723368 0.068791 0.019709
2 0.818942 0.721798 0.222066 0.020618
2 0.729489 0.744312 0.305384 0.021791
0 0.582027 0.780144 0.083788 0.019920
1 0.670345 0.778901 0.080455 0.019873
2 0.824083 0.777361 0.206235 0.020395
2 0.752545 0.799622 0.348710 0.022402
2 0.753077 0.820868 0.348710 0.022402
2 0.753609 0.842114 0.348710 0.022402
2 0.754140 0.863361 0.348710 0.022402
2 0.635943 0.886279 0.111252 0.019058
