3 0.507206 0.032004 0.985587 0.042616
0 0.111049 0.077404 0.063070 0.019846
1 0.182280 0.078659 0.067236 0.019920
2 0.353046 0.082295 0.253812 0.021960
2 0.184927 0.100587 0.137177 0.019904
0 0.119759 0.131947 0.083898 0.020213
1 0.203070 0.133416 0.070568 0.019978
2 0.359674 0.136802 0.222154 0.021402
2 0.225711 0.155696 0.222154 0.021402
0 0.118056 0.186307 0.083898 0.020213
1 0.203032 0.187805 0.073901 0.020037
2 0.361302 0.191220 0.222154 0.021402
2 0.255666 0.210614 0.285470 0.022518
0 0.095525 0.240300 0.042243 0.019479
1 0.147594 0.241218 0.049741 0.019611
0 0.104920 0.272975 0.063070 0.019846
1 0.170735 0.274135 0.056405 0.019729
2 0.312343 0.277256 0.206325 0.021123
0 0.093430 0.307157 0.042243 0.019479
1 0.166326 0.308442 0.091396 0.020346
2 0.325429 0.311872 0.206325 0.021123
0 0.113376 0.335641 0.083898 0.020213
1 0.189605 0.336985 0.056405 0.019729
0 0.091452 0.370264 0.042243 0.019479
1 0.161849 0.371505 0.086397 0.020257
2 0.342196 0.375310 0.253812 0.021960
2 0.123258 0.392706 0.032206 0.018053
0 0.100377 0.417935 0.063070 0.019846
1 0.170775 0.419176 0.065569 0.019890
2 0.340708 0.422796 0.253812 0.021960
2 0.224658 0.442007 0.237983 0.021681
0 0.098674 0.472295 0.063070 0.019846
1 0.162823 0.473426 0.053073 0.019670
2 0.326508 0.476936 0.253812 0.021960
2 0.278355 0.497343 0.348785 0.023634
2 0.277690 0.518587 0.348785 0.023634
2 0.277024 0.539831 0.348785 0.023634
2 0.149726 0.558843 0.095522 0.019169
0 0.084638 0.587704 0.042243 0.019479
1 0.134207 0.588578 0.044742 0.019523
2 0.309556 0.592294 0.285470 0.022518
2 0.274733 0.612936 0.348785 0.023634
2 0.279066 0.634269 0.358783 0.023810
2 0.273401 0.655425 0.348785 0.023634
2 0.272736 0.676669 0.348785 0.023634
2 0.237496 0.697303 0.279638 0.022415
0 0.080428 0.722042 0.042243 0.019479
1 0.162905 0.723496 0.110557 0.020683
2 0.339503 0.727234 0.222154 0.021402
2 0.159720 0.745321 0.127180 0.019727
0 0.089314 0.770962 0.063070 0.019846
1 0.149297 0.772020 0.044742 0.019523
2 0.316732 0.775596 0.269641 0.022239
2 0.158193 0.794057 0.127180 0.019727
0 0.098122 0.822382 0.083898 0.020213
1 0.171019 0.823667 0.049741 0.019611
0 0.086788 0.851565 0.063070 0.019846
1 0.157185 0.852806 0.065569 0.019890
2 0.279632 0.855590 0.158838 0.020285
0 0.075317 0.885122 0.042243 0.019479
1 0.121138 0.885930 0.037244 0.019391
2 0.229421 0.888464 0.158838 0.020285
0 0.567173 0.085444 0.042243 0.019479
1 0.632572 0.086597 0.076400 0.020081
2 0.807920 0.090313 0.253812 0.021960
2 0.757269 0.110676 0.348785 0.023634
2 0.706200 0.131032 0.247980 0.021857
0 0.585592 0.162665 0.083898 0.020213
1 0.670569 0.164163 0.073901 0.020037
0 0.584711 0.190782 0.083898 0.020213
1 0.673020 0.192339 0.080565 0.020155
0 0.568717 0.222384 0.053906 0.019685
1 0.633699 0.223530 0.063903 0.019861
2 0.802799 0.227136 0.253812 0.021960
2 0.705493 0.246676 0.253812 0.021960
0 0.561181 0.276642 0.042243 0.019479
1 0.622831 0.277728 0.068902 0.019949
0 0.560300 0.304759 0.042243 0.019479
1 0.636946 0.306110 0.098894 0.020478
2 0.799798 0.309606 0.206325 0.021123
0 0.580188 0.335118 0.083898 0.020213
1 0.658083 0.336491 0.059738 0.019788
2 0.817186 0.339921 0.237983 0.021681
2 0.725712 0.359564 0.301299 0.022797
0 0.557735 0.386611 0.042243 0.019479
1 0.621467 0.387735 0.073067 0.020022
0 0.577623 0.416970 0.083898 0.020213
1 0.657601 0.418380 0.063903 0.019861
2 0.795043 0.421428 0.190496 0.020844
0 0.566093 0.452402 0.063070 0.019846
1 0.646904 0.453826 0.086397 0.020257
2 0.795593 0.457072 0.190496 0.020844
0 0.554798 0.480335 0.042243 0.019479
1 0.619363 0.481473 0.074734 0.020052
2 0.778050 0.484896 0.222154 0.021402
0 0.574686 0.510694 0.083898 0.020213
1 0.669243 0.512361 0.093062 0.020375
2 0.826263 0.515754 0.200493 0.021020
2 0.743953 0.535559 0.348785 0.023634
2 0.743288 0.556803 0.348785 0.023634
2 0.742622 0.578047 0.348785 0.023634
2 0.678640 0.598175 0.222154 0.021402
0 0.550235 0.625920 0.042243 0.019479
1 0.613968 0.627044 0.073067 0.020022
2 0.787650 0.630730 0.253812 0.021960
2 0.629528 0.649199 0.127180 0.019727
0 0.559063 0.676715 0.063070 0.019846
1 0.625295 0.677882 0.057238 0.019743
2 0.791063 0.681430 0.253812 0.021960
2 0.738745 0.701763 0.348785 0.023634
2 0.738079 0.723007 0.348785 0.023634
2 0.571209 0.741322 0.016377 0.017774
0 0.556146 0.769814 0.063070 0.019846
1 0.630292 0.771121 0.073067 0.020022
2 0.748573 0.773831 0.143009 0.020006
0 0.565600 0.800614 0.083898 0.020213
1 0.640996 0.801943 0.054739 0.019699
0 0.543715 0.833988 0.042243 0.019479
1 0.590369 0.834810 0.038910 0.019420
2 0.770716 0.838614 0.301299 0.022797
2 0.733810 0.859220 0.348785 0.023634
2 0.733144 0.880464 0.348785 0.023634
2 0.582104 0.899057 0.048035 0.018332
