3 0.506246 0.031347 0.987508 0.040269
0 0.119700 0.078479 0.083825 0.020019
1 0.195518 0.079637 0.055498 0.019586
0 0.108505 0.107064 0.062996 0.019701
1 0.177241 0.108114 0.062163 0.019688
2 0.345522 0.111310 0.253756 0.021366
2 0.201225 0.130360 0.174606 0.020157
0 0.117613 0.155338 0.083825 0.020019
1 0.196763 0.156547 0.062163 0.019688
2 0.309639 0.158897 0.142946 0.019673
0 0.096054 0.181889 0.042167 0.019383
1 0.173954 0.183079 0.101322 0.020286
2 0.353900 0.186453 0.237926 0.021124
2 0.286254 0.206674 0.348736 0.022817
2 0.290676 0.227996 0.358734 0.022969
2 0.158459 0.247231 0.095455 0.018947
0 0.103991 0.273279 0.062996 0.019701
1 0.176476 0.274387 0.069661 0.019803
2 0.340591 0.277519 0.237926 0.021124
0 0.092863 0.299365 0.042167 0.019383
1 0.149102 0.300224 0.057997 0.019624
2 0.320299 0.303465 0.263754 0.021518
0 0.092066 0.328734 0.042167 0.019383
1 0.154136 0.329682 0.069661 0.019803
2 0.294507 0.332452 0.190436 0.020398
0 0.091115 0.363727 0.042167 0.019383
1 0.144854 0.364548 0.052998 0.019548
2 0.324383 0.367915 0.285416 0.021849
2 0.281315 0.388512 0.348736 0.022817
2 0.277822 0.409713 0.342904 0.022728
0 0.099493 0.438870 0.062996 0.019701
1 0.187392 0.440213 0.100488 0.020273
2 0.351091 0.443339 0.206266 0.020640
2 0.247619 0.463013 0.285416 0.021849
0 0.108584 0.487769 0.083825 0.020019
1 0.191067 0.489029 0.068828 0.019790
2 0.346851 0.492034 0.222096 0.020882
2 0.277955 0.512236 0.348736 0.022817
2 0.282377 0.533558 0.358734 0.022969
2 0.276801 0.554727 0.348736 0.022817
2 0.276224 0.575973 0.348736 0.022817
2 0.204412 0.596130 0.206266 0.020640
0 0.104817 0.626490 0.083825 0.020019
1 0.182301 0.627674 0.058830 0.019637
2 0.341001 0.630724 0.237926 0.021124
2 0.187122 0.649627 0.174606 0.020157
0 0.082562 0.678661 0.042167 0.019383
1 0.140883 0.679552 0.062163 0.019688
2 0.317080 0.682869 0.269586 0.021608
2 0.177782 0.701995 0.158776 0.019915
0 0.091619 0.728810 0.062996 0.019701
1 0.148691 0.729682 0.038835 0.019332
2 0.257818 0.731974 0.158776 0.019915
0 0.080271 0.763019 0.042167 0.019383
1 0.144841 0.764005 0.074660 0.019879
2 0.319371 0.767297 0.253756 0.021366
2 0.275470 0.787880 0.358734 0.022969
2 0.269894 0.809050 0.348736 0.022817
2 0.269317 0.830295 0.348736 0.022817
2 0.181675 0.850211 0.174606 0.020157
0 0.076996 0.883619 0.042167 0.019383
1 0.144898 0.884656 0.081326 0.019981
2 0.322761 0.887998 0.253756 0.021366
2 0.156385 0.906711 0.127116 0.019431
0 0.565441 0.085289 0.042167 0.019383
1 0.628761 0.086256 0.072161 0.019841
2 0.746636 0.088682 0.142946 0.019673
0 0.585455 0.115601 0.083825 0.020019
1 0.662523 0.116778 0.057997 0.019624
2 0.820806 0.119821 0.237926 0.021124
2 0.636101 0.138254 0.111286 0.019189
0 0.584047 0.167465 0.083825 0.020019
1 0.673195 0.168827 0.082159 0.019993
2 0.827729 0.171813 0.206266 0.020640
2 0.753418 0.191932 0.348736 0.022817
2 0.752841 0.213177 0.348736 0.022817
2 0.696858 0.233577 0.237926 0.021124
0 0.581416 0.264320 0.083825 0.020019
1 0.663483 0.265573 0.067995 0.019777
2 0.818850 0.268572 0.222096 0.020882
2 0.750787 0.288787 0.348736 0.022817
2 0.591910 0.307614 0.032135 0.017980
0 0.579499 0.334930 0.083825 0.020019
1 0.665314 0.336241 0.075494 0.019892
2 0.824431 0.339297 0.222096 0.020882
2 0.748869 0.359397 0.348736 0.022817
2 0.748292 0.380643 0.348736 0.022817
2 0.752714 0.401965 0.358734 0.022969
2 0.747138 0.423134 0.348736 0.022817
2 0.683241 0.443412 0.222096 0.020882
0 0.565283 0.474742 0.062996 0.019701
1 0.623604 0.475633 0.041334 0.019370
0 0.553901 0.510200 0.042167 0.019383
1 0.616388 0.511155 0.070495 0.019815
2 0.796750 0.514535 0.269586 0.021608
2 0.633290 0.533293 0.127116 0.019431
0 0.552390 0.565814 0.042167 0.019383
1 0.617794 0.566813 0.076327 0.019904
2 0.793157 0.570117 0.253756 0.021366
0 0.551678 0.592058 0.042167 0.019383
1 0.600001 0.592797 0.042167 0.019383
2 0.726624 0.595356 0.190436 0.020398
0 0.561244 0.623461 0.062996 0.019701
1 0.632479 0.624549 0.067162 0.019764
2 0.755770 0.627058 0.158776 0.019915
0 0.549896 0.657670 0.042167 0.019383
1 0.601968 0.658465 0.049666 0.019497
2 0.779831 0.661808 0.285416 0.021849
2 0.740096 0.682455 0.348736 0.022817
2 0.652453 0.702370 0.174606 0.020157
0 0.568688 0.732972 0.083825 0.020019
1 0.640757 0.734073 0.047999 0.019472
2 0.794041 0.737040 0.237926 0.021124
2 0.738059 0.757439 0.348736 0.022817
2 0.737482 0.778685 0.348736 0.022817
2 0.736905 0.799931 0.348736 0.022817
2 0.741327 0.821253 0.358734 0.022969
2 0.735751 0.842422 0.348736 0.022817
2 0.640194 0.862216 0.158776 0.019915
0 0.553946 0.892155 0.062996 0.019701
1 0.623515 0.893218 0.063829 0.019713
2 0.713479 0.895218 0.095455 0.018947
