1 0.087983 0.089884 0.062941 0.019593
2 0.166304 0.088824 0.081271 0.019841
3 0.336291 0.087148 0.237882 0.020711
3 0.268896 0.109314 0.348698 0.022211
3 0.269408 0.130560 0.348698 0.022211
3 0.269919 0.151807 0.348698 0.022211
3 0.270430 0.173053 0.348698 0.022211
3 0.270941 0.194300 0.348698 0.022211
3 0.152722 0.217154 0.111236 0.018997
0 0.258254 0.151965 0.410209 0.155479
1 0.102127 0.244718 0.083771 0.019875
2 0.172532 0.243765 0.044611 0.019345
3 0.332105 0.242230 0.253713 0.020925
3 0.272626 0.264289 0.348698 0.022211
3 0.114829 0.287678 0.032083 0.017926
0 0.260961 0.264447 0.408164 0.070493
1 0.093486 0.318597 0.062941 0.019593
2 0.176806 0.317469 0.091270 0.019976
3 0.343877 0.315833 0.222052 0.020497
3 0.274400 0.338027 0.348698 0.022211
3 0.279910 0.359205 0.358696 0.022346
3 0.275422 0.380520 0.348698 0.022211
3 0.117626 0.403909 0.032083 0.017926
0 0.263246 0.359431 0.409187 0.112986
1 0.106638 0.432187 0.083771 0.019875
2 0.175793 0.431251 0.042111 0.019311
0 0.264960 0.430669 0.407142 0.028000
1 0.096884 0.459824 0.062941 0.019593
2 0.177288 0.458735 0.085437 0.019897
3 0.341443 0.457139 0.222052 0.020497
3 0.277798 0.479254 0.348698 0.022211
3 0.278309 0.500500 0.348698 0.022211
3 0.278821 0.521747 0.348698 0.022211
3 0.279332 0.542993 0.348698 0.022211
0 0.266645 0.500658 0.409187 0.112986
1 0.089251 0.575571 0.042111 0.019311
2 0.142576 0.574849 0.052109 0.019446
3 0.321728 0.573049 0.285375 0.021354
3 0.122272 0.597002 0.032083 0.017926
0 0.268659 0.584394 0.407653 0.049246
1 0.111359 0.628405 0.083771 0.019875
2 0.200511 0.627199 0.082104 0.019852
3 0.355085 0.625732 0.206221 0.020283
3 0.281858 0.647976 0.348698 0.022211
3 0.282369 0.669223 0.348698 0.022211
3 0.282880 0.690469 0.348698 0.022211
3 0.156746 0.713430 0.095406 0.018783
0 0.270704 0.669381 0.409187 0.112986
1 0.114231 0.747761 0.083771 0.019875
2 0.207133 0.746503 0.089603 0.019954
3 0.365455 0.744986 0.206221 0.020283
3 0.284730 0.767332 0.348698 0.022211
3 0.285241 0.788578 0.348698 0.022211
3 0.269922 0.810039 0.317036 0.021783
0 0.273321 0.778113 0.408675 0.091739
1 0.106027 0.839762 0.062941 0.019593
2 0.183931 0.838707 0.080438 0.019830
0 0.274764 0.838103 0.407142 0.028000
1 0.117163 0.869616 0.083771 0.019875
2 0.205482 0.868421 0.080438 0.019830
3 0.364221 0.866897 0.216219 0.020418
3 0.287662 0.889187 0.348698 0.022211
3 0.288173 0.910433 0.348698 0.022211
3 0.288684 0.931680 0.348698 0.022211
3 0.170465 0.954534 0.111236 0.018997
0 0.276508 0.910591 0.409187 0.112986
1 0.564989 0.083428 0.083771 0.019875
2 0.644559 0.082351 0.062941 0.019593
3 0.802465 0.080839 0.232050 0.020632
3 0.740486 0.102931 0.358696 0.022346
3 0.740998 0.124177 0.358696 0.022346
3 0.736510 0.145492 0.348698 0.022211
3 0.665783 0.167702 0.206221 0.020283
0 0.724334 0.124403 0.409187 0.112986
1 0.567755 0.198409 0.083771 0.019875
2 0.643576 0.197383 0.055442 0.019491
3 0.800649 0.195882 0.237882 0.020711
3 0.667015 0.218944 0.206221 0.020283
0 0.726333 0.207514 0.407653 0.049246
1 0.548188 0.251182 0.042111 0.019311
2 0.596514 0.250528 0.042111 0.019311
3 0.775666 0.248729 0.295373 0.021489
3 0.620786 0.272078 0.111236 0.018997
0 0.727597 0.260006 0.407653 0.049246
1 0.559791 0.300408 0.062941 0.019593
2 0.641028 0.299309 0.087104 0.019920
3 0.806016 0.297701 0.222052 0.020497
3 0.614059 0.321552 0.095406 0.018783
0 0.728784 0.309373 0.407653 0.049246
1 0.561160 0.357274 0.062941 0.019593
2 0.646562 0.356118 0.095436 0.020033
3 0.784055 0.354882 0.158729 0.019640
0 0.729897 0.355615 0.407142 0.028000
1 0.546989 0.391847 0.032946 0.019187
2 0.604896 0.391063 0.070440 0.019694
3 0.790298 0.389178 0.279542 0.021275
3 0.608339 0.412895 0.079575 0.018568
0 0.730980 0.400608 0.407653 0.049246
1 0.573559 0.439620 0.083771 0.019875
2 0.661045 0.438436 0.078772 0.019807
3 0.813952 0.436991 0.206221 0.020283
3 0.744058 0.459191 0.348698 0.022211
3 0.744569 0.480437 0.348698 0.022211
3 0.745080 0.501684 0.348698 0.022211
3 0.721846 0.523252 0.301205 0.021568
0 0.732904 0.480595 0.409187 0.112986
1 0.550898 0.554320 0.032946 0.019187
2 0.595891 0.553711 0.044611 0.019345
3 0.779210 0.551855 0.301205 0.021568
3 0.746810 0.573547 0.348698 0.022211
3 0.747321 0.594794 0.348698 0.022211
3 0.747832 0.616040 0.348698 0.022211
3 0.740428 0.637394 0.332867 0.021997
0 0.735656 0.594951 0.409187 0.112986
1 0.568648 0.668473 0.062941 0.019593
2 0.634054 0.667588 0.055442 0.019491
3 0.799042 0.665980 0.253713 0.020925
3 0.662492 0.689082 0.174559 0.019854
0 0.737641 0.677438 0.407653 0.049246
1 0.580371 0.722699 0.083771 0.019875
2 0.667440 0.721520 0.077938 0.019796
3 0.827846 0.719974 0.222052 0.020497
3 0.750869 0.742269 0.348698 0.022211
3 0.756380 0.763448 0.358696 0.022346
3 0.756891 0.784695 0.358696 0.022346
3 0.752403 0.806009 0.348698 0.022211
3 0.752914 0.827256 0.348698 0.022211
3 0.705933 0.849145 0.253713 0.020925
0 0.740227 0.784920 0.410209 0.155479
1 0.573655 0.876565 0.062941 0.019593
2 0.651975 0.875504 0.081271 0.019841
3 0.821963 0.873829 0.237882 0.020711
3 0.754568 0.895994 0.348698 0.022211
3 0.755080 0.917241 0.348698 0.022211
3 0.755591 0.938488 0.348698 0.022211
3 0.729440 0.960095 0.295373 0.021489
0 0.743415 0.917399 0.409187 0.112986
