1 0.102179 0.087676 0.083607 0.019446
2 0.190923 0.086934 0.081107 0.019425
0 0.260511 0.086977 0.406976 0.025899
1 0.092181 0.115887 0.062775 0.019272
2 0.158010 0.115336 0.056109 0.019216
0 0.260929 0.115100 0.406976 0.025899
1 0.082229 0.147222 0.041943 0.019097
2 0.148475 0.146668 0.077774 0.019397
3 0.324723 0.145819 0.253578 0.019617
3 0.278376 0.167458 0.358571 0.020496
3 0.107452 0.190139 0.016093 0.017631
0 0.261710 0.167597 0.407608 0.068397
1 0.083354 0.222842 0.041943 0.019097
2 0.137517 0.222389 0.053609 0.019195
3 0.317515 0.221509 0.285242 0.019882
3 0.219087 0.243583 0.237745 0.019485
0 0.262676 0.232593 0.407292 0.047148
1 0.094615 0.279626 0.062775 0.019272
2 0.157528 0.279100 0.050276 0.019167
3 0.327943 0.278300 0.269410 0.019750
3 0.177435 0.300810 0.152751 0.018774
0 0.263522 0.289465 0.407292 0.047148
1 0.084961 0.330960 0.041943 0.019097
2 0.150790 0.330410 0.076941 0.019390
0 0.264126 0.330087 0.406976 0.025899
1 0.106286 0.363909 0.083607 0.019446
2 0.199196 0.363132 0.089440 0.019495
3 0.357529 0.362433 0.206081 0.019220
3 0.189522 0.385089 0.174416 0.018955
0 0.264776 0.373834 0.407292 0.047148
1 0.096585 0.412118 0.062775 0.019272
2 0.175330 0.411460 0.081940 0.019432
3 0.345746 0.410659 0.237745 0.019485
3 0.134825 0.433675 0.063590 0.018029
0 0.265492 0.421956 0.407292 0.047148
1 0.107809 0.466403 0.083607 0.019446
2 0.177388 0.465821 0.042776 0.019104
3 0.336138 0.465118 0.253578 0.019617
3 0.278124 0.486855 0.348572 0.020412
3 0.278440 0.508103 0.348572 0.020412
3 0.283756 0.529310 0.358571 0.020496
3 0.263240 0.550733 0.316907 0.020147
0 0.266774 0.508201 0.408240 0.110894
1 0.088678 0.580945 0.041943 0.019097
2 0.146591 0.580460 0.061108 0.019258
3 0.306590 0.579747 0.237745 0.019485
0 0.267843 0.580071 0.406976 0.025899
1 0.089087 0.608443 0.041943 0.019097
2 0.159499 0.607854 0.086107 0.019467
3 0.339914 0.606970 0.253578 0.019617
3 0.121910 0.630045 0.031925 0.017764
0 0.268409 0.618194 0.407292 0.047148
1 0.110746 0.663890 0.083607 0.019446
2 0.187824 0.663246 0.057775 0.019230
3 0.346157 0.662547 0.237745 0.019485
3 0.286060 0.684301 0.358571 0.020496
3 0.281376 0.705591 0.348572 0.020412
3 0.281692 0.726840 0.348572 0.020412
3 0.255343 0.748311 0.295242 0.019966
0 0.269710 0.705689 0.408240 0.110894
1 0.112418 0.776383 0.083607 0.019446
2 0.207829 0.775585 0.094440 0.019536
3 0.360745 0.774932 0.190248 0.019088
3 0.282733 0.796835 0.348572 0.020412
3 0.283049 0.818084 0.348572 0.020412
3 0.283365 0.839333 0.348572 0.020412
3 0.283681 0.860581 0.348572 0.020412
3 0.212751 0.882426 0.206081 0.019220
0 0.271541 0.828806 0.408556 0.132143
1 0.558400 0.083861 0.062775 0.019272
2 0.622563 0.083324 0.052775 0.019188
3 0.786312 0.082580 0.253578 0.019617
3 0.612472 0.105285 0.095254 0.018293
0 0.727307 0.093699 0.407292 0.047148
1 0.569597 0.136270 0.083607 0.019446
2 0.660841 0.135507 0.086107 0.019467
3 0.817507 0.134822 0.206081 0.019220
3 0.642001 0.157541 0.152751 0.018774
0 0.728087 0.146196 0.407292 0.047148
1 0.559933 0.186979 0.062775 0.019272
2 0.627012 0.186418 0.058608 0.019237
3 0.793678 0.185649 0.253578 0.019617
3 0.740664 0.207344 0.348572 0.020412
3 0.740980 0.228593 0.348572 0.020412
3 0.746296 0.249800 0.358571 0.020496
3 0.741612 0.271090 0.348572 0.020412
3 0.741928 0.292339 0.348572 0.020412
3 0.694747 0.313985 0.253578 0.019617
0 0.729630 0.249939 0.408871 0.153392
1 0.572747 0.348132 0.083607 0.019446
2 0.642742 0.347547 0.043609 0.019111
0 0.731079 0.347433 0.406976 0.025899
1 0.547768 0.377718 0.032777 0.019021
2 0.615264 0.377153 0.089440 0.019495
3 0.797345 0.376256 0.253578 0.019617
3 0.616839 0.399017 0.095254 0.018293
0 0.731674 0.387431 0.407292 0.047148
1 0.573917 0.426877 0.083607 0.019446
2 0.654329 0.426205 0.064441 0.019285
3 0.808079 0.425544 0.221913 0.019353
3 0.749232 0.447287 0.358571 0.020496
3 0.744548 0.468578 0.348572 0.020412
3 0.744864 0.489827 0.348572 0.020412
3 0.602689 0.512267 0.063590 0.018029
0 0.732882 0.468676 0.408240 0.110894
1 0.554832 0.544544 0.041943 0.019097
2 0.621911 0.543983 0.079441 0.019411
3 0.783161 0.543260 0.221913 0.019353
0 0.733997 0.543671 0.406976 0.025899
1 0.561074 0.571994 0.053609 0.019195
2 0.617737 0.571520 0.046943 0.019139
3 0.786486 0.570734 0.269410 0.019750
3 0.675142 0.592916 0.206081 0.019220
0 0.734564 0.581793 0.407292 0.047148
1 0.556050 0.626414 0.041943 0.019097
2 0.606880 0.625989 0.046943 0.019139
3 0.783545 0.625137 0.285242 0.019882
3 0.747196 0.646692 0.348572 0.020412
3 0.747512 0.667941 0.348572 0.020412
3 0.747828 0.689189 0.348572 0.020412
3 0.732312 0.710570 0.316907 0.020147
0 0.735846 0.668038 0.408240 0.110894
1 0.578582 0.740608 0.083607 0.019446
2 0.656911 0.739953 0.060275 0.019251
3 0.816493 0.739243 0.237745 0.019485
3 0.638070 0.761987 0.126919 0.018558
0 0.737073 0.750533 0.407292 0.047148
1 0.579418 0.796854 0.083607 0.019446
2 0.653164 0.796238 0.051109 0.019174
3 0.808163 0.795566 0.237745 0.019485
3 0.754733 0.817264 0.358571 0.020496
3 0.750049 0.838555 0.348572 0.020412
3 0.750365 0.859804 0.348572 0.020412
3 0.755680 0.881010 0.358571 0.020496
3 0.750997 0.902301 0.348572 0.020412
3 0.680067 0.924146 0.206081 0.019220
0 0.738699 0.859901 0.408871 0.153392
