1 0.100590 0.082928 0.062620 0.018975
2 0.181422 0.083220 0.085953 0.019060
3 0.345999 0.084439 0.221776 0.018300
0 0.269334 0.084162 0.406806 0.023968
1 0.110793 0.116090 0.083453 0.019051
2 0.192459 0.116385 0.066786 0.018991
3 0.339537 0.117541 0.205943 0.018243
0 0.269121 0.117287 0.406806 0.023968
1 0.085188 0.145373 0.032620 0.018867
2 0.134771 0.145552 0.053453 0.018942
3 0.314765 0.146827 0.285109 0.018529
3 0.169630 0.167553 0.126778 0.017957
0 0.268864 0.157286 0.406943 0.045218
1 0.110240 0.202339 0.083453 0.019051
2 0.205239 0.202682 0.093453 0.019087
3 0.333983 0.203772 0.142611 0.018014
0 0.268567 0.203536 0.406806 0.023968
1 0.110063 0.229839 0.083453 0.019051
2 0.197979 0.230156 0.079286 0.019036
0 0.268391 0.231036 0.406806 0.023968
1 0.109851 0.262963 0.083453 0.019051
2 0.191933 0.263260 0.067620 0.018994
3 0.347344 0.264446 0.221776 0.018300
3 0.248042 0.285338 0.285109 0.018529
0 0.268110 0.274785 0.406943 0.045218
1 0.109485 0.319838 0.083453 0.019051
2 0.204068 0.320179 0.092619 0.019084
3 0.364062 0.321382 0.205943 0.018243
3 0.279343 0.342326 0.348442 0.018758
3 0.279207 0.363576 0.348442 0.018758
3 0.247404 0.384712 0.285109 0.018529
0 0.267608 0.352909 0.407216 0.087718
1 0.098455 0.415424 0.062620 0.018975
2 0.161371 0.415651 0.050120 0.018930
3 0.273449 0.416681 0.152611 0.018050
0 0.267199 0.416658 0.406806 0.023968
1 0.098278 0.442924 0.062620 0.018975
2 0.175361 0.443202 0.078453 0.019033
3 0.344105 0.444436 0.237610 0.018357
3 0.278553 0.465450 0.348442 0.018758
3 0.278416 0.486700 0.348442 0.018758
3 0.159531 0.507521 0.110944 0.017900
0 0.266818 0.476033 0.407216 0.087718
1 0.097677 0.536673 0.062620 0.018975
2 0.159759 0.536897 0.048453 0.018924
3 0.313503 0.538077 0.237610 0.018357
0 0.266421 0.537907 0.406806 0.023968
1 0.107909 0.565460 0.083453 0.019051
2 0.186658 0.565744 0.060953 0.018969
3 0.346652 0.566947 0.237610 0.018357
3 0.111518 0.587348 0.015945 0.017557
0 0.266168 0.577281 0.406943 0.045218
1 0.097175 0.614797 0.062620 0.018975
2 0.157591 0.615015 0.045120 0.018912
3 0.325502 0.616246 0.269276 0.018472
3 0.134951 0.636808 0.063445 0.017729
0 0.265851 0.626656 0.406943 0.045218
1 0.107279 0.663584 0.083453 0.019051
2 0.180611 0.663849 0.050120 0.018930
0 0.265606 0.664780 0.406806 0.023968
1 0.096649 0.696671 0.062620 0.018975
2 0.167482 0.696927 0.065953 0.018988
3 0.337893 0.698167 0.253443 0.018415
3 0.276924 0.719197 0.348442 0.018758
3 0.276787 0.740447 0.348442 0.018758
3 0.276651 0.761696 0.348442 0.018758
3 0.276514 0.782946 0.348442 0.018758
3 0.276378 0.804196 0.348442 0.018758
3 0.204992 0.825188 0.205943 0.018243
0 0.264984 0.761654 0.407625 0.151467
1 0.095642 0.853544 0.062620 0.018975
2 0.165641 0.853797 0.064286 0.018981
3 0.332302 0.855024 0.247609 0.018394
3 0.154251 0.875631 0.105111 0.017879
0 0.264318 0.865403 0.406943 0.045218
1 0.567251 0.084613 0.062620 0.018975
2 0.643917 0.084890 0.077619 0.019030
3 0.812244 0.086123 0.237610 0.018357
3 0.747525 0.107139 0.348442 0.018758
3 0.752388 0.128407 0.358442 0.018794
3 0.604754 0.149124 0.063445 0.017729
0 0.735790 0.117722 0.407216 0.087718
1 0.556240 0.177074 0.041787 0.018900
2 0.628323 0.177335 0.089286 0.019072
3 0.802484 0.178589 0.237610 0.018357
3 0.604433 0.199124 0.063445 0.017729
0 0.735333 0.188971 0.406943 0.045218
1 0.555927 0.225824 0.041787 0.018900
2 0.612593 0.226028 0.058453 0.018960
0 0.735088 0.227096 0.406806 0.023968
1 0.576572 0.255274 0.083453 0.019051
2 0.649488 0.255537 0.049286 0.018927
0 0.734899 0.256470 0.406806 0.023968
1 0.576395 0.282773 0.083453 0.019051
2 0.663894 0.283089 0.078453 0.019033
3 0.785139 0.284152 0.142611 0.018014
0 0.734723 0.283970 0.406806 0.023968
1 0.576211 0.311523 0.083453 0.019051
2 0.672043 0.311869 0.095119 0.019093
3 0.825371 0.313048 0.190110 0.018186
3 0.746068 0.334012 0.348442 0.018758
3 0.750932 0.355279 0.358442 0.018794
3 0.745796 0.376511 0.348442 0.018758
3 0.745659 0.397761 0.348442 0.018758
3 0.745523 0.419011 0.348442 0.018758
3 0.642471 0.439889 0.142611 0.018014
0 0.734129 0.376469 0.407625 0.151467
1 0.564747 0.474609 0.062620 0.018975
2 0.643496 0.474893 0.081786 0.019045
3 0.813907 0.476133 0.237610 0.018357
3 0.610439 0.496649 0.079278 0.017786
0 0.733423 0.486468 0.406943 0.045218
1 0.574851 0.523396 0.083453 0.019051
2 0.659850 0.523703 0.073453 0.019015
3 0.818177 0.524899 0.221776 0.018300
3 0.594293 0.545341 0.047612 0.017671
0 0.733110 0.535217 0.406943 0.045218
1 0.574506 0.577145 0.083453 0.019051
2 0.667005 0.577479 0.088453 0.019069
3 0.824915 0.578674 0.205943 0.018243
3 0.744363 0.599634 0.348442 0.018758
3 0.749227 0.620901 0.358442 0.018794
3 0.744090 0.642133 0.348442 0.018758
3 0.617289 0.662925 0.095111 0.017843
0 0.732560 0.620841 0.407352 0.108967
1 0.552942 0.690818 0.041787 0.018900
2 0.612525 0.691034 0.064286 0.018981
3 0.766269 0.692214 0.221776 0.018300
0 0.732103 0.692090 0.406806 0.023968
1 0.573547 0.726518 0.083453 0.019051
2 0.659379 0.726828 0.075120 0.019021
3 0.794790 0.727942 0.174277 0.018129
0 0.731874 0.727715 0.406806 0.023968
1 0.552541 0.753318 0.041787 0.018900
2 0.607957 0.753518 0.055953 0.018951
3 0.789201 0.754797 0.285109 0.018529
3 0.743232 0.775882 0.348442 0.018758
3 0.748095 0.797149 0.358442 0.018794
3 0.747959 0.818399 0.358442 0.018794
3 0.742822 0.839631 0.348442 0.018758
3 0.742686 0.860881 0.348442 0.018758
3 0.742550 0.882130 0.348442 0.018758
0 0.731292 0.818339 0.407625 0.151467
