0 0.26666666666666666 0.1325 0.4 0.115
0 0.26666666666666666 0.229375 0.4 0.04375
0 0.26666666666666666 0.290625 0.4 0.04375
0 0.26666666666666666 0.3875 0.4 0.115
0 0.26666666666666666 0.555625 0.4 0.18625
0 0.26666666666666666 0.67625 0.4 0.02
0 0.26666666666666666 0.785 0.4 0.1625
0 0.26666666666666666 0.905625 0.4 0.04375
0 0.7333333333333333 0.1325 0.4 0.115
0 0.7333333333333333 0.2175 0.4 0.02
0 0.7333333333333333 0.266875 0.4 0.04375
0 0.7333333333333333 0.328125 0.4 0.04375
0 0.7333333333333333 0.3775 0.4 0.02
0 0.7333333333333333 0.450625 0.4 0.09125
0 0.7333333333333333 0.559375 0.4 0.09125
0 0.7333333333333333 0.65625 0.4 0.0675
0 0.7333333333333333 0.74125 0.4 0.0675
0 0.7333333333333333 0.814375 0.4 0.04375
0 0.7333333333333333 0.91125 0.4 0.115
