3 0.504487 0.031300 0.991027 0.035994
0 0.106085 0.079998 0.062860 0.019435
1 0.165662 0.080653 0.043695 0.019225
2 0.332715 0.083116 0.269480 0.020458
2 0.191065 0.102810 0.158658 0.019239
0 0.094656 0.131753 0.042029 0.019206
1 0.155066 0.132417 0.066193 0.019472
2 0.330451 0.134971 0.263647 0.020394
2 0.213798 0.154941 0.206153 0.019762
0 0.093690 0.181123 0.042029 0.019206
1 0.165766 0.181915 0.089524 0.019729
2 0.339902 0.184456 0.237817 0.020110
2 0.284075 0.205094 0.348638 0.021329
2 0.283660 0.226342 0.348638 0.021329
2 0.283245 0.247589 0.348638 0.021329
2 0.282829 0.268837 0.348638 0.021329
2 0.121181 0.288311 0.026173 0.017782
0 0.101357 0.321847 0.062860 0.019435
1 0.178015 0.322690 0.077858 0.019600
2 0.346318 0.325166 0.237817 0.020110
2 0.154673 0.344311 0.095332 0.018543
0 0.089964 0.371727 0.042029 0.019206
1 0.154540 0.372437 0.074525 0.019564
2 0.329092 0.374982 0.253648 0.020284
2 0.280349 0.395698 0.348638 0.021329
2 0.279933 0.416946 0.348638 0.021329
2 0.184528 0.437149 0.158658 0.019239
0 0.088082 0.467967 0.042029 0.019206
1 0.154741 0.468700 0.078691 0.019609
2 0.331377 0.471268 0.253648 0.020284
2 0.278467 0.491938 0.348638 0.021329
2 0.278052 0.513186 0.348638 0.021329
2 0.250972 0.534140 0.295310 0.020742
0 0.086286 0.559832 0.042029 0.019206
1 0.158361 0.560625 0.089524 0.019729
2 0.332497 0.563165 0.237817 0.020110
2 0.197513 0.582933 0.190322 0.019587
0 0.085308 0.609827 0.042029 0.019206
1 0.143219 0.610463 0.061193 0.019417
2 0.319021 0.613022 0.269480 0.020458
2 0.275694 0.633798 0.348638 0.021329
2 0.275278 0.655045 0.348638 0.021329
2 0.274863 0.676293 0.348638 0.021329
2 0.274447 0.697541 0.348638 0.021329
2 0.107800 0.716960 0.016174 0.017672
0 0.082547 0.751061 0.042029 0.019206
1 0.130875 0.751593 0.042029 0.019206
2 0.281263 0.753872 0.237817 0.020110
0 0.092327 0.783672 0.062860 0.019435
1 0.148988 0.784296 0.037863 0.019160
2 0.313125 0.786726 0.269480 0.020458
2 0.185223 0.806571 0.174490 0.019413
0 0.080849 0.837927 0.042029 0.019206
1 0.155841 0.838752 0.095356 0.019793
2 0.332893 0.841324 0.237817 0.020110
2 0.276233 0.861953 0.358637 0.021439
2 0.270818 0.883146 0.348638 0.021329
2 0.270403 0.904394 0.348638 0.021329
2 0.230408 0.925206 0.269480 0.020458
0 0.583117 0.085244 0.083691 0.019664
1 0.665192 0.086147 0.067859 0.019490
2 0.820580 0.088481 0.221985 0.019936
2 0.752671 0.108987 0.348638 0.021329
2 0.720593 0.129886 0.285311 0.020632
0 0.581639 0.160861 0.083691 0.019664
1 0.675795 0.161897 0.092023 0.019756
2 0.811602 0.164015 0.158658 0.019239
0 0.560123 0.195628 0.042029 0.019206
1 0.626783 0.196362 0.078691 0.019609
2 0.803418 0.198929 0.253648 0.020284
2 0.600108 0.217946 0.047837 0.018020
0 0.569452 0.251362 0.062860 0.019435
1 0.630278 0.252031 0.046195 0.019252
2 0.798581 0.254507 0.269480 0.020458
2 0.749421 0.275219 0.348638 0.021329
2 0.749006 0.296466 0.348638 0.021329
2 0.748590 0.317714 0.348638 0.021329
2 0.753174 0.339017 0.358637 0.021439
2 0.747759 0.360210 0.348638 0.021329
2 0.747344 0.381457 0.348638 0.021329
2 0.651939 0.401660 0.158658 0.019239
0 0.576373 0.430207 0.083691 0.019664
1 0.654698 0.431069 0.060360 0.019408
2 0.750925 0.432752 0.111164 0.018717
0 0.575859 0.456455 0.083691 0.019664
1 0.650018 0.457270 0.052028 0.019316
2 0.805406 0.459604 0.237817 0.020110
2 0.745414 0.480197 0.348638 0.021329
2 0.744998 0.501444 0.348638 0.021329
2 0.744583 0.522692 0.348638 0.021329
2 0.609598 0.542460 0.079500 0.018369
0 0.573636 0.570192 0.083691 0.019664
1 0.661960 0.571164 0.080358 0.019628
2 0.815681 0.573479 0.206153 0.019762
0 0.562585 0.602574 0.062860 0.019435
1 0.625078 0.603262 0.049528 0.019289
2 0.795048 0.605756 0.269480 0.020458
2 0.742554 0.626431 0.348638 0.021329
2 0.575907 0.645850 0.016174 0.017672
0 0.561082 0.679441 0.062860 0.019435
1 0.627325 0.680170 0.057027 0.019371
0 0.570935 0.708302 0.083691 0.019664
1 0.648010 0.709150 0.057860 0.019380
2 0.806315 0.711516 0.237817 0.020110
2 0.740489 0.732045 0.348638 0.021329
2 0.740074 0.753292 0.348638 0.021329
2 0.744658 0.774595 0.358637 0.021439
2 0.739243 0.795788 0.348638 0.021329
2 0.738828 0.817035 0.348638 0.021329
2 0.706749 0.837935 0.285311 0.020632
0 0.546927 0.870556 0.042029 0.019206
1 0.596922 0.871106 0.045362 0.019243
2 0.772724 0.873664 0.285311 0.020632
2 0.737313 0.894527 0.348638 0.021329
2 0.736897 0.915775 0.348638 0.021329
2 0.586081 0.935368 0.047837 0.018020
