1 0.194167 0.085938 0.153333 0.021875
0 0.266667 0.095312 0.400000 0.040625
1 0.150417 0.136563 0.065833 0.021875
0 0.266667 0.192812 0.400000 0.134375
1 0.168750 0.282187 0.102500 0.021875
0 0.266667 0.282187 0.400000 0.021875
1 0.176667 0.312812 0.071667 0.021875
0 0.266667 0.322188 0.400000 0.040625
1 0.206667 0.362187 0.131667 0.021875
0 0.266667 0.418438 0.400000 0.134375
1 0.195417 0.508437 0.109167 0.021875
0 0.266667 0.545937 0.400000 0.096875
1 0.202917 0.617812 0.124167 0.021875
0 0.266667 0.627188 0.400000 0.040625
1 0.159167 0.666562 0.083333 0.021875
0 0.266667 0.666562 0.400000 0.021875
1 0.183750 0.700313 0.132500 0.021875
0 0.266667 0.700313 0.400000 0.021875
1 0.181250 0.734062 0.127500 0.021875
0 0.266667 0.743437 0.400000 0.040625
1 0.188333 0.780937 0.141667 0.021875
0 0.266667 0.780937 0.400000 0.021875
1 0.218333 0.812187 0.108333 0.021875
0 0.266667 0.840313 0.400000 0.078125
1 0.198750 0.898438 0.115833 0.021875
0 0.266667 0.907813 0.400000 0.040625
1 0.676667 0.085938 0.091667 0.021875
0 0.733333 0.132812 0.400000 0.115625
1 0.696250 0.214062 0.130833 0.021875
0 0.733333 0.242188 0.400000 0.078125
1 0.689583 0.298438 0.117500 0.021875
0 0.733333 0.298438 0.400000 0.021875
1 0.656667 0.329688 0.098333 0.021875
0 0.733333 0.357812 0.400000 0.078125
1 0.678333 0.417812 0.095000 0.021875
0 0.733333 0.464687 0.400000 0.115625
1 0.683333 0.541562 0.105000 0.021875
0 0.733333 0.541562 0.400000 0.021875
1 0.647083 0.575313 0.125833 0.021875
0 0.733333 0.631563 0.400000 0.134375
1 0.620833 0.719688 0.073333 0.021875
0 0.733333 0.719688 0.400000 0.021875
1 0.676250 0.752812 0.090833 0.021875
0 0.733333 0.762188 0.400000 0.040625
1 0.663333 0.800312 0.065000 0.021875
0 0.733333 0.809688 0.400000 0.040625
1 0.660417 0.851562 0.105833 0.021875
0 0.733333 0.860938 0.400000 0.040625
1 0.664167 0.900937 0.066667 0.021875
0 0.733333 0.900937 0.400000 0.021875
