1 0.083464 0.086645 0.041848 0.018978
2 0.141796 0.086326 0.061848 0.019087
0 0.262632 0.086289 0.406875 0.024727
1 0.104589 0.116530 0.083514 0.019206
2 0.187504 0.116076 0.069347 0.019128
3 0.343756 0.115845 0.221831 0.018714
3 0.274798 0.137474 0.348494 0.019407
3 0.275005 0.158723 0.348494 0.019407
3 0.275211 0.179973 0.348494 0.019407
3 0.280418 0.201195 0.358494 0.019462
3 0.275625 0.222471 0.348494 0.019407
3 0.220417 0.244024 0.237664 0.018800
0 0.263545 0.180036 0.408116 0.152223
1 0.095737 0.277208 0.062681 0.019092
2 0.155735 0.276880 0.044348 0.018991
3 0.323237 0.276587 0.269330 0.018974
3 0.173448 0.298658 0.142667 0.018280
0 0.264592 0.287534 0.407082 0.045976
1 0.106670 0.330275 0.083514 0.019206
2 0.193751 0.329798 0.077680 0.019174
0 0.265006 0.330032 0.406875 0.024727
1 0.086142 0.361638 0.041848 0.018978
2 0.151140 0.361282 0.075181 0.019160
3 0.326141 0.360948 0.253497 0.018887
3 0.277183 0.382467 0.348494 0.019407
3 0.277390 0.403717 0.348494 0.019407
3 0.277597 0.424966 0.348494 0.019407
3 0.277804 0.446215 0.348494 0.019407
3 0.190930 0.467942 0.174332 0.018453
0 0.265827 0.414405 0.407909 0.130974
1 0.087517 0.502884 0.041848 0.018978
2 0.141682 0.502587 0.053514 0.019042
3 0.318767 0.502243 0.279330 0.019028
3 0.183561 0.524234 0.158499 0.018367
0 0.266789 0.513153 0.407082 0.045976
1 0.098408 0.551576 0.062681 0.019092
2 0.172573 0.551170 0.072681 0.019147
3 0.338408 0.550886 0.237664 0.018800
3 0.279033 0.572462 0.348494 0.019407
3 0.281323 0.593700 0.352661 0.019430
3 0.284447 0.614934 0.358494 0.019462
3 0.279654 0.636210 0.348494 0.019407
0 0.267574 0.593775 0.407702 0.109724
1 0.109950 0.667141 0.083514 0.019206
2 0.182448 0.666744 0.048515 0.019014
3 0.288702 0.666787 0.142667 0.018280
0 0.268285 0.666898 0.406875 0.024727
1 0.099789 0.693447 0.062681 0.019092
2 0.167288 0.693077 0.059348 0.019074
0 0.268541 0.693148 0.406875 0.024727
1 0.110461 0.719639 0.083514 0.019206
2 0.198792 0.719155 0.080180 0.019188
3 0.352544 0.718938 0.205998 0.018627
3 0.122341 0.741450 0.031836 0.017673
0 0.268900 0.730022 0.407082 0.045976
1 0.110979 0.772763 0.083514 0.019206
2 0.199310 0.772279 0.080180 0.019188
3 0.353062 0.772062 0.205998 0.018627
3 0.217856 0.794053 0.221831 0.018714
0 0.269417 0.783145 0.407082 0.045976
1 0.090633 0.822876 0.041848 0.018978
2 0.141881 0.822595 0.047681 0.019010
3 0.318966 0.822250 0.285163 0.019060
3 0.260008 0.843824 0.305162 0.019170
0 0.269904 0.833144 0.407082 0.045976
1 0.111971 0.874635 0.083514 0.019206
2 0.183635 0.874243 0.046848 0.019005
3 0.336554 0.874030 0.237664 0.018800
3 0.184265 0.896115 0.152666 0.018335
0 0.270409 0.885018 0.407082 0.045976
1 0.570951 0.083975 0.083514 0.019206
2 0.648033 0.083553 0.057681 0.019064
3 0.798451 0.083354 0.221831 0.018714
0 0.729286 0.083733 0.406875 0.024727
1 0.571274 0.117099 0.083514 0.019206
2 0.652938 0.116652 0.066847 0.019115
3 0.807940 0.116428 0.221831 0.018714
0 0.729609 0.116857 0.406875 0.024727
1 0.561131 0.145281 0.062681 0.019092
2 0.638629 0.144856 0.079347 0.019183
3 0.791965 0.144642 0.205998 0.018627
0 0.729883 0.144982 0.406875 0.024727
1 0.571828 0.173973 0.083514 0.019206
2 0.653492 0.173526 0.066847 0.019115
3 0.808494 0.173302 0.221831 0.018714
3 0.747036 0.194889 0.358494 0.019462
3 0.742243 0.216166 0.348494 0.019407
3 0.692035 0.237691 0.247664 0.018855
0 0.730473 0.205605 0.407496 0.088475
1 0.557789 0.272802 0.053514 0.019042
2 0.632787 0.272392 0.083514 0.019206
3 0.804039 0.272079 0.237664 0.018800
3 0.735081 0.293707 0.332662 0.019321
0 0.731228 0.283103 0.407082 0.045976
1 0.562920 0.329026 0.062681 0.019092
2 0.631252 0.328652 0.061014 0.019083
3 0.759588 0.328574 0.174332 0.018453
0 0.731672 0.328727 0.406875 0.024727
1 0.563225 0.360275 0.062681 0.019092
2 0.634473 0.359885 0.066847 0.019115
3 0.805308 0.359574 0.253497 0.018887
3 0.625103 0.381812 0.111001 0.018107
0 0.732080 0.370601 0.407082 0.045976
1 0.574128 0.410217 0.083514 0.019206
2 0.652042 0.409790 0.059348 0.019074
3 0.811211 0.409543 0.237664 0.018800
3 0.749336 0.431133 0.358494 0.019462
3 0.594131 0.453233 0.047669 0.017760
0 0.732670 0.431224 0.407289 0.067225
1 0.574815 0.480840 0.083514 0.019206
2 0.646480 0.480447 0.046848 0.019005
3 0.799399 0.480235 0.237664 0.018800
3 0.705442 0.502000 0.269330 0.018974
0 0.733254 0.491222 0.407082 0.045976
1 0.564928 0.535270 0.062681 0.019092
2 0.638260 0.534869 0.071014 0.019137
0 0.733680 0.534971 0.406875 0.024727
1 0.554786 0.563452 0.041848 0.018978
2 0.620201 0.563093 0.076014 0.019165
3 0.795619 0.562758 0.253497 0.018887
3 0.750827 0.584254 0.358494 0.019462
3 0.746034 0.605530 0.348494 0.019407
3 0.746241 0.626780 0.348494 0.019407
3 0.746448 0.648029 0.348494 0.019407
3 0.746655 0.669279 0.348494 0.019407
3 0.746862 0.690528 0.348494 0.019407
3 0.699570 0.712038 0.253497 0.018887
0 0.734678 0.637468 0.408323 0.173473
1 0.556569 0.746572 0.041848 0.018978
2 0.614067 0.746257 0.060181 0.019078
3 0.789485 0.745921 0.269330 0.018974
3 0.747610 0.767401 0.348494 0.019407
3 0.747817 0.788650 0.348494 0.019407
3 0.748024 0.809900 0.348494 0.019407
3 0.748231 0.831149 0.348494 0.019407
3 0.748438 0.852399 0.348494 0.019407
3 0.748645 0.873648 0.348494 0.019407
0 0.736358 0.809964 0.408116 0.152223
