3 0.504474 0.031925 0.991051 0.035979
0 0.106074 0.080004 0.062859 0.019434
1 0.181066 0.080828 0.074525 0.019562
2 0.347702 0.083283 0.237816 0.020106
2 0.286044 0.103858 0.348638 0.021323
2 0.285629 0.125106 0.348638 0.021323
2 0.134814 0.144702 0.047837 0.018020
0 0.114610 0.176358 0.083690 0.019663
1 0.205017 0.177351 0.084524 0.019672
2 0.357905 0.179655 0.200320 0.019694
2 0.252502 0.199750 0.285311 0.020628
0 0.103170 0.228738 0.062859 0.019434
1 0.176079 0.229539 0.070359 0.019517
2 0.345632 0.232026 0.247815 0.020216
2 0.164403 0.251288 0.111163 0.018715
0 0.091644 0.285493 0.042028 0.019206
1 0.152054 0.286156 0.066192 0.019471
2 0.330356 0.288739 0.269479 0.020454
2 0.282030 0.309461 0.348638 0.021323
2 0.281615 0.330709 0.348638 0.021323
2 0.281200 0.351956 0.348638 0.021323
2 0.285785 0.373259 0.358637 0.021433
2 0.280370 0.394452 0.348638 0.021323
2 0.279955 0.415700 0.348638 0.021323
2 0.192467 0.435991 0.174490 0.019411
0 0.108998 0.463827 0.083690 0.019663
1 0.203154 0.464861 0.092023 0.019755
2 0.362708 0.467239 0.206153 0.019758
2 0.278552 0.487567 0.348638 0.021323
2 0.285220 0.508892 0.362803 0.021479
2 0.277723 0.530062 0.348638 0.021323
0 0.096788 0.555578 0.062859 0.019434
1 0.158032 0.556251 0.047028 0.019260
2 0.323835 0.558697 0.263647 0.020390
2 0.281758 0.579487 0.358637 0.021433
2 0.244681 0.600332 0.285311 0.020628
0 0.105837 0.625685 0.083690 0.019663
1 0.182496 0.626527 0.057027 0.019370
2 0.340383 0.628886 0.237816 0.020106
2 0.140823 0.647947 0.079500 0.018367
0 0.104861 0.675680 0.083690 0.019663
1 0.179020 0.676494 0.052027 0.019315
2 0.334408 0.678826 0.237816 0.020106
2 0.176510 0.698344 0.152825 0.019173
0 0.103873 0.726299 0.083690 0.019663
1 0.187197 0.727214 0.070359 0.019517
2 0.343835 0.729560 0.221985 0.019932
2 0.273428 0.750039 0.348638 0.021323
2 0.273013 0.771286 0.348638 0.021323
2 0.272598 0.792534 0.348638 0.021323
2 0.113867 0.812043 0.032005 0.017846
0 0.091115 0.846172 0.062859 0.019434
1 0.152358 0.846845 0.047028 0.019260
0 0.101018 0.872534 0.083690 0.019663
1 0.190175 0.873513 0.082024 0.019645
0 0.568108 0.085078 0.053694 0.019334
1 0.647266 0.085948 0.092023 0.019755
2 0.822651 0.088499 0.237816 0.020106
2 0.626008 0.107592 0.095331 0.018541
0 0.561287 0.135634 0.042028 0.019206
1 0.620863 0.136288 0.064526 0.019453
2 0.798332 0.138862 0.269479 0.020454
2 0.751672 0.159602 0.348638 0.021323
2 0.751258 0.180850 0.348638 0.021323
2 0.750843 0.202098 0.348638 0.021323
2 0.584196 0.221520 0.016173 0.017672
0 0.569445 0.251361 0.062859 0.019434
1 0.641520 0.252153 0.068692 0.019498
2 0.810240 0.254631 0.247815 0.020216
2 0.622762 0.273824 0.095331 0.018541
0 0.578884 0.301470 0.083690 0.019663
1 0.661375 0.302376 0.068692 0.019498
2 0.817180 0.304712 0.221985 0.019932
2 0.693028 0.324601 0.237816 0.020106
0 0.557101 0.349986 0.042028 0.019206
1 0.624594 0.350727 0.080357 0.019626
2 0.770400 0.352954 0.190321 0.019585
0 0.577335 0.380836 0.083690 0.019663
1 0.653160 0.381669 0.055360 0.019352
2 0.810214 0.384019 0.237816 0.020106
2 0.696478 0.404022 0.247815 0.020216
0 0.565943 0.430717 0.062859 0.019434
1 0.638852 0.431517 0.070359 0.019517
2 0.803405 0.433950 0.237816 0.020106
2 0.579681 0.452745 0.016173 0.017672
0 0.575382 0.480826 0.083690 0.019663
1 0.645792 0.481599 0.044528 0.019233
2 0.797430 0.483889 0.237816 0.020106
0 0.554027 0.507469 0.042028 0.019206
1 0.615687 0.508146 0.068692 0.019498
2 0.763575 0.510396 0.206153 0.019758
0 0.574284 0.537070 0.083690 0.019663
1 0.659275 0.538003 0.073692 0.019553
2 0.817579 0.540367 0.221985 0.019932
2 0.609270 0.559331 0.079500 0.018367
0 0.562917 0.585700 0.062859 0.019434
1 0.644158 0.586592 0.087023 0.019700
2 0.809128 0.589029 0.221985 0.019932
2 0.747887 0.609609 0.358637 0.021433
2 0.576240 0.628976 0.016173 0.017672
0 0.551135 0.655578 0.042028 0.019206
1 0.603213 0.656150 0.049527 0.019288
0 0.561026 0.682565 0.062859 0.019434
1 0.631018 0.683333 0.064526 0.019453
2 0.800571 0.685821 0.253648 0.020280
2 0.740996 0.706419 0.348638 0.021323
2 0.745581 0.727721 0.358637 0.021433
2 0.740166 0.748914 0.348638 0.021323
2 0.744751 0.770217 0.358637 0.021433
2 0.739337 0.791409 0.348638 0.021323
0 0.548023 0.814936 0.042028 0.019206
1 0.607184 0.815586 0.063693 0.019443
2 0.784236 0.818155 0.269479 0.020454
2 0.743409 0.838959 0.358637 0.021433
2 0.737994 0.860152 0.348638 0.021323
2 0.737580 0.881400 0.348638 0.021323
2 0.737165 0.902648 0.348638 0.021323
2 0.649676 0.922939 0.174490 0.019411
