3 0.494011 0.033840 0.988022 0.039724
0 0.097526 0.090224 0.083808 0.019974
1 0.188342 0.088886 0.085475 0.019998
2 0.305002 0.087793 0.127100 0.019362
0 0.098229 0.117094 0.083808 0.019974
1 0.192795 0.115701 0.092973 0.020109
2 0.352780 0.113969 0.206252 0.020528
2 0.150042 0.138210 0.111270 0.019129
0 0.089108 0.166613 0.062979 0.019667
1 0.149929 0.165717 0.046315 0.019421
2 0.318247 0.163862 0.269573 0.021461
2 0.270062 0.185826 0.348724 0.022627
2 0.270619 0.207072 0.348724 0.022627
2 0.271175 0.228318 0.348724 0.022627
2 0.271732 0.249564 0.348724 0.022627
2 0.272288 0.270810 0.348724 0.022627
2 0.201608 0.293105 0.206252 0.020528
0 0.103761 0.328303 0.083808 0.019974
1 0.184162 0.327119 0.064645 0.019691
2 0.334983 0.325522 0.216250 0.020676
0 0.104661 0.362671 0.083808 0.019974
1 0.187562 0.361450 0.069644 0.019765
2 0.343798 0.359774 0.222082 0.020762
2 0.251456 0.382388 0.301234 0.021928
0 0.085321 0.419842 0.042150 0.019360
1 0.134478 0.419118 0.043816 0.019385
2 0.277800 0.417632 0.222082 0.020762
0 0.106969 0.450779 0.083808 0.019974
1 0.191952 0.449528 0.073810 0.019827
0 0.107754 0.480774 0.083808 0.019974
1 0.182740 0.479669 0.053814 0.019532
2 0.338976 0.477992 0.237912 0.020995
2 0.196227 0.501350 0.184589 0.020209
0 0.109080 0.531389 0.083808 0.019974
1 0.201979 0.530020 0.089640 0.020060
2 0.360298 0.528313 0.206252 0.020528
2 0.197552 0.551965 0.184589 0.020209
0 0.100040 0.584032 0.062979 0.019667
1 0.164611 0.583081 0.053814 0.019532
2 0.328762 0.581288 0.253743 0.021228
2 0.114777 0.605694 0.016289 0.017730
0 0.111944 0.640743 0.083808 0.019974
1 0.200677 0.639436 0.081309 0.019937
2 0.354830 0.637790 0.206252 0.020528
2 0.234993 0.660809 0.253743 0.021228
0 0.098354 0.694703 0.053814 0.019532
1 0.159176 0.693807 0.055480 0.019556
0 0.093209 0.721034 0.042150 0.019360
1 0.151531 0.720175 0.062146 0.019655
2 0.311934 0.718437 0.237912 0.020995
0 0.093979 0.750404 0.042150 0.019360
1 0.161049 0.749416 0.079642 0.019912
2 0.338114 0.747432 0.253743 0.021228
2 0.290347 0.769390 0.358722 0.022775
2 0.285904 0.790709 0.348724 0.022627
2 0.286461 0.811955 0.348724 0.022627
2 0.279102 0.833318 0.332894 0.022394
0 0.107306 0.861479 0.062979 0.019667
1 0.190207 0.860257 0.090474 0.020072
2 0.341028 0.858661 0.190422 0.020295
0 0.097612 0.889127 0.042150 0.019360
1 0.150102 0.888354 0.050481 0.019483
2 0.257181 0.887401 0.142931 0.019596
0 0.543273 0.083657 0.042150 0.019360
1 0.603262 0.082774 0.065478 0.019704
0 0.543993 0.111152 0.042150 0.019360
1 0.608564 0.110201 0.074643 0.019839
2 0.783130 0.108254 0.253743 0.021228
2 0.616635 0.131961 0.111270 0.019129
0 0.561500 0.159028 0.074643 0.019839
1 0.646484 0.157776 0.082975 0.019962
2 0.806469 0.156045 0.216250 0.020676
2 0.736623 0.178328 0.348724 0.022627
2 0.737179 0.199574 0.348724 0.022627
2 0.698160 0.221403 0.269573 0.021461
0 0.568587 0.254567 0.083808 0.019974
1 0.646488 0.253420 0.059646 0.019618
2 0.805641 0.251700 0.237912 0.020995
2 0.588739 0.276150 0.047949 0.018196
0 0.549197 0.309864 0.042150 0.019360
1 0.602520 0.309078 0.052148 0.019507
2 0.778753 0.307107 0.279571 0.021608
2 0.629755 0.330556 0.127100 0.019362
0 0.561085 0.365949 0.062979 0.019667
1 0.627322 0.364974 0.057147 0.019581
2 0.753564 0.363739 0.174591 0.020062
0 0.561772 0.392194 0.062979 0.019667
1 0.637591 0.391077 0.076310 0.019863
2 0.805075 0.389235 0.237912 0.020995
2 0.742727 0.411408 0.348724 0.022627
2 0.743283 0.432654 0.348724 0.022627
2 0.645942 0.455342 0.152929 0.019743
0 0.564325 0.489676 0.062979 0.019667
1 0.623481 0.488804 0.042983 0.019372
2 0.790132 0.486974 0.269573 0.021461
2 0.674044 0.509938 0.206252 0.020528
0 0.576180 0.544512 0.083808 0.019974
1 0.661164 0.543260 0.073810 0.019827
2 0.819483 0.541552 0.222082 0.020762
2 0.651739 0.565278 0.158761 0.019829
0 0.577669 0.601376 0.083808 0.019974
1 0.657654 0.600197 0.063812 0.019679
2 0.810974 0.598564 0.222082 0.020762
2 0.737378 0.620902 0.327062 0.022308
0 0.558280 0.656672 0.042150 0.019360
1 0.607021 0.655954 0.042983 0.019372
0 0.579895 0.686359 0.083808 0.019974
1 0.658213 0.685205 0.060479 0.019630
2 0.817782 0.683480 0.237912 0.020995
2 0.750435 0.705726 0.348724 0.022627
2 0.750992 0.726972 0.348724 0.022627
2 0.585330 0.750667 0.016289 0.017730
0 0.571935 0.780245 0.062979 0.019667
1 0.653170 0.779048 0.087141 0.020023
2 0.818154 0.777242 0.222082 0.020762
2 0.610418 0.801557 0.063779 0.018429
0 0.583594 0.827582 0.083808 0.019974
1 0.659829 0.826459 0.056314 0.019569
2 0.817315 0.824764 0.237912 0.020995
2 0.738304 0.847182 0.317064 0.022161
0 0.564139 0.880379 0.042150 0.019360
1 0.623711 0.879501 0.064645 0.019691
2 0.798277 0.877554 0.263741 0.021375
2 0.755509 0.899439 0.348724 0.022627
2 0.756065 0.920685 0.348724 0.022627
2 0.761620 0.941857 0.358722 0.022775
2 0.757178 0.963176 0.348724 0.022627
2 0.718159 0.985005 0.269573 0.021461
