0 0.079228 0.094915 0.063317 0.020340
1 0.160014 0.092845 0.086637 0.020937
2 0.324530 0.089254 0.222334 0.023167
2 0.260535 0.112157 0.348927 0.026411
2 0.261503 0.133394 0.348927 0.026411
2 0.262470 0.154632 0.348927 0.026411
0 0.072915 0.185129 0.042496 0.019806
1 0.149537 0.183166 0.099130 0.021257
2 0.296563 0.180024 0.174862 0.021950
0 0.074395 0.217610 0.042496 0.019806
1 0.128530 0.216223 0.054156 0.020105
2 0.308453 0.212238 0.285631 0.024789
2 0.202816 0.236207 0.222334 0.023167
0 0.087224 0.270438 0.063317 0.020340
1 0.150104 0.268826 0.050825 0.020020
2 0.320450 0.265086 0.269806 0.024383
2 0.244795 0.288287 0.301455 0.025194
0 0.100110 0.324514 0.084138 0.020873
1 0.185894 0.322316 0.075810 0.020660
0 0.091122 0.356013 0.063317 0.020340
1 0.166912 0.354070 0.076643 0.020681
2 0.334342 0.350405 0.238158 0.023572
2 0.277427 0.373126 0.358921 0.026667
2 0.178453 0.396925 0.159038 0.021545
0 0.094423 0.428470 0.063317 0.020340
1 0.166881 0.426614 0.069980 0.020510
2 0.330980 0.423034 0.238158 0.023572
2 0.133314 0.449362 0.064093 0.019112
0 0.086261 0.478083 0.042496 0.019806
1 0.152472 0.476387 0.078308 0.020724
2 0.304912 0.473106 0.206510 0.022761
0 0.087826 0.512438 0.042496 0.019806
1 0.162366 0.510528 0.094965 0.021151
2 0.315222 0.507237 0.190686 0.022356
0 0.089220 0.543045 0.042496 0.019806
1 0.142939 0.541669 0.053323 0.020084
2 0.314534 0.537897 0.269806 0.024383
0 0.090785 0.577400 0.042496 0.019806
1 0.144088 0.576034 0.052490 0.020062
2 0.291530 0.572882 0.222334 0.023167
0 0.092350 0.611755 0.042496 0.019806
1 0.148984 0.610304 0.059153 0.020233
2 0.323494 0.606458 0.269806 0.024383
2 0.284068 0.628730 0.348927 0.026411
2 0.285036 0.649968 0.348927 0.026411
2 0.286004 0.671205 0.348927 0.026411
2 0.286971 0.692443 0.348927 0.026411
2 0.287939 0.713681 0.348927 0.026411
2 0.288906 0.734918 0.348927 0.026411
2 0.123721 0.760414 0.016621 0.017895
0 0.111127 0.795131 0.063317 0.020340
1 0.185251 0.793232 0.073311 0.020596
2 0.351016 0.789609 0.238158 0.023572
2 0.165842 0.815617 0.095741 0.019923
0 0.124099 0.851082 0.084138 0.020873
1 0.199888 0.849140 0.055822 0.020148
2 0.353993 0.845816 0.232328 0.023423
2 0.263347 0.869401 0.285631 0.024789
0 0.105668 0.904085 0.042496 0.019806
1 0.171047 0.902409 0.076643 0.020681
2 0.346389 0.898541 0.253982 0.023978
2 0.194529 0.923695 0.143214 0.021139
0 0.545622 0.082963 0.063317 0.020340
1 0.615998 0.081160 0.065816 0.020404
0 0.557626 0.117676 0.084138 0.020873
1 0.639245 0.115585 0.067481 0.020446
0 0.548809 0.152923 0.063317 0.020340
1 0.625431 0.150959 0.078308 0.020724
2 0.793695 0.147273 0.238158 0.023572
2 0.735114 0.170036 0.358921 0.026667
2 0.731084 0.191402 0.348927 0.026411
2 0.732052 0.212639 0.348927 0.026411
2 0.606427 0.237121 0.095741 0.019923
0 0.543692 0.269372 0.042496 0.019806
1 0.599909 0.267931 0.058320 0.020212
2 0.758178 0.264501 0.238158 0.023572
0 0.565765 0.296322 0.084138 0.020873
1 0.661126 0.293878 0.094965 0.021151
2 0.813982 0.290587 0.190686 0.022356
2 0.633805 0.316466 0.143214 0.021139
0 0.557858 0.351557 0.063317 0.020340
1 0.631565 0.349668 0.072479 0.020574
2 0.796914 0.346056 0.238158 0.023572
2 0.604661 0.372245 0.079917 0.019517
0 0.560078 0.400278 0.063317 0.020340
1 0.627122 0.398560 0.059153 0.020233
2 0.793720 0.394916 0.253982 0.023978
2 0.606881 0.420967 0.079917 0.019517
0 0.562383 0.450874 0.063317 0.020340
1 0.626929 0.449220 0.054156 0.020105
0 0.574046 0.478091 0.084138 0.020873
1 0.649418 0.476159 0.054989 0.020126
2 0.774374 0.473583 0.174862 0.021950
0 0.554448 0.505484 0.042496 0.019806
1 0.622742 0.503734 0.082473 0.020831
2 0.800999 0.499791 0.253982 0.023978
2 0.746166 0.522459 0.348927 0.026411
2 0.747134 0.543696 0.348927 0.026411
2 0.748101 0.564934 0.348927 0.026411
2 0.662036 0.588402 0.174862 0.021950
0 0.559883 0.624789 0.042496 0.019806
1 0.627760 0.623050 0.081640 0.020809
2 0.805602 0.619118 0.253982 0.023978
2 0.617096 0.645211 0.079917 0.019517
0 0.562302 0.677883 0.042496 0.019806
1 0.631012 0.676122 0.083306 0.020852
2 0.809686 0.672169 0.253982 0.023978
2 0.611603 0.698508 0.064093 0.019112
0 0.564522 0.726605 0.042496 0.019806
1 0.615742 0.725292 0.048326 0.019956
2 0.713630 0.723409 0.127390 0.020734
0 0.565745 0.753464 0.042496 0.019806
1 0.611552 0.752290 0.037499 0.019678
2 0.791059 0.748316 0.301455 0.025194
2 0.709991 0.771655 0.253982 0.023978
0 0.568079 0.804684 0.042496 0.019806
1 0.616800 0.803436 0.043329 0.019828
2 0.791310 0.799589 0.285631 0.024789
2 0.759797 0.821659 0.348927 0.026411
2 0.760764 0.842897 0.348927 0.026411
2 0.663872 0.866642 0.153208 0.021395
