1 0.099280 0.089258 0.083733 0.019775
2 0.174270 0.088334 0.053737 0.019405
3 0.298850 0.087423 0.174527 0.019644
0 0.257605 0.087932 0.407105 0.027509
1 0.079065 0.117636 0.042072 0.019261
2 0.142807 0.116851 0.072901 0.019641
3 0.316547 0.115334 0.253683 0.020620
3 0.172449 0.138363 0.152863 0.019377
0 0.258454 0.126677 0.407570 0.048756
1 0.101005 0.167998 0.083733 0.019775
2 0.178911 0.167037 0.059569 0.019477
3 0.338070 0.165701 0.237851 0.020425
0 0.259331 0.166671 0.407105 0.027509
1 0.080941 0.203250 0.042072 0.019261
2 0.133851 0.202597 0.051237 0.019374
3 0.312591 0.201019 0.285345 0.021010
3 0.272228 0.222770 0.348670 0.021791
3 0.272694 0.244017 0.348670 0.021791
3 0.273160 0.265264 0.348670 0.021791
3 0.273625 0.286511 0.348670 0.021791
3 0.274091 0.307758 0.348670 0.021791
3 0.271640 0.329041 0.342837 0.021719
0 0.261494 0.265408 0.409898 0.154992
1 0.094808 0.360600 0.062902 0.019518
2 0.160215 0.359794 0.055403 0.019425
0 0.263549 0.359145 0.407105 0.027509
1 0.085022 0.389475 0.042072 0.019261
2 0.147514 0.388704 0.070401 0.019610
3 0.256679 0.387984 0.127033 0.019059
0 0.264178 0.387891 0.407105 0.027509
1 0.096163 0.422467 0.062902 0.019518
2 0.155322 0.421737 0.042905 0.019271
3 0.321980 0.420308 0.269514 0.020815
3 0.182048 0.443286 0.158695 0.019449
0 0.265137 0.431635 0.407570 0.048756
1 0.086830 0.471963 0.042072 0.019261
2 0.139739 0.471311 0.051237 0.019374
3 0.318479 0.469733 0.285345 0.021010
3 0.278117 0.491483 0.348670 0.021791
3 0.275666 0.512767 0.342837 0.021719
0 0.266452 0.491627 0.408036 0.070003
1 0.088501 0.548203 0.042072 0.019261
2 0.152242 0.547417 0.072901 0.019641
3 0.310151 0.546096 0.222020 0.020230
0 0.267657 0.546620 0.407105 0.027509
1 0.099655 0.581820 0.062902 0.019518
2 0.181728 0.580808 0.088732 0.019836
3 0.331721 0.579585 0.190358 0.019839
0 0.268396 0.580365 0.407105 0.027509
1 0.100340 0.613066 0.062902 0.019518
2 0.179496 0.612090 0.082900 0.019764
3 0.350320 0.610610 0.237851 0.020425
3 0.209971 0.633593 0.206189 0.020034
0 0.269314 0.622235 0.407570 0.048756
1 0.091144 0.668812 0.042072 0.019261
2 0.144886 0.668149 0.052904 0.019395
3 0.324459 0.666561 0.285345 0.021010
3 0.258684 0.688625 0.301176 0.021205
0 0.270532 0.677852 0.407570 0.048756
1 0.102764 0.723676 0.062902 0.019518
2 0.179004 0.722736 0.077067 0.019692
3 0.346911 0.721292 0.237851 0.020425
3 0.283635 0.743324 0.348670 0.021791
3 0.284101 0.764572 0.348670 0.021791
3 0.157917 0.787380 0.095371 0.018668
0 0.272203 0.754092 0.408502 0.091250
1 0.104845 0.818663 0.062902 0.019518
2 0.189001 0.817626 0.092898 0.019887
3 0.348993 0.816279 0.206189 0.020034
0 0.273586 0.817208 0.407105 0.027509
1 0.095211 0.854412 0.042072 0.019261
2 0.148537 0.853754 0.052071 0.019384
0 0.274367 0.852828 0.407105 0.027509
1 0.106228 0.881780 0.062902 0.019518
2 0.181635 0.880850 0.075401 0.019672
3 0.348709 0.879416 0.237851 0.020425
3 0.128788 0.903380 0.032046 0.017888
0 0.275202 0.890948 0.407570 0.048756
1 0.545053 0.083764 0.042072 0.019261
2 0.597129 0.083122 0.049571 0.019353
3 0.775035 0.081554 0.285345 0.021010
3 0.570112 0.105333 0.016215 0.017693
0 0.724442 0.092804 0.407570 0.048756
1 0.566951 0.132250 0.083733 0.019775
2 0.655273 0.131162 0.080400 0.019733
3 0.809016 0.129892 0.206189 0.020034
3 0.626589 0.153393 0.127033 0.019059
0 0.725510 0.141547 0.407570 0.048756
1 0.568115 0.185368 0.083733 0.019775
2 0.660186 0.184233 0.087899 0.019826
3 0.817679 0.182917 0.206189 0.020034
3 0.604007 0.206804 0.079539 0.018473
0 0.726674 0.194665 0.407570 0.048756
1 0.558741 0.232990 0.062902 0.019518
2 0.629148 0.232122 0.065402 0.019549
3 0.796223 0.230688 0.247850 0.020548
3 0.573385 0.254687 0.016215 0.017693
0 0.727715 0.242159 0.407570 0.048756
1 0.570348 0.287229 0.083733 0.019775
2 0.649087 0.286259 0.061236 0.019497
3 0.809079 0.284912 0.237851 0.020425
3 0.745803 0.306945 0.358668 0.021914
0 0.728906 0.296526 0.407570 0.048756
1 0.550763 0.344353 0.042072 0.019261
2 0.618671 0.343516 0.081233 0.019744
3 0.796577 0.341948 0.253683 0.020620
3 0.742050 0.363873 0.348670 0.021791
3 0.742516 0.385121 0.348670 0.021791
3 0.742981 0.406368 0.348670 0.021791
3 0.640544 0.428883 0.142864 0.019254
0 0.730851 0.385264 0.408967 0.112497
1 0.553256 0.458088 0.042072 0.019261
2 0.600749 0.457503 0.040405 0.019240
0 0.732412 0.456505 0.407105 0.027509
1 0.564438 0.492955 0.062902 0.019518
2 0.636095 0.492072 0.067902 0.019579
3 0.759842 0.491171 0.158695 0.019449
0 0.733179 0.491500 0.407105 0.027509
1 0.565068 0.521701 0.062902 0.019518
2 0.646723 0.520694 0.087899 0.019826
3 0.812131 0.519281 0.222020 0.020230
3 0.650952 0.542520 0.158695 0.019449
0 0.734041 0.530870 0.407570 0.048756
1 0.576647 0.574690 0.083733 0.019775
2 0.667885 0.573566 0.086233 0.019805
3 0.824544 0.572260 0.206189 0.020034
3 0.752103 0.594406 0.358668 0.021914
3 0.747569 0.615714 0.348670 0.021791
3 0.748034 0.636962 0.348670 0.021791
3 0.748500 0.658209 0.348670 0.021791
3 0.748966 0.679456 0.348670 0.021791
3 0.606950 0.702459 0.063708 0.018278
0 0.736369 0.637105 0.409898 0.154992
1 0.580084 0.731544 0.083733 0.019775
2 0.651324 0.730666 0.046238 0.019312
3 0.811733 0.729314 0.253683 0.020620
3 0.750540 0.751321 0.348670 0.021791
3 0.751006 0.772568 0.348670 0.021791
3 0.751472 0.793815 0.348670 0.021791
3 0.751937 0.815063 0.348670 0.021791
3 0.752403 0.836310 0.348670 0.021791
3 0.602472 0.859411 0.047877 0.018083
0 0.739806 0.793959 0.409898 0.154992
1 0.573229 0.894151 0.062902 0.019518
2 0.631555 0.893432 0.041239 0.019251
0 0.741970 0.892696 0.407105 0.027509
