1 0.100425 0.077332 0.042234 0.019468
2 0.152078 0.078228 0.048899 0.019583
3 0.329511 0.081931 0.285463 0.022438
3 0.163900 0.100314 0.095514 0.019143
0 0.279197 0.091686 0.407907 0.050791
1 0.119711 0.127680 0.083889 0.020190
2 0.205938 0.129176 0.076391 0.020060
0 0.277983 0.131051 0.407252 0.029547
1 0.114089 0.161341 0.074725 0.020031
2 0.198233 0.162801 0.081390 0.020147
3 0.360253 0.166237 0.222147 0.021340
3 0.285035 0.186188 0.342948 0.023435
0 0.276615 0.175414 0.407907 0.050791
1 0.106696 0.211852 0.063061 0.019829
2 0.171262 0.212972 0.053897 0.019670
3 0.311622 0.216032 0.206318 0.021065
0 0.275382 0.215403 0.407252 0.029547
1 0.105771 0.241844 0.063061 0.019829
2 0.192414 0.243347 0.098052 0.020436
3 0.362766 0.246927 0.222147 0.021340
3 0.285465 0.266842 0.348780 0.023537
3 0.284810 0.288086 0.348780 0.023537
3 0.284154 0.309331 0.348780 0.023537
3 0.283499 0.330575 0.348780 0.023537
3 0.282844 0.351819 0.348780 0.023537
3 0.171385 0.371141 0.127172 0.019692
0 0.272491 0.309128 0.411183 0.157013
1 0.090520 0.398496 0.042234 0.019468
2 0.150088 0.399529 0.064728 0.019858
3 0.327521 0.403233 0.269634 0.022164
3 0.280628 0.423675 0.348780 0.023537
3 0.279973 0.444919 0.348780 0.023537
3 0.281400 0.466200 0.352945 0.023609
3 0.136201 0.484936 0.063856 0.018594
0 0.268309 0.444717 0.409872 0.114524
1 0.087090 0.509716 0.042234 0.019468
2 0.139993 0.510634 0.051398 0.019627
3 0.247445 0.513123 0.143001 0.019967
0 0.266189 0.513449 0.407252 0.029547
1 0.106993 0.540070 0.083889 0.020190
2 0.184889 0.541421 0.059729 0.019771
3 0.343993 0.544806 0.237976 0.021614
3 0.117982 0.562141 0.032198 0.018045
0 0.264937 0.554063 0.407907 0.050791
1 0.084662 0.588445 0.042234 0.019468
2 0.146312 0.589515 0.068893 0.019930
3 0.286255 0.592568 0.190489 0.020791
0 0.263761 0.592177 0.407252 0.029547
1 0.083718 0.619062 0.042234 0.019468
2 0.146201 0.620146 0.070559 0.019959
0 0.262817 0.622794 0.407252 0.029547
1 0.093187 0.649860 0.063061 0.019829
2 0.166501 0.651131 0.071393 0.019973
3 0.331438 0.654618 0.237976 0.021614
3 0.272881 0.674858 0.348780 0.023537
3 0.272226 0.696102 0.348780 0.023537
3 0.271571 0.717346 0.348780 0.023537
3 0.220512 0.737716 0.247973 0.021788
0 0.260563 0.695900 0.409872 0.114524
1 0.099978 0.767509 0.083889 0.020190
2 0.187038 0.769019 0.078057 0.020089
3 0.347393 0.772426 0.222147 0.021340
3 0.229686 0.791640 0.269634 0.022164
0 0.257922 0.781502 0.407907 0.050791
1 0.098360 0.819995 0.083889 0.020190
2 0.180838 0.821426 0.068893 0.019930
3 0.336610 0.824753 0.222147 0.021340
3 0.148921 0.842753 0.111343 0.019418
0 0.256304 0.833988 0.407907 0.050791
1 0.096683 0.874355 0.083889 0.020190
2 0.183327 0.875858 0.077224 0.020075
0 0.254955 0.877726 0.407252 0.029547
1 0.587795 0.085787 0.083889 0.020190
2 0.662358 0.087080 0.053064 0.019656
3 0.815215 0.090357 0.232144 0.021513
3 0.757075 0.110604 0.348780 0.023537
3 0.756420 0.131849 0.348780 0.023537
3 0.621217 0.150759 0.079685 0.018868
0 0.745084 0.121024 0.409217 0.093280
1 0.563903 0.184774 0.042234 0.019468
2 0.624720 0.185829 0.067227 0.019901
0 0.743003 0.188506 0.407252 0.029547
1 0.573353 0.216196 0.063061 0.019829
2 0.646667 0.217468 0.071393 0.019973
3 0.811604 0.220955 0.237976 0.021614
0 0.742039 0.219748 0.407252 0.029547
1 0.561957 0.247882 0.042234 0.019468
2 0.625690 0.248988 0.073059 0.020002
3 0.799374 0.252626 0.253805 0.021889
3 0.657090 0.271413 0.158831 0.020241
0 0.740729 0.262236 0.407907 0.050791
1 0.560261 0.302867 0.042234 0.019468
2 0.621495 0.303930 0.068060 0.019916
3 0.797678 0.307611 0.263802 0.022062
3 0.750369 0.328046 0.348780 0.023537
3 0.749714 0.349291 0.348780 0.023537
3 0.749058 0.370535 0.348780 0.023537
3 0.598027 0.389170 0.048027 0.018319
0 0.738050 0.349088 0.409872 0.114524
1 0.577639 0.415074 0.083889 0.020190
2 0.650953 0.416346 0.050565 0.019612
3 0.805476 0.419652 0.237976 0.021614
3 0.672773 0.438605 0.200486 0.020964
0 0.735583 0.429067 0.407907 0.050791
1 0.555077 0.470947 0.042234 0.019468
2 0.621726 0.472104 0.078891 0.020104
0 0.734177 0.474680 0.407252 0.029547
1 0.564547 0.501745 0.063061 0.019829
2 0.644109 0.503125 0.083889 0.020190
3 0.807379 0.506583 0.222147 0.021340
3 0.749239 0.526830 0.358777 0.023710
3 0.672355 0.546752 0.206318 0.021065
0 0.732577 0.526541 0.408562 0.072036
1 0.572687 0.575656 0.083889 0.020190
2 0.670577 0.577354 0.099718 0.020465
3 0.825933 0.580674 0.190489 0.020791
3 0.591590 0.597865 0.048027 0.018319
0 0.730631 0.589649 0.407907 0.050791
1 0.550260 0.627156 0.042234 0.019468
2 0.609827 0.628189 0.064728 0.019858
3 0.787260 0.631892 0.269634 0.022164
3 0.669136 0.651099 0.206318 0.021065
0 0.729031 0.641510 0.407907 0.050791
1 0.548583 0.681516 0.042234 0.019468
2 0.620231 0.682759 0.088888 0.020277
3 0.793915 0.686397 0.237976 0.021614
3 0.656629 0.705271 0.184657 0.020689
0 0.727355 0.695870 0.407907 0.050791
1 0.557320 0.736057 0.063061 0.019829
2 0.633133 0.737372 0.076391 0.020060
0 0.726006 0.739609 0.407252 0.029547
1 0.545924 0.767743 0.042234 0.019468
2 0.603408 0.768740 0.060562 0.019786
3 0.783757 0.772494 0.279632 0.022337
3 0.585655 0.790313 0.048027 0.018319
0 0.724696 0.782097 0.407907 0.050791
1 0.554719 0.820410 0.063061 0.019829
2 0.631365 0.821739 0.078057 0.020089
3 0.799634 0.825284 0.237976 0.021614
3 0.694840 0.844721 0.269634 0.022164
0 0.723077 0.834583 0.407907 0.050791
1 0.542744 0.870840 0.042234 0.019468
2 0.607727 0.871968 0.075558 0.020046
3 0.782661 0.875628 0.253805 0.021889
3 0.711191 0.895644 0.305458 0.022785
0 0.721516 0.885195 0.407907 0.050791
