0 0.26666666666666666 0.096875 0.4 0.04375
0 0.26666666666666666 0.17 0.4 0.0675
0 0.26666666666666666 0.255 0.4 0.0675
0 0.26666666666666666 0.328125 0.4 0.04375
0 0.26666666666666666 0.413125 0.4 0.09125
0 0.26666666666666666 0.48625 0.4 0.02
0 0.26666666666666666 0.559375 0.4 0.09125
0 0.26666666666666666 0.6325 0.4 0.02
0 0.26666666666666666 0.681875 0.4 0.04375
0 0.26666666666666666 0.73125 0.4 0.02
0 0.26666666666666666 0.780625 0.4 0.04375
0 0.26666666666666666 0.841875 0.4 0.04375
0 0.26666666666666666 0.903125 0.4 0.04375
0 0.7333333333333333 0.085 0.4 0.02
0 0.7333333333333333 0.14625 0.4 0.0675
0 0.7333333333333333 0.23125 0.4 0.0675
0 0.7333333333333333 0.351875 0.4 0.13875
0 0.7333333333333333 0.49625 0.4 0.115
0 0.7333333333333333 0.6525 0.4 0.1625
0 0.7333333333333333 0.796875 0.4 0.09125
0 0.7333333333333333 0.89375 0.4 0.0675
