3 0.500556 0.035001 0.998887 0.026382
0 0.088522 0.083806 0.041713 0.018808
1 0.148938 0.083889 0.065879 0.018841
0 0.109277 0.115709 0.083379 0.018865
1 0.182610 0.115811 0.050046 0.018819
2 0.337192 0.116649 0.237543 0.017828
2 0.279223 0.137819 0.348376 0.017981
2 0.279171 0.159069 0.348376 0.017981
2 0.284118 0.180326 0.358376 0.017995
2 0.279066 0.201569 0.348376 0.017981
2 0.284014 0.222826 0.358376 0.017995
2 0.278962 0.244069 0.348376 0.017981
2 0.199743 0.265210 0.190043 0.017763
0 0.108830 0.297584 0.083379 0.018865
1 0.192580 0.297700 0.070879 0.018848
2 0.349661 0.298542 0.221709 0.017806
2 0.112526 0.319464 0.015876 0.017522
0 0.087871 0.348805 0.041713 0.018808
1 0.164954 0.348912 0.099213 0.018887
2 0.344119 0.349784 0.237543 0.017828
2 0.175734 0.370802 0.142543 0.017697
0 0.108587 0.396334 0.083379 0.018865
1 0.187754 0.396443 0.061713 0.018835
2 0.324419 0.397257 0.190043 0.017763
0 0.108521 0.423209 0.083379 0.018865
1 0.191855 0.423324 0.070046 0.018847
2 0.348519 0.424166 0.221709 0.017806
2 0.120134 0.445100 0.031710 0.017544
0 0.087562 0.474430 0.041713 0.018808
1 0.140479 0.474503 0.050879 0.018820
0 0.108317 0.506334 0.083379 0.018865
1 0.186234 0.506441 0.059213 0.018832
2 0.345399 0.507286 0.237543 0.017828
2 0.278263 0.528444 0.348376 0.017981
2 0.278211 0.549694 0.348376 0.017981
2 0.283159 0.570950 0.358376 0.017995
2 0.278106 0.592194 0.348376 0.017981
2 0.278054 0.613443 0.348376 0.017981
2 0.246335 0.634650 0.285043 0.017894
0 0.097500 0.669444 0.062546 0.018836
1 0.157083 0.669526 0.043379 0.018810
2 0.321248 0.670378 0.263376 0.017864
2 0.159113 0.691404 0.110876 0.017653
0 0.097372 0.721319 0.062546 0.018836
1 0.169872 0.721419 0.069213 0.018846
2 0.334037 0.722271 0.237543 0.017828
2 0.277735 0.743443 0.348376 0.017981
2 0.277683 0.764693 0.348376 0.017981
2 0.195547 0.785830 0.184209 0.017754
0 0.107559 0.815083 0.083379 0.018865
1 0.181725 0.815186 0.051713 0.018821
2 0.337140 0.816025 0.237543 0.017828
2 0.277505 0.837193 0.348376 0.017981
2 0.277452 0.858443 0.348376 0.017981
2 0.242817 0.879645 0.279209 0.017886
0 0.565604 0.084465 0.062546 0.018836
1 0.630604 0.084555 0.054213 0.018825
2 0.739769 0.085331 0.142543 0.017697
0 0.565540 0.110715 0.062546 0.018836
1 0.635956 0.110812 0.065046 0.018840
2 0.805955 0.111672 0.253376 0.017850
2 0.745902 0.132839 0.348376 0.017981
2 0.745850 0.154089 0.348376 0.017981
2 0.750798 0.175346 0.358376 0.017995
2 0.745746 0.196589 0.348376 0.017981
2 0.745694 0.217839 0.348376 0.017981
2 0.745641 0.239089 0.348376 0.017981
2 0.603089 0.260142 0.063376 0.017587
0 0.575507 0.293854 0.083379 0.018865
1 0.658006 0.293968 0.068379 0.018844
2 0.813838 0.294808 0.221709 0.017806
2 0.745453 0.315964 0.348376 0.017981
2 0.745400 0.337214 0.348376 0.017981
2 0.745348 0.358464 0.348376 0.017981
2 0.626546 0.379550 0.110876 0.017653
0 0.549801 0.411319 0.032546 0.018795
1 0.619384 0.411415 0.093379 0.018879
2 0.803549 0.412294 0.253376 0.017850
2 0.750164 0.433471 0.358376 0.017995
2 0.745112 0.454714 0.348376 0.017981
2 0.745059 0.475964 0.348376 0.017981
2 0.586674 0.496995 0.031710 0.017544
0 0.574929 0.528854 0.083379 0.018865
1 0.651596 0.528960 0.056713 0.018828
2 0.809511 0.529803 0.237543 0.017828
2 0.744875 0.550963 0.348376 0.017981
2 0.744823 0.572213 0.348376 0.017981
2 0.744771 0.593463 0.348376 0.017981
2 0.744719 0.614713 0.348376 0.017981
2 0.649667 0.635832 0.158376 0.017719
0 0.553754 0.668200 0.041713 0.018808
1 0.609170 0.668276 0.055879 0.018827
2 0.790418 0.669152 0.285043 0.017894
2 0.749533 0.690345 0.358376 0.017995
2 0.744481 0.711588 0.348376 0.017981
2 0.744428 0.732838 0.348376 0.017981
2 0.744376 0.754088 0.348376 0.017981
2 0.744324 0.775338 0.348376 0.017981
2 0.609689 0.796402 0.079210 0.017609
0 0.553368 0.825074 0.041713 0.018808
1 0.612535 0.825156 0.063379 0.018837
0 0.563697 0.860714 0.062546 0.018836
1 0.635780 0.860813 0.068379 0.018844
2 0.775779 0.861632 0.190043 0.017763
0 0.563611 0.895714 0.062546 0.018836
1 0.636111 0.895814 0.069213 0.018846
2 0.800276 0.896666 0.237543 0.017828
2 0.577724 0.917608 0.015876 0.017522
