1 0.155000 0.085938 0.075000 0.021875
0 0.266667 0.095312 0.400000 0.040625
1 0.213750 0.132812 0.099167 0.021875
0 0.266667 0.142187 0.400000 0.040625
1 0.187083 0.180938 0.092500 0.021875
0 0.266667 0.227813 0.400000 0.115625
1 0.163333 0.307812 0.091667 0.021875
0 0.266667 0.317188 0.400000 0.040625
1 0.177917 0.357187 0.120833 0.021875
0 0.266667 0.366563 0.400000 0.040625
1 0.193333 0.408438 0.105000 0.021875
0 0.266667 0.408438 0.400000 0.021875
1 0.180833 0.439063 0.080000 0.021875
0 0.266667 0.504687 0.400000 0.153125
1 0.167500 0.603437 0.100000 0.021875
0 0.266667 0.603437 0.400000 0.021875
1 0.210833 0.637188 0.093333 0.021875
0 0.266667 0.674687 0.400000 0.096875
1 0.189583 0.743437 0.144167 0.021875
0 0.266667 0.780937 0.400000 0.096875
1 0.221667 0.852812 0.115000 0.021875
0 0.266667 0.862187 0.400000 0.040625
1 0.212083 0.900312 0.095833 0.021875
0 0.266667 0.900312 0.400000 0.021875
1 0.660000 0.085938 0.105000 0.021875
0 0.733333 0.114062 0.400000 0.078125
1 0.637500 0.170313 0.060000 0.021875
0 0.733333 0.179688 0.400000 0.040625
1 0.672500 0.221562 0.083333 0.021875
0 0.733333 0.221562 0.400000 0.021875
1 0.680833 0.255937 0.100000 0.021875
0 0.733333 0.255937 0.400000 0.021875
1 0.668333 0.286562 0.075000 0.021875
0 0.733333 0.295938 0.400000 0.040625
1 0.651250 0.339687 0.087500 0.021875
0 0.733333 0.349062 0.400000 0.040625
1 0.642917 0.391562 0.117500 0.021875
0 0.733333 0.419687 0.400000 0.078125
1 0.666250 0.479063 0.070833 0.021875
0 0.733333 0.479063 0.400000 0.021875
1 0.682917 0.511563 0.150833 0.021875
0 0.733333 0.511563 0.400000 0.021875
1 0.645833 0.542813 0.076667 0.021875
0 0.733333 0.542813 0.400000 0.021875
1 0.655417 0.574063 0.095833 0.021875
0 0.733333 0.583438 0.400000 0.040625
1 0.671250 0.627188 0.127500 0.021875
0 0.733333 0.636563 0.400000 0.040625
1 0.656667 0.679688 0.098333 0.021875
0 0.733333 0.679688 0.400000 0.021875
1 0.620833 0.708438 0.073333 0.021875
0 0.733333 0.717812 0.400000 0.040625
1 0.687917 0.755313 0.114167 0.021875
0 0.733333 0.755313 0.400000 0.021875
1 0.647500 0.783438 0.126667 0.021875
0 0.733333 0.792813 0.400000 0.040625
1 0.658333 0.834688 0.101667 0.021875
0 0.733333 0.834688 0.400000 0.021875
1 0.660000 0.863437 0.105000 0.021875
0 0.733333 0.872812 0.400000 0.040625
1 0.666250 0.914687 0.117500 0.021875
0 0.733333 0.933438 0.400000 0.059375
