1 0.076077 0.090892 0.042177 0.019395
2 0.143146 0.089847 0.079669 0.019979
3 0.320208 0.087712 0.253763 0.021443
3 0.204155 0.110775 0.222104 0.020950
0 0.255516 0.099348 0.407791 0.050077
1 0.087928 0.142593 0.063006 0.019720
2 0.144999 0.141704 0.038844 0.019343
3 0.309564 0.139764 0.269593 0.021690
3 0.268912 0.161652 0.348743 0.022923
3 0.269500 0.182898 0.348743 0.022923
3 0.270089 0.204143 0.348743 0.022923
0 0.257542 0.172457 0.408968 0.092568
1 0.101078 0.241160 0.083835 0.020044
2 0.171479 0.240062 0.044676 0.019434
3 0.331045 0.238201 0.253763 0.021443
3 0.271647 0.260381 0.348743 0.022923
3 0.277234 0.281549 0.358741 0.023079
3 0.217419 0.303735 0.237933 0.021197
0 0.260277 0.271186 0.408968 0.092568
1 0.093277 0.335677 0.063006 0.019720
2 0.165762 0.334547 0.069671 0.019824
3 0.329910 0.332614 0.237933 0.021197
3 0.242601 0.355229 0.285423 0.021937
0 0.262303 0.344295 0.407791 0.050077
1 0.105094 0.386128 0.083835 0.020044
2 0.192575 0.384765 0.078836 0.019966
0 0.263410 0.384286 0.407202 0.028831
1 0.095459 0.414410 0.063006 0.019720
2 0.170859 0.413235 0.075503 0.019915
3 0.337924 0.411256 0.237933 0.021197
3 0.276442 0.433469 0.348743 0.022923
3 0.277031 0.454714 0.348743 0.022923
3 0.277619 0.475960 0.348743 0.022923
3 0.246548 0.497698 0.285423 0.021937
0 0.265367 0.454896 0.409557 0.113813
1 0.098609 0.528135 0.063006 0.019720
2 0.176926 0.526915 0.081335 0.020005
3 0.346906 0.524891 0.237933 0.021197
3 0.200443 0.548428 0.190444 0.020457
0 0.267635 0.536753 0.407791 0.050077
1 0.110582 0.584211 0.083835 0.020044
2 0.208894 0.582678 0.100498 0.020304
3 0.364711 0.580875 0.190444 0.020457
3 0.281151 0.603432 0.348743 0.022923
3 0.281740 0.624678 0.348743 0.022923
3 0.211094 0.647033 0.206274 0.020703
0 0.269781 0.614237 0.408968 0.092568
1 0.113282 0.681690 0.083835 0.020044
2 0.196598 0.680391 0.070504 0.019837
0 0.271599 0.679847 0.407202 0.028831
1 0.103664 0.710596 0.063006 0.019720
2 0.177815 0.709440 0.073004 0.019876
0 0.272395 0.708591 0.407202 0.028831
1 0.094081 0.740751 0.042177 0.019395
2 0.149069 0.739894 0.055507 0.019603
3 0.314051 0.737949 0.253763 0.021443
0 0.273226 0.738585 0.407202 0.028831
1 0.105430 0.774332 0.063006 0.019720
2 0.178331 0.773196 0.070504 0.019837
3 0.295407 0.771996 0.142954 0.019716
0 0.274161 0.772327 0.407202 0.028831
1 0.116814 0.809162 0.083835 0.020044
2 0.208044 0.807740 0.086334 0.020083
0 0.275131 0.807320 0.407202 0.028831
1 0.096937 0.843854 0.042177 0.019395
2 0.165673 0.842783 0.083002 0.020031
0 0.276083 0.841688 0.407202 0.028831
1 0.118597 0.873523 0.083835 0.020044
2 0.193581 0.872355 0.053841 0.019577
3 0.318155 0.871038 0.174614 0.020210
0 0.276914 0.871681 0.407202 0.028831
1 0.563471 0.083296 0.083835 0.020044
2 0.651786 0.081920 0.080502 0.019992
3 0.805520 0.080149 0.206274 0.020703
3 0.710296 0.102888 0.301253 0.022183
0 0.722082 0.092077 0.407791 0.050077
1 0.544062 0.134860 0.042177 0.019395
2 0.599467 0.133996 0.056341 0.019616
3 0.749035 0.132291 0.222104 0.020950
0 0.723208 0.132693 0.407202 0.028831
1 0.555221 0.161567 0.063006 0.019720
2 0.634371 0.160333 0.083002 0.020031
3 0.805184 0.158296 0.237933 0.021197
3 0.696630 0.181243 0.269593 0.021690
0 0.724246 0.170185 0.407791 0.050077
1 0.567090 0.213893 0.083835 0.020044
2 0.652904 0.212556 0.075503 0.019915
3 0.812054 0.210701 0.222104 0.020950
3 0.611020 0.235088 0.095464 0.018976
0 0.725700 0.222674 0.407791 0.050077
1 0.558095 0.265294 0.063006 0.019720
2 0.645992 0.263924 0.100498 0.020304
3 0.809724 0.261998 0.206274 0.020703
3 0.596609 0.286574 0.063804 0.018483
0 0.727120 0.273913 0.407791 0.050077
1 0.569946 0.316996 0.083835 0.020044
2 0.647013 0.315795 0.058007 0.019642
3 0.805329 0.313953 0.237933 0.021197
3 0.740515 0.336217 0.348743 0.022923
3 0.743187 0.357430 0.352909 0.022988
3 0.741693 0.378708 0.348743 0.022923
3 0.631472 0.401680 0.127124 0.019470
0 0.729440 0.357644 0.409557 0.113813
1 0.552303 0.432295 0.042177 0.019395
2 0.609790 0.431400 0.060506 0.019681
3 0.721867 0.430278 0.142954 0.019716
0 0.731448 0.430129 0.407202 0.028831
1 0.563686 0.467126 0.063006 0.019720
2 0.634088 0.466028 0.065505 0.019759
3 0.804069 0.464005 0.253763 0.021443
3 0.697180 0.486925 0.253763 0.021443
0 0.732712 0.475744 0.407791 0.050077
1 0.554692 0.518527 0.042177 0.019395
2 0.613846 0.517605 0.063839 0.019733
3 0.790908 0.515471 0.269593 0.021690
3 0.748173 0.537391 0.352909 0.022988
3 0.746678 0.558669 0.348743 0.022923
3 0.739352 0.580038 0.332913 0.022677
0 0.734720 0.548228 0.408968 0.092568
1 0.578083 0.610682 0.083835 0.020044
2 0.647234 0.609605 0.042177 0.019395
3 0.805551 0.607763 0.253763 0.021443
3 0.748652 0.629904 0.348743 0.022923
3 0.749240 0.651149 0.348743 0.022923
3 0.749829 0.672395 0.348743 0.022923
3 0.755417 0.693562 0.358741 0.023079
3 0.751006 0.714886 0.348743 0.022923
3 0.756594 0.736053 0.358741 0.023079
3 0.585969 0.759967 0.016315 0.017743
0 0.738459 0.683199 0.411322 0.177549
1 0.562240 0.790968 0.042177 0.019395
2 0.629308 0.789923 0.079669 0.019979
3 0.766796 0.788405 0.174614 0.020210
0 0.741385 0.788801 0.407202 0.028831
1 0.583882 0.820012 0.083835 0.020044
2 0.661782 0.818798 0.059673 0.019668
3 0.820932 0.816943 0.237933 0.021197
3 0.656556 0.840759 0.152952 0.019872
0 0.742493 0.828793 0.407791 0.050077
1 0.585250 0.869376 0.083835 0.020044
2 0.675647 0.867968 0.084668 0.020057
3 0.831464 0.866165 0.206274 0.020703
3 0.676669 0.889832 0.190444 0.020457
0 0.743860 0.878157 0.407791 0.050077
