0 0.26666666666666666 0.10875 0.4 0.0675
0 0.26666666666666666 0.205625 0.4 0.09125
0 0.26666666666666666 0.314375 0.4 0.09125
0 0.26666666666666666 0.3875 0.4 0.02
0 0.26666666666666666 0.4725 0.4 0.115
0 0.26666666666666666 0.569375 0.4 0.04375
0 0.26666666666666666 0.630625 0.4 0.04375
0 0.26666666666666666 0.739375 0.4 0.13875
0 0.26666666666666666 0.86 0.4 0.0675
0 0.7333333333333333 0.096875 0.4 0.04375
0 0.7333333333333333 0.158125 0.4 0.04375
0 0.7333333333333333 0.219375 0.4 0.04375
0 0.7333333333333333 0.280625 0.4 0.04375
0 0.7333333333333333 0.341875 0.4 0.04375
0 0.7333333333333333 0.426875 0.4 0.09125
0 0.7333333333333333 0.511875 0.4 0.04375
0 0.7333333333333333 0.573125 0.4 0.04375
0 0.7333333333333333 0.681875 0.4 0.13875
0 0.7333333333333333 0.814375 0.4 0.09125
0 0.7333333333333333 0.923125 0.4 0.09125
