3 0.491206 0.036443 0.982413 0.046653
0 0.071666 0.093484 0.042371 0.019645
1 0.131224 0.092194 0.064862 0.020132
2 0.308674 0.088973 0.269728 0.023324
0 0.072749 0.121598 0.042371 0.019645
1 0.124810 0.120469 0.049868 0.019807
0 0.073808 0.149086 0.042371 0.019645
1 0.126286 0.147949 0.050701 0.019825
2 0.301653 0.144774 0.279724 0.023540
2 0.115050 0.170077 0.048154 0.018522
0 0.075733 0.199065 0.042371 0.019645
1 0.149453 0.197468 0.093184 0.020746
2 0.325237 0.194283 0.238075 0.022638
2 0.124889 0.219884 0.063981 0.018865
0 0.077587 0.247170 0.042371 0.019645
1 0.141310 0.245789 0.073192 0.020313
2 0.243791 0.244194 0.111461 0.019894
0 0.099591 0.277331 0.084021 0.020547
1 0.195384 0.275255 0.095682 0.020800
2 0.348678 0.272558 0.190595 0.021609
2 0.230796 0.296372 0.269728 0.023324
0 0.091249 0.331284 0.063196 0.020096
1 0.158304 0.329831 0.059031 0.020006
2 0.309098 0.327188 0.222248 0.022295
0 0.103009 0.366044 0.084021 0.020547
1 0.180060 0.364374 0.058198 0.019988
2 0.338351 0.361569 0.238075 0.022638
2 0.278778 0.384119 0.358858 0.025255
2 0.276681 0.405423 0.353027 0.025129
2 0.280415 0.426601 0.358858 0.025255
2 0.276235 0.447951 0.348862 0.025039
2 0.277054 0.469192 0.348862 0.025039
0 0.108136 0.499114 0.084021 0.020547
1 0.200181 0.497119 0.088186 0.020638
2 0.333899 0.494846 0.158941 0.020923
0 0.109435 0.532850 0.084021 0.020547
1 0.183155 0.531252 0.051534 0.019843
2 0.343112 0.528411 0.248071 0.022854
2 0.280207 0.551033 0.348862 0.025039
2 0.281025 0.572274 0.348862 0.025039
2 0.286842 0.593407 0.358858 0.025255
2 0.211442 0.616300 0.206421 0.021952
0 0.103548 0.650526 0.063196 0.020096
1 0.166855 0.649154 0.051534 0.019843
2 0.337641 0.646078 0.269728 0.023324
2 0.126465 0.671914 0.032327 0.018179
0 0.115814 0.698405 0.084021 0.020547
1 0.194531 0.696699 0.061530 0.020060
2 0.354489 0.693858 0.238075 0.022638
2 0.199539 0.718475 0.174768 0.021266
0 0.097108 0.753834 0.042371 0.019645
1 0.153751 0.752606 0.059031 0.020006
2 0.328285 0.749449 0.269728 0.023324
2 0.241224 0.772595 0.253902 0.022981
0 0.109470 0.804212 0.063196 0.020096
1 0.181939 0.802641 0.069860 0.020241
2 0.319406 0.800288 0.184764 0.021482
0 0.121013 0.833349 0.084021 0.020547
1 0.203479 0.831562 0.069027 0.020222
2 0.359271 0.828811 0.222248 0.022295
0 0.122144 0.862712 0.084021 0.020547
1 0.197530 0.861078 0.054866 0.019916
0 0.112912 0.893550 0.063196 0.020096
1 0.175802 0.892187 0.050701 0.019825
2 0.346172 0.889120 0.269728 0.023324
2 0.151655 0.914594 0.063981 0.018865
0 0.548550 0.083149 0.063196 0.020096
1 0.633931 0.081299 0.095682 0.020800
2 0.803051 0.078259 0.222248 0.022295
2 0.563553 0.104708 0.016501 0.017836
0 0.561104 0.138525 0.084021 0.020547
1 0.642737 0.136756 0.067361 0.020186
2 0.802694 0.133915 0.232244 0.022511
2 0.629002 0.158938 0.143115 0.020580
0 0.563295 0.195377 0.084021 0.020547
1 0.645760 0.193590 0.069027 0.020222
0 0.553966 0.223716 0.063196 0.020096
1 0.623103 0.222217 0.063196 0.020096
2 0.791807 0.219186 0.253902 0.022981
2 0.735149 0.241673 0.348862 0.025039
2 0.735968 0.262914 0.348862 0.025039
2 0.625999 0.286556 0.127288 0.020237
0 0.568061 0.319075 0.084021 0.020547
1 0.653858 0.317216 0.075691 0.020367
2 0.812982 0.314392 0.222248 0.022295
2 0.738832 0.337258 0.348862 0.025039
2 0.744648 0.358391 0.358858 0.025255
2 0.740469 0.379741 0.348862 0.025039
2 0.638414 0.403211 0.143115 0.020580
0 0.572417 0.432153 0.084021 0.020547
1 0.642805 0.430627 0.044870 0.019699
2 0.802345 0.427795 0.253902 0.022981
2 0.711535 0.451022 0.285555 0.023667
0 0.574511 0.486505 0.084021 0.020547
1 0.643233 0.485016 0.041538 0.019627
2 0.801108 0.482220 0.253902 0.022981
2 0.745283 0.504688 0.348862 0.025039
2 0.746101 0.525930 0.348862 0.025039
2 0.746920 0.547171 0.348862 0.025039
2 0.589471 0.571842 0.032327 0.018179
0 0.579157 0.607080 0.084021 0.020547
1 0.665787 0.605202 0.077357 0.020403
2 0.825745 0.602361 0.222248 0.022295
2 0.599575 0.628522 0.048154 0.018522
0 0.570935 0.664157 0.063196 0.020096
1 0.633825 0.662794 0.050701 0.019825
2 0.804195 0.659727 0.269728 0.023324
2 0.752119 0.682114 0.348862 0.025039
2 0.752937 0.703355 0.348862 0.025039
2 0.758753 0.724488 0.358858 0.025255
2 0.759572 0.745729 0.358858 0.025255
2 0.755392 0.767079 0.348862 0.025039
2 0.669164 0.790206 0.174768 0.021266
0 0.566588 0.821817 0.042371 0.019645
1 0.624064 0.820571 0.060697 0.020042
2 0.799432 0.817396 0.269728 0.023324
2 0.607831 0.842807 0.048154 0.018522
0 0.589339 0.871345 0.084021 0.020547
1 0.667639 0.869648 0.060697 0.020042
2 0.827180 0.866815 0.238075 0.022638
2 0.765108 0.889419 0.358858 0.025255
2 0.760928 0.910769 0.348862 0.025039
2 0.627220 0.934925 0.079808 0.019208
