1 0.122106 0.077264 0.083924 0.020284
2 0.202915 0.078757 0.065596 0.019945
3 0.357014 0.082231 0.222174 0.021591
3 0.291336 0.102273 0.348802 0.023932
3 0.290638 0.123517 0.348802 0.023932
3 0.294938 0.144853 0.358799 0.024116
3 0.194271 0.164248 0.158860 0.020421
0 0.278975 0.123301 0.410075 0.114982
1 0.107792 0.195785 0.063097 0.019899
2 0.171939 0.196971 0.053100 0.019714
3 0.340617 0.200714 0.263828 0.022361
3 0.271606 0.220695 0.317145 0.023346
0 0.276121 0.210150 0.407980 0.051252
1 0.105985 0.250768 0.063097 0.019899
2 0.163051 0.251823 0.038938 0.019453
3 0.327564 0.255489 0.269660 0.022469
3 0.285628 0.275971 0.348802 0.023932
3 0.284930 0.297214 0.348802 0.023932
3 0.165518 0.316263 0.111375 0.019543
0 0.273616 0.286377 0.409377 0.093739
1 0.092471 0.344922 0.042270 0.019514
2 0.152869 0.346039 0.066429 0.019961
3 0.331128 0.349959 0.269660 0.022469
3 0.282528 0.370317 0.348802 0.023932
3 0.281830 0.391560 0.348802 0.023932
3 0.249474 0.412219 0.285488 0.022761
0 0.270515 0.380723 0.409377 0.093739
1 0.099825 0.438211 0.063097 0.019899
2 0.171470 0.439536 0.068095 0.019992
3 0.303076 0.442594 0.174689 0.020713
0 0.268503 0.441955 0.407282 0.030008
1 0.098942 0.465078 0.063097 0.019899
2 0.171837 0.466426 0.070595 0.020038
3 0.336350 0.470092 0.238003 0.021883
3 0.278585 0.490280 0.348802 0.023932
3 0.277887 0.511524 0.348802 0.023932
3 0.277189 0.532768 0.348802 0.023932
3 0.276491 0.554011 0.348802 0.023932
3 0.275793 0.575255 0.348802 0.023932
3 0.280093 0.596591 0.358799 0.024116
3 0.226911 0.616864 0.253831 0.022176
0 0.265177 0.543174 0.412169 0.178713
1 0.103607 0.640218 0.083924 0.020284
2 0.183999 0.641704 0.064763 0.019930
3 0.342680 0.645262 0.232171 0.021776
3 0.272836 0.665227 0.348802 0.023932
3 0.272138 0.686471 0.348802 0.023932
3 0.271440 0.707714 0.348802 0.023932
3 0.270742 0.728958 0.348802 0.023932
3 0.270044 0.750202 0.348802 0.023932
3 0.142718 0.769104 0.095546 0.019250
0 0.259777 0.707499 0.411471 0.157469
1 0.087957 0.799352 0.063097 0.019899
2 0.153354 0.800561 0.055599 0.019761
3 0.270798 0.803357 0.158860 0.020421
0 0.256636 0.803095 0.407282 0.030008
1 0.086890 0.831842 0.063097 0.019899
2 0.175613 0.833482 0.102252 0.020623
3 0.284726 0.836124 0.095546 0.019250
0 0.255568 0.835585 0.407282 0.030008
1 0.085925 0.861208 0.063097 0.019899
2 0.162985 0.862632 0.078926 0.020192
0 0.254603 0.864951 0.407282 0.030008
1 0.085062 0.887450 0.063097 0.019899
2 0.161289 0.888859 0.077259 0.020161
3 0.329134 0.892587 0.238003 0.021883
3 0.193477 0.911336 0.206346 0.021298
0 0.253391 0.901815 0.407980 0.051252
1 0.588631 0.085887 0.083924 0.020284
2 0.668190 0.087358 0.063097 0.019899
3 0.821040 0.090808 0.222174 0.021591
3 0.647061 0.108849 0.127203 0.019835
0 0.746547 0.100060 0.407980 0.051252
1 0.576493 0.138179 0.063097 0.019899
2 0.654386 0.139619 0.080592 0.020223
3 0.823897 0.143377 0.238003 0.021883
3 0.629508 0.161040 0.095546 0.019250
0 0.744822 0.152544 0.407980 0.051252
1 0.574933 0.185664 0.063097 0.019899
2 0.650326 0.187058 0.075593 0.020130
3 0.817338 0.190770 0.238003 0.021883
3 0.754576 0.210867 0.348802 0.023932
3 0.753878 0.232110 0.348802 0.023932
3 0.753180 0.253354 0.348802 0.023932
3 0.665425 0.272988 0.174689 0.020713
0 0.742215 0.231895 0.410075 0.114982
1 0.581671 0.297698 0.083924 0.020284
2 0.662063 0.299184 0.064763 0.019930
3 0.815746 0.302650 0.222174 0.021591
3 0.703415 0.321830 0.253831 0.022176
0 0.739586 0.311870 0.407980 0.051252
1 0.559078 0.351046 0.042270 0.019514
2 0.631556 0.352386 0.090589 0.020407
3 0.750666 0.355213 0.127203 0.019835
0 0.738170 0.354982 0.407282 0.030008
1 0.558051 0.382287 0.042270 0.019514
2 0.606370 0.383180 0.042270 0.019514
3 0.717149 0.385853 0.158860 0.020421
0 0.737143 0.386223 0.407282 0.030008
1 0.577995 0.409539 0.083924 0.020284
2 0.662970 0.411110 0.073927 0.020099
3 0.821234 0.414660 0.222174 0.021591
3 0.747225 0.434549 0.348802 0.023932
3 0.746527 0.455792 0.348802 0.023932
3 0.666686 0.475573 0.190517 0.021006
0 0.735213 0.444955 0.409377 0.093739
1 0.574957 0.502011 0.083924 0.020284
2 0.651600 0.503427 0.057265 0.019791
3 0.809448 0.506970 0.238003 0.021883
3 0.577987 0.523948 0.016403 0.017787
0 0.732872 0.516183 0.407980 0.051252
1 0.573109 0.558244 0.083924 0.020284
2 0.650169 0.559668 0.058099 0.019807
3 0.808433 0.563219 0.238003 0.021883
3 0.742339 0.583253 0.348802 0.023932
3 0.741640 0.604497 0.348802 0.023932
3 0.740942 0.625741 0.348802 0.023932
3 0.740244 0.646984 0.348802 0.023932
3 0.652489 0.666618 0.174689 0.020713
0 0.729628 0.614903 0.410773 0.136226
1 0.568530 0.697576 0.083924 0.020284
2 0.646423 0.699016 0.059765 0.019838
0 0.726795 0.701127 0.407282 0.030008
1 0.546779 0.725308 0.042270 0.019514
2 0.603429 0.726355 0.058932 0.019822
3 0.746281 0.729621 0.206346 0.021298
0 0.725871 0.729244 0.407282 0.030008
1 0.566538 0.758183 0.083924 0.020284
2 0.654428 0.759808 0.079759 0.020207
3 0.807695 0.763266 0.206346 0.021298
3 0.727854 0.783046 0.332974 0.023639
0 0.724454 0.772355 0.407980 0.051252
1 0.564978 0.805669 0.083924 0.020284
2 0.639539 0.807047 0.053100 0.019714
3 0.779476 0.810259 0.206346 0.021298
0 0.723243 0.809219 0.407282 0.030008
1 0.543001 0.840273 0.042270 0.019514
2 0.610064 0.841513 0.079759 0.020207
3 0.787073 0.845410 0.253831 0.022176
3 0.733058 0.865668 0.348802 0.023932
3 0.732360 0.886911 0.348802 0.023932
3 0.731662 0.908155 0.348802 0.023932
3 0.604335 0.927058 0.095546 0.019250
0 0.720697 0.886696 0.410075 0.114982
