0 0.116837 0.079940 0.083705 0.019702
1 0.196827 0.080856 0.063708 0.019473
2 0.350130 0.083236 0.221997 0.020035
2 0.159720 0.102309 0.095345 0.018585
0 0.105327 0.133565 0.062874 0.019463
1 0.180735 0.134428 0.075373 0.019606
2 0.331955 0.136784 0.206165 0.019854
0 0.115094 0.165555 0.083705 0.019702
1 0.193002 0.166447 0.059541 0.019425
2 0.352137 0.168894 0.237828 0.020217
2 0.118399 0.187471 0.016188 0.017679
0 0.114102 0.214300 0.083705 0.019702
1 0.205342 0.215344 0.086205 0.019730
2 0.361977 0.217762 0.206165 0.019854
2 0.283637 0.238118 0.348649 0.021485
0 0.113136 0.261794 0.083705 0.019702
1 0.203958 0.262834 0.085372 0.019721
2 0.360177 0.265247 0.206165 0.019854
2 0.192681 0.284582 0.168670 0.019425
0 0.091262 0.312800 0.042043 0.019225
1 0.143756 0.313401 0.050376 0.019320
2 0.298308 0.315795 0.237828 0.020217
0 0.101054 0.343540 0.062874 0.019463
1 0.176879 0.344408 0.076206 0.019616
0 0.090104 0.369668 0.042043 0.019225
1 0.154264 0.370402 0.073706 0.019587
2 0.328397 0.373021 0.253660 0.020398
2 0.280470 0.393725 0.348649 0.021485
2 0.280038 0.414972 0.348649 0.021485
2 0.279606 0.436220 0.348649 0.021485
2 0.279173 0.457467 0.348649 0.021485
2 0.278741 0.478715 0.348649 0.021485
2 0.167488 0.498694 0.127008 0.018948
0 0.097200 0.532893 0.062874 0.019463
1 0.180941 0.533852 0.092038 0.019797
2 0.348408 0.536394 0.221997 0.020035
0 0.107056 0.560509 0.083705 0.019702
1 0.181214 0.561358 0.052042 0.019339
2 0.336600 0.563762 0.237828 0.020217
2 0.242012 0.583932 0.279490 0.020693
0 0.085093 0.615889 0.042043 0.019225
1 0.138421 0.616500 0.052042 0.019339
2 0.317554 0.619176 0.285323 0.020760
2 0.132976 0.638315 0.063682 0.018223
0 0.094453 0.667877 0.062874 0.019463
1 0.158612 0.668612 0.052875 0.019349
2 0.290668 0.670749 0.190334 0.019673
0 0.104271 0.697368 0.083705 0.019702
1 0.182595 0.698265 0.060375 0.019435
0 0.082715 0.732751 0.042043 0.019225
1 0.153124 0.733557 0.086205 0.019730
2 0.333506 0.736247 0.253660 0.020398
2 0.122682 0.755086 0.047851 0.018042
0 0.081698 0.782745 0.042043 0.019225
1 0.141691 0.783432 0.065374 0.019492
2 0.256248 0.785368 0.142840 0.019129
0 0.091515 0.812236 0.062874 0.019463
1 0.164840 0.813075 0.071207 0.019559
2 0.282314 0.815045 0.142840 0.019129
0 0.090879 0.843482 0.062874 0.019463
1 0.175453 0.844450 0.093704 0.019816
0 0.079879 0.872109 0.042043 0.019225
1 0.147371 0.872882 0.080372 0.019664
2 0.324838 0.875539 0.253660 0.020398
2 0.246498 0.895894 0.301154 0.020941
0 0.562618 0.085043 0.042043 0.019225
1 0.618862 0.085687 0.057875 0.019406
2 0.792995 0.088306 0.269491 0.020579
0 0.562084 0.111290 0.042043 0.019225
1 0.618327 0.111934 0.057875 0.019406
2 0.792461 0.114553 0.269491 0.020579
2 0.586219 0.133444 0.016188 0.017679
0 0.581948 0.159023 0.083705 0.019702
1 0.678187 0.160125 0.096204 0.019845
0 0.581274 0.192144 0.083705 0.019702
1 0.663765 0.193089 0.068707 0.019530
2 0.819567 0.195497 0.221997 0.020035
2 0.703315 0.215419 0.253660 0.020398
0 0.569739 0.247019 0.062874 0.019463
1 0.640148 0.247825 0.065374 0.019492
2 0.810115 0.250396 0.253660 0.020398
2 0.630954 0.269597 0.111177 0.018767
0 0.568697 0.298263 0.062874 0.019463
1 0.638688 0.299064 0.064541 0.019482
0 0.557747 0.324391 0.042043 0.019225
1 0.623989 0.325149 0.077873 0.019635
2 0.805205 0.327848 0.263659 0.020512
2 0.748113 0.348447 0.348649 0.021485
2 0.747680 0.369695 0.348649 0.021485
2 0.747248 0.390942 0.348649 0.021485
2 0.746816 0.412190 0.348649 0.021485
2 0.746383 0.433437 0.348649 0.021485
2 0.650962 0.453598 0.158671 0.019310
0 0.575284 0.486485 0.083705 0.019702
1 0.655691 0.487406 0.064541 0.019482
2 0.814410 0.489848 0.231996 0.020150
2 0.744819 0.510304 0.348649 0.021485
2 0.744386 0.531551 0.348649 0.021485
2 0.743954 0.552799 0.348649 0.021485
2 0.688111 0.573412 0.237828 0.020217
0 0.572956 0.600847 0.083705 0.019702
1 0.654197 0.601777 0.066207 0.019501
2 0.808749 0.604171 0.221997 0.020035
2 0.639587 0.623487 0.142840 0.019129
0 0.561485 0.652597 0.062874 0.019463
1 0.645225 0.653555 0.092038 0.019797
2 0.812693 0.656097 0.221997 0.020035
2 0.693941 0.675990 0.253660 0.020398
0 0.549938 0.708096 0.042043 0.019225
1 0.607431 0.708754 0.060375 0.019435
2 0.782815 0.711387 0.269491 0.020579
2 0.645315 0.731065 0.158671 0.019310
0 0.569802 0.755829 0.083705 0.019702
1 0.655209 0.756807 0.074540 0.019597
2 0.811011 0.759215 0.216164 0.019969
2 0.744337 0.779704 0.358648 0.021600
2 0.743904 0.800952 0.358648 0.021600
2 0.738472 0.822142 0.348649 0.021485
2 0.738040 0.843390 0.348649 0.021485
2 0.634703 0.863459 0.142840 0.019129
0 0.556678 0.888819 0.062874 0.019463
1 0.619587 0.889539 0.050376 0.019320
2 0.789971 0.892115 0.269491 0.020579
2 0.665387 0.911941 0.206165 0.019854
