0 0.26666666666666666 0.10875 0.4 0.0675
0 0.26666666666666666 0.181875 0.4 0.04375
0 0.26666666666666666 0.243125 0.4 0.04375
0 0.26666666666666666 0.31625 0.4 0.0675
0 0.26666666666666666 0.425 0.4 0.115
0 0.26666666666666666 0.569375 0.4 0.13875
0 0.26666666666666666 0.701875 0.4 0.09125
0 0.26666666666666666 0.84625 0.4 0.1625
0 0.7333333333333333 0.096875 0.4 0.04375
0 0.7333333333333333 0.158125 0.4 0.04375
0 0.7333333333333333 0.2075 0.4 0.02
0 0.7333333333333333 0.256875 0.4 0.04375
0 0.7333333333333333 0.33 0.4 0.0675
0 0.7333333333333333 0.43875 0.4 0.115
0 0.7333333333333333 0.535625 0.4 0.04375
0 0.7333333333333333 0.60875 0.4 0.0675
0 0.7333333333333333 0.681875 0.4 0.04375
0 0.7333333333333333 0.766875 0.4 0.09125
0 0.7333333333333333 0.875625 0.4 0.09125
