0 0.26666666666666666 0.120625 0.4 0.09125
0 0.26666666666666666 0.19375 0.4 0.02
0 0.26666666666666666 0.243125 0.4 0.04375
0 0.26666666666666666 0.304375 0.4 0.04375
0 0.26666666666666666 0.3775 0.4 0.0675
0 0.26666666666666666 0.450625 0.4 0.04375
0 0.26666666666666666 0.52375 0.4 0.0675
0 0.26666666666666666 0.585 0.4 0.02
0 0.26666666666666666 0.634375 0.4 0.04375
0 0.26666666666666666 0.743125 0.4 0.13875
0 0.26666666666666666 0.851875 0.4 0.04375
0 0.7333333333333333 0.096875 0.4 0.04375
0 0.7333333333333333 0.17 0.4 0.0675
0 0.7333333333333333 0.27875 0.4 0.115
0 0.7333333333333333 0.399375 0.4 0.09125
0 0.7333333333333333 0.52 0.4 0.115
0 0.7333333333333333 0.616875 0.4 0.04375
0 0.7333333333333333 0.69 0.4 0.0675
0 0.7333333333333333 0.786875 0.4 0.09125
0 0.7333333333333333 0.9075 0.4 0.115
