3 0.498889 0.033753 0.997779 0.027749
0 0.095888 0.085483 0.062591 0.018922
1 0.169221 0.085282 0.070924 0.018945
0 0.085606 0.113012 0.041758 0.018864
1 0.135189 0.112875 0.044258 0.018871
2 0.310607 0.113018 0.285084 0.018283
2 0.118212 0.134797 0.031752 0.017587
0 0.085856 0.164261 0.041758 0.018864
1 0.142523 0.164106 0.058425 0.018910
2 0.317108 0.164251 0.269250 0.018240
2 0.276795 0.185612 0.348417 0.018458
2 0.276899 0.206861 0.348417 0.018458
2 0.277003 0.228111 0.348417 0.018458
2 0.277107 0.249361 0.348417 0.018458
2 0.205961 0.270807 0.205917 0.018066
0 0.107374 0.304203 0.083424 0.018979
1 0.195290 0.303961 0.079258 0.018968
2 0.348625 0.304165 0.205917 0.018066
2 0.190397 0.325850 0.174251 0.017979
0 0.086779 0.353010 0.041758 0.018864
1 0.153445 0.352827 0.078424 0.018965
2 0.330114 0.352966 0.253417 0.018196
2 0.277718 0.374360 0.348417 0.018458
2 0.277822 0.395610 0.348417 0.018458
2 0.277925 0.416860 0.348417 0.018458
2 0.222613 0.438262 0.237584 0.018153
0 0.097767 0.469856 0.062591 0.018922
1 0.169849 0.469657 0.068425 0.018938
0 0.087506 0.501759 0.041758 0.018864
1 0.134172 0.501631 0.038425 0.018855
2 0.298757 0.501803 0.269250 0.018240
0 0.098087 0.535480 0.062591 0.018922
1 0.169754 0.535283 0.067591 0.018935
0 0.098237 0.566105 0.062591 0.018922
1 0.172820 0.565900 0.073424 0.018951
2 0.339072 0.566068 0.237584 0.018153
2 0.223343 0.587636 0.237584 0.018153
0 0.108922 0.621076 0.083424 0.018979
1 0.191422 0.620849 0.068425 0.018938
2 0.347257 0.621046 0.221751 0.018109
2 0.176112 0.642766 0.142585 0.017892
0 0.109155 0.668576 0.083424 0.018979
1 0.197487 0.668333 0.080091 0.018970
2 0.351239 0.668535 0.205917 0.018066
2 0.231761 0.690114 0.253417 0.018196
0 0.088566 0.718633 0.041758 0.018864
1 0.143149 0.718483 0.054258 0.018899
2 0.323567 0.718612 0.285084 0.018283
2 0.129089 0.740396 0.047585 0.017630
0 0.088841 0.774882 0.041758 0.018864
1 0.141757 0.774737 0.050925 0.018890
2 0.320509 0.774870 0.285084 0.018283
2 0.279780 0.796232 0.348417 0.018458
2 0.279884 0.817482 0.348417 0.018458
2 0.279987 0.838732 0.348417 0.018458
2 0.232592 0.860113 0.253417 0.018196
0 0.110242 0.891074 0.083424 0.018979
1 0.186075 0.890866 0.055091 0.018901
2 0.343160 0.891059 0.237584 0.018153
2 0.209098 0.912678 0.205917 0.018066
0 0.552135 0.084229 0.041758 0.018864
1 0.605051 0.084083 0.050925 0.018890
0 0.552294 0.116729 0.041758 0.018864
1 0.607293 0.116577 0.055091 0.018901
0 0.573255 0.142921 0.083424 0.018979
1 0.647421 0.142717 0.051758 0.018892
2 0.802840 0.142915 0.237584 0.018153
2 0.711695 0.164416 0.285084 0.018283
0 0.552663 0.192353 0.041758 0.018864
1 0.609330 0.192197 0.058425 0.018910
0 0.552822 0.224853 0.041758 0.018864
1 0.608239 0.224701 0.055925 0.018903
2 0.789490 0.224827 0.285084 0.018283
2 0.640845 0.246486 0.142585 0.017892
0 0.558903 0.275462 0.053425 0.018897
1 0.628486 0.275270 0.072591 0.018949
2 0.802238 0.275418 0.253417 0.018196
2 0.680676 0.297002 0.221751 0.018109
0 0.574169 0.329795 0.083424 0.018979
1 0.650835 0.329584 0.056758 0.018906
2 0.808753 0.329775 0.237584 0.018153
2 0.617609 0.351551 0.095085 0.017761
0 0.564006 0.381698 0.062591 0.018922
1 0.634838 0.381503 0.065925 0.018931
2 0.802340 0.381668 0.247584 0.018180
2 0.649529 0.403338 0.158418 0.017935
0 0.574688 0.436044 0.083424 0.018979
1 0.644271 0.435853 0.042591 0.018867
2 0.779273 0.436107 0.205917 0.018066
0 0.574841 0.467294 0.083424 0.018979
1 0.654840 0.467074 0.063425 0.018924
2 0.808175 0.467278 0.221751 0.018109
2 0.737030 0.488723 0.332583 0.018414
0 0.575085 0.517294 0.083424 0.018979
1 0.656334 0.517070 0.065925 0.018931
2 0.810920 0.517270 0.221751 0.018109
2 0.594775 0.539115 0.047585 0.017630
0 0.575348 0.571043 0.083424 0.018979
1 0.655347 0.570823 0.063425 0.018924
2 0.808683 0.571027 0.221751 0.018109
2 0.666287 0.592668 0.190084 0.018022
0 0.565209 0.627947 0.062591 0.018922
1 0.643542 0.627731 0.080924 0.018972
2 0.813544 0.627889 0.237584 0.018153
2 0.745731 0.649325 0.348417 0.018458
2 0.745835 0.670575 0.348417 0.018458
2 0.750939 0.691811 0.358416 0.018485
2 0.627294 0.713401 0.110918 0.017805
0 0.565790 0.746696 0.062591 0.018922
1 0.642039 0.746486 0.076758 0.018961
2 0.809958 0.746650 0.237584 0.018153
2 0.706729 0.768183 0.269250 0.018240
0 0.555614 0.796099 0.041758 0.018864
1 0.606031 0.795960 0.045925 0.018876
2 0.782282 0.796101 0.285084 0.018283
2 0.659470 0.817689 0.174251 0.017979
0 0.555871 0.848599 0.041758 0.018864
1 0.615454 0.848435 0.064258 0.018926
2 0.792956 0.848572 0.269250 0.018240
2 0.751810 0.869935 0.358416 0.018485
2 0.746914 0.891199 0.348417 0.018458
2 0.747018 0.912449 0.348417 0.018458
2 0.747121 0.933699 0.348417 0.018458
2 0.747225 0.954948 0.348417 0.018458
2 0.688996 0.976359 0.231751 0.018137
