1 0.197917 0.085938 0.114167 0.021875
0 0.266667 0.095312 0.400000 0.040625
1 0.167917 0.138437 0.100833 0.021875
0 0.266667 0.204063 0.400000 0.153125
1 0.200417 0.299687 0.072500 0.021875
0 0.266667 0.365312 0.400000 0.153125
1 0.209167 0.460313 0.090000 0.021875
0 0.266667 0.469687 0.400000 0.040625
1 0.171667 0.509687 0.108333 0.021875
0 0.266667 0.519062 0.400000 0.040625
1 0.157083 0.562187 0.079167 0.021875
0 0.266667 0.562187 0.400000 0.021875
1 0.177083 0.596562 0.119167 0.021875
0 0.266667 0.596562 0.400000 0.021875
1 0.150833 0.630938 0.066667 0.021875
0 0.266667 0.630938 0.400000 0.021875
1 0.172083 0.663438 0.109167 0.021875
0 0.266667 0.682187 0.400000 0.059375
1 0.157917 0.732812 0.080833 0.021875
0 0.266667 0.732812 0.400000 0.021875
1 0.165833 0.767188 0.050000 0.021875
0 0.266667 0.767188 0.400000 0.021875
1 0.172083 0.797813 0.109167 0.021875
0 0.266667 0.797813 0.400000 0.021875
1 0.210833 0.829688 0.140000 0.021875
0 0.266667 0.839063 0.400000 0.040625
1 0.159583 0.879062 0.084167 0.021875
0 0.266667 0.888437 0.400000 0.040625
1 0.620833 0.085938 0.073333 0.021875
0 0.733333 0.085938 0.400000 0.021875
1 0.633333 0.115312 0.098333 0.021875
0 0.733333 0.115312 0.400000 0.021875
1 0.614167 0.144063 0.060000 0.021875
0 0.733333 0.162812 0.400000 0.059375
1 0.648333 0.210938 0.128333 0.021875
0 0.733333 0.210938 0.400000 0.021875
1 0.655000 0.245312 0.141667 0.021875
0 0.733333 0.301563 0.400000 0.134375
1 0.707917 0.392188 0.154167 0.021875
0 0.733333 0.401562 0.400000 0.040625
1 0.664583 0.442812 0.067500 0.021875
0 0.733333 0.452188 0.400000 0.040625
1 0.623333 0.495312 0.078333 0.021875
0 0.733333 0.504687 0.400000 0.040625
1 0.642083 0.542813 0.069167 0.021875
0 0.733333 0.542813 0.400000 0.021875
1 0.673333 0.571562 0.131667 0.021875
0 0.733333 0.580937 0.400000 0.040625
1 0.668750 0.620313 0.122500 0.021875
0 0.733333 0.620313 0.400000 0.021875
1 0.650833 0.649062 0.133333 0.021875
0 0.733333 0.658438 0.400000 0.040625
1 0.638333 0.701562 0.061667 0.021875
0 0.733333 0.710938 0.400000 0.040625
1 0.702500 0.752188 0.143333 0.021875
0 0.733333 0.808438 0.400000 0.134375
1 0.688750 0.894687 0.115833 0.021875
0 0.733333 0.941562 0.400000 0.115625
