0 0.26666666666666666 0.096875 0.4 0.04375
0 0.26666666666666666 0.158125 0.4 0.04375
0 0.26666666666666666 0.219375 0.4 0.04375
0 0.26666666666666666 0.280625 0.4 0.04375
0 0.26666666666666666 0.35375 0.4 0.0675
0 0.26666666666666666 0.426875 0.4 0.04375
0 0.26666666666666666 0.511875 0.4 0.09125
0 0.26666666666666666 0.596875 0.4 0.04375
0 0.26666666666666666 0.681875 0.4 0.09125
0 0.26666666666666666 0.755 0.4 0.02
0 0.26666666666666666 0.84 0.4 0.115
0 0.7333333333333333 0.120625 0.4 0.09125
0 0.7333333333333333 0.205625 0.4 0.04375
0 0.7333333333333333 0.255 0.4 0.02
0 0.7333333333333333 0.304375 0.4 0.04375
0 0.7333333333333333 0.365625 0.4 0.04375
0 0.7333333333333333 0.4625 0.4 0.115
0 0.7333333333333333 0.606875 0.4 0.13875
0 0.7333333333333333 0.715625 0.4 0.04375
0 0.7333333333333333 0.824375 0.4 0.13875
