0 0.113562 0.076109 0.063174 0.020053
1 0.181868 0.077542 0.061508 0.020018
2 0.349696 0.081686 0.253886 0.022803
2 0.126907 0.098273 0.016479 0.017825
0 0.111605 0.128589 0.063174 0.020053
1 0.193240 0.130301 0.088165 0.020577
2 0.358569 0.134393 0.222232 0.022139
2 0.227828 0.152909 0.222232 0.022139
0 0.109835 0.176070 0.063174 0.020053
1 0.177725 0.177494 0.060675 0.020000
2 0.345137 0.181630 0.253886 0.022803
0 0.098305 0.205840 0.042349 0.019616
1 0.144120 0.206801 0.037351 0.019511
2 0.323610 0.211190 0.301368 0.023799
2 0.137890 0.228554 0.048134 0.018489
0 0.117127 0.260006 0.083999 0.020489
1 0.189599 0.261526 0.049013 0.019756
0 0.115939 0.291868 0.083999 0.020489
1 0.192576 0.293475 0.057343 0.019930
0 0.114868 0.320607 0.083999 0.020489
1 0.201501 0.322424 0.077335 0.020350
2 0.361415 0.326402 0.222232 0.022139
2 0.283986 0.346037 0.348849 0.024795
2 0.283194 0.367279 0.348849 0.024795
2 0.282402 0.388520 0.348849 0.024795
2 0.286609 0.409867 0.358845 0.025004
2 0.280819 0.431004 0.348849 0.024795
2 0.216718 0.450918 0.222232 0.022139
0 0.087964 0.483232 0.042349 0.019616
1 0.138361 0.484289 0.046514 0.019703
2 0.314519 0.488608 0.285541 0.023467
2 0.135463 0.506111 0.063961 0.018821
0 0.096327 0.538429 0.063174 0.020053
1 0.172131 0.540018 0.076502 0.020332
2 0.339542 0.544154 0.238059 0.022471
2 0.133414 0.561090 0.063961 0.018821
0 0.083888 0.592564 0.042349 0.019616
1 0.138867 0.593717 0.055677 0.019896
2 0.248384 0.596639 0.143096 0.020480
0 0.093183 0.622771 0.063174 0.020053
1 0.170236 0.624386 0.079001 0.020385
2 0.338897 0.628548 0.238059 0.022471
2 0.177751 0.646428 0.158924 0.020812
0 0.091413 0.670252 0.063174 0.020053
1 0.172215 0.671946 0.086499 0.020542
2 0.320883 0.675689 0.190578 0.021476
0 0.090341 0.698991 0.063174 0.020053
1 0.169061 0.700642 0.082333 0.020454
2 0.339388 0.704838 0.238059 0.022471
2 0.116599 0.721425 0.042303 0.018367
0 0.098914 0.748565 0.083999 0.020489
1 0.167221 0.749997 0.040683 0.019581
2 0.324636 0.753923 0.253886 0.022803
2 0.268033 0.773995 0.348849 0.024795
2 0.272239 0.795341 0.358845 0.025004
2 0.250622 0.816146 0.317195 0.024131
0 0.090653 0.847180 0.074836 0.020297
1 0.153545 0.848499 0.039017 0.019546
2 0.262646 0.851412 0.158924 0.020812
0 0.073268 0.877453 0.042349 0.019616
1 0.137826 0.878806 0.074836 0.020297
2 0.312318 0.883091 0.253886 0.022803
2 0.263212 0.903319 0.348849 0.024795
2 0.267418 0.924666 0.358845 0.025004
2 0.261628 0.945803 0.348849 0.024795
2 0.260836 0.967044 0.348849 0.024795
2 0.260044 0.987944 0.348849 0.024111
2 0.259252 0.998565 0.348849 0.002870
0 0.580046 0.085891 0.063174 0.020053
1 0.643771 0.087227 0.052345 0.019826
0 0.568306 0.121284 0.042349 0.019616
1 0.647025 0.122934 0.103159 0.020891
2 0.827764 0.127350 0.238059 0.022471
2 0.758249 0.147150 0.348849 0.024795
2 0.757458 0.168392 0.348849 0.024795
2 0.758748 0.189677 0.353014 0.024882
2 0.755874 0.210875 0.348849 0.024795
2 0.660119 0.230126 0.158924 0.020812
0 0.563066 0.261854 0.042349 0.019616
1 0.622626 0.263103 0.064840 0.020088
2 0.800033 0.267448 0.269714 0.023135
2 0.650133 0.285563 0.143096 0.020480
0 0.561179 0.312459 0.042349 0.019616
1 0.625737 0.313813 0.074836 0.020297
0 0.560038 0.343072 0.042349 0.019616
1 0.620847 0.344347 0.067339 0.020140
2 0.799504 0.348719 0.269714 0.023135
2 0.583796 0.365454 0.016479 0.017825
0 0.578790 0.399112 0.083999 0.020489
1 0.648763 0.400579 0.044015 0.019651
2 0.807844 0.404540 0.253886 0.022803
2 0.605464 0.421555 0.063961 0.018821
0 0.576880 0.450342 0.083999 0.020489
1 0.669344 0.452281 0.088998 0.020594
2 0.827176 0.456216 0.206405 0.021808
2 0.658950 0.473947 0.174751 0.021144
0 0.554285 0.497387 0.042349 0.019616
1 0.602183 0.498391 0.041516 0.019599
2 0.775842 0.502658 0.285541 0.023467
2 0.617612 0.520598 0.095615 0.019484
0 0.552375 0.548617 0.042349 0.019616
1 0.613185 0.549892 0.067339 0.020140
2 0.783928 0.554098 0.253886 0.022803
0 0.551351 0.576106 0.042349 0.019616
1 0.612993 0.577399 0.069005 0.020175
2 0.789568 0.581727 0.263883 0.023013
2 0.741294 0.601973 0.348849 0.024795
2 0.740503 0.623214 0.348849 0.024795
2 0.628921 0.642133 0.127269 0.020148
0 0.547787 0.671694 0.042349 0.019616
1 0.593603 0.672654 0.037351 0.019511
2 0.749352 0.676546 0.253886 0.022803
0 0.557082 0.701900 0.063174 0.020053
1 0.632053 0.703472 0.074836 0.020297
2 0.798631 0.707591 0.238059 0.022471
2 0.736613 0.727549 0.348849 0.024795
2 0.735821 0.748790 0.348849 0.024795
2 0.740027 0.770137 0.358845 0.025004
2 0.734238 0.791274 0.348849 0.024795
2 0.733446 0.812515 0.348849 0.024795
2 0.732654 0.833757 0.348849 0.024795
2 0.644813 0.853173 0.174751 0.021144
0 0.550561 0.876832 0.063174 0.020053
1 0.620534 0.878299 0.064840 0.020088
2 0.787112 0.882418 0.248055 0.022681
2 0.619302 0.900157 0.127269 0.020148
