3 0.503618 0.035033 0.992765 0.033948
0 0.104558 0.080806 0.062794 0.019308
1 0.176637 0.081451 0.068627 0.019360
2 0.340365 0.083542 0.237762 0.019624
0 0.104051 0.112679 0.062794 0.019308
1 0.178629 0.113346 0.073626 0.019405
2 0.344858 0.115459 0.237762 0.019624
2 0.181198 0.135246 0.142768 0.018774
0 0.113672 0.162768 0.083626 0.019495
1 0.188250 0.163436 0.052795 0.019219
2 0.344062 0.165456 0.237762 0.019624
2 0.124989 0.184746 0.031943 0.017782
0 0.108223 0.217098 0.074460 0.019412
1 0.183635 0.217773 0.063627 0.019316
2 0.344863 0.219842 0.237762 0.019624
2 0.155789 0.239401 0.095272 0.018349
0 0.111921 0.272760 0.083626 0.019495
1 0.189833 0.273458 0.059461 0.019278
2 0.348978 0.275507 0.237762 0.019624
2 0.234065 0.295730 0.253594 0.019766
0 0.090214 0.327570 0.041962 0.019122
1 0.142711 0.328040 0.050295 0.019196
2 0.321021 0.330261 0.285258 0.020050
2 0.280686 0.351152 0.348587 0.020616
2 0.285348 0.372445 0.358586 0.020706
2 0.280010 0.393648 0.348587 0.020616
2 0.153014 0.413763 0.095272 0.018349
0 0.088325 0.446312 0.041962 0.019122
1 0.137905 0.446755 0.044462 0.019144
2 0.249970 0.448384 0.158601 0.018916
0 0.098234 0.478278 0.062794 0.019308
1 0.178228 0.478994 0.084459 0.019502
2 0.341956 0.481084 0.221929 0.019483
2 0.262457 0.501624 0.316923 0.020333
0 0.097448 0.527649 0.062794 0.019308
1 0.177859 0.528369 0.085292 0.019509
2 0.342004 0.530463 0.221929 0.019483
2 0.277504 0.551137 0.348587 0.020616
2 0.277166 0.572386 0.348587 0.020616
2 0.281827 0.593679 0.358586 0.020706
2 0.276489 0.614883 0.348587 0.020616
0 0.085242 0.640048 0.041962 0.019122
1 0.149404 0.640622 0.073626 0.019405
2 0.323549 0.642806 0.253594 0.019766
2 0.275714 0.663629 0.348587 0.020616
2 0.275376 0.684878 0.348587 0.020616
2 0.172128 0.705205 0.142768 0.018774
0 0.094127 0.736384 0.062794 0.019308
1 0.167038 0.737037 0.070293 0.019375
2 0.331600 0.739135 0.237762 0.019624
2 0.274182 0.759872 0.348587 0.020616
2 0.231347 0.780741 0.263593 0.019856
0 0.103449 0.805223 0.083626 0.019495
1 0.208441 0.806162 0.113624 0.019763
2 0.363004 0.808171 0.174433 0.019058
2 0.278088 0.828662 0.358586 0.020706
2 0.272750 0.849866 0.348587 0.020616
2 0.272412 0.871114 0.348587 0.020616
2 0.272074 0.892363 0.348587 0.020616
2 0.271736 0.913611 0.348587 0.020616
2 0.271398 0.934860 0.348587 0.020616
2 0.144402 0.954975 0.095272 0.018349
0 0.581608 0.085076 0.083626 0.019495
1 0.661602 0.085792 0.063627 0.019316
2 0.819914 0.087834 0.231929 0.019572
2 0.624590 0.107337 0.095272 0.018349
0 0.580812 0.135072 0.083626 0.019495
1 0.669973 0.135870 0.081959 0.019480
2 0.829535 0.137924 0.216096 0.019430
2 0.750452 0.158467 0.348587 0.020616
2 0.750114 0.179716 0.348587 0.020616
2 0.754775 0.201009 0.358586 0.020706
2 0.749438 0.222213 0.348587 0.020616
2 0.598694 0.242115 0.047775 0.017924
0 0.563596 0.274303 0.053628 0.019226
1 0.620675 0.274814 0.047795 0.019174
0 0.573455 0.309394 0.074460 0.019412
1 0.651366 0.310091 0.068627 0.019360
2 0.815094 0.312182 0.237762 0.019624
2 0.605188 0.331554 0.063607 0.018066
0 0.577252 0.358806 0.083626 0.019495
1 0.667662 0.359616 0.084459 0.019502
2 0.820558 0.361609 0.200264 0.019289
2 0.748975 0.382220 0.352753 0.020654
2 0.746554 0.403450 0.348587 0.020616
2 0.746216 0.424698 0.348587 0.020616
2 0.745878 0.445947 0.348587 0.020616
2 0.745539 0.467195 0.348587 0.020616
2 0.737285 0.488373 0.332755 0.020475
0 0.564320 0.516827 0.062794 0.019308
1 0.628066 0.517397 0.051961 0.019211
2 0.791377 0.519484 0.253594 0.019766
2 0.712712 0.540032 0.285258 0.020050
0 0.563475 0.569948 0.062794 0.019308
1 0.639719 0.570631 0.076960 0.019435
2 0.807614 0.572758 0.237762 0.019624
2 0.748530 0.593481 0.358586 0.020706
0 0.552154 0.626726 0.041962 0.019122
1 0.605484 0.627203 0.051961 0.019211
2 0.784628 0.629432 0.285258 0.020050
2 0.747625 0.650352 0.358586 0.020706
2 0.747287 0.671600 0.358586 0.020706
2 0.741949 0.692804 0.348587 0.020616
2 0.702031 0.713698 0.269426 0.019908
0 0.550314 0.742343 0.041962 0.019122
1 0.618226 0.742950 0.081126 0.019472
0 0.570639 0.774402 0.083626 0.019495
1 0.645634 0.775073 0.053628 0.019226
0 0.559795 0.801182 0.062794 0.019308
1 0.626457 0.801778 0.057794 0.019263
2 0.792686 0.803891 0.253594 0.019766
2 0.744851 0.824715 0.358586 0.020706
2 0.684100 0.845422 0.237762 0.019624
0 0.548256 0.871708 0.041962 0.019122
1 0.624917 0.872395 0.098625 0.019629
2 0.803644 0.874619 0.237762 0.019624
2 0.738727 0.895290 0.348587 0.020616
2 0.738389 0.916538 0.348587 0.020616
2 0.738051 0.937787 0.348587 0.020616
2 0.742713 0.959080 0.358586 0.020706
2 0.689878 0.979859 0.253594 0.019766
