1 0.219167 0.085938 0.110000 0.021875
0 0.266667 0.085938 0.400000 0.021875
1 0.189167 0.114062 0.096667 0.021875
0 0.266667 0.114062 0.400000 0.021875
1 0.200833 0.143437 0.120000 0.021875
0 0.266667 0.218438 0.400000 0.171875
1 0.168333 0.322813 0.055000 0.021875
0 0.266667 0.332188 0.400000 0.040625
1 0.206250 0.370937 0.130833 0.021875
0 0.266667 0.370937 0.400000 0.021875
1 0.160000 0.402187 0.085000 0.021875
0 0.266667 0.430312 0.400000 0.078125
1 0.181667 0.491563 0.128333 0.021875
0 0.266667 0.491563 0.400000 0.021875
1 0.205000 0.522813 0.128333 0.021875
0 0.266667 0.532188 0.400000 0.040625
1 0.162500 0.572812 0.090000 0.021875
0 0.266667 0.572812 0.400000 0.021875
1 0.208750 0.605313 0.135833 0.021875
0 0.266667 0.605313 0.400000 0.021875
1 0.215833 0.635312 0.103333 0.021875
0 0.266667 0.635312 0.400000 0.021875
1 0.180000 0.667188 0.078333 0.021875
0 0.266667 0.714063 0.400000 0.115625
1 0.190000 0.789687 0.145000 0.021875
0 0.266667 0.789687 0.400000 0.021875
1 0.225833 0.820937 0.123333 0.021875
0 0.266667 0.877188 0.400000 0.134375
1 0.624167 0.085938 0.080000 0.021875
0 0.733333 0.095312 0.400000 0.040625
1 0.640417 0.132812 0.065833 0.021875
0 0.733333 0.198437 0.400000 0.153125
1 0.648750 0.292187 0.129167 0.021875
0 0.733333 0.292187 0.400000 0.021875
1 0.668333 0.322813 0.121667 0.021875
0 0.733333 0.369688 0.400000 0.115625
1 0.646667 0.446562 0.125000 0.021875
0 0.733333 0.465313 0.400000 0.059375
1 0.638333 0.518437 0.108333 0.021875
0 0.733333 0.555937 0.400000 0.096875
1 0.639167 0.621563 0.063333 0.021875
0 0.733333 0.630938 0.400000 0.040625
1 0.622500 0.670312 0.076667 0.021875
0 0.733333 0.670312 0.400000 0.021875
1 0.651667 0.699063 0.135000 0.021875
0 0.733333 0.764687 0.400000 0.153125
1 0.648750 0.862812 0.082500 0.021875
0 0.733333 0.872188 0.400000 0.040625
1 0.671250 0.910937 0.127500 0.021875
0 0.733333 0.948438 0.400000 0.096875
