3 0.492238 0.039527 0.984476 0.044270
0 0.073392 0.092465 0.042296 0.019547
1 0.132122 0.091332 0.063122 0.019949
2 0.308752 0.088551 0.269677 0.022683
2 0.269910 0.110557 0.358815 0.024402
0 0.075063 0.141198 0.042296 0.019547
1 0.145456 0.139841 0.086448 0.020399
2 0.325834 0.136988 0.253849 0.022378
2 0.124130 0.162134 0.063912 0.018715
0 0.097688 0.193280 0.083948 0.020350
1 0.170164 0.191882 0.048960 0.019676
2 0.284315 0.190306 0.158881 0.020547
0 0.088196 0.220346 0.063122 0.019949
1 0.164004 0.218885 0.076451 0.020206
2 0.331471 0.216280 0.238021 0.022073
2 0.269303 0.238736 0.348818 0.024209
2 0.270031 0.259979 0.348818 0.024209
2 0.231189 0.281985 0.269677 0.022683
0 0.091366 0.312816 0.063122 0.019949
1 0.170090 0.311298 0.082282 0.020318
2 0.340472 0.308637 0.238021 0.022073
2 0.130020 0.333953 0.063912 0.018715
0 0.092994 0.360300 0.063122 0.019949
1 0.169636 0.358822 0.078117 0.020238
2 0.337935 0.356202 0.238021 0.022073
2 0.218703 0.379758 0.238021 0.022073
0 0.094922 0.416532 0.063122 0.019949
1 0.178228 0.414925 0.091446 0.020495
2 0.345278 0.412329 0.222193 0.021768
2 0.165232 0.437058 0.127225 0.019936
0 0.096829 0.472138 0.063122 0.019949
1 0.165556 0.470813 0.062289 0.019933
2 0.333855 0.468192 0.253849 0.022378
2 0.277935 0.490528 0.348818 0.024209
2 0.120383 0.514823 0.032256 0.018105
0 0.099185 0.540865 0.063122 0.019949
1 0.164580 0.539604 0.055624 0.019804
2 0.321633 0.537201 0.238021 0.022073
0 0.100192 0.570231 0.063122 0.019949
1 0.177249 0.568745 0.078950 0.020254
2 0.345965 0.566116 0.238021 0.022073
2 0.138845 0.591368 0.063912 0.018715
0 0.091428 0.618541 0.042296 0.019547
1 0.154740 0.617320 0.072286 0.020125
0 0.102890 0.648955 0.063122 0.019949
1 0.179532 0.647477 0.078117 0.020238
2 0.344915 0.644913 0.232190 0.021960
2 0.283997 0.667344 0.348818 0.024209
2 0.284726 0.688587 0.348818 0.024209
2 0.269626 0.710136 0.317162 0.023599
0 0.106189 0.745173 0.063122 0.019949
1 0.173250 0.743880 0.058957 0.019868
2 0.339883 0.741291 0.253849 0.022378
2 0.189412 0.765450 0.153049 0.020434
0 0.118295 0.794331 0.083948 0.020350
1 0.188688 0.792973 0.044795 0.019595
2 0.324498 0.790980 0.206365 0.021462
0 0.119301 0.823696 0.083948 0.020350
1 0.200525 0.822130 0.066454 0.020013
2 0.355078 0.819774 0.222193 0.021768
2 0.294993 0.842190 0.358815 0.024402
2 0.256151 0.864196 0.279674 0.022876
0 0.111566 0.901996 0.063122 0.019949
1 0.182376 0.900631 0.066454 0.020013
2 0.352757 0.897970 0.253849 0.022378
2 0.292672 0.920386 0.348818 0.024209
2 0.298399 0.941532 0.358815 0.024402
2 0.243729 0.963844 0.248018 0.022266
0 0.539904 0.083468 0.042296 0.019547
1 0.594470 0.082416 0.054791 0.019788
2 0.774848 0.079563 0.285506 0.022989
2 0.736423 0.101561 0.358815 0.024402
2 0.732153 0.122900 0.348818 0.024209
2 0.732881 0.144143 0.348818 0.024209
2 0.733609 0.165386 0.348818 0.024209
2 0.734337 0.186629 0.348818 0.024209
2 0.737148 0.207832 0.352983 0.024290
2 0.735794 0.229115 0.348818 0.024209
2 0.665296 0.251731 0.206365 0.021462
0 0.557172 0.283201 0.063122 0.019949
1 0.621734 0.281956 0.053958 0.019772
2 0.722555 0.280637 0.127225 0.019936
0 0.558115 0.310692 0.063122 0.019949
1 0.625592 0.309391 0.059790 0.019884
2 0.792642 0.306795 0.253849 0.022378
2 0.636339 0.331066 0.143053 0.020241
0 0.560042 0.366924 0.063122 0.019949
1 0.632102 0.365534 0.068953 0.020061
2 0.795819 0.363002 0.238021 0.022073
2 0.741149 0.385313 0.348818 0.024209
2 0.741877 0.406556 0.348818 0.024209
2 0.639723 0.429783 0.143053 0.020241
0 0.552906 0.462718 0.042296 0.019547
1 0.605806 0.461698 0.051459 0.019724
2 0.784518 0.458876 0.285506 0.022989
2 0.657372 0.482585 0.174709 0.020852
0 0.554706 0.515200 0.042296 0.019547
1 0.624683 0.513851 0.085615 0.020382
0 0.566083 0.543115 0.063122 0.019949
1 0.641891 0.541653 0.076451 0.020206
2 0.809357 0.539049 0.238021 0.022073
2 0.747190 0.561505 0.348818 0.024209
2 0.747918 0.582748 0.348818 0.024209
2 0.748646 0.603991 0.348818 0.024209
2 0.749374 0.625234 0.348818 0.024209
2 0.750103 0.646477 0.348818 0.024209
2 0.584636 0.670925 0.016428 0.017799
0 0.581980 0.702862 0.083948 0.020350
1 0.663203 0.701295 0.066454 0.020013
2 0.817756 0.698940 0.222193 0.021768
2 0.757672 0.721356 0.358815 0.024402
2 0.753401 0.742695 0.348818 0.024209
2 0.754130 0.763938 0.348818 0.024209
2 0.754858 0.785181 0.348818 0.024209
2 0.755586 0.806424 0.348818 0.024209
2 0.598034 0.830719 0.032256 0.018105
0 0.577093 0.864259 0.063122 0.019949
1 0.637906 0.863086 0.046461 0.019627
2 0.806205 0.860466 0.269677 0.022683
2 0.758200 0.882649 0.348818 0.024209
2 0.758928 0.903892 0.348818 0.024209
2 0.759656 0.925135 0.348818 0.024209
2 0.760384 0.946378 0.348818 0.024209
2 0.737371 0.968079 0.301334 0.023294
