1 0.098056 0.089932 0.083786 0.019914
2 0.181375 0.088765 0.070455 0.019727
3 0.338029 0.087196 0.222064 0.020601
3 0.268571 0.109422 0.348708 0.022374
3 0.269100 0.130669 0.348708 0.022374
3 0.269629 0.151915 0.348708 0.022374
3 0.270158 0.173161 0.348708 0.022374
3 0.270686 0.194408 0.348708 0.022374
3 0.184147 0.216873 0.174572 0.019936
0 0.257964 0.152078 0.410330 0.155668
1 0.081100 0.245821 0.042126 0.019330
2 0.154420 0.244794 0.092117 0.020030
3 0.298161 0.243406 0.174572 0.019936
0 0.260251 0.243937 0.407156 0.028190
1 0.102692 0.276149 0.083786 0.019914
2 0.177679 0.275099 0.053791 0.019494
3 0.333917 0.273536 0.237894 0.020822
3 0.273207 0.295640 0.348708 0.022374
3 0.273736 0.316886 0.348708 0.022374
3 0.274265 0.338133 0.348708 0.022374
3 0.279793 0.359309 0.358706 0.022514
3 0.235746 0.381179 0.269555 0.021266
0 0.262336 0.327673 0.409801 0.134422
1 0.095606 0.410022 0.062956 0.019622
2 0.158096 0.409146 0.049625 0.019435
3 0.328081 0.407391 0.269555 0.021266
3 0.281535 0.429297 0.358706 0.022514
3 0.277065 0.450613 0.348708 0.022374
3 0.127204 0.473965 0.047927 0.018162
0 0.265136 0.440153 0.408743 0.091929
1 0.108433 0.506734 0.083786 0.019914
2 0.200500 0.505445 0.087951 0.019972
3 0.357988 0.503864 0.206233 0.020379
0 0.266754 0.505142 0.407156 0.028190
1 0.088428 0.540145 0.042126 0.019330
2 0.142585 0.539386 0.053791 0.019494
3 0.259247 0.538378 0.158741 0.019714
0 0.267579 0.538261 0.407156 0.028190
1 0.105484 0.572412 0.074620 0.019785
2 0.173805 0.571455 0.049625 0.019435
3 0.335876 0.569810 0.253725 0.021044
3 0.285580 0.591768 0.358706 0.022514
3 0.281110 0.613085 0.348708 0.022374
3 0.281639 0.634331 0.348708 0.022374
3 0.282168 0.655577 0.348708 0.022374
3 0.282697 0.676823 0.348708 0.022374
3 0.132836 0.700176 0.047927 0.018162
0 0.269974 0.634494 0.410330 0.155668
1 0.093219 0.732611 0.042126 0.019330
2 0.147377 0.731853 0.053791 0.019494
3 0.327361 0.729957 0.285386 0.021487
3 0.165835 0.753473 0.111250 0.019049
0 0.272635 0.741351 0.407685 0.049436
1 0.105034 0.788706 0.062956 0.019622
2 0.175855 0.787714 0.066289 0.019669
3 0.343342 0.785993 0.247892 0.020962
3 0.285964 0.808051 0.348708 0.022374
0 0.274035 0.797591 0.407685 0.049436
1 0.095802 0.836343 0.042126 0.019330
2 0.154125 0.835526 0.062123 0.019610
3 0.290783 0.834238 0.190403 0.020157
0 0.274953 0.834459 0.407156 0.028190
1 0.107026 0.868692 0.062956 0.019622
2 0.181596 0.867647 0.073787 0.019774
0 0.275762 0.866954 0.407156 0.028190
1 0.118141 0.896666 0.083786 0.019914
2 0.205209 0.895447 0.077953 0.019832
3 0.365613 0.893825 0.222064 0.020601
0 0.276462 0.895074 0.407156 0.028190
1 0.543811 0.083689 0.042126 0.019330
2 0.600052 0.082901 0.057957 0.019552
3 0.766288 0.081198 0.253725 0.021044
0 0.722962 0.081805 0.407156 0.028190
1 0.565466 0.116517 0.083786 0.019914
2 0.647118 0.115373 0.067122 0.019680
3 0.807106 0.113758 0.232062 0.020741
3 0.680573 0.136783 0.237894 0.020822
0 0.724051 0.125548 0.407685 0.049436
1 0.566788 0.169632 0.083786 0.019914
2 0.653440 0.168419 0.077120 0.019820
3 0.813427 0.166803 0.222064 0.020601
3 0.578997 0.191340 0.032097 0.017940
0 0.725374 0.178663 0.407685 0.049436
1 0.568048 0.220248 0.083786 0.019914
2 0.641369 0.219222 0.050458 0.019447
3 0.795941 0.217682 0.237894 0.020822
3 0.722733 0.239961 0.317047 0.021931
0 0.726634 0.229280 0.407685 0.049436
1 0.558909 0.271635 0.062956 0.019622
2 0.616816 0.270824 0.040460 0.019307
3 0.787218 0.269063 0.279554 0.021406
3 0.739839 0.290980 0.348708 0.022374
3 0.745367 0.312157 0.358706 0.022514
3 0.745896 0.333403 0.358706 0.022514
3 0.741426 0.354719 0.348708 0.022374
3 0.741955 0.375966 0.348708 0.022374
3 0.655415 0.398431 0.174572 0.019936
0 0.729232 0.333636 0.410330 0.155668
1 0.573384 0.434586 0.083786 0.019914
2 0.661286 0.433355 0.079620 0.019855
3 0.814608 0.431833 0.206233 0.020379
3 0.748899 0.454007 0.358706 0.022514
3 0.744428 0.475323 0.348708 0.022374
3 0.744957 0.496570 0.348708 0.022374
3 0.634672 0.519368 0.127080 0.019271
0 0.732764 0.475487 0.409272 0.113175
1 0.555402 0.549233 0.042126 0.019330
2 0.615391 0.548393 0.065455 0.019657
3 0.793293 0.546526 0.269555 0.021266
3 0.596356 0.570538 0.047927 0.018162
0 0.734817 0.557972 0.407685 0.049436
1 0.567030 0.597828 0.062956 0.019622
2 0.634935 0.596878 0.060456 0.019587
3 0.802421 0.595157 0.253725 0.021044
3 0.752959 0.617103 0.358706 0.022514
3 0.613929 0.640304 0.079588 0.018605
0 0.736295 0.617337 0.408214 0.070683
1 0.579343 0.673919 0.083786 0.019914
2 0.660579 0.672782 0.066289 0.019669
3 0.775574 0.671796 0.142911 0.019492
0 0.737664 0.672327 0.407156 0.028190
1 0.569768 0.707809 0.062956 0.019622
2 0.631008 0.706952 0.047125 0.019400
3 0.799744 0.705214 0.269555 0.021266
3 0.750698 0.727154 0.348708 0.022374
3 0.751227 0.748401 0.348708 0.022374
3 0.593450 0.771864 0.032097 0.017940
0 0.739298 0.737941 0.408743 0.091929
1 0.561625 0.799189 0.042126 0.019330
2 0.611616 0.798489 0.045459 0.019377
3 0.787434 0.796652 0.285386 0.021487
3 0.752970 0.818388 0.348708 0.022374
3 0.758498 0.839565 0.358706 0.022514
3 0.754027 0.860881 0.348708 0.022374
3 0.667488 0.883347 0.174572 0.019936
0 0.741834 0.839798 0.409272 0.113175
