1 0.100635 0.082903 0.062622 0.018979
2 0.161467 0.083127 0.045955 0.018918
3 0.329795 0.084370 0.269278 0.018488
3 0.280906 0.105441 0.348443 0.018779
3 0.285768 0.126709 0.358443 0.018816
3 0.285629 0.147959 0.358443 0.018816
3 0.280490 0.169190 0.348443 0.018779
3 0.177436 0.190062 0.142613 0.018023
0 0.269032 0.137273 0.407502 0.130242
1 0.110137 0.222940 0.083455 0.019056
2 0.193470 0.223246 0.070122 0.019007
3 0.350130 0.224446 0.221778 0.018314
3 0.184994 0.245090 0.158446 0.018081
0 0.268395 0.234771 0.406947 0.045243
1 0.099407 0.271026 0.062622 0.018979
2 0.183156 0.271334 0.091788 0.019086
3 0.311067 0.272428 0.142613 0.018023
0 0.268151 0.272271 0.406809 0.023993
1 0.109640 0.299189 0.083455 0.019056
2 0.195889 0.299506 0.075955 0.019028
3 0.355466 0.300717 0.221778 0.018314
3 0.168663 0.321281 0.126779 0.017965
0 0.267898 0.311020 0.406947 0.045243
1 0.109301 0.351064 0.083455 0.019056
2 0.203883 0.351411 0.092621 0.019089
0 0.267628 0.352270 0.406809 0.023993
1 0.088292 0.377862 0.041789 0.018903
2 0.154958 0.378106 0.078455 0.019037
3 0.331619 0.379380 0.253445 0.018430
3 0.231481 0.400263 0.253445 0.018430
0 0.267383 0.389769 0.406947 0.045243
1 0.108754 0.434813 0.083455 0.019056
2 0.184170 0.435089 0.054288 0.018949
3 0.340831 0.436290 0.237611 0.018372
3 0.278609 0.457312 0.348443 0.018779
3 0.278471 0.478561 0.348443 0.018779
3 0.278332 0.499811 0.348443 0.018779
3 0.278193 0.521061 0.348443 0.018779
3 0.283054 0.542329 0.358443 0.018816
3 0.277916 0.563560 0.348443 0.018779
3 0.277777 0.584810 0.348443 0.018779
3 0.127223 0.605507 0.047614 0.017674
0 0.266527 0.521018 0.407918 0.193991
1 0.097052 0.631647 0.062622 0.018979
2 0.165385 0.631898 0.060955 0.018973
3 0.333295 0.633139 0.253445 0.018430
3 0.134826 0.653661 0.063447 0.017732
0 0.265727 0.643516 0.406947 0.045243
1 0.086273 0.687233 0.041789 0.018903
2 0.157939 0.687496 0.088455 0.019074
3 0.331682 0.688759 0.237611 0.018372
3 0.237378 0.709663 0.269278 0.018488
0 0.265364 0.699141 0.406947 0.045243
1 0.085959 0.735357 0.041789 0.018903
2 0.140541 0.735558 0.054288 0.018949
3 0.257619 0.736613 0.158446 0.018081
0 0.265119 0.736640 0.406809 0.023993
1 0.096151 0.769770 0.062622 0.018979
2 0.170316 0.770043 0.072622 0.019016
3 0.296561 0.771131 0.158446 0.018081
0 0.264895 0.771015 0.406809 0.023993
1 0.106371 0.799808 0.083455 0.019056
2 0.189704 0.800114 0.070122 0.019007
3 0.346364 0.801314 0.221778 0.018314
3 0.181228 0.821958 0.158446 0.018081
0 0.264629 0.811639 0.406947 0.045243
1 0.106025 0.852932 0.083455 0.019056
2 0.176024 0.853190 0.043455 0.018909
3 0.303518 0.854283 0.190112 0.018197
0 0.264352 0.854139 0.406809 0.023993
1 0.105800 0.887307 0.083455 0.019056
2 0.183716 0.887593 0.059288 0.018967
3 0.342877 0.888803 0.237611 0.018372
0 0.264128 0.888513 0.406809 0.023993
1 0.577712 0.084655 0.083455 0.019056
2 0.660628 0.084960 0.069288 0.019004
3 0.816872 0.086159 0.221778 0.018314
3 0.628819 0.106718 0.110946 0.017907
0 0.735970 0.096487 0.406947 0.045243
1 0.566925 0.141491 0.062622 0.018979
2 0.647340 0.141787 0.085121 0.019062
3 0.811501 0.143015 0.221778 0.018314
3 0.747196 0.164029 0.348443 0.018779
3 0.747058 0.185278 0.348443 0.018779
3 0.746919 0.206528 0.348443 0.018779
3 0.748863 0.227786 0.352610 0.018794
3 0.746641 0.249028 0.348443 0.018779
3 0.619837 0.269812 0.095113 0.017849
0 0.735252 0.206485 0.407641 0.151492
1 0.555504 0.295201 0.041789 0.018903
2 0.614670 0.295419 0.063455 0.018982
3 0.767998 0.296607 0.221778 0.018314
0 0.734665 0.296484 0.406809 0.023993
1 0.565725 0.325239 0.062622 0.018979
2 0.634058 0.325490 0.060955 0.018973
3 0.801968 0.326732 0.253445 0.018430
3 0.745997 0.347777 0.348443 0.018779
3 0.750858 0.369045 0.358443 0.018816
3 0.745719 0.390276 0.348443 0.018779
3 0.745581 0.411526 0.348443 0.018779
3 0.737525 0.432746 0.332610 0.018721
0 0.734122 0.379608 0.407502 0.130242
1 0.575224 0.465901 0.083455 0.019056
2 0.658556 0.466207 0.070122 0.019007
3 0.815217 0.467407 0.221778 0.018314
3 0.578831 0.487789 0.015947 0.017558
0 0.733482 0.477732 0.406947 0.045243
1 0.574913 0.513400 0.083455 0.019056
2 0.649913 0.513676 0.053455 0.018946
3 0.766574 0.514729 0.158446 0.018081
0 0.733241 0.514607 0.406809 0.023993
1 0.553860 0.547073 0.041789 0.018903
2 0.623443 0.547329 0.084288 0.019059
3 0.795103 0.548584 0.237611 0.018372
0 0.733020 0.548356 0.406809 0.023993
1 0.564093 0.575236 0.062622 0.018979
2 0.626176 0.575464 0.048455 0.018927
3 0.795753 0.576712 0.269278 0.018488
3 0.744365 0.597774 0.348443 0.018779
3 0.744226 0.619023 0.348443 0.018779
3 0.601589 0.639750 0.063447 0.017732
0 0.732629 0.608356 0.407225 0.087742
1 0.553089 0.665197 0.041789 0.018903
2 0.626838 0.665468 0.092621 0.019089
3 0.802665 0.666738 0.237611 0.018372
3 0.664611 0.687482 0.190112 0.018197
0 0.732180 0.677105 0.406947 0.045243
1 0.552758 0.715821 0.041789 0.018903
2 0.625674 0.716089 0.090955 0.019083
3 0.805668 0.717375 0.247611 0.018409
3 0.608865 0.737903 0.079280 0.017791
0 0.731849 0.727729 0.406947 0.045243
1 0.562804 0.772734 0.062622 0.018979
2 0.631969 0.772988 0.062622 0.018979
3 0.797797 0.774222 0.247611 0.018409
3 0.655993 0.794951 0.174279 0.018139
0 0.731478 0.784603 0.406947 0.045243
1 0.562436 0.828983 0.062622 0.018979
2 0.632852 0.829242 0.065122 0.018988
3 0.802846 0.830491 0.253445 0.018430
0 0.731180 0.830228 0.406809 0.023993
1 0.572677 0.855896 0.083455 0.019056
2 0.647677 0.856172 0.053455 0.018946
3 0.803921 0.857370 0.237611 0.018372
3 0.584201 0.877814 0.031781 0.017616
0 0.730935 0.867727 0.406947 0.045243
