1 0.205417 0.085938 0.082500 0.021875
0 0.266667 0.132812 0.400000 0.115625
1 0.150417 0.208437 0.065833 0.021875
0 0.266667 0.217812 0.400000 0.040625
1 0.199167 0.255937 0.070000 0.021875
0 0.266667 0.321562 0.400000 0.153125
1 0.167917 0.415938 0.054167 0.021875
0 0.266667 0.434688 0.400000 0.059375
1 0.218750 0.482812 0.109167 0.021875
0 0.266667 0.482812 0.400000 0.021875
1 0.147917 0.512188 0.060833 0.021875
0 0.266667 0.521563 0.400000 0.040625
1 0.164583 0.559688 0.047500 0.021875
0 0.266667 0.569063 0.400000 0.040625
1 0.227500 0.609688 0.126667 0.021875
0 0.266667 0.619062 0.400000 0.040625
1 0.167083 0.662813 0.099167 0.021875
0 0.266667 0.662813 0.400000 0.021875
1 0.165833 0.691562 0.096667 0.021875
0 0.266667 0.691562 0.400000 0.021875
1 0.190833 0.724688 0.100000 0.021875
0 0.266667 0.724688 0.400000 0.021875
1 0.199583 0.752812 0.117500 0.021875
0 0.266667 0.818438 0.400000 0.153125
1 0.185000 0.915937 0.041667 0.021875
0 0.266667 0.925312 0.400000 0.040625
1 0.673333 0.085938 0.085000 0.021875
0 0.733333 0.095312 0.400000 0.040625
1 0.617083 0.134687 0.065833 0.021875
0 0.733333 0.134687 0.400000 0.021875
1 0.624167 0.167187 0.080000 0.021875
0 0.733333 0.167187 0.400000 0.021875
1 0.637500 0.199063 0.106667 0.021875
0 0.733333 0.199063 0.400000 0.021875
1 0.672083 0.227187 0.082500 0.021875
0 0.733333 0.274062 0.400000 0.115625
1 0.662083 0.349687 0.109167 0.021875
0 0.733333 0.349687 0.400000 0.021875
1 0.628333 0.384062 0.088333 0.021875
0 0.733333 0.384062 0.400000 0.021875
1 0.650833 0.417187 0.086667 0.021875
0 0.733333 0.417187 0.400000 0.021875
1 0.651250 0.449688 0.040833 0.021875
0 0.733333 0.459062 0.400000 0.040625
1 0.672500 0.496563 0.130000 0.021875
0 0.733333 0.543438 0.400000 0.115625
1 0.639583 0.622188 0.110833 0.021875
0 0.733333 0.622188 0.400000 0.021875
1 0.699167 0.655937 0.136667 0.021875
0 0.733333 0.655937 0.400000 0.021875
1 0.669167 0.684688 0.123333 0.021875
0 0.733333 0.694063 0.400000 0.040625
1 0.667500 0.733437 0.166667 0.021875
0 0.733333 0.742812 0.400000 0.040625
1 0.643750 0.785937 0.119167 0.021875
0 0.733333 0.795312 0.400000 0.040625
1 0.673750 0.834688 0.085833 0.021875
0 0.733333 0.844063 0.400000 0.040625
1 0.613333 0.887188 0.058333 0.021875
0 0.733333 0.896563 0.400000 0.040625
