1 0.213750 0.085938 0.145833 0.021875
0 0.266667 0.095312 0.400000 0.040625
1 0.188333 0.138437 0.048333 0.021875
0 0.266667 0.147813 0.400000 0.040625
1 0.178750 0.185938 0.122500 0.021875
0 0.266667 0.195312 0.400000 0.040625
1 0.168333 0.237813 0.101667 0.021875
0 0.266667 0.275313 0.400000 0.096875
1 0.172500 0.347187 0.063333 0.021875
0 0.266667 0.356563 0.400000 0.040625
1 0.197083 0.397813 0.065833 0.021875
0 0.266667 0.435312 0.400000 0.096875
1 0.181250 0.500938 0.127500 0.021875
0 0.266667 0.547813 0.400000 0.115625
1 0.204167 0.627812 0.080000 0.021875
0 0.266667 0.637188 0.400000 0.040625
1 0.176250 0.680312 0.117500 0.021875
0 0.266667 0.680312 0.400000 0.021875
1 0.202500 0.708438 0.076667 0.021875
0 0.266667 0.717812 0.400000 0.040625
1 0.212083 0.760938 0.095833 0.021875
0 0.266667 0.760938 0.400000 0.021875
1 0.172917 0.792813 0.110833 0.021875
0 0.266667 0.830313 0.400000 0.096875
1 0.193750 0.897813 0.059167 0.021875
0 0.266667 0.972812 0.400000 0.171875
1 0.617083 0.085938 0.065833 0.021875
0 0.733333 0.114062 0.400000 0.078125
1 0.654583 0.173437 0.094167 0.021875
0 0.733333 0.182812 0.400000 0.040625
1 0.668333 0.224062 0.075000 0.021875
0 0.733333 0.224062 0.400000 0.021875
1 0.633750 0.253437 0.099167 0.021875
0 0.733333 0.253437 0.400000 0.021875
1 0.649167 0.282813 0.130000 0.021875
0 0.733333 0.292187 0.400000 0.040625
1 0.641250 0.334062 0.114167 0.021875
0 0.733333 0.352812 0.400000 0.059375
1 0.629167 0.405313 0.090000 0.021875
0 0.733333 0.405313 0.400000 0.021875
1 0.651667 0.435937 0.088333 0.021875
0 0.733333 0.445312 0.400000 0.040625
1 0.682917 0.488438 0.104167 0.021875
0 0.733333 0.497812 0.400000 0.040625
1 0.678750 0.537813 0.142500 0.021875
0 0.733333 0.537813 0.400000 0.021875
1 0.650833 0.569063 0.086667 0.021875
0 0.733333 0.569063 0.400000 0.021875
1 0.660833 0.600938 0.106667 0.021875
0 0.733333 0.600938 0.400000 0.021875
1 0.662917 0.630313 0.064167 0.021875
0 0.733333 0.639687 0.400000 0.040625
1 0.699167 0.681562 0.136667 0.021875
0 0.733333 0.690937 0.400000 0.040625
1 0.658750 0.730938 0.102500 0.021875
0 0.733333 0.730938 0.400000 0.021875
1 0.664583 0.760312 0.067500 0.021875
0 0.733333 0.816562 0.400000 0.134375
1 0.626667 0.907188 0.085000 0.021875
0 0.733333 0.944688 0.400000 0.096875
