0 0.077969 0.089792 0.042093 0.019288
1 0.143793 0.088938 0.077088 0.019742
2 0.319614 0.087280 0.253699 0.020786
0 0.099564 0.122642 0.083754 0.019829
1 0.170387 0.121722 0.045426 0.019331
2 0.290800 0.120784 0.174544 0.019758
0 0.089971 0.158397 0.062923 0.019559
1 0.148712 0.157634 0.042093 0.019288
2 0.243713 0.157026 0.127052 0.019142
0 0.101093 0.188882 0.083754 0.019829
1 0.182748 0.187822 0.067089 0.019613
2 0.337739 0.186435 0.222037 0.020375
2 0.271572 0.208547 0.348685 0.022020
2 0.272063 0.229794 0.348685 0.022020
2 0.277553 0.250976 0.358684 0.022149
2 0.273044 0.272287 0.348685 0.022020
2 0.273534 0.293534 0.348685 0.022020
2 0.274025 0.314781 0.348685 0.022020
2 0.179529 0.337261 0.158714 0.019553
0 0.094904 0.372115 0.062923 0.019559
1 0.161978 0.371244 0.058757 0.019504
2 0.328634 0.369705 0.253699 0.020786
2 0.196644 0.392672 0.190375 0.019964
0 0.096145 0.425857 0.062923 0.019559
1 0.159052 0.425040 0.050425 0.019396
0 0.107267 0.456342 0.083754 0.019829
1 0.194754 0.455206 0.078754 0.019764
2 0.331831 0.454051 0.174544 0.019758
0 0.107887 0.483213 0.083754 0.019829
1 0.184542 0.482218 0.057091 0.019483
2 0.342450 0.480792 0.237868 0.020581
2 0.120057 0.504933 0.032066 0.017908
0 0.109113 0.536330 0.083754 0.019829
1 0.185768 0.535335 0.057091 0.019483
2 0.343676 0.533910 0.237868 0.020581
2 0.279593 0.555995 0.348685 0.022020
2 0.285082 0.577177 0.358684 0.022149
2 0.280574 0.598488 0.348685 0.022020
2 0.281064 0.619735 0.348685 0.022020
2 0.286554 0.640917 0.358684 0.022149
2 0.282045 0.662229 0.348685 0.022020
2 0.258789 0.683784 0.301192 0.021403
0 0.102795 0.713939 0.062923 0.019559
1 0.167368 0.713100 0.053758 0.019440
2 0.331525 0.711594 0.253699 0.020786
2 0.117464 0.735626 0.016235 0.017703
0 0.114407 0.765671 0.083754 0.019829
1 0.189396 0.764697 0.053758 0.019440
2 0.345637 0.763293 0.237868 0.020581
2 0.237394 0.785952 0.253699 0.020786
0 0.094731 0.815934 0.042093 0.019288
1 0.144723 0.815285 0.045426 0.019331
2 0.320545 0.813627 0.285361 0.021197
2 0.286041 0.835328 0.348685 0.022020
2 0.286531 0.856575 0.348685 0.022020
2 0.287021 0.877822 0.348685 0.022020
2 0.287512 0.899068 0.348685 0.022020
2 0.293002 0.920250 0.358684 0.022149
2 0.225169 0.942384 0.222037 0.020375
0 0.565396 0.083464 0.083754 0.019829
1 0.639552 0.082501 0.052092 0.019418
2 0.794960 0.081108 0.237868 0.020581
2 0.577566 0.105184 0.032066 0.017908
0 0.556164 0.134841 0.062923 0.019559
1 0.619071 0.134024 0.050425 0.019396
2 0.781561 0.132540 0.253699 0.020786
0 0.556943 0.168586 0.062923 0.019559
1 0.617351 0.167802 0.045426 0.019331
2 0.785257 0.166247 0.269530 0.020992
2 0.737837 0.188116 0.348685 0.022020
2 0.738328 0.209362 0.348685 0.022020
2 0.738818 0.230609 0.348685 0.022020
2 0.707647 0.252267 0.285361 0.021197
0 0.559669 0.286693 0.062923 0.019559
1 0.630909 0.285768 0.067089 0.019613
2 0.801731 0.284176 0.253699 0.020786
2 0.645578 0.307456 0.158714 0.019553
0 0.560866 0.338561 0.062923 0.019559
1 0.620441 0.337787 0.043760 0.019310
2 0.755852 0.336654 0.206206 0.020170
0 0.561674 0.373555 0.062923 0.019559
1 0.616666 0.372841 0.034594 0.019191
2 0.787072 0.371254 0.285361 0.021197
2 0.726738 0.393290 0.317023 0.021608
0 0.552399 0.423058 0.042093 0.019288
1 0.604058 0.422387 0.048759 0.019375
2 0.781545 0.420708 0.285361 0.021197
2 0.745791 0.442425 0.352851 0.022074
2 0.744199 0.463699 0.348685 0.022020
2 0.744689 0.484946 0.348685 0.022020
2 0.726432 0.506436 0.311191 0.021533
0 0.555024 0.536791 0.042093 0.019288
1 0.607100 0.536115 0.049592 0.019385
2 0.785004 0.534430 0.285361 0.021197
2 0.730503 0.556391 0.317023 0.021608
0 0.566550 0.584774 0.062923 0.019559
1 0.626541 0.583995 0.044593 0.019321
2 0.794030 0.582445 0.269530 0.020992
2 0.747444 0.604303 0.348685 0.022020
2 0.747935 0.625550 0.348685 0.022020
2 0.748425 0.646797 0.348685 0.022020
2 0.753915 0.667979 0.358684 0.022149
0 0.569218 0.700381 0.062923 0.019559
1 0.648790 0.699348 0.083754 0.019829
2 0.772536 0.698367 0.142883 0.019347
0 0.554827 0.726822 0.032928 0.019169
1 0.607735 0.726135 0.060424 0.019526
2 0.791056 0.724380 0.285361 0.021197
2 0.750719 0.746157 0.348685 0.022020
2 0.751209 0.767404 0.348685 0.022020
2 0.593390 0.790706 0.032066 0.017908
0 0.582389 0.819603 0.083754 0.019829
1 0.674458 0.818408 0.087920 0.019883
2 0.792372 0.817502 0.127052 0.019142
0 0.583196 0.854598 0.083754 0.019829
1 0.669434 0.853478 0.076255 0.019732
2 0.829007 0.852031 0.222037 0.020375
2 0.753676 0.874263 0.348685 0.022020
2 0.754166 0.895510 0.348685 0.022020
2 0.754657 0.916756 0.348685 0.022020
2 0.755147 0.938003 0.348685 0.022020
2 0.636905 0.960792 0.111221 0.018936
