1 0.098526 0.087205 0.074400 0.019275
2 0.179356 0.086631 0.074400 0.019275
3 0.338107 0.086130 0.221877 0.019072
3 0.273377 0.107840 0.348538 0.019970
3 0.218231 0.129482 0.237710 0.019184
0 0.261711 0.107923 0.407468 0.067882
1 0.104094 0.165294 0.083566 0.019340
2 0.183258 0.164732 0.061900 0.019187
3 0.343675 0.164219 0.237710 0.019184
3 0.274363 0.185962 0.348538 0.019970
3 0.274631 0.207211 0.348538 0.019970
3 0.274899 0.228460 0.348538 0.019970
3 0.148506 0.250607 0.095216 0.018173
0 0.262965 0.207293 0.408004 0.110380
1 0.105561 0.281538 0.083566 0.019340
2 0.180141 0.281009 0.052734 0.019122
3 0.335975 0.280529 0.237710 0.019184
3 0.275829 0.302206 0.348538 0.019970
3 0.276097 0.323455 0.348538 0.019970
3 0.276365 0.344705 0.348538 0.019970
3 0.260800 0.366066 0.316873 0.019746
0 0.264431 0.323538 0.408004 0.110380
1 0.096634 0.399732 0.062734 0.019193
2 0.164131 0.399253 0.059400 0.019169
0 0.265384 0.399160 0.406932 0.025384
1 0.086565 0.427305 0.041901 0.019045
2 0.154478 0.426823 0.081066 0.019323
0 0.265731 0.426659 0.406932 0.025384
1 0.107799 0.459030 0.083566 0.019340
2 0.190712 0.458442 0.069400 0.019240
3 0.320297 0.458148 0.168547 0.018693
0 0.266133 0.458532 0.406932 0.025384
1 0.097769 0.489728 0.062734 0.019193
2 0.172349 0.489199 0.073567 0.019269
3 0.338600 0.488644 0.237710 0.019184
3 0.254705 0.510491 0.301041 0.019633
0 0.266653 0.499780 0.407200 0.046633
1 0.098368 0.537226 0.062734 0.019193
2 0.156282 0.536815 0.040235 0.019033
0 0.267119 0.536654 0.406932 0.025384
1 0.098762 0.568474 0.062734 0.019193
2 0.164593 0.568007 0.056067 0.019145
0 0.267513 0.567902 0.406932 0.025384
1 0.109628 0.604024 0.083566 0.019340
2 0.182125 0.603510 0.048568 0.019092
3 0.335876 0.603044 0.237710 0.019184
3 0.284896 0.624657 0.358538 0.020041
3 0.280164 0.645941 0.348538 0.019970
3 0.280432 0.667190 0.348538 0.019970
3 0.280700 0.688439 0.348538 0.019970
3 0.280968 0.709688 0.348538 0.019970
3 0.146659 0.731892 0.079384 0.018061
0 0.268766 0.667273 0.408540 0.152878
1 0.090766 0.760415 0.041901 0.019045
2 0.144097 0.760036 0.051901 0.019116
3 0.291598 0.759615 0.221877 0.019072
0 0.269932 0.759769 0.406932 0.025384
1 0.101624 0.795339 0.062734 0.019193
2 0.183703 0.794757 0.088566 0.019376
0 0.270374 0.794767 0.406932 0.025384
1 0.102002 0.825338 0.062734 0.019193
2 0.191581 0.824702 0.103565 0.019482
3 0.317417 0.824435 0.126882 0.018398
0 0.270752 0.824766 0.406932 0.025384
1 0.112789 0.854638 0.083566 0.019340
2 0.193618 0.854064 0.065234 0.019210
3 0.347786 0.853596 0.221877 0.019072
0 0.271123 0.854139 0.406932 0.025384
1 0.113159 0.884011 0.083566 0.019340
2 0.201905 0.883382 0.081066 0.019323
0 0.271493 0.883513 0.406932 0.025384
1 0.548923 0.084009 0.041901 0.019045
2 0.613086 0.083554 0.073567 0.019269
3 0.787253 0.082944 0.253543 0.019296
3 0.708358 0.104754 0.285208 0.019521
0 0.728223 0.093988 0.407200 0.046633
1 0.549577 0.135882 0.041901 0.019045
2 0.608741 0.135462 0.063567 0.019198
0 0.728743 0.135236 0.406932 0.025384
1 0.560434 0.170807 0.062734 0.019193
2 0.628765 0.170322 0.061067 0.019181
3 0.796682 0.169756 0.253543 0.019296
3 0.741119 0.191401 0.348538 0.019970
3 0.741387 0.212650 0.348538 0.019970
3 0.741655 0.233899 0.348538 0.019970
3 0.746923 0.255112 0.358538 0.020041
3 0.742191 0.276397 0.348538 0.019970
3 0.747459 0.297610 0.358538 0.020041
3 0.676480 0.319365 0.216044 0.019030
0 0.730123 0.244606 0.408808 0.174127
1 0.552320 0.353372 0.041901 0.019045
2 0.626067 0.352849 0.092732 0.019405
3 0.801900 0.352227 0.237710 0.019184
3 0.672174 0.374398 0.206045 0.018959
0 0.731620 0.363351 0.407200 0.046633
1 0.553037 0.410245 0.041901 0.019045
2 0.617618 0.409787 0.074400 0.019275
3 0.776368 0.409285 0.221877 0.019072
0 0.732204 0.409599 0.406932 0.025384
1 0.563863 0.442669 0.062734 0.019193
2 0.628444 0.442211 0.053567 0.019128
3 0.776778 0.441784 0.221877 0.019072
0 0.732613 0.442097 0.406932 0.025384
1 0.553865 0.475867 0.041901 0.019045
2 0.603862 0.475512 0.045234 0.019068
3 0.779696 0.474890 0.285208 0.019521
3 0.591639 0.497475 0.041886 0.017795
0 0.733165 0.485845 0.407200 0.046633
1 0.554566 0.531489 0.041901 0.019045
2 0.623313 0.531002 0.082733 0.019334
3 0.802063 0.530359 0.253543 0.019296
3 0.642755 0.552740 0.142714 0.018510
0 0.733867 0.541468 0.407200 0.046633
1 0.555213 0.582737 0.041901 0.019045
2 0.624793 0.582243 0.084399 0.019346
3 0.801459 0.581615 0.247710 0.019255
3 0.690899 0.603650 0.237710 0.019184
0 0.734513 0.592716 0.407200 0.046633
1 0.566338 0.638911 0.062734 0.019193
2 0.640502 0.638384 0.072733 0.019263
3 0.806335 0.637833 0.237710 0.019184
0 0.735089 0.638338 0.406932 0.025384
1 0.556355 0.673358 0.041901 0.019045
2 0.614270 0.672947 0.061067 0.019181
3 0.790103 0.672325 0.269375 0.019409
3 0.612879 0.694833 0.079384 0.018061
0 0.735656 0.683336 0.407200 0.046633
1 0.557025 0.726481 0.041901 0.019045
2 0.607440 0.726123 0.046068 0.019074
3 0.744108 0.725778 0.206045 0.018959
0 0.736192 0.725835 0.406932 0.025384
1 0.557388 0.755229 0.041901 0.019045
2 0.613636 0.754830 0.057734 0.019157
0 0.736555 0.754583 0.406932 0.025384
1 0.578630 0.787580 0.083566 0.019340
2 0.652377 0.787057 0.051068 0.019110
3 0.807378 0.786582 0.237710 0.019184
3 0.582656 0.809427 0.016053 0.017612
0 0.737098 0.797706 0.407200 0.046633
1 0.579308 0.841328 0.083566 0.019340
2 0.656388 0.840781 0.057734 0.019157
3 0.790973 0.840451 0.190212 0.018847
0 0.737642 0.840829 0.406932 0.025384
1 0.569270 0.871400 0.062734 0.019193
2 0.630518 0.870966 0.046901 0.019080
3 0.799268 0.870394 0.269375 0.019409
3 0.631210 0.892837 0.111049 0.018285
0 0.738155 0.881453 0.407200 0.046633
