3 0.501513 0.033131 0.996974 0.028738
0 0.100684 0.082877 0.062624 0.018983
1 0.168183 0.083129 0.059291 0.018971
2 0.335260 0.084379 0.253446 0.018447
2 0.280953 0.105426 0.348445 0.018802
2 0.280811 0.126676 0.348445 0.018802
2 0.233171 0.147748 0.253446 0.018447
0 0.100032 0.181001 0.062624 0.018983
1 0.167531 0.181253 0.059291 0.018971
2 0.310858 0.182414 0.205947 0.018269
0 0.099820 0.212876 0.062624 0.018983
1 0.164402 0.213117 0.053457 0.018949
2 0.328563 0.214356 0.253446 0.018447
2 0.153424 0.234951 0.095115 0.017855
0 0.089058 0.264711 0.041791 0.018906
1 0.148224 0.264932 0.063457 0.018987
0 0.109667 0.298538 0.083457 0.019061
1 0.193000 0.298850 0.070124 0.019011
2 0.349660 0.300061 0.221780 0.018328
2 0.232020 0.320871 0.253446 0.018447
0 0.098918 0.348499 0.062624 0.018983
1 0.166418 0.348751 0.059291 0.018971
0 0.098719 0.378498 0.062624 0.018983
1 0.178301 0.378796 0.083457 0.019061
2 0.341629 0.380032 0.221780 0.018328
2 0.247322 0.400929 0.285113 0.018565
0 0.108778 0.432287 0.083457 0.019061
1 0.182528 0.432562 0.050957 0.018940
2 0.337521 0.433767 0.237613 0.018388
2 0.278631 0.454797 0.348445 0.018802
2 0.278490 0.476047 0.348445 0.018802
0 0.108301 0.504161 0.083457 0.019061
1 0.195800 0.504488 0.078457 0.019043
2 0.348710 0.505685 0.205947 0.018269
2 0.135655 0.526138 0.063449 0.017737
0 0.087106 0.558457 0.041791 0.018906
1 0.153356 0.558705 0.077624 0.019039
2 0.321683 0.559959 0.237613 0.018388
0 0.086886 0.591582 0.041791 0.018906
1 0.159385 0.591853 0.090123 0.019086
2 0.310213 0.593042 0.190114 0.018210
0 0.097124 0.618496 0.062624 0.018983
1 0.169207 0.618765 0.068457 0.019005
2 0.325034 0.619972 0.221780 0.018328
0 0.096929 0.647870 0.062624 0.018983
1 0.173178 0.648155 0.076790 0.019036
0 0.086330 0.675331 0.041791 0.018906
1 0.149662 0.675568 0.071790 0.019018
2 0.330906 0.676870 0.269280 0.018506
2 0.277015 0.697919 0.348445 0.018802
2 0.276874 0.719169 0.348445 0.018802
2 0.281733 0.740437 0.358445 0.018839
2 0.229092 0.761491 0.253446 0.018447
0 0.095949 0.795368 0.062624 0.018983
1 0.167615 0.795636 0.067624 0.019002
2 0.330942 0.796872 0.237613 0.018388
2 0.149553 0.817444 0.095115 0.017855
0 0.106012 0.848532 0.083457 0.019061
1 0.183511 0.848821 0.058457 0.018968
2 0.342255 0.850040 0.237613 0.018388
2 0.228365 0.870864 0.253446 0.018447
0 0.556928 0.084583 0.041791 0.018906
1 0.623594 0.084832 0.078457 0.019043
0 0.577587 0.110910 0.083457 0.019061
1 0.653836 0.111195 0.055957 0.018958
0 0.577404 0.138410 0.083457 0.019061
1 0.653653 0.138695 0.055957 0.018958
2 0.811147 0.139909 0.237613 0.018388
2 0.588925 0.160328 0.031783 0.017618
0 0.577038 0.193409 0.083457 0.019061
1 0.659954 0.193719 0.069290 0.019008
2 0.816198 0.194928 0.221780 0.018328
2 0.746891 0.215919 0.348445 0.018802
2 0.746750 0.237169 0.348445 0.018802
2 0.683276 0.258182 0.221780 0.018328
0 0.555599 0.284580 0.041791 0.018906
1 0.611015 0.284787 0.055957 0.018958
2 0.792258 0.286090 0.285113 0.018565
2 0.627536 0.306724 0.110948 0.017914
0 0.576112 0.332782 0.083457 0.019061
1 0.654445 0.333075 0.060124 0.018974
2 0.814022 0.334297 0.237613 0.018388
2 0.603466 0.354760 0.063449 0.017737
0 0.575788 0.381532 0.083457 0.019061
1 0.647454 0.381800 0.046791 0.018924
2 0.784531 0.382937 0.205947 0.018269
0 0.565160 0.413367 0.062624 0.018983
1 0.639326 0.413645 0.072624 0.019021
2 0.805153 0.414890 0.237613 0.018388
2 0.750429 0.435935 0.358445 0.018839
2 0.745288 0.457166 0.348445 0.018802
2 0.745146 0.478416 0.348445 0.018802
2 0.745005 0.499666 0.348445 0.018802
2 0.744864 0.520916 0.348445 0.018802
2 0.602225 0.541633 0.063449 0.017737
0 0.574497 0.575904 0.083457 0.019061
1 0.647412 0.576177 0.049291 0.018934
2 0.801573 0.577378 0.237613 0.018388
2 0.744349 0.598415 0.348445 0.018802
2 0.749208 0.619683 0.358445 0.018839
2 0.744067 0.640914 0.348445 0.018802
2 0.680593 0.661927 0.221780 0.018328
0 0.573695 0.696528 0.083457 0.019061
1 0.653694 0.696827 0.063457 0.018987
2 0.807021 0.698025 0.221780 0.018328
2 0.601049 0.718505 0.063449 0.017737
0 0.562900 0.753363 0.062624 0.018983
1 0.643316 0.753664 0.085124 0.019068
2 0.812476 0.754921 0.231780 0.018366
2 0.632338 0.775498 0.126781 0.017973
0 0.562535 0.808363 0.062624 0.018983
1 0.627534 0.808606 0.054291 0.018952
2 0.736695 0.809639 0.142615 0.018032
0 0.551907 0.840198 0.041791 0.018906
1 0.613156 0.840427 0.067624 0.019002
2 0.789399 0.841711 0.263446 0.018484
2 0.600094 0.862254 0.063449 0.017737
0 0.561974 0.892737 0.062624 0.018983
1 0.639057 0.893025 0.078457 0.019043
2 0.807800 0.894280 0.237613 0.018388
2 0.639328 0.914901 0.142615 0.018032
