1 0.116846 0.079935 0.083706 0.019703
2 0.192254 0.080800 0.054542 0.019369
0 0.275148 0.082375 0.407078 0.027157
1 0.105845 0.108563 0.062875 0.019464
2 0.170004 0.109298 0.052876 0.019349
0 0.274563 0.111121 0.407078 0.027157
1 0.115662 0.138054 0.083706 0.019703
2 0.204402 0.139071 0.081206 0.019674
0 0.273964 0.140493 0.407078 0.027157
1 0.104674 0.166056 0.062875 0.019464
2 0.187581 0.167006 0.090371 0.019779
3 0.354215 0.169541 0.221997 0.020038
3 0.221298 0.189270 0.221997 0.020038
0 0.273175 0.179238 0.407510 0.048405
1 0.114121 0.213670 0.083706 0.019703
2 0.194112 0.214586 0.063708 0.019474
3 0.347415 0.216968 0.221997 0.020038
3 0.172836 0.236220 0.127008 0.018949
0 0.272207 0.226733 0.407510 0.048405
1 0.102611 0.267294 0.062875 0.019464
2 0.183018 0.268216 0.085372 0.019722
3 0.347153 0.270722 0.221997 0.020038
3 0.266729 0.291053 0.316986 0.021127
0 0.271112 0.280476 0.407510 0.048405
1 0.101478 0.322913 0.062875 0.019464
2 0.195217 0.323987 0.112036 0.020027
3 0.364768 0.326555 0.206166 0.019857
3 0.146860 0.345310 0.079514 0.018405
0 0.269979 0.336095 0.407510 0.048405
1 0.110900 0.371776 0.083706 0.019703
2 0.185475 0.372631 0.052876 0.019349
3 0.325446 0.374860 0.206166 0.019857
0 0.269202 0.374216 0.407078 0.027157
1 0.089483 0.400284 0.042044 0.019225
2 0.144477 0.400914 0.055376 0.019378
3 0.325277 0.403612 0.285323 0.020764
3 0.121534 0.422529 0.032019 0.017861
0 0.268400 0.413586 0.407510 0.048405
1 0.098778 0.455397 0.062875 0.019464
2 0.158771 0.456085 0.044543 0.019254
3 0.328322 0.458653 0.273658 0.020630
3 0.223318 0.478702 0.237829 0.020220
0 0.267280 0.468580 0.407510 0.048405
1 0.097811 0.502892 0.062875 0.019464
2 0.178218 0.503813 0.085372 0.019722
3 0.342353 0.506319 0.221997 0.020038
3 0.151109 0.525380 0.095345 0.018587
0 0.266312 0.516074 0.407510 0.048405
1 0.096690 0.557885 0.062875 0.019464
2 0.171265 0.558740 0.073707 0.019588
0 0.265408 0.560444 0.407078 0.027157
1 0.096079 0.587882 0.062875 0.019464
2 0.163988 0.588660 0.060375 0.019435
3 0.331456 0.591204 0.253660 0.020401
3 0.141462 0.610279 0.079514 0.018405
0 0.264580 0.601064 0.407510 0.048405
1 0.094997 0.641000 0.062875 0.019464
2 0.160406 0.641750 0.055376 0.019378
3 0.293711 0.643903 0.190334 0.019675
0 0.263714 0.643559 0.407078 0.027157
1 0.104852 0.668617 0.083706 0.019703
2 0.173178 0.669400 0.040377 0.019206
3 0.259405 0.671013 0.111177 0.018768
0 0.263154 0.671056 0.407078 0.027157
1 0.093762 0.701618 0.062875 0.019464
2 0.158754 0.702363 0.054542 0.019369
0 0.262479 0.704177 0.407078 0.027157
1 0.093214 0.728490 0.062875 0.019464
2 0.153624 0.729183 0.045377 0.019263
0 0.261932 0.731049 0.407078 0.027157
1 0.082137 0.760867 0.042044 0.019225
2 0.135047 0.761473 0.051209 0.019330
3 0.313764 0.764147 0.285323 0.020764
3 0.272502 0.784926 0.348649 0.021490
3 0.272069 0.806174 0.348649 0.021490
3 0.271636 0.827421 0.348649 0.021490
3 0.271204 0.848669 0.348649 0.021490
3 0.270771 0.869916 0.348649 0.021490
3 0.270338 0.891164 0.348649 0.021490
3 0.269905 0.912411 0.348649 0.021490
3 0.119073 0.931935 0.047851 0.018042
0 0.259538 0.848535 0.410541 0.197138
1 0.573043 0.085164 0.062875 0.019464
2 0.641785 0.085951 0.062041 0.019454
3 0.762591 0.087961 0.158671 0.019312
0 0.741760 0.087722 0.407078 0.027157
1 0.561927 0.119415 0.042044 0.019225
2 0.614838 0.120022 0.051209 0.019330
3 0.777723 0.122513 0.253660 0.020401
0 0.741060 0.122093 0.407078 0.027157
1 0.571655 0.153281 0.062875 0.019464
2 0.655395 0.154240 0.092038 0.019798
3 0.822863 0.156785 0.221997 0.020038
3 0.664532 0.176223 0.174503 0.019494
0 0.740156 0.166463 0.407510 0.048405
1 0.560094 0.209405 0.042044 0.019225
2 0.610504 0.209982 0.046210 0.019273
3 0.770890 0.212446 0.253660 0.020401
0 0.739227 0.212083 0.407078 0.027157
1 0.569873 0.240770 0.062875 0.019464
2 0.645697 0.241639 0.076206 0.019617
3 0.813165 0.244184 0.237829 0.020220
3 0.749822 0.264710 0.348649 0.021490
3 0.749390 0.285958 0.348649 0.021490
3 0.746040 0.307172 0.342817 0.021423
0 0.737941 0.275200 0.408376 0.090900
1 0.557496 0.336890 0.042044 0.019225
2 0.625405 0.337668 0.081206 0.019674
0 0.736629 0.339568 0.407078 0.027157
1 0.556949 0.363762 0.042044 0.019225
2 0.606526 0.364330 0.044543 0.019254
3 0.783993 0.366989 0.289489 0.020812
3 0.747314 0.387821 0.348649 0.021490
3 0.746881 0.409068 0.348649 0.021490
3 0.746448 0.430316 0.348649 0.021490
3 0.746015 0.451564 0.348649 0.021490
3 0.745583 0.472811 0.348649 0.021490
3 0.681824 0.493333 0.221997 0.020038
0 0.734783 0.430182 0.409675 0.154643
1 0.574597 0.520232 0.083706 0.019703
2 0.668752 0.521311 0.092038 0.019798
3 0.828304 0.523765 0.206166 0.019857
3 0.744131 0.544053 0.348649 0.021490
3 0.743698 0.565300 0.348649 0.021490
3 0.743265 0.586548 0.348649 0.021490
3 0.742832 0.607795 0.348649 0.021490
3 0.647411 0.627954 0.158671 0.019312
0 0.731816 0.575790 0.409242 0.133395
1 0.571732 0.660841 0.083706 0.019703
2 0.655889 0.661805 0.072040 0.019569
3 0.789610 0.663963 0.174503 0.019494
0 0.730034 0.663280 0.407078 0.027157
1 0.571121 0.690837 0.083706 0.019703
2 0.646528 0.691701 0.054542 0.019369
3 0.803164 0.694122 0.237829 0.020220
0 0.729423 0.693277 0.407078 0.027157
1 0.560043 0.723214 0.062875 0.019464
2 0.639617 0.724126 0.083706 0.019703
3 0.795003 0.726532 0.206166 0.019857
0 0.728761 0.725773 0.407078 0.027157
1 0.559419 0.753836 0.062875 0.019464
2 0.636493 0.754719 0.078706 0.019645
3 0.773548 0.756915 0.174503 0.019494
0 0.728137 0.756394 0.407078 0.027157
1 0.569122 0.788951 0.083706 0.019703
2 0.664110 0.790039 0.093704 0.019817
3 0.816580 0.792412 0.190334 0.019675
0 0.727424 0.791390 0.407078 0.027157
1 0.547718 0.816834 0.042044 0.019225
2 0.600628 0.817440 0.051209 0.019330
3 0.779345 0.820113 0.285323 0.020764
3 0.595600 0.839260 0.063682 0.018224
0 0.726634 0.830136 0.407510 0.048405
1 0.557115 0.866947 0.062875 0.019464
2 0.626690 0.867745 0.063708 0.019474
3 0.795824 0.870308 0.253660 0.020401
3 0.737065 0.890887 0.348649 0.021490
3 0.736632 0.912135 0.348649 0.021490
3 0.709535 0.933077 0.295322 0.020878
0 0.725183 0.901377 0.408376 0.090900
