0 0.26666666666666666 0.10875 0.4 0.0675
0 0.26666666666666666 0.205625 0.4 0.09125
0 0.26666666666666666 0.314375 0.4 0.09125
0 0.26666666666666666 0.423125 0.4 0.09125
0 0.26666666666666666 0.5675 0.4 0.1625
0 0.26666666666666666 0.711875 0.4 0.09125
0 0.26666666666666666 0.796875 0.4 0.04375
0 0.26666666666666666 0.89375 0.4 0.115
0 0.7333333333333333 0.1325 0.4 0.115
0 0.7333333333333333 0.253125 0.4 0.09125
0 0.7333333333333333 0.37375 0.4 0.115
0 0.7333333333333333 0.470625 0.4 0.04375
0 0.7333333333333333 0.531875 0.4 0.04375
0 0.7333333333333333 0.616875 0.4 0.09125
0 0.7333333333333333 0.701875 0.4 0.04375
0 0.7333333333333333 0.763125 0.4 0.04375
0 0.7333333333333333 0.848125 0.4 0.09125
