1 0.115268 0.080747 0.083638 0.019527
2 0.196929 0.081510 0.066973 0.019372
0 0.273579 0.082852 0.407009 0.026298
1 0.114697 0.115120 0.083638 0.019527
2 0.194691 0.115867 0.063640 0.019340
0 0.273008 0.117224 0.407009 0.026298
1 0.114137 0.148867 0.083638 0.019527
2 0.193714 0.149611 0.062807 0.019333
3 0.346608 0.151665 0.221940 0.019570
3 0.283760 0.172329 0.348597 0.020754
3 0.125086 0.192098 0.031955 0.017795
0 0.272094 0.172220 0.407715 0.068795
1 0.112963 0.219487 0.083638 0.019527
2 0.200873 0.220308 0.079472 0.019488
3 0.338352 0.222218 0.174444 0.019126
0 0.271274 0.221591 0.407009 0.026298
1 0.091623 0.249914 0.041975 0.019138
2 0.156201 0.250518 0.074472 0.019442
3 0.312012 0.252599 0.216107 0.019516
0 0.270765 0.252214 0.407009 0.026298
1 0.111998 0.277607 0.083638 0.019527
2 0.186575 0.278304 0.052807 0.019239
3 0.342386 0.280385 0.237772 0.019718
3 0.147048 0.299811 0.079451 0.018238
0 0.270132 0.290336 0.407362 0.047547
1 0.111188 0.326353 0.083638 0.019527
2 0.179933 0.326996 0.041142 0.019130
3 0.337827 0.329096 0.253604 0.019866
3 0.193735 0.349001 0.174444 0.019126
0 0.269322 0.339082 0.407362 0.047547
1 0.099900 0.378752 0.062807 0.019333
2 0.180310 0.379503 0.085305 0.019543
0 0.268626 0.380954 0.407009 0.026298
1 0.099443 0.406250 0.062807 0.019333
2 0.159438 0.406810 0.044475 0.019161
3 0.326915 0.409001 0.269436 0.020014
3 0.279482 0.429809 0.348597 0.020754
3 0.279129 0.451057 0.348597 0.020754
3 0.278776 0.472306 0.348597 0.020754
3 0.278423 0.493554 0.348597 0.020754
3 0.278070 0.514802 0.348597 0.020754
3 0.277717 0.536051 0.348597 0.020754
3 0.182372 0.556411 0.158612 0.018978
0 0.266934 0.482821 0.409480 0.175037
1 0.096432 0.587486 0.062807 0.019333
2 0.174343 0.588214 0.080305 0.019496
3 0.343902 0.590423 0.237772 0.019718
3 0.141898 0.609787 0.079451 0.018238
0 0.264982 0.600312 0.407362 0.047547
1 0.095601 0.637482 0.062807 0.019333
2 0.156847 0.638054 0.046975 0.019185
3 0.322657 0.640229 0.263604 0.019959
3 0.204396 0.660375 0.206108 0.019422
0 0.264151 0.650308 0.407362 0.047547
1 0.094719 0.690603 0.062807 0.019333
2 0.152214 0.691140 0.039475 0.019115
3 0.317191 0.693307 0.269436 0.020014
3 0.274758 0.714162 0.348597 0.020754
3 0.274405 0.735410 0.348597 0.020754
3 0.274052 0.756659 0.348597 0.020754
3 0.273699 0.777907 0.348597 0.020754
3 0.273346 0.799155 0.348597 0.020754
3 0.272993 0.820404 0.348597 0.020754
3 0.272640 0.841652 0.348597 0.020754
3 0.129798 0.861569 0.063619 0.018090
0 0.262033 0.777798 0.409833 0.196285
1 0.571483 0.085011 0.062807 0.019333
2 0.641478 0.085665 0.064473 0.019348
3 0.811037 0.087875 0.253604 0.019866
3 0.640697 0.107534 0.126948 0.018682
0 0.740033 0.097837 0.407362 0.047547
1 0.570559 0.140631 0.062807 0.019333
2 0.628888 0.141177 0.041142 0.019130
3 0.794698 0.143351 0.269436 0.020014
3 0.734766 0.164043 0.316933 0.020458
0 0.739109 0.153457 0.407362 0.047547
1 0.569728 0.190628 0.062807 0.019333
2 0.653888 0.191414 0.092804 0.019613
0 0.738455 0.192829 0.407009 0.026298
1 0.558772 0.223028 0.041975 0.019138
2 0.626267 0.223658 0.080305 0.019496
3 0.782078 0.225740 0.210274 0.019461
0 0.737915 0.225327 0.407009 0.026298
1 0.579033 0.257595 0.083638 0.019527
2 0.664027 0.258389 0.073639 0.019434
3 0.822337 0.260494 0.221940 0.019570
3 0.598252 0.279651 0.047787 0.017943
0 0.737167 0.270323 0.407362 0.047547
1 0.557371 0.307396 0.041975 0.019138
2 0.616116 0.307945 0.062807 0.019333
3 0.792759 0.310221 0.269436 0.020014
3 0.752826 0.331099 0.358596 0.020847
3 0.747473 0.352301 0.348597 0.020754
3 0.747120 0.373549 0.348597 0.020754
3 0.751766 0.394845 0.358596 0.020847
3 0.691001 0.415528 0.237772 0.019718
0 0.735631 0.362816 0.408774 0.132540
1 0.575991 0.440706 0.083638 0.019527
2 0.650152 0.441399 0.051974 0.019231
0 0.734302 0.442810 0.407009 0.026298
1 0.575524 0.468828 0.083638 0.019527
2 0.676349 0.469771 0.105303 0.019730
3 0.831743 0.471848 0.184443 0.019220
3 0.745147 0.492290 0.348597 0.020754
3 0.744794 0.513539 0.348597 0.020754
3 0.744441 0.534787 0.348597 0.020754
3 0.601599 0.554704 0.063619 0.018090
0 0.733128 0.513430 0.408421 0.111292
1 0.569041 0.583152 0.074472 0.019442
2 0.640702 0.583821 0.056140 0.019270
3 0.798179 0.585918 0.237772 0.019718
3 0.743247 0.606656 0.348597 0.020754
3 0.742894 0.627905 0.348597 0.020754
3 0.742541 0.649153 0.348597 0.020754
3 0.607615 0.669144 0.079451 0.018238
0 0.731228 0.627796 0.408421 0.111292
1 0.550830 0.701116 0.041975 0.019138
2 0.609575 0.701665 0.062807 0.019333
3 0.786218 0.703940 0.269436 0.020014
3 0.746284 0.724819 0.358596 0.020847
3 0.740932 0.746021 0.348597 0.020754
3 0.693082 0.766825 0.253604 0.019866
0 0.729442 0.735287 0.408068 0.090043
1 0.565427 0.800635 0.074472 0.019442
2 0.637505 0.801308 0.056974 0.019278
3 0.795399 0.803409 0.237772 0.019718
3 0.668389 0.823474 0.206108 0.019422
0 0.728145 0.813406 0.407362 0.047547
1 0.548255 0.856104 0.041975 0.019138
2 0.607417 0.856656 0.063640 0.019340
0 0.727397 0.858403 0.407009 0.026298
1 0.547673 0.891101 0.041975 0.019138
2 0.611002 0.891693 0.071973 0.019418
3 0.792227 0.894011 0.269436 0.020014
3 0.738128 0.914757 0.348597 0.020754
3 0.737775 0.936006 0.348597 0.020754
3 0.737422 0.957254 0.348597 0.020754
3 0.737069 0.978502 0.348597 0.020754
3 0.673388 0.999159 0.221940 0.019570
0 0.725933 0.946521 0.408774 0.132540
