3 0.507737 0.037025 0.984526 0.044105
0 0.122583 0.077024 0.083943 0.020337
1 0.216302 0.078816 0.091441 0.020480
2 0.375396 0.082483 0.206361 0.021428
2 0.291784 0.102141 0.348815 0.024152
2 0.291062 0.123384 0.348815 0.024152
2 0.290340 0.144627 0.348815 0.024152
2 0.289618 0.165870 0.348815 0.024152
2 0.209755 0.185600 0.190533 0.021126
0 0.117996 0.211980 0.083943 0.020337
1 0.202552 0.213597 0.073114 0.020130
2 0.360396 0.217240 0.222189 0.021731
2 0.192228 0.235282 0.158877 0.020521
0 0.105692 0.267388 0.063117 0.019938
1 0.174837 0.268710 0.063117 0.019938
2 0.327682 0.272258 0.222189 0.021731
0 0.114916 0.302576 0.083943 0.020337
1 0.194474 0.304097 0.063117 0.019938
2 0.299835 0.306737 0.127220 0.019915
0 0.103441 0.333617 0.063117 0.019938
1 0.169253 0.334875 0.056452 0.019811
0 0.112814 0.364431 0.083943 0.020337
1 0.197370 0.366047 0.073114 0.020130
2 0.355214 0.369690 0.222189 0.021731
2 0.258273 0.389094 0.301330 0.023244
0 0.111030 0.416914 0.083943 0.020337
1 0.186839 0.418363 0.055619 0.019795
2 0.343850 0.421990 0.238017 0.022034
2 0.248575 0.441426 0.285502 0.022941
0 0.098727 0.472322 0.063117 0.019938
1 0.177035 0.473819 0.081444 0.020289
2 0.339044 0.477541 0.222189 0.021731
0 0.108036 0.505010 0.083943 0.020337
1 0.202172 0.506810 0.092274 0.020496
2 0.361682 0.510485 0.206361 0.021428
2 0.277237 0.530127 0.348815 0.024152
2 0.281514 0.551466 0.358812 0.024343
2 0.275793 0.572613 0.348815 0.024152
2 0.275071 0.593856 0.348815 0.024152
2 0.274349 0.615100 0.348815 0.024152
2 0.273627 0.636343 0.348815 0.024152
2 0.272905 0.657586 0.348815 0.024152
2 0.177214 0.677013 0.158877 0.020521
0 0.101346 0.701821 0.083943 0.020337
1 0.185069 0.703422 0.071447 0.020098
2 0.342080 0.707049 0.222189 0.021731
2 0.199321 0.725576 0.206361 0.021428
0 0.089298 0.749731 0.063117 0.019938
1 0.159275 0.751069 0.064783 0.019970
0 0.098586 0.783045 0.083943 0.020337
1 0.189389 0.784781 0.085609 0.020369
2 0.345567 0.788392 0.206361 0.021428
2 0.156990 0.806043 0.127220 0.019915
0 0.076039 0.833255 0.042290 0.019540
1 0.143100 0.834537 0.079778 0.020257
2 0.320105 0.838547 0.253846 0.022336
2 0.139441 0.856349 0.095564 0.019310
0 0.074255 0.885738 0.042290 0.019540
1 0.146731 0.887124 0.090608 0.020464
2 0.281666 0.890329 0.158877 0.020521
0 0.589098 0.085943 0.083943 0.020337
1 0.663657 0.087369 0.053120 0.019747
2 0.819419 0.090972 0.238017 0.022034
2 0.607932 0.108186 0.048079 0.018402
0 0.576795 0.141351 0.063117 0.019938
1 0.655936 0.142864 0.083110 0.020321
2 0.787122 0.145998 0.158877 0.020521
0 0.586040 0.175914 0.083943 0.020337
1 0.651852 0.177172 0.035626 0.019413
0 0.574713 0.202581 0.063117 0.019938
1 0.633861 0.203712 0.043123 0.019556
2 0.800452 0.207523 0.269674 0.022639
2 0.643531 0.225779 0.127220 0.019915
0 0.562644 0.251116 0.042290 0.019540
1 0.623457 0.252279 0.067282 0.020018
2 0.802128 0.256320 0.269674 0.022639
2 0.752672 0.276632 0.348815 0.024152
2 0.751950 0.297875 0.348815 0.024152
2 0.751228 0.319118 0.348815 0.024152
2 0.731762 0.340003 0.311327 0.023435
0 0.568958 0.371901 0.063117 0.019938
1 0.638936 0.373239 0.064783 0.019970
2 0.808443 0.377105 0.253846 0.022336
2 0.669432 0.395704 0.190533 0.021126
0 0.577736 0.420210 0.083943 0.020337
1 0.646048 0.421516 0.040624 0.019508
2 0.803475 0.425151 0.253846 0.022336
2 0.746938 0.445327 0.348815 0.024152
2 0.746216 0.466570 0.348815 0.024152
2 0.745494 0.487813 0.348815 0.024152
2 0.744772 0.509056 0.348815 0.024152
2 0.696565 0.529391 0.253846 0.022336
0 0.562566 0.559965 0.063117 0.019938
1 0.642540 0.561494 0.084776 0.020353
2 0.806216 0.565249 0.222189 0.021731
2 0.742181 0.585281 0.348815 0.024152
2 0.741459 0.606525 0.348815 0.024152
2 0.740737 0.627768 0.348815 0.024152
2 0.745013 0.649106 0.358812 0.024343
2 0.660152 0.668741 0.190533 0.021126
0 0.568180 0.701369 0.083943 0.020337
1 0.638574 0.702714 0.044789 0.019588
0 0.567267 0.728235 0.083943 0.020337
1 0.648490 0.729788 0.066449 0.020002
2 0.803002 0.733367 0.222189 0.021731
2 0.736468 0.753352 0.348815 0.024152
2 0.735746 0.774595 0.348815 0.024152
2 0.735024 0.795838 0.348815 0.024152
2 0.734302 0.817081 0.348815 0.024152
2 0.733580 0.838324 0.348815 0.024152
2 0.724944 0.859416 0.332987 0.023849
0 0.541174 0.882786 0.042290 0.019540
1 0.606569 0.884037 0.076446 0.020193
2 0.781907 0.888014 0.253846 0.022336
2 0.731202 0.908302 0.348815 0.024152
2 0.730480 0.929545 0.348815 0.024152
2 0.729758 0.950788 0.348815 0.024152
2 0.729035 0.972031 0.348815 0.024152
2 0.728313 0.990599 0.348815 0.018802
