1 0.122001 0.077316 0.083920 0.020273
2 0.204060 0.078822 0.068091 0.019982
0 0.280267 0.080845 0.407279 0.029951
1 0.100257 0.105051 0.042266 0.019509
2 0.147743 0.105922 0.040599 0.019478
3 0.328918 0.109871 0.301314 0.023012
3 0.139948 0.127661 0.048056 0.018366
0 0.279003 0.119583 0.407971 0.051195
1 0.109040 0.155227 0.063093 0.019891
2 0.182352 0.156572 0.071423 0.020043
3 0.347282 0.160223 0.238000 0.021850
3 0.288690 0.180404 0.348800 0.023883
3 0.287997 0.201648 0.348800 0.023883
3 0.292303 0.222983 0.358797 0.024066
3 0.239126 0.243264 0.253828 0.022141
0 0.276334 0.201434 0.410050 0.114926
1 0.094939 0.268127 0.042266 0.019509
2 0.145340 0.269052 0.046431 0.019585
3 0.266117 0.271893 0.174685 0.020689
0 0.274031 0.272038 0.407279 0.029951
1 0.114726 0.300375 0.083920 0.020273
2 0.205949 0.302048 0.086419 0.020319
0 0.272992 0.303903 0.407279 0.029951
1 0.092799 0.333733 0.042266 0.019509
2 0.145700 0.334703 0.051429 0.019677
3 0.324376 0.338606 0.285485 0.022721
3 0.282862 0.359101 0.348800 0.023883
3 0.282169 0.380344 0.348800 0.023883
3 0.123191 0.398684 0.032228 0.018076
0 0.270853 0.369509 0.409357 0.093682
1 0.110407 0.432835 0.083920 0.020273
2 0.183718 0.434180 0.050596 0.019661
3 0.338235 0.437640 0.238000 0.021850
3 0.121357 0.454918 0.032228 0.018076
0 0.268326 0.446985 0.407971 0.051195
1 0.087990 0.481188 0.042266 0.019509
2 0.149638 0.482319 0.068924 0.019998
3 0.257919 0.484931 0.127199 0.019818
0 0.267083 0.485099 0.407279 0.029951
1 0.097364 0.513245 0.063093 0.019891
2 0.159013 0.514376 0.048097 0.019616
3 0.312280 0.517813 0.238000 0.021850
0 0.266044 0.516965 0.407279 0.029951
1 0.096427 0.541986 0.063093 0.019891
2 0.168905 0.543316 0.069757 0.020013
3 0.333003 0.546951 0.238000 0.021850
3 0.189019 0.565566 0.174685 0.020689
0 0.264760 0.556328 0.407971 0.051195
1 0.084241 0.596154 0.042266 0.019509
2 0.145056 0.597270 0.067258 0.019967
3 0.323732 0.601173 0.269657 0.022431
3 0.274304 0.621522 0.348800 0.023883
3 0.241954 0.642185 0.285485 0.022721
0 0.262641 0.621308 0.408664 0.072438
1 0.092352 0.666949 0.063093 0.019891
2 0.178159 0.668523 0.096416 0.020502
3 0.292272 0.671242 0.111371 0.019527
0 0.261031 0.670669 0.407279 0.029951
1 0.091231 0.701314 0.063093 0.019891
2 0.165376 0.702674 0.073090 0.020074
3 0.288652 0.705561 0.153025 0.020291
0 0.259910 0.705033 0.407279 0.029951
1 0.090090 0.736303 0.063093 0.019891
2 0.167983 0.737732 0.080587 0.020212
3 0.337496 0.741467 0.238000 0.021850
3 0.274738 0.761572 0.358797 0.024066
3 0.269047 0.782724 0.348800 0.023883
3 0.133811 0.801500 0.079714 0.018947
0 0.257730 0.771888 0.409357 0.093682
1 0.097284 0.835215 0.083920 0.020273
2 0.176427 0.836667 0.062260 0.019875
3 0.336775 0.840233 0.238000 0.021850
3 0.266520 0.860201 0.348800 0.023883
3 0.265827 0.881445 0.348800 0.023883
3 0.270133 0.902780 0.358797 0.024066
3 0.114070 0.921173 0.048056 0.018366
0 0.254164 0.881231 0.410050 0.114926
1 0.588528 0.085875 0.083920 0.020273
2 0.678918 0.087533 0.084753 0.020288
3 0.834684 0.091016 0.206342 0.021270
3 0.757764 0.110861 0.348800 0.023883
3 0.738327 0.131761 0.311311 0.023195
0 0.746101 0.110647 0.408664 0.072438
1 0.575832 0.155663 0.063093 0.019891
2 0.653726 0.157092 0.080587 0.020212
3 0.823238 0.160826 0.238000 0.021850
3 0.652596 0.178952 0.143028 0.020108
0 0.744165 0.170004 0.407971 0.051195
1 0.574284 0.203149 0.063093 0.019891
2 0.651344 0.204562 0.078921 0.020181
3 0.822106 0.208320 0.242165 0.021927
3 0.753933 0.228326 0.348800 0.023883
3 0.753240 0.249569 0.348800 0.023883
3 0.752548 0.270813 0.348800 0.023883
3 0.751855 0.292057 0.348800 0.023883
3 0.695762 0.312284 0.238000 0.021850
0 0.741231 0.259977 0.410743 0.136169
1 0.580153 0.342673 0.083920 0.020273
2 0.665544 0.344239 0.074756 0.020105
3 0.824227 0.347776 0.222171 0.021560
3 0.749389 0.367659 0.348800 0.023883
3 0.748696 0.388903 0.348800 0.023883
3 0.753002 0.410238 0.358797 0.024066
3 0.747311 0.431390 0.348800 0.023883
3 0.604161 0.450020 0.063885 0.018656
0 0.736687 0.399311 0.410743 0.136169
1 0.554904 0.477875 0.042266 0.019509
2 0.631548 0.479281 0.098915 0.020548
3 0.810224 0.483184 0.238000 0.021850
3 0.744967 0.503243 0.348800 0.023883
3 0.749273 0.524579 0.358797 0.024066
3 0.711925 0.545150 0.285485 0.022721
0 0.732958 0.513651 0.409357 0.093682
1 0.551929 0.569098 0.042266 0.019509
2 0.611911 0.570198 0.065592 0.019936
0 0.731022 0.573009 0.407279 0.029951
1 0.550829 0.602838 0.042266 0.019509
2 0.606229 0.603854 0.056428 0.019768
3 0.784489 0.607749 0.279654 0.022614
3 0.722148 0.627862 0.311311 0.023195
0 0.729575 0.617370 0.407971 0.051195
1 0.548995 0.659071 0.042266 0.019509
2 0.602313 0.660049 0.052263 0.019692
3 0.781405 0.663960 0.285485 0.022721
3 0.712400 0.683950 0.295482 0.022905
0 0.727741 0.673603 0.407971 0.051195
1 0.547141 0.715929 0.042266 0.019509
2 0.595460 0.716815 0.042266 0.019509
0 0.726234 0.719840 0.407279 0.029951
1 0.556393 0.751734 0.063093 0.019891
2 0.634286 0.753163 0.080587 0.020212
3 0.803799 0.756898 0.238000 0.021850
3 0.736042 0.776912 0.348800 0.023883
3 0.735350 0.798155 0.348800 0.023883
3 0.734657 0.819399 0.348800 0.023883
3 0.607335 0.838320 0.095542 0.019237
0 0.723686 0.797941 0.410050 0.114926
1 0.548184 0.862867 0.053929 0.019722
2 0.603167 0.863876 0.043932 0.019539
0 0.721445 0.866671 0.407279 0.029951
1 0.551666 0.896691 0.063093 0.019891
2 0.624977 0.898036 0.071423 0.020043
3 0.789907 0.901687 0.238000 0.021850
3 0.620515 0.919836 0.127199 0.019818
0 0.719998 0.911032 0.407971 0.051195
