0 0.082699 0.087080 0.041882 0.019021
1 0.149363 0.086645 0.078548 0.019260
2 0.278532 0.086428 0.158530 0.018532
0 0.103922 0.120693 0.083547 0.019293
1 0.184336 0.120169 0.064382 0.019168
2 0.338087 0.119791 0.221861 0.018944
2 0.139591 0.142336 0.079366 0.018015
0 0.083691 0.172702 0.041882 0.019021
1 0.152855 0.172251 0.083547 0.019293
2 0.332022 0.171708 0.253527 0.019151
2 0.279770 0.193299 0.358523 0.019835
2 0.275017 0.214581 0.348523 0.019770
2 0.267347 0.235882 0.332690 0.019667
0 0.095194 0.266380 0.062715 0.019157
1 0.166024 0.265918 0.066048 0.019178
2 0.336442 0.265432 0.253527 0.019151
2 0.220443 0.287439 0.237694 0.019048
0 0.091226 0.319533 0.053549 0.019097
1 0.159140 0.319090 0.069381 0.019200
0 0.096157 0.349502 0.062715 0.019157
1 0.170738 0.349016 0.073548 0.019227
2 0.336989 0.348557 0.237694 0.019048
2 0.150159 0.371026 0.095199 0.018119
0 0.086306 0.398318 0.041882 0.019021
1 0.149220 0.397908 0.071048 0.019211
2 0.330054 0.397354 0.269359 0.019254
2 0.174473 0.419619 0.142697 0.018428
0 0.097381 0.455123 0.062715 0.019157
1 0.165295 0.454680 0.060215 0.019140
0 0.108160 0.486304 0.083547 0.019293
1 0.189407 0.485774 0.066048 0.019178
2 0.343991 0.485391 0.221861 0.018944
2 0.127996 0.508050 0.047701 0.017809
0 0.087914 0.537063 0.041882 0.019021
1 0.156661 0.536615 0.082714 0.019287
2 0.335412 0.536074 0.253527 0.019151
2 0.207746 0.558157 0.206028 0.018841
0 0.098982 0.593243 0.062715 0.019157
1 0.161480 0.592835 0.049382 0.019070
2 0.323564 0.592404 0.253527 0.019151
0 0.109768 0.625049 0.083547 0.019293
1 0.207681 0.624410 0.099380 0.019396
2 0.363099 0.624022 0.190196 0.018738
2 0.280015 0.645815 0.348523 0.019770
2 0.280261 0.667064 0.348523 0.019770
2 0.280508 0.688313 0.348523 0.019770
2 0.280754 0.709562 0.348523 0.019770
2 0.281000 0.730811 0.348523 0.019770
2 0.257497 0.752215 0.301025 0.019461
0 0.101134 0.778861 0.062715 0.019157
1 0.162381 0.778462 0.046882 0.019054
2 0.291550 0.778244 0.190196 0.018738
0 0.101474 0.808235 0.062715 0.019157
1 0.183138 0.807702 0.087714 0.019320
2 0.332722 0.807352 0.190196 0.018738
0 0.101829 0.838859 0.062715 0.019157
1 0.166410 0.838438 0.053549 0.019097
2 0.275163 0.838354 0.142697 0.018428
0 0.102242 0.874482 0.062715 0.019157
1 0.169323 0.874045 0.058548 0.019130
2 0.335990 0.873583 0.253527 0.019151
2 0.179992 0.895851 0.142697 0.018428
0 0.549348 0.084038 0.041882 0.019021
1 0.613512 0.083619 0.073548 0.019227
2 0.787679 0.083109 0.253527 0.019151
2 0.629598 0.105390 0.126865 0.018325
0 0.560380 0.137093 0.062715 0.019157
1 0.647043 0.136528 0.097714 0.019385
0 0.550333 0.169034 0.041882 0.019021
1 0.611164 0.168638 0.066881 0.019184
2 0.789914 0.168097 0.269359 0.019254
2 0.646416 0.190284 0.158530 0.018532
0 0.550883 0.216533 0.041882 0.019021
1 0.610464 0.216144 0.064382 0.019168
2 0.787965 0.215612 0.269359 0.019254
2 0.746963 0.237130 0.358523 0.019835
2 0.742209 0.258412 0.348523 0.019770
2 0.663292 0.280177 0.190196 0.018738
0 0.562430 0.313961 0.062715 0.019157
1 0.624094 0.313559 0.047716 0.019059
2 0.737847 0.313442 0.158530 0.018532
0 0.552361 0.344028 0.041882 0.019021
1 0.603609 0.343694 0.047716 0.019059
0 0.573599 0.378891 0.083547 0.019293
1 0.657346 0.378345 0.071048 0.019211
2 0.774849 0.378204 0.142697 0.018428
0 0.563516 0.407707 0.062715 0.019157
1 0.633513 0.407251 0.064382 0.019168
2 0.803098 0.406771 0.253527 0.019151
2 0.585852 0.429438 0.031868 0.017706
0 0.574541 0.460138 0.083547 0.019293
1 0.647871 0.459659 0.050215 0.019075
2 0.802456 0.459277 0.237694 0.019048
2 0.749788 0.480871 0.358523 0.019835
2 0.745034 0.502153 0.348523 0.019770
2 0.745280 0.523402 0.348523 0.019770
2 0.745527 0.544651 0.348523 0.019770
2 0.745773 0.565900 0.348523 0.019770
2 0.746019 0.587149 0.348523 0.019770
2 0.738349 0.608450 0.332690 0.019667
0 0.576591 0.637006 0.083547 0.019293
1 0.644088 0.636566 0.038549 0.018999
0 0.556157 0.671515 0.041882 0.019021
1 0.612821 0.671146 0.058548 0.019130
2 0.787405 0.670633 0.269359 0.019254
2 0.752236 0.692113 0.358523 0.019835
2 0.747483 0.713395 0.348523 0.019770
2 0.747729 0.734644 0.348523 0.019770
2 0.747975 0.755893 0.348523 0.019770
2 0.748221 0.777142 0.348523 0.019770
2 0.693053 0.798753 0.237694 0.019048
0 0.558040 0.834009 0.041882 0.019021
1 0.632204 0.833526 0.093547 0.019358
0 0.568782 0.862065 0.062715 0.019157
1 0.631696 0.861655 0.050215 0.019075
2 0.778365 0.861324 0.221861 0.018944
0 0.579503 0.888246 0.083547 0.019293
1 0.653250 0.887766 0.051049 0.019081
2 0.808251 0.887380 0.237694 0.019048
2 0.662670 0.909580 0.174363 0.018635
