1 0.108770 0.084144 0.083353 0.018799
2 0.190020 0.084192 0.065853 0.018789
0 0.267103 0.084862 0.406690 0.022740
1 0.087904 0.115381 0.041686 0.018775
2 0.147071 0.115416 0.063353 0.018787
3 0.321237 0.116144 0.263352 0.017656
0 0.267070 0.116112 0.406690 0.022740
1 0.098292 0.142887 0.062520 0.018787
2 0.161625 0.142925 0.050853 0.018780
3 0.332458 0.143651 0.269185 0.017659
3 0.191602 0.164818 0.174185 0.017603
0 0.267030 0.154237 0.406713 0.043990
1 0.087819 0.196006 0.041686 0.018775
2 0.139903 0.196037 0.049186 0.018779
3 0.317819 0.196767 0.285018 0.017668
3 0.223213 0.217961 0.237518 0.017640
0 0.266974 0.207362 0.406713 0.043990
1 0.087764 0.248506 0.041686 0.018775
2 0.150264 0.248543 0.070020 0.018791
3 0.330680 0.249275 0.269185 0.017659
3 0.151908 0.270419 0.095018 0.017556
0 0.266919 0.259862 0.406713 0.043990
1 0.098131 0.296012 0.062520 0.018787
2 0.161048 0.296050 0.050020 0.018780
0 0.266880 0.296737 0.406690 0.022740
1 0.098103 0.322887 0.062520 0.018787
2 0.176436 0.322934 0.080853 0.018798
0 0.266852 0.323612 0.406690 0.022740
1 0.098069 0.354762 0.062520 0.018787
2 0.168069 0.354804 0.064186 0.018788
0 0.266818 0.355487 0.406690 0.022740
1 0.108456 0.383519 0.083353 0.018799
2 0.184706 0.383564 0.055853 0.018783
3 0.286788 0.384249 0.126685 0.017575
0 0.266788 0.384237 0.406690 0.022740
1 0.098005 0.416012 0.062520 0.018787
2 0.163005 0.416051 0.054186 0.018782
3 0.288004 0.416750 0.174185 0.017603
0 0.266754 0.416737 0.406690 0.022740
1 0.108393 0.443519 0.083353 0.018799
2 0.177143 0.443559 0.040853 0.018774
3 0.335058 0.444277 0.253352 0.017650
0 0.266725 0.444237 0.406690 0.022740
1 0.087528 0.472881 0.041686 0.018775
2 0.152945 0.472920 0.075853 0.018795
3 0.328361 0.473649 0.253352 0.017650
3 0.278339 0.494869 0.348352 0.017706
3 0.278316 0.516119 0.348352 0.017706
3 0.278294 0.537369 0.348352 0.017706
3 0.278272 0.558619 0.348352 0.017706
3 0.183249 0.579813 0.158352 0.017594
0 0.266638 0.526737 0.406802 0.128990
1 0.087388 0.606006 0.041686 0.018775
2 0.141555 0.606038 0.053353 0.018782
3 0.321554 0.606770 0.285018 0.017668
3 0.151532 0.627919 0.095018 0.017556
0 0.266543 0.617362 0.406713 0.043990
1 0.087337 0.654756 0.041686 0.018775
2 0.147754 0.654792 0.065853 0.018789
3 0.326087 0.655522 0.269185 0.017659
3 0.119814 0.676650 0.031685 0.017519
0 0.266492 0.666112 0.406713 0.043990
1 0.087281 0.708506 0.041686 0.018775
2 0.160614 0.708549 0.091686 0.018804
0 0.266447 0.709237 0.406690 0.022740
1 0.097668 0.736637 0.062520 0.018787
2 0.165168 0.736677 0.059186 0.018785
3 0.308501 0.737387 0.205852 0.017622
0 0.266417 0.737362 0.406690 0.022740
1 0.087217 0.769131 0.041686 0.018775
2 0.161800 0.769175 0.094186 0.018806
0 0.266383 0.769862 0.406690 0.022740
1 0.108023 0.795393 0.083353 0.018799
2 0.188439 0.795441 0.064186 0.018788
3 0.318439 0.796143 0.174185 0.017603
0 0.266355 0.796112 0.406690 0.022740
1 0.087161 0.822256 0.041686 0.018775
2 0.152995 0.822295 0.076686 0.018795
3 0.328827 0.823024 0.253352 0.017650
3 0.143388 0.844164 0.079185 0.017547
0 0.266316 0.833612 0.406713 0.043990
1 0.107937 0.877268 0.083353 0.018799
2 0.182520 0.877312 0.052520 0.018781
3 0.335436 0.878028 0.231685 0.017637
3 0.230414 0.899216 0.253352 0.017650
0 0.266258 0.888612 0.406713 0.043990
1 0.565020 0.084413 0.062520 0.018787
2 0.633770 0.084454 0.061686 0.018786
3 0.794186 0.085174 0.237518 0.017640
0 0.733769 0.085138 0.406690 0.022740
1 0.564989 0.114413 0.062520 0.018787
2 0.638738 0.114457 0.071686 0.018792
3 0.793321 0.115173 0.215852 0.017628
0 0.733738 0.115138 0.406690 0.022740
1 0.575374 0.144419 0.083353 0.018799
2 0.659124 0.144469 0.070853 0.018792
3 0.792456 0.145173 0.174185 0.017603
0 0.733706 0.145138 0.406690 0.022740
1 0.575341 0.175669 0.083353 0.018799
2 0.652841 0.175715 0.058353 0.018784
3 0.811590 0.176434 0.237518 0.017640
3 0.666151 0.197598 0.190018 0.017612
0 0.733662 0.187013 0.406713 0.043990
1 0.564870 0.227538 0.062520 0.018787
2 0.640286 0.227583 0.075020 0.018794
3 0.807369 0.228307 0.237518 0.017640
3 0.602763 0.249436 0.063352 0.017537
0 0.733608 0.238888 0.406713 0.043990
1 0.564814 0.280038 0.062520 0.018787
2 0.622731 0.280072 0.040020 0.018774
3 0.740647 0.280767 0.174185 0.017603
0 0.733564 0.280763 0.406690 0.022740
1 0.564778 0.315038 0.062520 0.018787
2 0.629778 0.315077 0.054186 0.018782
3 0.794360 0.315799 0.253352 0.017650
3 0.586838 0.336926 0.031685 0.017519
0 0.733516 0.326388 0.406713 0.043990
1 0.564728 0.362538 0.062520 0.018787
2 0.626811 0.362575 0.048353 0.018779
3 0.780560 0.363291 0.237518 0.017640
0 0.733477 0.363263 0.406690 0.022740
1 0.564695 0.393788 0.062520 0.018787
2 0.637195 0.393831 0.069186 0.018791
0 0.733444 0.394513 0.406690 0.022740
1 0.575083 0.420669 0.083353 0.018799
2 0.655500 0.420717 0.064186 0.018788
3 0.809249 0.421433 0.221685 0.017631
3 0.745060 0.442645 0.348352 0.017706
3 0.745038 0.463895 0.348352 0.017706
3 0.745016 0.485145 0.348352 0.017706
3 0.649993 0.506339 0.158352 0.017594
0 0.733371 0.463888 0.406779 0.107740
1 0.554133 0.531907 0.041686 0.018775
2 0.609550 0.531940 0.055853 0.018783
3 0.727466 0.532634 0.158352 0.017594
0 0.733299 0.532638 0.406690 0.022740
1 0.554096 0.566907 0.041686 0.018775
2 0.619513 0.566946 0.075853 0.018795
3 0.794929 0.567674 0.253352 0.017650
3 0.744907 0.588895 0.348352 0.017706
3 0.744884 0.610145 0.348352 0.017706
3 0.744862 0.631395 0.348352 0.017706
3 0.744840 0.652645 0.348352 0.017706
3 0.749817 0.673898 0.358352 0.017712
3 0.744795 0.695145 0.348352 0.017706
3 0.594356 0.716306 0.047518 0.017528
0 0.733184 0.642013 0.406846 0.171490
1 0.553904 0.750032 0.041686 0.018775
2 0.617654 0.750070 0.072520 0.018793
3 0.767653 0.750783 0.205852 0.017622
0 0.733070 0.750763 0.406690 0.022740
1 0.553868 0.783782 0.041686 0.018775
2 0.617202 0.783819 0.071686 0.018792
3 0.798451 0.784551 0.269185 0.017659
3 0.744679 0.805770 0.348352 0.017706
3 0.744656 0.827020 0.348352 0.017706
3 0.744634 0.848270 0.348352 0.017706
3 0.689195 0.869487 0.237518 0.017640
0 0.732990 0.827013 0.406779 0.107740
