1 0.096296 0.090905 0.083861 0.020114
2 0.166280 0.089756 0.043870 0.019457
3 0.325426 0.087767 0.253783 0.021655
3 0.116513 0.112453 0.047999 0.018276
0 0.254920 0.099553 0.407846 0.050416
1 0.087542 0.147937 0.063032 0.019772
2 0.149194 0.146925 0.048036 0.019525
3 0.318338 0.144772 0.269613 0.021915
0 0.256270 0.145792 0.407226 0.029171
1 0.088509 0.181054 0.063032 0.019772
2 0.153077 0.179994 0.053868 0.019621
3 0.317222 0.177924 0.253783 0.021655
3 0.269521 0.199962 0.348761 0.023215
3 0.270141 0.221207 0.348761 0.023215
3 0.270761 0.242452 0.348761 0.023215
3 0.208063 0.264737 0.222124 0.021135
0 0.258477 0.221398 0.409707 0.114151
1 0.102389 0.299605 0.083861 0.020114
2 0.188202 0.298196 0.075529 0.019977
3 0.347349 0.296207 0.222124 0.021135
3 0.272987 0.318684 0.348761 0.023215
3 0.273607 0.339928 0.348761 0.023215
3 0.274227 0.361173 0.348761 0.023215
3 0.274848 0.382418 0.348761 0.023215
0 0.261943 0.340120 0.409707 0.114151
1 0.085009 0.418044 0.042204 0.019430
2 0.146660 0.417031 0.068864 0.019867
3 0.294560 0.415228 0.206295 0.020875
0 0.264150 0.415727 0.407226 0.029171
1 0.096317 0.448490 0.063032 0.019772
2 0.182962 0.447067 0.098024 0.020346
0 0.265044 0.446345 0.407226 0.029171
1 0.097174 0.477858 0.063032 0.019772
2 0.160075 0.476825 0.050535 0.019566
0 0.265902 0.475713 0.407226 0.029171
1 0.108445 0.507055 0.083861 0.020114
2 0.183011 0.505831 0.053035 0.019607
3 0.338825 0.503897 0.237954 0.021395
3 0.279043 0.526134 0.348761 0.023215
3 0.279663 0.547379 0.348761 0.023215
3 0.280284 0.568624 0.348761 0.023215
3 0.114694 0.592598 0.016340 0.017756
0 0.268000 0.547570 0.409707 0.114151
1 0.101351 0.620949 0.063032 0.019772
2 0.173834 0.619759 0.069697 0.019881
3 0.342978 0.617606 0.247951 0.021559
3 0.287362 0.639775 0.358758 0.023379
3 0.282983 0.661102 0.348761 0.023215
3 0.283604 0.682346 0.348761 0.023215
3 0.284224 0.703591 0.348761 0.023215
3 0.284844 0.724836 0.348761 0.023215
3 0.187571 0.747689 0.152974 0.020000
0 0.271940 0.682538 0.410947 0.156641
1 0.095680 0.783581 0.042204 0.019430
2 0.161914 0.782493 0.078029 0.020018
3 0.343139 0.780142 0.263781 0.021819
3 0.287106 0.802318 0.348761 0.023215
3 0.287726 0.823563 0.348761 0.023215
3 0.288346 0.844807 0.348761 0.023215
3 0.288967 0.866052 0.348761 0.023215
3 0.289587 0.887297 0.348761 0.023215
3 0.187315 0.910232 0.142977 0.019835
0 0.276683 0.844999 0.410947 0.156641
1 0.562851 0.083243 0.083861 0.020114
2 0.647831 0.081848 0.073863 0.019949
3 0.803228 0.079921 0.216292 0.021039
3 0.701790 0.102842 0.285442 0.022175
0 0.721475 0.091891 0.407846 0.050416
1 0.553823 0.130903 0.063032 0.019772
2 0.627556 0.129692 0.072197 0.019922
0 0.722551 0.128757 0.407226 0.029171
1 0.544358 0.163566 0.042204 0.019430
2 0.611842 0.162458 0.080528 0.020059
3 0.789317 0.160169 0.253783 0.021655
3 0.740783 0.182221 0.358758 0.023379
3 0.736404 0.203548 0.348761 0.023215
3 0.737024 0.224793 0.348761 0.023215
3 0.571434 0.248767 0.016340 0.017756
0 0.724740 0.203739 0.409707 0.114151
1 0.558074 0.276493 0.063032 0.019772
2 0.628057 0.275344 0.064699 0.019799
3 0.750129 0.273964 0.158806 0.020095
0 0.726802 0.274347 0.407226 0.029171
1 0.548553 0.307282 0.042204 0.019430
2 0.595625 0.306509 0.039705 0.019389
3 0.744775 0.304685 0.237954 0.021395
0 0.727695 0.304965 0.407226 0.029171
1 0.570385 0.341306 0.083861 0.020114
2 0.661197 0.339815 0.085527 0.020141
3 0.817427 0.337875 0.206295 0.020875
3 0.740983 0.360385 0.348761 0.023215
3 0.741603 0.381630 0.348761 0.023215
3 0.742223 0.402875 0.348761 0.023215
3 0.742843 0.424120 0.348761 0.023215
3 0.688060 0.446275 0.237954 0.021395
0 0.730249 0.392444 0.410327 0.135396
1 0.563875 0.475195 0.063032 0.019772
2 0.642606 0.473902 0.082194 0.020086
3 0.813000 0.471729 0.237954 0.021395
3 0.744887 0.494103 0.348761 0.023215
3 0.745507 0.515348 0.348761 0.023215
3 0.746127 0.536593 0.348761 0.023215
3 0.746747 0.557838 0.348761 0.023215
3 0.747367 0.579083 0.348761 0.023215
3 0.747988 0.600328 0.348761 0.023215
3 0.590313 0.624172 0.032170 0.018016
0 0.734773 0.547407 0.411567 0.177885
1 0.574942 0.654432 0.074696 0.019963
2 0.650341 0.653193 0.063865 0.019785
3 0.808654 0.651219 0.232122 0.021299
3 0.655145 0.674995 0.158806 0.020095
0 0.738148 0.663004 0.407846 0.050416
1 0.570697 0.708889 0.063032 0.019772
2 0.648179 0.707617 0.079695 0.020045
3 0.817323 0.705465 0.237954 0.021395
3 0.688391 0.728837 0.222124 0.021135
0 0.739735 0.717366 0.407846 0.050416
1 0.561779 0.760298 0.042204 0.019430
2 0.621348 0.759320 0.064699 0.019799
0 0.740921 0.757981 0.407226 0.029171
1 0.573196 0.794494 0.063032 0.019772
2 0.648595 0.793256 0.075529 0.019977
3 0.815656 0.791137 0.237954 0.021395
3 0.759207 0.813320 0.358758 0.023379
3 0.754828 0.834647 0.348761 0.023215
3 0.612983 0.858231 0.063829 0.018536
0 0.742854 0.824216 0.409087 0.092906
1 0.565664 0.893391 0.042204 0.019430
2 0.626900 0.892386 0.068031 0.019854
3 0.806042 0.890069 0.269613 0.021915
3 0.762089 0.912046 0.358758 0.023379
3 0.757711 0.933373 0.348761 0.023215
3 0.758331 0.954618 0.348761 0.023215
3 0.758951 0.975863 0.348761 0.023215
3 0.727912 0.997627 0.285442 0.022175
0 0.746357 0.944187 0.410327 0.135396
