1 0.219583 0.085938 0.110833 0.021875
0 0.266667 0.095312 0.400000 0.040625
1 0.240000 0.134063 0.151667 0.021875
0 0.266667 0.162188 0.400000 0.078125
1 0.160417 0.220312 0.085833 0.021875
0 0.266667 0.229687 0.400000 0.040625
1 0.218750 0.272813 0.155833 0.021875
0 0.266667 0.319688 0.400000 0.115625
1 0.207917 0.397188 0.134167 0.021875
0 0.266667 0.434688 0.400000 0.096875
1 0.167917 0.502812 0.054167 0.021875
0 0.266667 0.512188 0.400000 0.040625
1 0.149167 0.554063 0.063333 0.021875
0 0.266667 0.554063 0.400000 0.021875
1 0.174167 0.587812 0.113333 0.021875
0 0.266667 0.587812 0.400000 0.021875
1 0.232917 0.619687 0.137500 0.021875
0 0.266667 0.629062 0.400000 0.040625
1 0.172500 0.666562 0.063333 0.021875
0 0.266667 0.694688 0.400000 0.078125
1 0.192083 0.755313 0.055833 0.021875
0 0.266667 0.764687 0.400000 0.040625
1 0.220000 0.804063 0.111667 0.021875
0 0.266667 0.804063 0.400000 0.021875
1 0.189583 0.833438 0.144167 0.021875
0 0.266667 0.833438 0.400000 0.021875
1 0.223333 0.862187 0.118333 0.021875
0 0.266667 0.890312 0.400000 0.078125
1 0.645000 0.085938 0.121667 0.021875
0 0.733333 0.142187 0.400000 0.134375
1 0.688750 0.231563 0.115833 0.021875
0 0.733333 0.278438 0.400000 0.115625
1 0.661667 0.353438 0.108333 0.021875
0 0.733333 0.362812 0.400000 0.040625
1 0.664583 0.401562 0.067500 0.021875
0 0.733333 0.410938 0.400000 0.040625
1 0.669167 0.452813 0.123333 0.021875
0 0.733333 0.452813 0.400000 0.021875
1 0.697917 0.485938 0.134167 0.021875
0 0.733333 0.495312 0.400000 0.040625
1 0.670000 0.539062 0.078333 0.021875
0 0.733333 0.557813 0.400000 0.059375
1 0.619167 0.605938 0.070000 0.021875
0 0.733333 0.605938 0.400000 0.021875
1 0.653333 0.635312 0.045000 0.021875
0 0.733333 0.672813 0.400000 0.096875
1 0.653750 0.739062 0.092500 0.021875
0 0.733333 0.757812 0.400000 0.059375
1 0.618750 0.810312 0.069167 0.021875
0 0.733333 0.819688 0.400000 0.040625
1 0.683750 0.859062 0.105833 0.021875
0 0.733333 0.859062 0.400000 0.021875
1 0.642500 0.890938 0.070000 0.021875
0 0.733333 0.900312 0.400000 0.040625
