3 0.496846 0.039400 0.993692 0.032882
0 0.102530 0.087486 0.083592 0.019406
1 0.188358 0.086809 0.075259 0.019340
2 0.347525 0.086179 0.221900 0.019247
2 0.272827 0.108019 0.348559 0.020245
2 0.278125 0.129229 0.358559 0.020324
2 0.273423 0.150517 0.348559 0.020245
2 0.273720 0.171766 0.348559 0.020245
2 0.115694 0.194263 0.031910 0.017749
0 0.094058 0.226310 0.062759 0.019242
1 0.152805 0.225847 0.041927 0.019077
2 0.316138 0.225184 0.263564 0.019575
2 0.274772 0.246762 0.348559 0.020245
2 0.275069 0.268010 0.348559 0.020245
2 0.275367 0.289259 0.348559 0.020245
2 0.222335 0.310929 0.241899 0.019404
0 0.106112 0.343097 0.083592 0.019406
1 0.190275 0.342433 0.071925 0.019314
2 0.347775 0.341816 0.221900 0.019247
2 0.281409 0.363591 0.358559 0.020324
2 0.276708 0.384879 0.348559 0.020245
2 0.197843 0.406752 0.190235 0.018997
0 0.092445 0.438210 0.053593 0.019169
1 0.162024 0.437661 0.072759 0.019321
2 0.335773 0.436916 0.253565 0.019496
2 0.151081 0.459624 0.095240 0.018248
0 0.087321 0.488878 0.041927 0.019077
1 0.147318 0.488405 0.065259 0.019261
2 0.322317 0.487650 0.263564 0.019575
2 0.278451 0.509247 0.348559 0.020245
2 0.278749 0.530496 0.348559 0.020245
2 0.279046 0.551745 0.348559 0.020245
2 0.279344 0.572994 0.348559 0.020245
2 0.279642 0.594242 0.348559 0.020245
2 0.216610 0.615991 0.221900 0.019247
0 0.110343 0.644955 0.083592 0.019406
1 0.204505 0.644213 0.091924 0.019472
2 0.364088 0.643579 0.206067 0.019122
2 0.280641 0.665489 0.348559 0.020245
2 0.280938 0.686737 0.348559 0.020245
2 0.281236 0.707986 0.348559 0.020245
2 0.281534 0.729235 0.348559 0.020245
2 0.286832 0.750444 0.358559 0.020324
2 0.115889 0.773043 0.016078 0.017624
0 0.112577 0.804321 0.083592 0.019406
1 0.191323 0.803700 0.061093 0.019229
2 0.348406 0.803087 0.231899 0.019325
0 0.102652 0.839401 0.062759 0.019242
1 0.163898 0.838918 0.046927 0.019117
2 0.253485 0.838837 0.111072 0.018373
0 0.103142 0.874399 0.062759 0.019242
1 0.181054 0.873785 0.080258 0.019380
2 0.347721 0.873096 0.231899 0.019325
2 0.283855 0.894851 0.348559 0.020245
2 0.289153 0.916060 0.358559 0.020324
2 0.284451 0.937348 0.348559 0.020245
2 0.284749 0.958597 0.348559 0.020245
2 0.205884 0.980470 0.190235 0.018997
0 0.548338 0.083971 0.041927 0.019077
1 0.607919 0.083501 0.064426 0.019255
2 0.785417 0.082727 0.269397 0.019621
2 0.739468 0.104340 0.348559 0.020245
2 0.739766 0.125589 0.348559 0.020245
2 0.740064 0.146838 0.348559 0.020245
2 0.613702 0.169085 0.095240 0.018248
0 0.560366 0.198882 0.062759 0.019242
1 0.624113 0.198380 0.051927 0.019156
2 0.787446 0.197717 0.253565 0.019496
2 0.590671 0.220520 0.047743 0.017874
0 0.571562 0.254422 0.083592 0.019406
1 0.649891 0.253805 0.060259 0.019222
2 0.809474 0.253172 0.237732 0.019371
2 0.741859 0.274956 0.348559 0.020245
0 0.561891 0.307626 0.062759 0.019242
1 0.639386 0.307015 0.079425 0.019373
2 0.768971 0.306619 0.158570 0.018747
0 0.572753 0.339418 0.083592 0.019406
1 0.643999 0.338856 0.046094 0.019110
2 0.756919 0.338591 0.158570 0.018747
0 0.573235 0.373791 0.083592 0.019406
1 0.658647 0.373117 0.074425 0.019334
2 0.817397 0.372491 0.221900 0.019247
2 0.601040 0.395448 0.063575 0.017998
0 0.553148 0.427077 0.041927 0.019077
1 0.612728 0.426607 0.064426 0.019255
0 0.564037 0.460743 0.062759 0.019242
1 0.636949 0.460168 0.070259 0.019301
2 0.801532 0.459496 0.237732 0.019371
2 0.744750 0.481194 0.348559 0.020245
2 0.745048 0.502443 0.348559 0.020245
2 0.745346 0.523692 0.348559 0.020245
2 0.682314 0.545440 0.221900 0.019247
0 0.555197 0.573319 0.041927 0.019077
1 0.616027 0.572839 0.066926 0.019275
0 0.576494 0.606278 0.083592 0.019406
1 0.655239 0.605657 0.061093 0.019229
0 0.566507 0.636983 0.062759 0.019242
1 0.638170 0.636418 0.067759 0.019281
2 0.801503 0.635756 0.237732 0.019371
2 0.588896 0.658683 0.031910 0.017749
0 0.567295 0.693230 0.062759 0.019242
1 0.633542 0.692708 0.056926 0.019196
2 0.799375 0.692025 0.253565 0.019496
2 0.748009 0.713682 0.348559 0.020245
2 0.582066 0.736241 0.016078 0.017624
0 0.578771 0.768769 0.083592 0.019406
1 0.666266 0.768079 0.078592 0.019367
2 0.819183 0.767498 0.206067 0.019122
2 0.654074 0.790051 0.158570 0.018747
0 0.558675 0.821430 0.041927 0.019077
1 0.626171 0.820898 0.080258 0.019380
2 0.803670 0.820124 0.253565 0.019496
2 0.615228 0.842861 0.079408 0.018123
0 0.580225 0.872513 0.083592 0.019406
1 0.666887 0.871830 0.076925 0.019353
