0 0.26666666666666666 0.096875 0.4 0.04375
0 0.26666666666666666 0.158125 0.4 0.04375
0 0.26666666666666666 0.2075 0.4 0.02
0 0.26666666666666666 0.256875 0.4 0.04375
0 0.26666666666666666 0.318125 0.4 0.04375
0 0.26666666666666666 0.39125 0.4 0.0675
0 0.26666666666666666 0.464375 0.4 0.04375
0 0.26666666666666666 0.549375 0.4 0.09125
0 0.26666666666666666 0.67 0.4 0.115
0 0.26666666666666666 0.755 0.4 0.02
0 0.26666666666666666 0.804375 0.4 0.04375
0 0.26666666666666666 0.90125 0.4 0.115
0 0.7333333333333333 0.096875 0.4 0.04375
0 0.7333333333333333 0.181875 0.4 0.09125
0 0.7333333333333333 0.266875 0.4 0.04375
0 0.7333333333333333 0.351875 0.4 0.09125
0 0.7333333333333333 0.436875 0.4 0.04375
0 0.7333333333333333 0.48625 0.4 0.02
0 0.7333333333333333 0.535625 0.4 0.04375
0 0.7333333333333333 0.644375 0.4 0.13875
0 0.7333333333333333 0.753125 0.4 0.04375
0 0.7333333333333333 0.814375 0.4 0.04375
0 0.7333333333333333 0.875625 0.4 0.04375
