3 0.498140 0.038759 0.996280 0.029650
0 0.094488 0.086253 0.062654 0.019040
1 0.157820 0.085958 0.050987 0.018986
2 0.328656 0.085789 0.269306 0.018751
2 0.156335 0.107841 0.110976 0.018015
0 0.084506 0.138800 0.041821 0.018943
1 0.145338 0.138517 0.066820 0.019060
0 0.105613 0.171828 0.083487 0.019137
1 0.199361 0.171392 0.090987 0.019172
2 0.358530 0.171277 0.205974 0.018457
2 0.149126 0.193501 0.095143 0.017941
0 0.085250 0.228799 0.041821 0.018943
1 0.160248 0.228450 0.095153 0.019191
2 0.329417 0.228288 0.221807 0.018531
0 0.106362 0.262451 0.083487 0.019137
1 0.193860 0.262044 0.078487 0.019114
0 0.091651 0.297520 0.053487 0.018998
1 0.167483 0.297167 0.085153 0.019145
0 0.086040 0.324422 0.041821 0.018943
1 0.136873 0.324185 0.046821 0.018967
2 0.297708 0.324062 0.253473 0.018678
0 0.096715 0.355623 0.062654 0.019040
1 0.172547 0.355270 0.075987 0.019102
2 0.308383 0.355263 0.174308 0.018310
0 0.107354 0.382449 0.083487 0.019137
1 0.193602 0.382048 0.075987 0.019102
0 0.107602 0.412448 0.083487 0.019137
1 0.189267 0.412068 0.066820 0.019060
2 0.333436 0.412023 0.200141 0.018430
0 0.097403 0.438746 0.062654 0.019040
1 0.171984 0.438399 0.073487 0.019091
2 0.338236 0.438251 0.237640 0.018604
2 0.270080 0.459818 0.332638 0.019046
0 0.108274 0.493697 0.083487 0.019137
1 0.194105 0.493297 0.075154 0.019098
2 0.353274 0.493182 0.221807 0.018531
2 0.151787 0.515370 0.095143 0.017941
0 0.108708 0.546196 0.083487 0.019137
1 0.180373 0.545862 0.046821 0.018967
2 0.333292 0.545776 0.237640 0.018604
2 0.199720 0.567648 0.190141 0.018383
0 0.098689 0.594368 0.062654 0.019040
1 0.163271 0.594068 0.053487 0.018998
2 0.332440 0.593906 0.263473 0.018724
2 0.279283 0.615404 0.348471 0.019120
2 0.279459 0.636653 0.348471 0.019120
2 0.279635 0.657903 0.348471 0.019120
2 0.184812 0.679594 0.158475 0.018236
0 0.099676 0.713741 0.062654 0.019040
1 0.160925 0.713456 0.046821 0.018967
2 0.329677 0.713296 0.269306 0.018751
2 0.177355 0.735255 0.142642 0.018162
0 0.089663 0.762538 0.041821 0.018943
1 0.153411 0.762242 0.072654 0.019087
2 0.311330 0.762132 0.221807 0.018531
0 0.100363 0.796864 0.062654 0.019040
1 0.182445 0.796482 0.088487 0.019160
0 0.090221 0.830037 0.041821 0.018943
1 0.144386 0.829785 0.053487 0.018998
2 0.324388 0.829573 0.285139 0.018825
2 0.186233 0.851466 0.158475 0.018236
0 0.111446 0.877439 0.083487 0.019137
1 0.197278 0.877040 0.075154 0.019098
2 0.356447 0.876925 0.221807 0.018531
2 0.178709 0.899002 0.142642 0.018162
0 0.550729 0.084131 0.041821 0.018943
1 0.595729 0.083922 0.035154 0.018912
2 0.726981 0.083936 0.205974 0.018457
0 0.561384 0.112832 0.062654 0.019040
1 0.619299 0.112563 0.040154 0.018936
2 0.781801 0.112432 0.263473 0.018724
0 0.551189 0.139755 0.041821 0.018943
1 0.611605 0.139474 0.065987 0.019056
2 0.789940 0.139270 0.269306 0.018751
2 0.734283 0.160779 0.332638 0.019046
0 0.562040 0.192206 0.062654 0.019040
1 0.628705 0.191896 0.057654 0.019017
2 0.715792 0.192116 0.095143 0.017941
0 0.562293 0.222830 0.062654 0.019040
1 0.631042 0.222510 0.061820 0.019036
2 0.799377 0.222352 0.253473 0.018678
2 0.584557 0.244602 0.031811 0.017647
0 0.573180 0.279655 0.083487 0.019137
1 0.640678 0.279342 0.038488 0.018928
2 0.797347 0.279238 0.253473 0.018678
2 0.664192 0.301108 0.190141 0.018383
0 0.573603 0.330904 0.083487 0.019137
1 0.655685 0.330523 0.067654 0.019064
0 0.552993 0.357876 0.041821 0.018943
1 0.614658 0.357589 0.068487 0.019067
2 0.794243 0.357379 0.269306 0.018751
2 0.744003 0.378863 0.348471 0.019120
2 0.744179 0.400113 0.348471 0.019120
2 0.744355 0.421362 0.348471 0.019120
2 0.744530 0.442612 0.348471 0.019120
2 0.673457 0.464193 0.205974 0.018457
0 0.564520 0.492200 0.062654 0.019040
1 0.626602 0.491911 0.048487 0.018974
2 0.796187 0.491747 0.269306 0.018751
2 0.713448 0.513383 0.285139 0.018825
0 0.564949 0.544074 0.062654 0.019040
1 0.640781 0.543721 0.075987 0.019102
2 0.808283 0.543567 0.237640 0.018604
2 0.745543 0.565109 0.348471 0.019120
2 0.745719 0.586359 0.348471 0.019120
2 0.714228 0.607756 0.285139 0.018825
0 0.555282 0.634746 0.041821 0.018943
1 0.607364 0.634503 0.049321 0.018978
0 0.576404 0.669648 0.083487 0.019137
1 0.641819 0.669344 0.034321 0.018909
2 0.796405 0.669250 0.253473 0.018678
2 0.746582 0.690732 0.348471 0.019120
2 0.746757 0.711982 0.348471 0.019120
2 0.659851 0.733636 0.174308 0.018310
0 0.556320 0.760368 0.041821 0.018943
1 0.608819 0.760124 0.050154 0.018982
2 0.784238 0.759933 0.279306 0.018798
2 0.676082 0.781687 0.205974 0.018457
0 0.567130 0.807819 0.062654 0.019040
1 0.642961 0.807466 0.075987 0.019102
2 0.807547 0.807326 0.231807 0.018577
2 0.697308 0.829089 0.247640 0.018651
0 0.557147 0.860366 0.041821 0.018943
1 0.625062 0.860050 0.080987 0.019126
2 0.755482 0.860069 0.158475 0.018236
0 0.567812 0.890317 0.062654 0.019040
1 0.633227 0.890013 0.055154 0.019005
2 0.766563 0.890018 0.190141 0.018383
