3 0.500823 0.032502 0.998353 0.027034
0 0.089004 0.083538 0.041734 0.018835
1 0.143171 0.083648 0.053401 0.018858
2 0.323168 0.084639 0.285062 0.018080
2 0.184758 0.105607 0.158396 0.017822
0 0.109650 0.135455 0.083401 0.018919
1 0.195483 0.135629 0.075068 0.018902
2 0.351730 0.136572 0.215896 0.017939
2 0.149987 0.157412 0.089230 0.017681
0 0.099037 0.189808 0.062568 0.018877
1 0.163203 0.189939 0.052568 0.018857
2 0.326950 0.190897 0.253396 0.018015
2 0.271457 0.212034 0.332562 0.018176
0 0.098840 0.244183 0.062568 0.018877
1 0.164257 0.244316 0.055068 0.018862
2 0.273837 0.245164 0.142563 0.017790
0 0.109128 0.279829 0.083401 0.018919
1 0.198711 0.280011 0.082567 0.018918
2 0.353708 0.280952 0.205896 0.017919
2 0.191965 0.301873 0.174229 0.017854
0 0.098519 0.332933 0.062568 0.018877
1 0.163102 0.333064 0.053401 0.018858
2 0.327266 0.334023 0.253396 0.018015
2 0.196773 0.355008 0.184229 0.017874
0 0.087931 0.380411 0.041734 0.018835
1 0.145431 0.380528 0.060068 0.018872
2 0.233761 0.381333 0.095063 0.017693
0 0.087811 0.413536 0.041734 0.018835
1 0.140311 0.413643 0.050068 0.018852
2 0.294891 0.414583 0.237562 0.017983
0 0.108545 0.441079 0.083401 0.018919
1 0.177711 0.441219 0.041734 0.018835
0 0.087603 0.471036 0.041734 0.018835
1 0.155936 0.471175 0.081734 0.018916
2 0.326350 0.472147 0.237562 0.017983
0 0.108333 0.499828 0.083401 0.018919
1 0.184166 0.499983 0.055068 0.018862
2 0.341246 0.500927 0.237562 0.017983
2 0.151587 0.521791 0.095063 0.017693
0 0.097724 0.552932 0.062568 0.018877
1 0.176057 0.553091 0.080901 0.018914
2 0.346054 0.554062 0.237562 0.017983
2 0.111811 0.574836 0.015897 0.017532
0 0.087124 0.603536 0.041734 0.018835
1 0.151707 0.603667 0.074234 0.018901
2 0.326288 0.604647 0.253396 0.018015
0 0.087022 0.631661 0.041734 0.018835
1 0.147856 0.631784 0.066734 0.018886
2 0.326603 0.632773 0.269229 0.018047
2 0.277776 0.653924 0.348395 0.018208
2 0.277699 0.675174 0.348395 0.018208
2 0.211373 0.696289 0.215896 0.017939
0 0.107510 0.727328 0.083401 0.018919
1 0.202093 0.727520 0.092567 0.018938
2 0.362090 0.728470 0.205896 0.017919
2 0.134931 0.749258 0.063396 0.017629
0 0.086487 0.779785 0.041734 0.018835
1 0.155653 0.779926 0.083401 0.018919
2 0.334817 0.780915 0.253396 0.018015
0 0.107191 0.815452 0.083401 0.018919
1 0.182191 0.815605 0.053401 0.018858
0 0.086256 0.843535 0.041734 0.018835
1 0.135840 0.843636 0.044234 0.018840
2 0.311253 0.844617 0.285062 0.018080
2 0.126594 0.865492 0.047563 0.017597
0 0.086085 0.891035 0.041734 0.018835
1 0.156918 0.891179 0.086734 0.018926
2 0.334831 0.892166 0.247562 0.018003
2 0.276838 0.913298 0.348395 0.018208
2 0.276761 0.934548 0.348395 0.018208
2 0.276685 0.955797 0.348395 0.018208
2 0.281608 0.977058 0.358395 0.018229
2 0.276531 0.994597 0.348395 0.010807
0 0.566086 0.084508 0.062568 0.018877
1 0.630669 0.084639 0.053401 0.018858
2 0.794833 0.085598 0.253396 0.018015
2 0.746423 0.106750 0.348395 0.018208
2 0.746346 0.128000 0.348395 0.018208
2 0.746269 0.149250 0.348395 0.018208
2 0.746192 0.170499 0.348395 0.018208
2 0.746115 0.191749 0.348395 0.018208
2 0.658956 0.212822 0.174229 0.017854
0 0.565514 0.242632 0.062568 0.018877
1 0.624681 0.242753 0.042568 0.018836
2 0.788428 0.243711 0.263396 0.018036
2 0.745851 0.264874 0.348395 0.018208
2 0.745774 0.286124 0.348395 0.018208
2 0.750697 0.307384 0.358395 0.018229
2 0.579371 0.328286 0.015897 0.017532
0 0.575497 0.362653 0.083401 0.018919
1 0.657163 0.362819 0.066734 0.018886
2 0.812160 0.363759 0.221729 0.017951
2 0.650418 0.384680 0.158396 0.017822
0 0.575309 0.414528 0.083401 0.018919
1 0.652809 0.414685 0.058401 0.018869
2 0.811556 0.415633 0.237562 0.017983
2 0.618563 0.436491 0.095063 0.017693
0 0.554282 0.468235 0.041734 0.018835
1 0.626781 0.468383 0.090067 0.018933
2 0.801362 0.469363 0.237562 0.017983
2 0.750035 0.490508 0.358395 0.018229
2 0.744958 0.511748 0.348395 0.018208
2 0.744882 0.532998 0.348395 0.018208
2 0.749805 0.554258 0.358395 0.018229
2 0.744728 0.575498 0.348395 0.018208
2 0.681318 0.596619 0.221729 0.017951
0 0.553712 0.625735 0.041734 0.018835
1 0.606212 0.625841 0.050068 0.018852
2 0.776626 0.626813 0.269229 0.018047
0 0.553613 0.653235 0.041734 0.018835
1 0.623196 0.653376 0.084234 0.018921
2 0.802776 0.654366 0.253396 0.018015
2 0.749366 0.675508 0.358395 0.018229
2 0.749290 0.696758 0.358395 0.018229
2 0.680880 0.717869 0.221729 0.017951
0 0.563690 0.747005 0.062568 0.018877
1 0.644524 0.747170 0.085901 0.018924
2 0.814104 0.748140 0.231729 0.017971
2 0.585695 0.768925 0.031730 0.017564
0 0.563492 0.802005 0.062568 0.018877
1 0.639741 0.802160 0.076734 0.018906
0 0.563365 0.837005 0.062568 0.018877
1 0.621282 0.837123 0.040068 0.018831
2 0.786695 0.838084 0.269229 0.018047
2 0.593286 0.858941 0.047563 0.017597
0 0.569024 0.885142 0.074234 0.018901
1 0.641941 0.885290 0.058401 0.018869
2 0.800688 0.886238 0.237562 0.017983
2 0.672278 0.907227 0.205896 0.017919
