3 0.500672 0.033126 0.998656 0.026662
0 0.109562 0.083725 0.083389 0.018888
1 0.185812 0.083852 0.055889 0.018843
2 0.345393 0.084742 0.241718 0.017902
2 0.231998 0.105804 0.253384 0.017921
0 0.099005 0.131208 0.062555 0.018854
1 0.162755 0.131314 0.051722 0.018836
2 0.326086 0.132210 0.253384 0.017921
2 0.239774 0.153317 0.269218 0.017947
0 0.098856 0.181832 0.062555 0.018854
1 0.162189 0.181938 0.050889 0.018834
2 0.309270 0.182807 0.221718 0.017868
0 0.088352 0.211190 0.041722 0.018819
1 0.141686 0.211279 0.051722 0.018836
0 0.109106 0.238100 0.083389 0.018888
1 0.184106 0.238224 0.053389 0.018839
0 0.104444 0.264967 0.074222 0.018873
1 0.199027 0.265124 0.101722 0.018919
2 0.363608 0.266023 0.205885 0.017842
2 0.191879 0.286987 0.174218 0.017789
0 0.088031 0.319940 0.041722 0.018819
1 0.150531 0.320044 0.070055 0.018866
2 0.299279 0.320916 0.205885 0.017842
0 0.098366 0.347457 0.062555 0.018854
1 0.160033 0.347560 0.047555 0.018829
2 0.329197 0.348466 0.269218 0.017947
2 0.128302 0.369382 0.047552 0.017579
0 0.087797 0.399315 0.041722 0.018819
1 0.159880 0.399434 0.089222 0.018898
2 0.294461 0.400283 0.158385 0.017763
0 0.098112 0.433707 0.062555 0.018854
1 0.165195 0.433818 0.058389 0.018847
2 0.331859 0.434720 0.253384 0.017921
2 0.278463 0.455882 0.348384 0.018079
2 0.278400 0.477132 0.348384 0.018079
2 0.270421 0.498368 0.332551 0.018053
0 0.097825 0.530582 0.062555 0.018854
1 0.168658 0.530699 0.065889 0.018859
2 0.331156 0.531594 0.237551 0.017895
0 0.108151 0.561224 0.083389 0.018888
1 0.189401 0.561359 0.065889 0.018859
2 0.343982 0.562241 0.221718 0.017868
2 0.198920 0.583250 0.190051 0.017816
0 0.087154 0.616814 0.041722 0.018819
1 0.156320 0.616929 0.083389 0.018888
2 0.335485 0.617852 0.253384 0.017921
2 0.159172 0.638809 0.110885 0.017684
0 0.107828 0.670599 0.083389 0.018888
1 0.194911 0.670743 0.077555 0.018879
2 0.355326 0.671635 0.221718 0.017868
2 0.246097 0.692703 0.285051 0.017974
0 0.097256 0.723081 0.062555 0.018854
1 0.180173 0.723219 0.090055 0.018900
2 0.346837 0.724121 0.221718 0.017868
2 0.277608 0.745256 0.348384 0.018079
2 0.277545 0.766506 0.348384 0.018079
2 0.222066 0.787664 0.237551 0.017895
0 0.086561 0.817439 0.041722 0.018819
1 0.154477 0.817551 0.080889 0.018884
2 0.324475 0.818459 0.237551 0.017895
0 0.086465 0.849939 0.041722 0.018819
1 0.153965 0.850051 0.080055 0.018883
0 0.096795 0.879331 0.062555 0.018854
1 0.168461 0.879450 0.067555 0.018862
2 0.284292 0.880267 0.142551 0.017737
0 0.555395 0.084466 0.041722 0.018819
1 0.613311 0.084562 0.060889 0.018851
2 0.789142 0.085480 0.269218 0.017947
2 0.587830 0.106395 0.031718 0.017553
0 0.565664 0.134483 0.062555 0.018854
1 0.643580 0.134613 0.080055 0.018883
2 0.813161 0.135520 0.237551 0.017895
2 0.587682 0.156395 0.031718 0.017553
0 0.575938 0.182625 0.083389 0.018888
1 0.646355 0.182742 0.044222 0.018823
2 0.805936 0.183633 0.253384 0.017921
2 0.674623 0.204665 0.205885 0.017842
0 0.554964 0.230091 0.041722 0.018819
1 0.620798 0.230200 0.076722 0.018877
2 0.796629 0.231117 0.253384 0.017921
2 0.745733 0.252283 0.348384 0.018079
2 0.745670 0.273533 0.348384 0.018079
2 0.745607 0.294783 0.348384 0.018079
2 0.729711 0.316006 0.316718 0.018026
0 0.554626 0.344465 0.041722 0.018819
1 0.610460 0.344558 0.056722 0.018844
2 0.784207 0.345472 0.269218 0.017947
2 0.697895 0.366579 0.253384 0.017921
0 0.564879 0.400108 0.062555 0.018854
1 0.629879 0.400216 0.054222 0.018840
2 0.794460 0.401114 0.253384 0.017921
2 0.750230 0.422291 0.358384 0.018096
2 0.745167 0.443532 0.348384 0.018079
2 0.745105 0.464782 0.348384 0.018079
2 0.745042 0.486032 0.348384 0.018079
2 0.689563 0.507190 0.237551 0.017895
0 0.554045 0.541340 0.041722 0.018819
1 0.624878 0.541458 0.086722 0.018894
2 0.805709 0.542383 0.253384 0.017921
2 0.681480 0.563427 0.221718 0.017868
0 0.574725 0.593249 0.083389 0.018888
1 0.653474 0.593380 0.060889 0.018851
0 0.574621 0.628249 0.083389 0.018888
1 0.667121 0.628403 0.088389 0.018897
2 0.825035 0.629291 0.205885 0.017842
2 0.744556 0.650407 0.348384 0.018079
2 0.744493 0.671657 0.348384 0.018079
2 0.744431 0.692907 0.348384 0.018079
2 0.744368 0.714157 0.348384 0.018079
2 0.638472 0.735231 0.136718 0.017727
0 0.553376 0.767589 0.041722 0.018819
1 0.608376 0.767681 0.055055 0.018841
2 0.789207 0.768606 0.285051 0.017974
2 0.744144 0.789782 0.348384 0.018079
2 0.744082 0.811031 0.348384 0.018079
2 0.680686 0.832176 0.221718 0.017868
0 0.563510 0.863231 0.062555 0.018854
1 0.635593 0.863351 0.068389 0.018864
2 0.799341 0.864248 0.237551 0.017895
2 0.656779 0.885262 0.174218 0.017789
