1 0.099845 0.083329 0.062587 0.018913
2 0.165261 0.083500 0.055087 0.018893
3 0.330257 0.084555 0.253413 0.018160
3 0.129743 0.105283 0.047581 0.017624
0 0.268542 0.095019 0.406867 0.044810
1 0.110042 0.130856 0.083420 0.018967
2 0.185041 0.131052 0.053420 0.018889
3 0.293788 0.131960 0.142580 0.017871
0 0.268371 0.131894 0.406768 0.023560
1 0.089072 0.160177 0.041753 0.018858
2 0.150322 0.160337 0.067586 0.018926
3 0.326568 0.161421 0.263413 0.018186
3 0.166054 0.182253 0.120914 0.017815
0 0.268186 0.171894 0.406867 0.044810
1 0.099263 0.208954 0.062587 0.018913
2 0.172596 0.209145 0.070920 0.018935
3 0.337592 0.210200 0.237580 0.018119
3 0.279577 0.231299 0.348412 0.018408
3 0.279479 0.252549 0.348412 0.018408
3 0.279380 0.273799 0.348412 0.018408
3 0.279282 0.295048 0.348412 0.018408
3 0.279183 0.316298 0.348412 0.018408
3 0.160335 0.337239 0.110914 0.017789
0 0.267714 0.273768 0.407359 0.151059
1 0.098527 0.367703 0.062587 0.018913
2 0.158527 0.367859 0.044253 0.018865
3 0.326023 0.368921 0.269246 0.018201
3 0.278841 0.390048 0.348412 0.018408
3 0.278743 0.411298 0.348412 0.018408
3 0.278645 0.432548 0.348412 0.018408
3 0.191463 0.453571 0.174247 0.017954
0 0.267076 0.411267 0.407162 0.108559
1 0.087586 0.480800 0.041753 0.018858
2 0.155919 0.480978 0.081753 0.018963
3 0.334249 0.482068 0.253413 0.018160
3 0.278317 0.503172 0.348412 0.018408
3 0.278219 0.524422 0.348412 0.018408
3 0.278120 0.545672 0.348412 0.018408
3 0.278022 0.566922 0.348412 0.018408
3 0.198757 0.587965 0.190080 0.017995
0 0.266503 0.535017 0.407261 0.129809
1 0.097351 0.621451 0.062587 0.018913
2 0.177768 0.621661 0.085086 0.018971
0 0.266098 0.622516 0.406768 0.023560
1 0.107638 0.649603 0.083420 0.018967
2 0.186387 0.649808 0.060920 0.018908
3 0.343467 0.650843 0.231746 0.018104
3 0.119203 0.671508 0.031748 0.017582
0 0.265918 0.661266 0.406867 0.044810
1 0.086564 0.701424 0.041753 0.018858
2 0.137814 0.701557 0.047587 0.018874
3 0.251560 0.702479 0.158413 0.017913
0 0.265727 0.702516 0.406768 0.023560
1 0.086399 0.737048 0.041753 0.018858
2 0.155149 0.737228 0.082586 0.018965
3 0.330978 0.738311 0.247580 0.018145
3 0.174214 0.759152 0.142580 0.017871
0 0.265513 0.748765 0.406867 0.044810
1 0.086147 0.791423 0.041753 0.018858
2 0.147813 0.791584 0.068420 0.018928
3 0.295726 0.792594 0.205913 0.018036
0 0.265310 0.792515 0.406768 0.023560
1 0.085999 0.823298 0.041753 0.018858
2 0.139749 0.823438 0.052587 0.018887
3 0.232246 0.824304 0.110914 0.017789
0 0.265162 0.824390 0.406768 0.023560
1 0.085878 0.849548 0.041753 0.018858
2 0.147544 0.849708 0.068420 0.018928
3 0.263790 0.850636 0.142580 0.017871
0 0.265040 0.850640 0.406768 0.023560
1 0.106566 0.880852 0.083420 0.018967
2 0.196566 0.881086 0.083420 0.018967
0 0.264896 0.881890 0.406768 0.023560
1 0.576925 0.084573 0.083420 0.018967
2 0.650258 0.084764 0.050087 0.018880
3 0.804838 0.085792 0.237580 0.018119
3 0.596407 0.106499 0.047581 0.017624
0 0.735206 0.096236 0.406867 0.044810
1 0.555869 0.132643 0.041753 0.018858
2 0.605036 0.132772 0.043420 0.018863
3 0.780032 0.133853 0.285079 0.018243
3 0.746600 0.155016 0.348412 0.018408
3 0.746502 0.176266 0.348412 0.018408
3 0.746403 0.197515 0.348412 0.018408
3 0.746305 0.218765 0.348412 0.018408
3 0.746206 0.240015 0.348412 0.018408
3 0.603609 0.260894 0.063414 0.017665
0 0.734737 0.197485 0.407359 0.151059
1 0.565533 0.295170 0.062587 0.018913
2 0.623033 0.295319 0.039253 0.018852
0 0.734279 0.296234 0.406768 0.023560
1 0.575805 0.326447 0.083420 0.018967
2 0.663721 0.326676 0.079253 0.018956
3 0.817050 0.327700 0.205913 0.018036
3 0.611120 0.348414 0.079247 0.017706
0 0.734085 0.338109 0.406867 0.044810
1 0.565151 0.377669 0.062587 0.018913
2 0.651817 0.377895 0.097586 0.019004
3 0.822229 0.378964 0.221746 0.018078
3 0.745465 0.400014 0.348412 0.018408
3 0.745366 0.421264 0.348412 0.018408
3 0.745268 0.442514 0.348412 0.018408
3 0.745169 0.463764 0.348412 0.018408
3 0.745071 0.485014 0.348412 0.018408
3 0.689556 0.506119 0.237580 0.018119
0 0.733601 0.442484 0.407359 0.151059
1 0.574834 0.535820 0.083420 0.018967
2 0.654001 0.536027 0.061753 0.018911
3 0.814413 0.537070 0.237580 0.018119
3 0.594316 0.557746 0.047581 0.017624
0 0.733115 0.547483 0.406867 0.044810
1 0.564175 0.588293 0.062587 0.018913
2 0.640841 0.588493 0.077586 0.018952
3 0.806254 0.589549 0.231746 0.018104
3 0.609906 0.610287 0.079247 0.017706
0 0.732871 0.599983 0.406867 0.044810
1 0.574345 0.641445 0.083420 0.018967
2 0.656428 0.641659 0.067586 0.018926
0 0.732675 0.642482 0.406768 0.023560
1 0.563798 0.669542 0.062587 0.018913
2 0.636714 0.669732 0.070086 0.018932
3 0.801294 0.670786 0.237580 0.018119
3 0.744112 0.691887 0.348412 0.018408
3 0.744014 0.713137 0.348412 0.018408
3 0.748915 0.734400 0.358412 0.018434
3 0.743817 0.755637 0.348412 0.018408
3 0.743718 0.776887 0.348412 0.018408
3 0.601121 0.797765 0.063414 0.017665
0 0.732249 0.734357 0.407359 0.151059
1 0.552640 0.829514 0.041753 0.018858
2 0.618056 0.829685 0.075920 0.018948
3 0.793469 0.830767 0.253413 0.018160
3 0.608788 0.851536 0.079247 0.017706
0 0.731754 0.841231 0.406867 0.044810
1 0.562813 0.882041 0.062587 0.018913
2 0.632396 0.882222 0.063420 0.018915
3 0.798642 0.883281 0.247580 0.018145
3 0.743128 0.904386 0.348412 0.018408
3 0.743029 0.925636 0.348412 0.018408
3 0.747931 0.946899 0.358412 0.018434
3 0.742832 0.968136 0.348412 0.018408
3 0.747734 0.989399 0.358412 0.018434
3 0.679302 1.000000 0.221746 0.018078
0 0.731264 0.946855 0.407359 0.151059
