1 0.119486 0.078588 0.083816 0.019995
2 0.214884 0.080018 0.094647 0.020158
3 0.356922 0.082772 0.168766 0.020019
0 0.277771 0.081586 0.407185 0.028591
1 0.118753 0.106082 0.083816 0.019995
2 0.214151 0.107512 0.094647 0.020158
3 0.372019 0.110504 0.200426 0.020494
3 0.121920 0.128009 0.016296 0.017734
0 0.276755 0.119703 0.407751 0.049836
1 0.106923 0.159041 0.062987 0.019683
2 0.171910 0.160015 0.054655 0.019558
0 0.275623 0.162195 0.407185 0.028591
1 0.095559 0.194502 0.042158 0.019371
2 0.162629 0.195508 0.079650 0.019933
3 0.339661 0.198787 0.253749 0.021293
3 0.174960 0.217572 0.127108 0.019395
0 0.274390 0.208435 0.407751 0.049836
1 0.094277 0.242618 0.042158 0.019371
2 0.145933 0.243392 0.048823 0.019471
0 0.273391 0.245928 0.407185 0.028591
1 0.093461 0.273237 0.042158 0.019371
2 0.163447 0.274286 0.085483 0.020020
0 0.272575 0.276547 0.407185 0.028591
1 0.098560 0.300818 0.053822 0.019546
2 0.153966 0.301649 0.044657 0.019408
3 0.329331 0.304903 0.285409 0.021768
3 0.164214 0.323682 0.111277 0.019158
0 0.271559 0.314664 0.407751 0.049836
1 0.112109 0.355407 0.083816 0.019995
2 0.186677 0.356525 0.052989 0.019533
3 0.342463 0.359486 0.237919 0.021056
3 0.281492 0.379826 0.348730 0.022717
3 0.280926 0.401072 0.348730 0.022717
3 0.285358 0.422392 0.358728 0.022867
3 0.279793 0.443563 0.348730 0.022717
3 0.113010 0.462317 0.016296 0.017734
0 0.268978 0.411520 0.410016 0.134819
1 0.098130 0.488975 0.062987 0.019683
2 0.183530 0.490255 0.095481 0.020170
3 0.352646 0.493415 0.222089 0.020819
3 0.167117 0.511888 0.127108 0.019395
0 0.266547 0.502752 0.407751 0.049836
1 0.086417 0.537559 0.042158 0.019371
2 0.152237 0.538545 0.077151 0.019895
3 0.328018 0.541806 0.253749 0.021293
3 0.110412 0.559798 0.016296 0.017734
0 0.265248 0.551492 0.407751 0.049836
1 0.105947 0.586611 0.083816 0.019995
2 0.193429 0.587923 0.078817 0.019920
0 0.264232 0.589609 0.407185 0.028591
1 0.094733 0.616449 0.062987 0.019683
2 0.163053 0.617473 0.061321 0.019658
3 0.328003 0.620571 0.247917 0.021206
3 0.195380 0.639837 0.190428 0.020344
0 0.263149 0.630226 0.407751 0.049836
1 0.103715 0.670345 0.083816 0.019995
2 0.190781 0.671650 0.077984 0.019908
3 0.308658 0.674042 0.137106 0.019545
0 0.262000 0.673343 0.407185 0.028591
1 0.082054 0.701276 0.042158 0.019371
2 0.144124 0.702207 0.069652 0.019783
0 0.261168 0.704586 0.407185 0.028591
1 0.081188 0.733770 0.042158 0.019371
2 0.148257 0.734775 0.079650 0.019933
3 0.325289 0.738054 0.253749 0.021293
3 0.215994 0.757670 0.237919 0.021056
0 0.260019 0.747703 0.407751 0.049836
1 0.079889 0.782510 0.042158 0.019371
2 0.128212 0.783234 0.042158 0.019371
3 0.302328 0.786470 0.285409 0.021768
0 0.259003 0.785820 0.407185 0.028591
1 0.079156 0.810004 0.042158 0.019371
2 0.138311 0.810891 0.063820 0.019695
3 0.315342 0.814170 0.269579 0.021531
3 0.269368 0.834735 0.348730 0.022717
3 0.268802 0.855981 0.348730 0.022717
3 0.268236 0.877227 0.348730 0.022717
0 0.257421 0.845183 0.408884 0.092328
1 0.586059 0.085582 0.083816 0.019995
2 0.659378 0.086681 0.050490 0.019496
3 0.750593 0.088674 0.111277 0.019158
0 0.744344 0.088580 0.407185 0.028591
1 0.585143 0.119950 0.083816 0.019995
2 0.659712 0.121068 0.052989 0.019533
3 0.815497 0.124029 0.237919 0.021056
3 0.707036 0.143657 0.253749 0.021293
0 0.743145 0.133571 0.407751 0.049836
1 0.573347 0.171659 0.062987 0.019683
2 0.636667 0.172608 0.051323 0.019508
3 0.804534 0.175750 0.263747 0.021443
3 0.753144 0.196233 0.348730 0.022717
3 0.733832 0.217198 0.311238 0.022155
0 0.741480 0.196059 0.408317 0.071082
1 0.561050 0.242114 0.042158 0.019371
2 0.633119 0.243194 0.089648 0.020083
3 0.807234 0.246429 0.237919 0.021056
3 0.585046 0.264353 0.016296 0.017734
0 0.739881 0.256047 0.407751 0.049836
1 0.570099 0.293509 0.062987 0.019683
2 0.644668 0.294627 0.073818 0.019845
3 0.787123 0.297388 0.190428 0.020344
0 0.738799 0.296663 0.407185 0.028591
1 0.579615 0.327409 0.083816 0.019995
2 0.675429 0.328845 0.095481 0.020170
3 0.828715 0.331768 0.190428 0.020344
3 0.701507 0.351115 0.253749 0.021293
0 0.737617 0.341030 0.407751 0.049836
1 0.557520 0.374587 0.042158 0.019371
2 0.634171 0.375736 0.098813 0.020220
3 0.812869 0.379040 0.237919 0.021056
3 0.689410 0.398444 0.232087 0.020969
0 0.736351 0.388520 0.407751 0.049836
1 0.556237 0.422702 0.042158 0.019371
2 0.614976 0.423583 0.062987 0.019683
3 0.791591 0.426856 0.269579 0.021531
3 0.738535 0.447315 0.332900 0.022480
0 0.735069 0.436636 0.407751 0.049836
1 0.554955 0.470818 0.042158 0.019371
2 0.621609 0.471817 0.078817 0.019920
3 0.798223 0.475090 0.253749 0.021293
3 0.745168 0.495549 0.348730 0.022717
3 0.744601 0.516794 0.348730 0.022717
3 0.744035 0.538040 0.348730 0.022717
3 0.743469 0.559286 0.348730 0.022717
3 0.744986 0.580563 0.352896 0.022780
3 0.742337 0.601777 0.348730 0.022717
3 0.670535 0.621955 0.206259 0.020582
0 0.732088 0.548488 0.411148 0.177311
1 0.550259 0.647033 0.042158 0.019371
2 0.624827 0.648150 0.094647 0.020158
3 0.801442 0.651423 0.237919 0.021056
3 0.613830 0.669865 0.095447 0.018920
0 0.729090 0.660966 0.407751 0.049836
1 0.548777 0.702647 0.042158 0.019371
2 0.593768 0.703321 0.035493 0.019271
3 0.772466 0.706625 0.301240 0.022005
3 0.738989 0.727377 0.348730 0.022717
3 0.738423 0.748623 0.348730 0.022717
3 0.737857 0.769869 0.348730 0.022717
3 0.737291 0.791115 0.348730 0.022717
3 0.670488 0.811367 0.216257 0.020731
0 0.726476 0.759071 0.410016 0.134819
1 0.555561 0.839025 0.062987 0.019683
2 0.619715 0.839987 0.052989 0.019533
3 0.783416 0.843066 0.253749 0.021293
3 0.687868 0.862888 0.253749 0.021293
0 0.723978 0.852802 0.407751 0.049836
1 0.543831 0.888234 0.042158 0.019371
2 0.589238 0.888915 0.036326 0.019283
0 0.722945 0.891545 0.407185 0.028591
