1 0.110734 0.083108 0.083441 0.019020
2 0.185317 0.083350 0.052608 0.018920
0 0.269062 0.084247 0.406793 0.023819
1 0.100116 0.118074 0.062608 0.018953
2 0.168448 0.118296 0.060941 0.018947
3 0.336360 0.119466 0.253432 0.018322
3 0.129989 0.140046 0.047600 0.017654
0 0.268799 0.129871 0.406915 0.045069
1 0.110229 0.170607 0.083441 0.019020
2 0.180229 0.170835 0.043441 0.018890
0 0.268558 0.171746 0.406793 0.023819
1 0.099654 0.198073 0.062608 0.018953
2 0.176737 0.198323 0.078441 0.019004
3 0.345482 0.199496 0.237599 0.018270
3 0.279943 0.220533 0.348431 0.018630
3 0.261071 0.241722 0.310931 0.018508
0 0.268277 0.220496 0.407038 0.066319
1 0.109649 0.271231 0.083441 0.019020
2 0.183815 0.271472 0.051774 0.018917
3 0.344227 0.272618 0.247599 0.018303
3 0.129106 0.293170 0.047600 0.017654
0 0.267916 0.282995 0.406915 0.045069
1 0.109321 0.328106 0.083441 0.019020
2 0.193904 0.328380 0.072607 0.018985
3 0.351815 0.329518 0.221766 0.018219
3 0.120861 0.350019 0.031767 0.017603
0 0.267588 0.339870 0.406915 0.045069
1 0.088178 0.381788 0.041774 0.018885
2 0.138594 0.381951 0.045941 0.018899
3 0.314839 0.383148 0.285098 0.018424
3 0.168051 0.403922 0.126766 0.017911
0 0.267278 0.393619 0.406915 0.045069
1 0.087904 0.429287 0.041774 0.018885
2 0.162487 0.429529 0.094274 0.019055
3 0.339148 0.430728 0.237599 0.018270
3 0.144027 0.451345 0.079267 0.017757
0 0.267004 0.441119 0.406915 0.045069
1 0.098014 0.482446 0.062608 0.018953
2 0.156764 0.482636 0.041774 0.018885
3 0.283425 0.483672 0.190099 0.018116
0 0.266759 0.483618 0.406793 0.023819
1 0.108272 0.509979 0.083441 0.019020
2 0.188271 0.510239 0.063441 0.018955
3 0.341600 0.511361 0.221766 0.018219
3 0.278144 0.532406 0.348431 0.018630
3 0.283022 0.553672 0.358431 0.018662
3 0.277899 0.574905 0.348431 0.018630
3 0.282777 0.596171 0.358431 0.018662
3 0.277654 0.617405 0.348431 0.018630
0 0.266294 0.564242 0.407405 0.130068
1 0.107457 0.651228 0.083441 0.019020
2 0.184123 0.651477 0.056774 0.018934
3 0.318285 0.652537 0.190099 0.018116
0 0.265786 0.652367 0.406793 0.023819
1 0.096839 0.686194 0.062608 0.018953
2 0.162672 0.686407 0.055941 0.018931
3 0.328083 0.687569 0.253432 0.018322
3 0.277128 0.708654 0.348431 0.018630
3 0.277005 0.729904 0.348431 0.018630
3 0.276883 0.751154 0.348431 0.018630
3 0.245094 0.772301 0.285098 0.018424
0 0.265339 0.729866 0.407283 0.108818
1 0.085727 0.806784 0.041774 0.018885
2 0.136560 0.806949 0.046774 0.018901
3 0.313221 0.808147 0.285098 0.018424
3 0.276432 0.829278 0.348431 0.018630
3 0.276310 0.850528 0.348431 0.018630
3 0.244521 0.871675 0.285098 0.018424
0 0.264704 0.839865 0.407160 0.087568
1 0.556563 0.084555 0.041774 0.018885
2 0.607396 0.084720 0.046774 0.018901
0 0.735725 0.085761 0.406793 0.023819
1 0.577198 0.118997 0.083441 0.019020
2 0.649281 0.119231 0.047608 0.018904
3 0.802609 0.120353 0.237599 0.018270
3 0.731237 0.141372 0.316765 0.018527
0 0.735465 0.130760 0.406915 0.045069
1 0.576870 0.175871 0.083441 0.019020
2 0.664786 0.176157 0.079274 0.019007
3 0.818114 0.177279 0.205932 0.018168
3 0.746742 0.198298 0.348431 0.018630
3 0.748703 0.219554 0.352598 0.018643
3 0.746497 0.240797 0.348431 0.018630
3 0.643459 0.261713 0.142600 0.017962
0 0.734953 0.219510 0.407283 0.108818
1 0.576189 0.293995 0.083441 0.019020
2 0.643272 0.294213 0.037608 0.018871
3 0.799516 0.295345 0.253432 0.018322
3 0.751061 0.316438 0.358431 0.018662
3 0.745939 0.337671 0.348431 0.018630
3 0.745816 0.358921 0.348431 0.018630
3 0.745693 0.380171 0.348431 0.018630
3 0.682238 0.401215 0.221766 0.018219
0 0.734211 0.348258 0.407405 0.130068
1 0.575378 0.434619 0.083441 0.019020
2 0.671210 0.434930 0.095107 0.019058
3 0.824539 0.436052 0.190099 0.018116
3 0.681917 0.456840 0.221766 0.018219
0 0.733645 0.446382 0.406915 0.045069
1 0.564676 0.483960 0.062608 0.018953
2 0.635926 0.484191 0.066774 0.018966
3 0.775088 0.485267 0.190099 0.018116
0 0.733421 0.485132 0.406793 0.023819
1 0.574902 0.517118 0.083441 0.019020
2 0.661151 0.517398 0.075941 0.018996
3 0.820729 0.518541 0.221766 0.018219
3 0.697275 0.539390 0.253432 0.018322
0 0.733169 0.528882 0.406915 0.045069
1 0.564190 0.568334 0.062608 0.018953
2 0.635022 0.568564 0.065941 0.018963
3 0.805434 0.569742 0.253432 0.018322
3 0.625730 0.590409 0.110933 0.017859
0 0.732873 0.580131 0.406915 0.045069
1 0.574329 0.616492 0.083441 0.019020
2 0.656828 0.616760 0.068441 0.018972
3 0.812656 0.617890 0.221766 0.018219
3 0.744201 0.638919 0.348431 0.018630
3 0.744079 0.660168 0.348431 0.018630
3 0.717290 0.681332 0.295098 0.018457
0 0.732473 0.649506 0.407160 0.087568
1 0.573799 0.708366 0.083441 0.019020
2 0.668798 0.708675 0.093441 0.019053
3 0.829210 0.709820 0.205932 0.018168
3 0.743671 0.730793 0.348431 0.018630
3 0.743549 0.752042 0.348431 0.018630
3 0.748426 0.773308 0.358431 0.018662
3 0.592888 0.794054 0.047600 0.017654
0 0.731882 0.752005 0.407283 0.108818
1 0.552295 0.824548 0.041774 0.018885
2 0.615628 0.824753 0.071774 0.018982
3 0.796873 0.825966 0.269265 0.018373
3 0.743001 0.847042 0.348431 0.018630
3 0.744961 0.868298 0.352598 0.018643
3 0.742756 0.889541 0.348431 0.018630
3 0.742633 0.910791 0.348431 0.018630
3 0.710844 0.931938 0.285098 0.018424
0 0.731150 0.878878 0.407405 0.130068
