3 0.507954 0.038284 0.984093 0.044687
0 0.112608 0.076599 0.063135 0.019975
1 0.184667 0.078019 0.068966 0.020089
2 0.269199 0.080309 0.079752 0.019053
0 0.111667 0.103465 0.063135 0.019975
1 0.194139 0.105090 0.089792 0.020500
2 0.360310 0.108989 0.222203 0.021860
2 0.291256 0.128886 0.348826 0.024355
2 0.290512 0.150128 0.348826 0.024355
2 0.258112 0.170747 0.285514 0.023107
0 0.108450 0.195308 0.063135 0.019975
1 0.189256 0.196900 0.086460 0.020434
2 0.353761 0.200766 0.222203 0.021860
2 0.221812 0.219424 0.216372 0.021745
0 0.117156 0.244246 0.083961 0.020385
1 0.192547 0.245732 0.054805 0.019810
2 0.349138 0.249442 0.238031 0.022172
2 0.291330 0.269561 0.358823 0.024552
2 0.285588 0.290705 0.348826 0.024355
2 0.284844 0.311947 0.348826 0.024355
2 0.284100 0.333190 0.348826 0.024355
2 0.164647 0.352094 0.111408 0.019677
0 0.102016 0.378995 0.063135 0.019975
1 0.181572 0.380562 0.083961 0.020385
2 0.310256 0.383723 0.153060 0.020498
0 0.111488 0.406066 0.083961 0.020385
1 0.191877 0.407649 0.064801 0.020007
2 0.345552 0.411302 0.222203 0.021860
2 0.225266 0.430190 0.238031 0.022172
0 0.099368 0.454594 0.063135 0.019975
1 0.167262 0.455931 0.060636 0.019925
2 0.334682 0.459855 0.253859 0.022484
2 0.215645 0.478767 0.222203 0.021860
0 0.097443 0.509575 0.063135 0.019975
1 0.158671 0.510781 0.047307 0.019663
2 0.308598 0.514360 0.232200 0.022057
0 0.096436 0.538315 0.063135 0.019975
1 0.162247 0.539611 0.056471 0.019843
2 0.327584 0.543494 0.253859 0.022484
2 0.188971 0.562020 0.174719 0.020924
0 0.104989 0.591627 0.083961 0.020385
1 0.185794 0.593219 0.065634 0.020024
2 0.329056 0.596666 0.200544 0.021433
0 0.082959 0.625579 0.042309 0.019564
1 0.140439 0.626712 0.060636 0.019925
2 0.315773 0.630792 0.269687 0.022795
2 0.272961 0.651205 0.348826 0.024355
2 0.272217 0.672448 0.348826 0.024355
2 0.271472 0.693691 0.348826 0.024355
2 0.270728 0.714933 0.348826 0.024355
2 0.269984 0.736176 0.348826 0.024355
2 0.269240 0.757419 0.348826 0.024355
2 0.268496 0.778661 0.348826 0.024355
2 0.117387 0.796942 0.048096 0.018430
0 0.086347 0.826340 0.063135 0.019975
1 0.151741 0.827629 0.055638 0.019827
2 0.316663 0.831503 0.253859 0.022484
2 0.115571 0.848799 0.048096 0.018430
0 0.074249 0.874244 0.042309 0.019564
1 0.132979 0.875401 0.063135 0.019975
2 0.309563 0.879505 0.269687 0.022795
2 0.113886 0.896907 0.048096 0.018430
0 0.579114 0.085790 0.063135 0.019975
1 0.654088 0.087268 0.074798 0.020204
2 0.817760 0.091118 0.232200 0.022057
2 0.758703 0.111211 0.348826 0.024355
2 0.757959 0.132454 0.348826 0.024355
2 0.606850 0.150734 0.048096 0.018430
0 0.575722 0.182632 0.063135 0.019975
1 0.644448 0.183986 0.062302 0.019958
2 0.812702 0.187926 0.253859 0.022484
0 0.574475 0.218245 0.063135 0.019975
1 0.641535 0.219566 0.058970 0.019892
2 0.805206 0.223416 0.248027 0.022369
2 0.754063 0.243666 0.348826 0.024355
2 0.758317 0.265007 0.358823 0.024552
2 0.752575 0.286151 0.348826 0.024355
2 0.751831 0.307394 0.348826 0.024355
2 0.751087 0.328636 0.348826 0.024355
2 0.671203 0.348320 0.190547 0.021236
0 0.558415 0.379234 0.042309 0.019564
1 0.622976 0.380506 0.074798 0.020204
2 0.797478 0.384569 0.253859 0.022484
2 0.753415 0.404958 0.358823 0.024552
2 0.752671 0.426201 0.358823 0.024552
2 0.746929 0.447345 0.348826 0.024355
2 0.746185 0.468588 0.348826 0.024355
2 0.745441 0.489831 0.348826 0.024355
2 0.744697 0.511073 0.348826 0.024355
2 0.633157 0.530133 0.127236 0.019989
0 0.551960 0.563545 0.042309 0.019564
1 0.600693 0.564505 0.043142 0.019581
2 0.775194 0.568569 0.285514 0.023107
2 0.741961 0.589171 0.348826 0.024355
2 0.746215 0.610513 0.358823 0.024552
2 0.740473 0.631657 0.348826 0.024355
2 0.744727 0.652998 0.358823 0.024552
2 0.596534 0.671335 0.063924 0.018741
0 0.557689 0.697454 0.063135 0.019975
1 0.631414 0.698907 0.072298 0.020155
2 0.796752 0.702790 0.238031 0.022172
2 0.658139 0.721316 0.190547 0.021236
0 0.566417 0.745768 0.083961 0.020385
1 0.648472 0.747385 0.068133 0.020073
2 0.803814 0.751070 0.222203 0.021860
2 0.577314 0.767865 0.032269 0.018118
0 0.554232 0.796170 0.063135 0.019975
1 0.636287 0.797787 0.088959 0.020483
2 0.802041 0.801678 0.222203 0.021860
2 0.599283 0.818940 0.079752 0.019053
0 0.562916 0.845733 0.083961 0.020385
1 0.655384 0.847555 0.088959 0.020483
2 0.813224 0.851290 0.206375 0.021548
2 0.613382 0.868610 0.111408 0.019677
