0 0.121855 0.077390 0.083914 0.020257
1 0.202665 0.078856 0.065586 0.019924
2 0.361765 0.082369 0.232163 0.021699
2 0.124899 0.099326 0.016393 0.017782
0 0.109809 0.127811 0.063087 0.019879
1 0.184370 0.129164 0.073917 0.020075
2 0.350551 0.132806 0.237995 0.021804
2 0.194495 0.151229 0.158852 0.020368
0 0.097702 0.180106 0.042259 0.019501
1 0.149770 0.181052 0.049757 0.019637
2 0.327614 0.184905 0.285481 0.022666
2 0.161144 0.203139 0.095537 0.019219
0 0.106321 0.235904 0.063087 0.019879
1 0.175467 0.237159 0.063087 0.019879
2 0.344148 0.240846 0.253824 0.022092
2 0.285979 0.261047 0.348796 0.023816
2 0.245722 0.281572 0.269652 0.022379
0 0.104022 0.307133 0.063087 0.019879
1 0.177751 0.308472 0.072251 0.020045
0 0.103135 0.334625 0.063087 0.019879
1 0.175197 0.335933 0.068918 0.019984
0 0.112460 0.368554 0.083914 0.020257
1 0.199518 0.370135 0.078082 0.020151
2 0.359868 0.373670 0.222166 0.021517
2 0.234219 0.392646 0.253824 0.022092
0 0.089798 0.425035 0.042259 0.019501
1 0.161444 0.426335 0.088912 0.020347
2 0.295551 0.429395 0.158852 0.020368
0 0.099244 0.455215 0.063087 0.019879
1 0.171723 0.456531 0.069751 0.020000
2 0.335821 0.460134 0.237995 0.021804
2 0.278902 0.480357 0.348796 0.023816
2 0.278217 0.501601 0.348796 0.023816
2 0.282530 0.522936 0.358793 0.023997
2 0.276846 0.544089 0.348796 0.023816
2 0.141616 0.562890 0.079708 0.018931
0 0.094889 0.590175 0.063087 0.019879
1 0.163619 0.591423 0.062253 0.019863
2 0.331883 0.595102 0.253824 0.022092
2 0.274547 0.615318 0.348796 0.023816
2 0.273862 0.636562 0.348796 0.023816
2 0.273176 0.657805 0.348796 0.023816
2 0.237918 0.678422 0.279649 0.022560
0 0.101714 0.701582 0.083914 0.020257
1 0.183773 0.703071 0.068085 0.019969
2 0.339124 0.706516 0.222166 0.021517
2 0.160158 0.724524 0.127194 0.019793
0 0.089607 0.753878 0.063087 0.019879
1 0.161669 0.755186 0.068918 0.019984
2 0.325351 0.758782 0.237995 0.021804
2 0.190122 0.777583 0.190509 0.020943
0 0.087994 0.803863 0.063087 0.019879
1 0.170886 0.805367 0.090579 0.020378
2 0.337484 0.809017 0.222166 0.021517
2 0.267652 0.829005 0.348796 0.023816
2 0.266967 0.850249 0.348796 0.023816
2 0.266281 0.871493 0.348796 0.023816
2 0.265596 0.892737 0.348796 0.023816
2 0.130366 0.911538 0.079708 0.018931
0 0.567558 0.085480 0.042259 0.019501
1 0.627541 0.086568 0.065586 0.019924
2 0.805385 0.090421 0.269652 0.022379
2 0.662658 0.109087 0.158852 0.020368
0 0.565804 0.139839 0.042259 0.019501
1 0.628702 0.140980 0.071417 0.020030
2 0.809463 0.144886 0.269652 0.022379
2 0.613418 0.162584 0.063879 0.018644
0 0.574403 0.196261 0.063087 0.019879
1 0.639384 0.197441 0.054756 0.019727
2 0.803899 0.201052 0.253824 0.022092
2 0.643261 0.219392 0.127194 0.019793
0 0.562336 0.247307 0.042259 0.019501
1 0.627734 0.248494 0.076416 0.020121
2 0.803079 0.252302 0.253824 0.022092
2 0.752408 0.272638 0.348796 0.023816
2 0.751723 0.293882 0.348796 0.023816
2 0.751037 0.315126 0.348796 0.023816
2 0.615808 0.333928 0.079708 0.018931
0 0.579313 0.367025 0.083914 0.020257
1 0.658040 0.368454 0.061420 0.019848
2 0.817973 0.371982 0.237995 0.021804
2 0.661500 0.390398 0.174680 0.020655
0 0.567226 0.418696 0.063087 0.019879
1 0.642620 0.420065 0.075583 0.020105
2 0.809635 0.423721 0.237995 0.021804
2 0.746884 0.443838 0.348796 0.023816
2 0.746198 0.465082 0.348796 0.023816
2 0.745513 0.486326 0.348796 0.023816
2 0.744827 0.507570 0.348796 0.023816
2 0.744142 0.528813 0.348796 0.023816
2 0.672227 0.548764 0.206338 0.021230
0 0.572579 0.575714 0.083914 0.020257
1 0.656721 0.577241 0.072251 0.020045
0 0.550824 0.604078 0.042259 0.019501
1 0.601643 0.605000 0.047258 0.019591
2 0.778237 0.608831 0.285481 0.022666
2 0.622181 0.627254 0.111365 0.019506
0 0.559524 0.657376 0.063087 0.019879
1 0.634919 0.658745 0.075583 0.020105
2 0.770275 0.661827 0.174680 0.020655
0 0.569051 0.685057 0.083914 0.020257
1 0.647777 0.686486 0.061420 0.019848
2 0.807711 0.690014 0.237995 0.021804
2 0.572094 0.706994 0.016393 0.017782
0 0.567296 0.739416 0.083914 0.020257
1 0.655604 0.741019 0.080581 0.020196
0 0.566228 0.772532 0.083914 0.020257
1 0.650370 0.774059 0.072251 0.020045
2 0.807804 0.777541 0.222166 0.021517
2 0.740471 0.797576 0.358793 0.023997
2 0.734787 0.818729 0.348796 0.023816
2 0.615386 0.837818 0.111365 0.019506
0 0.552770 0.866690 0.063087 0.019879
1 0.627331 0.868043 0.073917 0.020075
2 0.793513 0.871685 0.237995 0.021804
2 0.732428 0.891832 0.348796 0.023816
2 0.731743 0.913076 0.348796 0.023816
2 0.731057 0.934320 0.348796 0.023816
2 0.730372 0.955564 0.348796 0.023816
2 0.595142 0.974365 0.079708 0.018931
