3 0.498529 0.031880 0.997059 0.028624
0 0.084827 0.085875 0.041787 0.018901
1 0.155660 0.085618 0.086786 0.019064
2 0.336495 0.085588 0.253443 0.018418
0 0.085053 0.120874 0.041787 0.018901
1 0.152968 0.120628 0.080953 0.019043
2 0.330887 0.120608 0.253443 0.018418
2 0.281025 0.142039 0.358442 0.018798
2 0.276162 0.163307 0.348442 0.018762
2 0.276298 0.184557 0.348442 0.018762
2 0.281435 0.205789 0.358442 0.018798
2 0.252823 0.227143 0.300943 0.018590
0 0.085951 0.260248 0.041787 0.018901
1 0.143450 0.260039 0.060120 0.018967
0 0.096568 0.291460 0.062620 0.018976
1 0.163234 0.291218 0.057620 0.018958
2 0.329486 0.291241 0.253443 0.018418
2 0.277124 0.312681 0.348442 0.018762
2 0.277261 0.333930 0.348442 0.018762
2 0.277398 0.355180 0.348442 0.018762
2 0.277535 0.376430 0.348442 0.018762
2 0.214339 0.397909 0.221777 0.018303
0 0.087062 0.432746 0.041787 0.018901
1 0.142478 0.432545 0.055953 0.018952
2 0.323730 0.432513 0.285109 0.018533
2 0.283034 0.453911 0.358442 0.018798
2 0.278171 0.475179 0.348442 0.018762
2 0.278308 0.496428 0.348442 0.018762
2 0.278445 0.517678 0.348442 0.018762
2 0.278582 0.538928 0.348442 0.018762
2 0.283718 0.560160 0.358442 0.018798
2 0.207606 0.581686 0.205944 0.018246
0 0.109035 0.609543 0.083453 0.019052
1 0.185284 0.609267 0.055953 0.018952
2 0.342786 0.609321 0.237610 0.018360
2 0.184175 0.631146 0.158444 0.018074
0 0.098960 0.662705 0.062620 0.018976
1 0.174793 0.662430 0.075953 0.019025
2 0.342295 0.662448 0.237610 0.018360
2 0.279516 0.683926 0.348442 0.018762
2 0.263819 0.705233 0.316776 0.018647
0 0.099431 0.735829 0.062620 0.018976
1 0.160681 0.735607 0.046787 0.018919
0 0.089192 0.763367 0.041787 0.018901
1 0.143358 0.763171 0.053454 0.018943
0 0.089401 0.795866 0.041787 0.018901
1 0.162734 0.795601 0.091786 0.019082
2 0.338152 0.795590 0.237610 0.018360
2 0.161625 0.817480 0.110945 0.017901
0 0.089768 0.852741 0.041787 0.018901
1 0.146017 0.852537 0.057620 0.018958
2 0.320186 0.852531 0.269276 0.018475
2 0.280740 0.873924 0.348442 0.018762
2 0.285877 0.895156 0.358442 0.018798
2 0.281014 0.916423 0.348442 0.018762
2 0.194068 0.937989 0.174277 0.018131
0 0.551488 0.084184 0.041787 0.018901
1 0.607321 0.083981 0.056787 0.018955
2 0.781073 0.083977 0.269276 0.018475
2 0.742460 0.105367 0.348442 0.018762
2 0.747597 0.126598 0.358442 0.018798
2 0.747734 0.147848 0.358442 0.018798
2 0.742871 0.169116 0.348442 0.018762
2 0.716342 0.190462 0.295109 0.018569
0 0.562775 0.219144 0.062620 0.018976
1 0.629440 0.218903 0.057620 0.018958
2 0.795693 0.218925 0.253443 0.018418
2 0.748330 0.240347 0.358442 0.018798
2 0.743467 0.261615 0.348442 0.018762
2 0.743604 0.282865 0.348442 0.018762
2 0.743741 0.304114 0.348442 0.018762
2 0.743878 0.325364 0.348442 0.018762
2 0.744015 0.346614 0.348442 0.018762
2 0.744152 0.367864 0.348442 0.018762
2 0.712622 0.389228 0.285109 0.018533
0 0.564079 0.421642 0.062620 0.018976
1 0.633662 0.421390 0.063453 0.018979
2 0.802830 0.421402 0.253443 0.018418
2 0.578387 0.443465 0.015946 0.017557
0 0.554005 0.474804 0.041787 0.018901
1 0.605254 0.474618 0.047620 0.018922
2 0.782340 0.474602 0.285109 0.018533
2 0.749977 0.495969 0.358442 0.018798
2 0.745114 0.517237 0.348442 0.018762
2 0.602752 0.539003 0.063445 0.017729
0 0.565001 0.564765 0.062620 0.018976
1 0.638750 0.564498 0.071787 0.019010
2 0.804169 0.564523 0.237610 0.018360
2 0.626808 0.586416 0.110945 0.017901
0 0.554931 0.618552 0.041787 0.018901
1 0.624097 0.618302 0.083453 0.019052
2 0.803266 0.618277 0.253443 0.018418
2 0.737987 0.639764 0.332609 0.018705
0 0.565710 0.674764 0.062620 0.018976
1 0.636126 0.674509 0.065120 0.018985
2 0.806128 0.674518 0.253443 0.018418
2 0.746266 0.695985 0.348442 0.018762
2 0.751402 0.717216 0.358442 0.018798
2 0.746539 0.738484 0.348442 0.018762
2 0.588345 0.760308 0.031779 0.017615
0 0.576892 0.793475 0.083453 0.019052
1 0.649391 0.793212 0.048454 0.018925
2 0.803143 0.793280 0.237610 0.018360
2 0.667865 0.815020 0.190111 0.018188
0 0.566789 0.842262 0.062620 0.018976
1 0.654288 0.841945 0.099286 0.019109
2 0.817624 0.841978 0.205944 0.018246
2 0.636513 0.863885 0.126778 0.017959
0 0.556679 0.889799 0.041787 0.018901
1 0.605428 0.889622 0.042620 0.018904
2 0.785013 0.889597 0.295109 0.018569
2 0.708068 0.911126 0.269276 0.018475
