1 0.107997 0.084553 0.083348 0.018788
2 0.175914 0.084522 0.039182 0.018768
3 0.332998 0.085076 0.253347 0.017615
3 0.278015 0.106351 0.348347 0.017658
3 0.278032 0.127601 0.348347 0.017658
3 0.278049 0.148851 0.348347 0.017658
3 0.278067 0.170101 0.348347 0.017658
3 0.278084 0.191351 0.348347 0.017658
3 0.254351 0.212612 0.300847 0.017637
0 0.266383 0.148856 0.406788 0.150185
1 0.108124 0.240803 0.083348 0.018788
2 0.188957 0.240766 0.065015 0.018780
3 0.343124 0.241321 0.221681 0.017601
3 0.278141 0.262601 0.348347 0.017658
3 0.278159 0.283851 0.348347 0.017658
3 0.283176 0.305099 0.358347 0.017663
3 0.278193 0.326351 0.348347 0.017658
3 0.278210 0.347601 0.348347 0.017658
3 0.135727 0.368916 0.063347 0.017529
0 0.266509 0.305106 0.406788 0.150185
1 0.087416 0.395813 0.041682 0.018769
2 0.155749 0.395782 0.081682 0.018787
3 0.334083 0.396325 0.253347 0.017615
3 0.112017 0.417676 0.015847 0.017507
0 0.266591 0.406981 0.406702 0.043935
1 0.087460 0.450188 0.041682 0.018769
2 0.154960 0.450157 0.080015 0.018786
3 0.332460 0.450701 0.253347 0.017615
3 0.278311 0.471976 0.348347 0.017658
3 0.278328 0.493226 0.348347 0.017658
3 0.278345 0.514476 0.348347 0.017658
3 0.278362 0.535726 0.348347 0.017658
3 0.278379 0.556976 0.348347 0.017658
3 0.135897 0.578291 0.063347 0.017529
0 0.266678 0.514481 0.406788 0.150185
1 0.098002 0.605808 0.062515 0.018778
2 0.162585 0.605778 0.053348 0.018774
0 0.266753 0.606356 0.406685 0.022685
1 0.098025 0.633933 0.062515 0.018778
2 0.159275 0.633905 0.046682 0.018771
0 0.266775 0.634481 0.406685 0.022685
1 0.108465 0.662678 0.083348 0.018788
2 0.198048 0.662637 0.082515 0.018788
3 0.345132 0.663195 0.190014 0.017586
0 0.266799 0.663231 0.406685 0.022685
1 0.098071 0.691433 0.062515 0.018778
2 0.188071 0.691392 0.104182 0.018797
3 0.353905 0.691941 0.205847 0.017594
3 0.278506 0.713226 0.348347 0.017658
3 0.283523 0.734473 0.358347 0.017663
3 0.278540 0.755726 0.348347 0.017658
3 0.175641 0.777023 0.142514 0.017565
0 0.266856 0.734481 0.406754 0.107685
1 0.087745 0.803313 0.041682 0.018769
2 0.151495 0.803284 0.072515 0.018783
3 0.325246 0.803830 0.253347 0.017615
3 0.183596 0.825144 0.158347 0.017572
0 0.266921 0.814481 0.406702 0.043935
1 0.087791 0.860188 0.041682 0.018769
2 0.153624 0.860158 0.076682 0.018785
3 0.329458 0.860703 0.253347 0.017615
3 0.183642 0.882019 0.158347 0.017572
0 0.266967 0.871356 0.406702 0.043935
1 0.574664 0.084341 0.083348 0.018788
2 0.657581 0.084303 0.069182 0.018781
3 0.813831 0.084857 0.221681 0.017601
3 0.744682 0.106139 0.348347 0.017658
3 0.744699 0.127389 0.348347 0.017658
3 0.697216 0.148660 0.253347 0.017615
0 0.733024 0.116769 0.406736 0.086435
1 0.574742 0.181216 0.083348 0.018788
2 0.659742 0.181177 0.073348 0.018783
3 0.815159 0.181732 0.215847 0.017598
3 0.633927 0.203064 0.126681 0.017558
0 0.733085 0.192394 0.406702 0.043935
1 0.564367 0.231846 0.062515 0.018778
2 0.640200 0.231811 0.075848 0.018784
3 0.807700 0.232360 0.237514 0.017608
3 0.744801 0.253639 0.348347 0.017658
3 0.744818 0.274889 0.348347 0.017658
3 0.744835 0.296139 0.348347 0.017658
3 0.705269 0.317407 0.269181 0.017622
0 0.733151 0.274894 0.406754 0.107685
1 0.564462 0.349346 0.062515 0.018778
2 0.646128 0.349309 0.087515 0.018790
3 0.779879 0.349873 0.158347 0.017572
0 0.733212 0.349894 0.406685 0.022685
1 0.574903 0.380591 0.083348 0.018788
2 0.646570 0.380558 0.046682 0.018771
3 0.804487 0.381112 0.247514 0.017613
3 0.586588 0.402461 0.031681 0.017514
0 0.733246 0.391769 0.406702 0.043935
1 0.554109 0.428725 0.041682 0.018769
2 0.634526 0.428689 0.105848 0.018798
3 0.809110 0.429234 0.221681 0.017601
3 0.744960 0.450514 0.348347 0.017658
3 0.744977 0.471764 0.348347 0.017658
3 0.681661 0.493042 0.221681 0.017601
0 0.733302 0.461144 0.406736 0.086435
1 0.564598 0.518721 0.062515 0.018778
2 0.638765 0.518687 0.072515 0.018783
0 0.733349 0.519269 0.406685 0.022685
1 0.560041 0.550598 0.053348 0.018774
2 0.622958 0.550569 0.059182 0.018777
3 0.797958 0.551115 0.269181 0.017622
3 0.610475 0.572450 0.079181 0.017536
0 0.733383 0.561769 0.406702 0.043935
1 0.564667 0.603721 0.062515 0.018778
2 0.629667 0.603691 0.054182 0.018775
3 0.794251 0.604241 0.253347 0.017615
3 0.750102 0.625511 0.358347 0.017663
3 0.745119 0.646764 0.348347 0.017658
3 0.745136 0.668014 0.348347 0.017658
3 0.745153 0.689264 0.348347 0.017658
3 0.745170 0.710514 0.348347 0.017658
3 0.745187 0.731764 0.348347 0.017658
3 0.745205 0.753014 0.348347 0.017658
3 0.689805 0.774289 0.237514 0.017608
0 0.733486 0.689269 0.406822 0.192685
1 0.554414 0.805600 0.041682 0.018769
2 0.607330 0.805576 0.050848 0.018773
3 0.767331 0.806128 0.247514 0.017613
0 0.733581 0.806144 0.406685 0.022685
1 0.560274 0.838723 0.053348 0.018774
2 0.642357 0.838685 0.097515 0.018794
3 0.812774 0.839233 0.221681 0.017601
3 0.689875 0.860539 0.237514 0.017608
0 0.733616 0.849894 0.406702 0.043935
1 0.564899 0.889971 0.062515 0.018778
2 0.638232 0.889937 0.070848 0.018782
3 0.803232 0.890487 0.237514 0.017608
3 0.587000 0.911836 0.031681 0.017514
0 0.733658 0.901144 0.406702 0.043935
