1 0.118262 0.079211 0.083765 0.019860
2 0.208247 0.080413 0.083765 0.019860
3 0.363625 0.083113 0.206216 0.020246
3 0.248138 0.102824 0.269539 0.021091
0 0.276303 0.092573 0.407641 0.049173
1 0.106615 0.130939 0.062935 0.019582
2 0.173271 0.131829 0.057936 0.019515
3 0.336564 0.134635 0.247876 0.020802
3 0.286484 0.155219 0.348694 0.022148
3 0.285980 0.176466 0.348694 0.022148
3 0.290474 0.197779 0.358692 0.022282
3 0.277055 0.218853 0.332863 0.021937
0 0.274315 0.176310 0.409154 0.112913
1 0.103885 0.245920 0.062935 0.019582
2 0.177207 0.246900 0.071267 0.019693
3 0.342166 0.249728 0.237878 0.020669
0 0.272594 0.248799 0.407136 0.027927
1 0.092625 0.281401 0.042105 0.019303
2 0.144700 0.282096 0.049604 0.019404
3 0.322573 0.285097 0.285370 0.021303
3 0.282908 0.305820 0.348694 0.022148
3 0.282404 0.327067 0.348694 0.022148
3 0.123591 0.346200 0.032077 0.017920
0 0.270991 0.316288 0.408650 0.091666
1 0.111170 0.377914 0.083765 0.019860
2 0.206571 0.379188 0.094597 0.020004
3 0.359449 0.381855 0.190385 0.020034
3 0.280624 0.402055 0.348694 0.022148
3 0.280119 0.423302 0.348694 0.022148
0 0.268959 0.401899 0.408145 0.070420
1 0.099004 0.451513 0.062935 0.019582
2 0.179408 0.452587 0.085432 0.019882
3 0.343534 0.455404 0.222047 0.020457
3 0.112649 0.473574 0.016246 0.017709
0 0.267460 0.465014 0.407641 0.049173
1 0.097773 0.503380 0.062935 0.019582
2 0.168595 0.504325 0.066268 0.019626
3 0.338970 0.507226 0.253709 0.020880
3 0.187656 0.526459 0.168722 0.019745
0 0.266229 0.516881 0.407641 0.049173
1 0.106867 0.559135 0.083765 0.019860
2 0.184772 0.560175 0.059602 0.019537
3 0.343898 0.562926 0.237878 0.020669
3 0.276321 0.583276 0.348694 0.022148
3 0.275817 0.604523 0.348694 0.022148
3 0.275312 0.625770 0.348694 0.022148
3 0.274808 0.647016 0.348694 0.022148
0 0.264152 0.604367 0.409154 0.112913
1 0.093604 0.678977 0.062935 0.019582
2 0.169008 0.679984 0.075433 0.019748
3 0.336050 0.682840 0.237878 0.020669
3 0.273472 0.703257 0.348694 0.022148
3 0.272968 0.724504 0.348694 0.022148
3 0.272464 0.745751 0.348694 0.022148
3 0.271959 0.766997 0.348694 0.022148
3 0.105231 0.786024 0.016246 0.017709
0 0.261051 0.734972 0.409659 0.134160
1 0.079895 0.817566 0.042105 0.019303
2 0.130720 0.818245 0.047104 0.019370
3 0.307344 0.821228 0.285370 0.021303
3 0.119786 0.839977 0.047908 0.018131
0 0.258766 0.831206 0.407641 0.049173
1 0.089168 0.865822 0.062935 0.019582
2 0.159573 0.866762 0.065435 0.019615
3 0.329531 0.869657 0.253709 0.020880
3 0.274036 0.890170 0.358692 0.022282
3 0.268532 0.911349 0.348694 0.022148
3 0.268027 0.932596 0.348694 0.022148
3 0.267523 0.953843 0.348694 0.022148
3 0.267019 0.975089 0.348694 0.022148
3 0.100290 0.994116 0.016246 0.017709
0 0.256363 0.932440 0.410163 0.155406
1 0.564024 0.085164 0.042105 0.019303
2 0.618599 0.085893 0.054603 0.019470
3 0.798972 0.088927 0.285370 0.021303
3 0.754308 0.109584 0.348694 0.022148
3 0.753804 0.130830 0.348694 0.022148
3 0.753299 0.152077 0.348694 0.022148
3 0.757794 0.173391 0.358692 0.022282
3 0.752290 0.194570 0.348694 0.022148
3 0.609309 0.213914 0.063739 0.018343
0 0.741634 0.151921 0.410163 0.155406
1 0.570612 0.246528 0.062935 0.019582
2 0.646016 0.247535 0.075433 0.019748
3 0.813058 0.250391 0.237878 0.020669
3 0.750480 0.270808 0.348694 0.022148
3 0.583752 0.289835 0.016246 0.017709
0 0.738816 0.270653 0.408145 0.070420
1 0.568831 0.321516 0.062935 0.019582
2 0.636320 0.322417 0.059602 0.019537
3 0.803362 0.325273 0.253709 0.020880
3 0.669546 0.344739 0.190385 0.020034
0 0.737287 0.335017 0.407641 0.049173
1 0.567674 0.370258 0.062935 0.019582
2 0.633080 0.371132 0.055436 0.019481
0 0.736382 0.373136 0.407136 0.027927
1 0.567051 0.396504 0.062935 0.019582
2 0.659953 0.397745 0.110428 0.020216
3 0.828661 0.400623 0.206216 0.020246
3 0.659850 0.419622 0.174554 0.019823
0 0.735507 0.410005 0.407641 0.049173
1 0.555464 0.445732 0.042105 0.019303
2 0.629619 0.446722 0.093764 0.019993
3 0.805826 0.449701 0.237878 0.020669
3 0.750747 0.470218 0.358692 0.022282
3 0.750242 0.491465 0.358692 0.022282
3 0.713077 0.512222 0.285370 0.021303
0 0.733830 0.480619 0.408650 0.091666
1 0.573994 0.542870 0.083765 0.019860
2 0.665230 0.544088 0.086265 0.019893
3 0.821857 0.546805 0.206216 0.020246
3 0.743448 0.567011 0.348694 0.022148
3 0.711282 0.587835 0.285370 0.021303
0 0.731783 0.566856 0.408145 0.070420
1 0.551473 0.613830 0.042105 0.019303
2 0.604381 0.614537 0.051270 0.019426
0 0.730596 0.616848 0.407136 0.027927
1 0.550716 0.645700 0.042105 0.019303
2 0.614456 0.646552 0.072934 0.019715
3 0.788164 0.649496 0.253709 0.020880
3 0.741000 0.670120 0.348694 0.022148
3 0.745495 0.691433 0.358692 0.022282
3 0.605429 0.710816 0.079570 0.018554
0 0.729083 0.680588 0.408650 0.091666
1 0.548387 0.743810 0.042105 0.019303
2 0.607544 0.744600 0.063768 0.019593
3 0.752923 0.747166 0.206216 0.020246
0 0.727510 0.746827 0.407136 0.027927
1 0.558164 0.770820 0.062935 0.019582
2 0.623987 0.771699 0.056270 0.019493
3 0.789362 0.774532 0.253709 0.020880
3 0.603471 0.793303 0.079570 0.018554
0 0.726620 0.784321 0.407641 0.049173
1 0.567377 0.821576 0.083765 0.019860
2 0.644448 0.822605 0.057936 0.019515
3 0.802742 0.825344 0.237878 0.020669
3 0.681423 0.844977 0.237878 0.020669
0 0.725418 0.834938 0.407641 0.049173
1 0.545301 0.873789 0.042105 0.019303
2 0.609874 0.874652 0.074600 0.019737
3 0.789414 0.877674 0.263707 0.021013
3 0.632684 0.896835 0.142893 0.019400
0 0.724172 0.887430 0.407641 0.049173
