3 0.493153 0.035118 0.986306 0.041860
0 0.085556 0.091262 0.063046 0.019799
1 0.155122 0.090088 0.063880 0.019813
2 0.260947 0.088928 0.127159 0.019632
0 0.071347 0.117758 0.033054 0.019293
1 0.120085 0.116936 0.052216 0.019617
2 0.299225 0.114539 0.285453 0.022302
2 0.272369 0.136247 0.358767 0.023539
2 0.273006 0.157492 0.358767 0.023539
2 0.268644 0.178821 0.348770 0.023371
2 0.269282 0.200066 0.348770 0.023371
2 0.269919 0.221310 0.348770 0.023371
2 0.215153 0.243489 0.237965 0.021501
0 0.091197 0.279339 0.063046 0.019799
1 0.159096 0.278194 0.060547 0.019757
0 0.102585 0.311655 0.083874 0.020151
1 0.186731 0.310236 0.072211 0.019954
2 0.344210 0.308204 0.222135 0.021234
2 0.273198 0.330657 0.348770 0.023371
2 0.273835 0.351902 0.348770 0.023371
2 0.242814 0.373681 0.285453 0.022302
0 0.105284 0.401633 0.083874 0.020151
1 0.178182 0.400403 0.049716 0.019575
2 0.300670 0.398961 0.174647 0.020433
0 0.085412 0.433851 0.042218 0.019448
1 0.145397 0.432839 0.065546 0.019842
2 0.307458 0.430730 0.237965 0.021501
0 0.096650 0.461168 0.063046 0.019799
1 0.159135 0.460114 0.049716 0.019575
2 0.329110 0.457872 0.269623 0.022035
2 0.214360 0.481063 0.222135 0.021234
0 0.098075 0.508656 0.063046 0.019799
1 0.174305 0.507370 0.077209 0.020038
2 0.342198 0.505163 0.237965 0.021501
2 0.279102 0.527483 0.348770 0.023371
2 0.121445 0.551398 0.032183 0.018030
0 0.100192 0.579263 0.063046 0.019799
1 0.168092 0.578118 0.060547 0.019757
0 0.111656 0.614079 0.083874 0.020151
1 0.191219 0.612737 0.063046 0.019799
2 0.344116 0.610782 0.222135 0.021234
2 0.282269 0.633081 0.348770 0.023371
2 0.282906 0.654326 0.348770 0.023371
2 0.288542 0.675486 0.358767 0.023539
2 0.284180 0.696815 0.348770 0.023371
2 0.205671 0.719395 0.190477 0.020700
0 0.115872 0.754668 0.083874 0.020151
1 0.199601 0.753256 0.071378 0.019940
2 0.356663 0.751231 0.222135 0.021234
2 0.291484 0.773586 0.358767 0.023539
2 0.287122 0.794915 0.348770 0.023371
2 0.287760 0.816160 0.348770 0.023371
2 0.232994 0.838339 0.237965 0.021501
0 0.098399 0.866866 0.042218 0.019448
1 0.151719 0.865967 0.052216 0.019617
2 0.322944 0.863703 0.269623 0.022035
0 0.099298 0.896859 0.042218 0.019448
1 0.150119 0.896001 0.047217 0.019532
2 0.326759 0.893646 0.285453 0.022302
2 0.132446 0.918180 0.032183 0.018030
0 0.552105 0.083391 0.063046 0.019799
1 0.625836 0.082147 0.072211 0.019954
2 0.767486 0.080382 0.190477 0.020700
0 0.563456 0.114457 0.083874 0.020151
1 0.640103 0.113164 0.057215 0.019701
2 0.758425 0.111793 0.158818 0.020166
0 0.543546 0.145426 0.042218 0.019448
1 0.601865 0.144442 0.062213 0.019785
0 0.554747 0.171494 0.063046 0.019799
1 0.633894 0.170158 0.083041 0.020137
2 0.801787 0.167951 0.232133 0.021403
2 0.601225 0.192590 0.079671 0.018831
0 0.546020 0.227905 0.042218 0.019448
1 0.603922 0.226928 0.061380 0.019771
2 0.779729 0.224587 0.269623 0.022035
2 0.642485 0.248158 0.158818 0.020166
0 0.568328 0.276916 0.083874 0.020151
1 0.652057 0.275504 0.071378 0.019940
2 0.809119 0.273479 0.222135 0.021234
2 0.704367 0.296502 0.279621 0.022204
0 0.559601 0.333328 0.063046 0.019799
1 0.627917 0.332175 0.061380 0.019771
2 0.787895 0.330101 0.237965 0.021501
0 0.560407 0.360196 0.063046 0.019799
1 0.637887 0.358889 0.079709 0.020081
0 0.571833 0.393762 0.083874 0.020151
1 0.645147 0.392525 0.050550 0.019589
2 0.799710 0.390542 0.237965 0.021501
2 0.742446 0.412764 0.348770 0.023371
2 0.743083 0.434008 0.348770 0.023371
2 0.743720 0.455253 0.348770 0.023371
2 0.749356 0.476413 0.358767 0.023539
2 0.650018 0.499345 0.158818 0.020166
0 0.575899 0.529352 0.083874 0.020151
1 0.663377 0.527876 0.078876 0.020066
2 0.816274 0.525922 0.206306 0.020967
2 0.627792 0.550357 0.111330 0.019365
0 0.577455 0.581214 0.083874 0.020151
1 0.668265 0.579682 0.085541 0.020179
2 0.824494 0.577672 0.206306 0.020967
2 0.708494 0.600884 0.269623 0.022035
0 0.558145 0.632178 0.042218 0.019448
1 0.620212 0.631131 0.069711 0.019912
2 0.800186 0.628720 0.269623 0.022035
2 0.749586 0.650829 0.348770 0.023371
2 0.755222 0.671989 0.358767 0.023539
2 0.755859 0.693233 0.358767 0.023539
2 0.624863 0.716699 0.095501 0.019098
0 0.572044 0.748223 0.063046 0.019799
1 0.645776 0.746979 0.072211 0.019954
2 0.811169 0.744814 0.237965 0.021501
2 0.618522 0.769319 0.079671 0.018831
0 0.573562 0.798835 0.063046 0.019799
1 0.643128 0.797661 0.063880 0.019813
2 0.812271 0.795433 0.253794 0.021768
0 0.584988 0.832401 0.083874 0.020151
1 0.662469 0.831093 0.058881 0.019729
2 0.821197 0.829041 0.237965 0.021501
2 0.660625 0.853005 0.158818 0.020166
0 0.565622 0.881490 0.042218 0.019448
1 0.622691 0.880527 0.059714 0.019743
2 0.802664 0.878116 0.279621 0.022204
2 0.757063 0.900140 0.348770 0.023371
2 0.757700 0.921385 0.348770 0.023371
2 0.763336 0.942545 0.358767 0.023539
2 0.758975 0.963874 0.348770 0.023371
2 0.672550 0.986588 0.174647 0.020433
