1 0.109023 0.084010 0.083364 0.018828
2 0.198606 0.084094 0.082531 0.018827
3 0.353605 0.084863 0.205862 0.017692
3 0.144403 0.105918 0.079196 0.017574
0 0.267337 0.095408 0.406739 0.044129
1 0.108944 0.131510 0.083364 0.018828
2 0.196027 0.131591 0.077531 0.018822
3 0.356443 0.132366 0.221696 0.017707
3 0.278908 0.153543 0.348362 0.017825
3 0.278873 0.174793 0.348362 0.017825
3 0.283837 0.196048 0.358362 0.017834
3 0.283802 0.217298 0.358362 0.017834
3 0.278767 0.238543 0.348362 0.017825
3 0.278732 0.259793 0.348362 0.017825
3 0.231196 0.280999 0.253362 0.017736
0 0.267153 0.206658 0.406950 0.171629
1 0.098222 0.315875 0.062531 0.018808
2 0.160722 0.315933 0.049198 0.018796
3 0.330721 0.316717 0.269195 0.017751
3 0.144019 0.337793 0.079196 0.017574
0 0.266953 0.327282 0.406739 0.044129
1 0.108553 0.367135 0.083364 0.018828
2 0.185220 0.367206 0.056698 0.018803
0 0.266886 0.367907 0.406704 0.022879
1 0.087663 0.401490 0.041698 0.018789
2 0.153496 0.401552 0.076698 0.018822
0 0.266829 0.402282 0.406704 0.022879
1 0.098029 0.432125 0.062531 0.018808
2 0.167196 0.432189 0.062531 0.018808
3 0.335944 0.432972 0.253362 0.017736
3 0.132993 0.454033 0.057529 0.017554
0 0.266760 0.443532 0.406739 0.044129
1 0.108360 0.484010 0.083364 0.018828
2 0.197943 0.484093 0.082531 0.018827
3 0.352942 0.484863 0.205862 0.017692
3 0.207073 0.505977 0.205862 0.017692
0 0.266674 0.495407 0.406739 0.044129
1 0.097855 0.537125 0.062531 0.018808
2 0.161188 0.537184 0.050864 0.018797
3 0.332020 0.537968 0.269195 0.017751
3 0.278235 0.559168 0.348362 0.017825
3 0.278200 0.580418 0.348362 0.017825
3 0.262331 0.601653 0.316695 0.017795
0 0.266551 0.569782 0.406809 0.086629
1 0.108114 0.632135 0.083364 0.018828
2 0.178947 0.632201 0.045031 0.018792
0 0.266446 0.632907 0.406704 0.022879
1 0.087235 0.659615 0.041698 0.018789
2 0.147652 0.659671 0.065864 0.018811
3 0.325984 0.660463 0.269195 0.017751
3 0.119699 0.681520 0.031696 0.017530
0 0.266383 0.671032 0.406739 0.044129
1 0.107983 0.710884 0.083364 0.018828
2 0.187983 0.710959 0.063364 0.018809
3 0.341315 0.711727 0.221696 0.017707
3 0.277947 0.732918 0.348362 0.017825
3 0.277912 0.754168 0.348362 0.017825
3 0.282876 0.775423 0.358362 0.017834
3 0.277841 0.796668 0.348362 0.017825
3 0.254056 0.817896 0.300862 0.017781
0 0.266227 0.764782 0.406880 0.129129
1 0.097346 0.844000 0.062531 0.018808
2 0.178596 0.844075 0.086698 0.018831
3 0.343595 0.844854 0.221696 0.017707
3 0.182726 0.865954 0.158362 0.017648
0 0.266077 0.855407 0.406739 0.044129
1 0.565273 0.084436 0.062531 0.018808
2 0.642773 0.084508 0.079198 0.018824
0 0.734021 0.085218 0.406704 0.022879
1 0.565221 0.115686 0.062531 0.018808
2 0.635637 0.115751 0.065031 0.018811
3 0.805636 0.116535 0.253362 0.017736
3 0.745601 0.137729 0.348362 0.017825
3 0.745566 0.158979 0.348362 0.017825
3 0.745531 0.180229 0.348362 0.017825
3 0.745495 0.201479 0.348362 0.017825
3 0.610877 0.222603 0.079196 0.017574
0 0.733881 0.169593 0.406880 0.129129
1 0.554582 0.249426 0.041698 0.018789
2 0.614166 0.249481 0.064198 0.018810
0 0.733748 0.250218 0.406704 0.022879
1 0.554530 0.280676 0.041698 0.018789
2 0.607447 0.280725 0.050864 0.018797
3 0.786196 0.281517 0.285029 0.017766
3 0.658244 0.302647 0.174196 0.017662
0 0.733678 0.292093 0.406739 0.044129
1 0.564858 0.334435 0.062531 0.018808
2 0.627358 0.334494 0.049198 0.018796
3 0.797357 0.335277 0.269195 0.017751
3 0.599822 0.356343 0.057529 0.017554
0 0.733589 0.345843 0.406739 0.044129
1 0.564766 0.390060 0.062531 0.018808
2 0.637266 0.390128 0.069198 0.018815
3 0.801431 0.390906 0.237529 0.017722
3 0.634313 0.412000 0.126696 0.017618
0 0.733497 0.401468 0.406739 0.044129
1 0.554264 0.441301 0.041698 0.018789
2 0.608847 0.441351 0.054198 0.018801
0 0.733430 0.442093 0.406704 0.022879
1 0.575041 0.475070 0.083364 0.018828
2 0.644208 0.475135 0.041698 0.018789
0 0.733374 0.475843 0.406704 0.022879
1 0.564568 0.509435 0.062531 0.018808
2 0.638318 0.509504 0.071698 0.018817
3 0.761233 0.510244 0.152529 0.017642
0 0.733317 0.510218 0.406704 0.022879
1 0.564509 0.545060 0.062531 0.018808
2 0.632842 0.545124 0.060864 0.018807
3 0.761174 0.545869 0.174196 0.017662
0 0.733257 0.545843 0.406704 0.022879
1 0.554043 0.574425 0.041698 0.018789
2 0.619043 0.574486 0.075031 0.018820
3 0.794042 0.575274 0.253362 0.017736
3 0.744840 0.596478 0.348362 0.017825
3 0.744805 0.617728 0.348362 0.017825
3 0.721020 0.638956 0.300862 0.017781
0 0.733156 0.607093 0.406809 0.086629
1 0.574722 0.667570 0.083364 0.018828
2 0.644722 0.667635 0.043364 0.018790
3 0.803888 0.668409 0.253362 0.017736
3 0.744686 0.689603 0.348362 0.017825
3 0.744650 0.710853 0.348362 0.017825
3 0.744615 0.732103 0.348362 0.017825
0 0.733001 0.700218 0.406809 0.086629
1 0.553725 0.766300 0.041698 0.018789
2 0.620392 0.766363 0.078364 0.018823
3 0.797057 0.767152 0.253362 0.017736
3 0.704939 0.788316 0.269195 0.017751
0 0.732873 0.777717 0.406739 0.044129
1 0.553634 0.821300 0.041698 0.018789
2 0.630300 0.821372 0.098364 0.018842
3 0.806133 0.822161 0.231696 0.017716
3 0.749431 0.843358 0.358362 0.017834
3 0.744396 0.864603 0.348362 0.017825
3 0.744360 0.885853 0.348362 0.017825
3 0.744325 0.907103 0.348362 0.017825
3 0.633457 0.928250 0.126696 0.017618
0 0.732711 0.875217 0.406880 0.129129
