1 0.106257 0.079907 0.062867 0.019450
2 0.194997 0.080904 0.102030 0.019889
3 0.359550 0.083377 0.206160 0.019809
3 0.286217 0.103806 0.348644 0.021409
3 0.290792 0.125109 0.358642 0.021521
3 0.290368 0.146357 0.358642 0.021521
3 0.284945 0.167548 0.348644 0.021409
3 0.284520 0.188796 0.348644 0.021409
3 0.284096 0.210044 0.348644 0.021409
3 0.141188 0.229691 0.063676 0.018209
0 0.273491 0.156794 0.410039 0.175796
1 0.092299 0.257271 0.042036 0.019216
2 0.146459 0.257879 0.053702 0.019347
3 0.271016 0.259902 0.174496 0.019453
0 0.271433 0.259907 0.407070 0.027063
1 0.112419 0.293126 0.083698 0.019683
2 0.191577 0.294014 0.062034 0.019440
3 0.328216 0.296174 0.190328 0.019631
0 0.270722 0.295528 0.407070 0.027063
1 0.090977 0.323513 0.042036 0.019216
2 0.145970 0.324131 0.055368 0.019365
3 0.323855 0.326753 0.279485 0.020632
3 0.123036 0.345751 0.032012 0.017854
0 0.269899 0.336773 0.407494 0.048311
1 0.089866 0.379132 0.042036 0.019216
2 0.143194 0.379731 0.052035 0.019328
0 0.269001 0.381768 0.407070 0.027063
1 0.110086 0.409987 0.083698 0.019683
2 0.199243 0.410988 0.082032 0.019665
3 0.353796 0.413349 0.206160 0.019809
3 0.152978 0.432346 0.095339 0.018565
0 0.268177 0.423014 0.407494 0.048311
1 0.109013 0.463731 0.083698 0.019683
2 0.179006 0.464517 0.043703 0.019234
3 0.338142 0.466929 0.253654 0.020342
3 0.207316 0.486713 0.206160 0.019809
0 0.267104 0.476758 0.407494 0.048311
1 0.087047 0.520366 0.042036 0.019216
2 0.155373 0.521133 0.082032 0.019665
3 0.333674 0.523760 0.253654 0.020342
3 0.198265 0.543492 0.190328 0.019631
0 0.265969 0.533626 0.407494 0.048311
1 0.086087 0.568486 0.042036 0.019216
2 0.142330 0.569117 0.057868 0.019393
3 0.316465 0.571698 0.269486 0.020520
3 0.118146 0.590723 0.032012 0.017854
0 0.265009 0.581746 0.407494 0.048311
1 0.095429 0.622347 0.062867 0.019450
2 0.164588 0.623123 0.062867 0.019450
3 0.317475 0.625465 0.221991 0.019987
0 0.264148 0.624866 0.407070 0.027063
1 0.105246 0.652460 0.083698 0.019683
2 0.198986 0.653513 0.091197 0.019768
3 0.358122 0.655925 0.206160 0.019809
3 0.279790 0.676298 0.358642 0.021521
3 0.274366 0.697489 0.348644 0.021409
3 0.278942 0.718793 0.358642 0.021521
3 0.273518 0.739984 0.348644 0.021409
3 0.209768 0.760521 0.221991 0.019987
0 0.262489 0.707982 0.409191 0.133301
1 0.092186 0.784828 0.062867 0.019450
2 0.164678 0.785642 0.069533 0.019524
3 0.328814 0.788110 0.237823 0.020164
3 0.272146 0.808727 0.348644 0.021409
3 0.276721 0.830030 0.358642 0.021521
3 0.271298 0.851222 0.348644 0.021409
3 0.270874 0.872469 0.348644 0.021409
3 0.143797 0.892295 0.095339 0.018565
0 0.259844 0.840467 0.409191 0.133301
1 0.562456 0.085030 0.042036 0.019216
2 0.617866 0.085652 0.056201 0.019375
3 0.751589 0.087778 0.190328 0.019631
0 0.741590 0.087666 0.407070 0.027063
1 0.567615 0.118841 0.053702 0.019347
2 0.623859 0.119473 0.046202 0.019262
0 0.740916 0.121412 0.407070 0.027063
1 0.561096 0.153147 0.042036 0.019216
2 0.619423 0.153802 0.062034 0.019440
3 0.795641 0.156406 0.269486 0.020520
3 0.751472 0.177162 0.348644 0.021409
3 0.753131 0.198433 0.352810 0.021455
3 0.755623 0.219713 0.358642 0.021521
3 0.750199 0.240905 0.348644 0.021409
3 0.654786 0.261086 0.158665 0.019276
0 0.739170 0.208902 0.409191 0.133301
1 0.579283 0.285866 0.083698 0.019683
2 0.660524 0.286778 0.066200 0.019487
0 0.737586 0.288269 0.407070 0.027063
1 0.578659 0.317113 0.083698 0.019683
2 0.653651 0.317955 0.053702 0.019347
3 0.809871 0.320334 0.237823 0.020164
3 0.708624 0.340449 0.269486 0.020520
0 0.736750 0.330139 0.407494 0.048311
1 0.556780 0.369373 0.042036 0.019216
2 0.620523 0.370089 0.072866 0.019562
3 0.778410 0.372486 0.221991 0.019987
0 0.735914 0.372009 0.407070 0.027063
1 0.566572 0.400736 0.062867 0.019450
2 0.630315 0.401452 0.052035 0.019328
3 0.738207 0.403288 0.142833 0.019098
0 0.735291 0.403256 0.407070 0.027063
1 0.576439 0.428350 0.083698 0.019683
2 0.655180 0.429234 0.061201 0.019431
0 0.734742 0.430753 0.407070 0.027063
1 0.554946 0.461238 0.042036 0.019216
2 0.604108 0.461790 0.043703 0.019234
3 0.784075 0.464435 0.295316 0.020810
3 0.745322 0.485253 0.348644 0.021409
3 0.744898 0.506500 0.348644 0.021409
3 0.744474 0.527748 0.348644 0.021409
3 0.693638 0.548429 0.247822 0.020277
0 0.733232 0.506369 0.408767 0.112054
1 0.563142 0.572592 0.062867 0.019450
2 0.641883 0.573476 0.082032 0.019665
3 0.812268 0.576014 0.237823 0.020164
3 0.592702 0.594801 0.047844 0.018031
0 0.731648 0.585735 0.407494 0.048311
1 0.572509 0.625203 0.083698 0.019683
2 0.656250 0.626143 0.071200 0.019543
3 0.805387 0.628443 0.206160 0.019809
0 0.730812 0.627606 0.407070 0.027063
1 0.561470 0.656333 0.062867 0.019450
2 0.639795 0.657212 0.081199 0.019655
3 0.801847 0.659657 0.221991 0.019987
0 0.730189 0.658852 0.407070 0.027063
1 0.560946 0.682580 0.062867 0.019450
2 0.621773 0.683263 0.046202 0.019262
3 0.782159 0.685689 0.253654 0.020342
0 0.729665 0.685099 0.407070 0.027063
1 0.549969 0.710585 0.042036 0.019216
2 0.599964 0.711146 0.045369 0.019253
3 0.775765 0.713745 0.285317 0.020698
3 0.740345 0.734600 0.348644 0.021409
3 0.739920 0.755847 0.348644 0.021409
3 0.739496 0.777095 0.348644 0.021409
3 0.739072 0.798342 0.348644 0.021409
3 0.738648 0.819590 0.348644 0.021409
3 0.743223 0.840894 0.358642 0.021521
3 0.690305 0.861552 0.253654 0.020342
0 0.727619 0.787588 0.410039 0.175796
1 0.546377 0.890564 0.042036 0.019216
2 0.597204 0.891135 0.047036 0.019272
3 0.773839 0.893743 0.285317 0.020698
3 0.736752 0.914579 0.348644 0.021409
3 0.736328 0.935827 0.348644 0.021409
3 0.735904 0.957075 0.348644 0.021409
3 0.648406 0.977345 0.174496 0.019453
0 0.724663 0.935696 0.408767 0.112054
