3 0.498503 0.032506 0.997007 0.028693
0 0.084776 0.085903 0.041789 0.018904
1 0.137276 0.085710 0.050122 0.018934
2 0.315611 0.085676 0.285111 0.018552
0 0.085002 0.120278 0.041789 0.018904
1 0.140418 0.120073 0.055956 0.018956
2 0.321670 0.120029 0.285111 0.018552
2 0.162228 0.141868 0.120947 0.017946
0 0.106196 0.175200 0.083455 0.019058
1 0.184529 0.174911 0.060122 0.018971
2 0.344114 0.174947 0.237612 0.018377
2 0.276338 0.196447 0.348444 0.018786
2 0.281477 0.217679 0.358444 0.018823
2 0.252867 0.239034 0.300945 0.018611
0 0.096387 0.267738 0.062622 0.018981
1 0.168053 0.267473 0.067622 0.018999
2 0.331388 0.267495 0.237612 0.018377
2 0.166113 0.289355 0.126780 0.017968
0 0.096707 0.316487 0.062622 0.018981
1 0.182539 0.316170 0.095955 0.019104
2 0.352125 0.316169 0.221779 0.018318
2 0.142683 0.338193 0.079281 0.017792
0 0.086639 0.369650 0.041789 0.018904
1 0.149138 0.369419 0.070122 0.019008
0 0.107649 0.396448 0.083455 0.019058
1 0.190564 0.396141 0.069289 0.019005
2 0.346817 0.396189 0.221779 0.018318
2 0.277790 0.417695 0.348444 0.018786
2 0.111682 0.439558 0.015948 0.017558
0 0.093137 0.470877 0.053456 0.018947
1 0.147303 0.470677 0.041789 0.018904
2 0.258139 0.470893 0.158446 0.018085
0 0.087489 0.499023 0.041789 0.018904
1 0.143738 0.498816 0.057622 0.018962
2 0.317907 0.498797 0.269278 0.018494
2 0.175548 0.520573 0.142613 0.018026
0 0.087837 0.552148 0.041789 0.018904
1 0.141587 0.551949 0.052622 0.018944
0 0.088014 0.579022 0.041789 0.018904
1 0.146763 0.578805 0.062622 0.018981
2 0.320515 0.578789 0.263445 0.018472
2 0.136490 0.600719 0.063447 0.017734
0 0.088346 0.629647 0.041789 0.018904
1 0.158762 0.629387 0.085955 0.019067
2 0.339181 0.629345 0.253445 0.018435
2 0.284321 0.650798 0.358444 0.018823
2 0.279460 0.672067 0.348444 0.018786
2 0.279600 0.693316 0.348444 0.018786
2 0.208490 0.714829 0.205946 0.018260
0 0.084547 0.749037 0.032623 0.018870
1 0.147463 0.748805 0.080122 0.019045
2 0.332881 0.748745 0.269278 0.018494
2 0.280105 0.770190 0.348444 0.018786
2 0.280244 0.791440 0.348444 0.018786
2 0.114136 0.813304 0.015948 0.017558
0 0.100199 0.848356 0.062622 0.018981
1 0.156448 0.848148 0.036789 0.018885
0 0.089955 0.874644 0.041789 0.018904
1 0.150371 0.874421 0.065956 0.018993
2 0.328706 0.874387 0.269278 0.018494
2 0.122598 0.896399 0.031781 0.017617
0 0.551437 0.084180 0.041789 0.018904
1 0.601853 0.083994 0.045956 0.018919
2 0.778105 0.083968 0.285111 0.018552
2 0.584081 0.105935 0.031781 0.017617
0 0.551782 0.136679 0.041789 0.018904
1 0.621364 0.136422 0.084289 0.019061
2 0.777200 0.136472 0.205946 0.018260
0 0.551987 0.167929 0.041789 0.018904
1 0.616986 0.167689 0.075122 0.019027
2 0.791988 0.167668 0.253445 0.018435
2 0.742962 0.189099 0.348444 0.018786
2 0.743101 0.210349 0.348444 0.018786
2 0.743241 0.231598 0.348444 0.018786
2 0.743380 0.252848 0.348444 0.018786
2 0.743520 0.274098 0.348444 0.018786
2 0.743659 0.295348 0.348444 0.018786
2 0.688383 0.316802 0.237612 0.018377
0 0.563581 0.347263 0.062622 0.018981
1 0.635247 0.346999 0.067622 0.018999
2 0.766916 0.347137 0.174279 0.018143
0 0.553390 0.381676 0.041789 0.018904
1 0.613390 0.381455 0.065122 0.018990
2 0.791308 0.381423 0.269278 0.018494
2 0.744365 0.402846 0.348444 0.018786
2 0.744505 0.424096 0.348444 0.018786
2 0.744644 0.445346 0.348444 0.018786
2 0.744784 0.466596 0.348444 0.018786
2 0.744923 0.487845 0.348444 0.018786
2 0.745063 0.509095 0.348444 0.018786
2 0.618537 0.530813 0.095114 0.017851
0 0.575430 0.565347 0.083455 0.019058
1 0.654179 0.565056 0.060956 0.018974
2 0.814181 0.565091 0.237612 0.018377
2 0.713905 0.586711 0.285111 0.018552
0 0.554929 0.616049 0.041789 0.018904
1 0.616178 0.615822 0.067622 0.018999
0 0.565526 0.643510 0.062622 0.018981
1 0.624692 0.643291 0.042623 0.018907
2 0.788444 0.643312 0.263445 0.018472
2 0.651086 0.665069 0.158446 0.018085
0 0.555479 0.699798 0.041789 0.018904
1 0.614645 0.699579 0.063456 0.018984
2 0.752147 0.699696 0.190113 0.018201
0 0.555684 0.731047 0.041789 0.018904
1 0.604434 0.730867 0.042623 0.018907
2 0.755269 0.730935 0.237612 0.018377
0 0.576747 0.765970 0.083455 0.019058
1 0.657579 0.765671 0.065122 0.018990
2 0.811748 0.765727 0.221779 0.018318
2 0.636057 0.787626 0.126780 0.017968
0 0.577063 0.814094 0.083455 0.019058
1 0.662062 0.813780 0.073456 0.019021
2 0.820398 0.813821 0.221779 0.018318
2 0.747205 0.835341 0.348444 0.018786
2 0.747344 0.856591 0.348444 0.018786
2 0.747484 0.877841 0.348444 0.018786
2 0.747623 0.899090 0.348444 0.018786
2 0.747763 0.920340 0.348444 0.018786
2 0.747902 0.941590 0.348444 0.018786
2 0.748042 0.962840 0.348444 0.018786
2 0.748181 0.984089 0.348444 0.018786
2 0.597906 0.998528 0.047614 0.002943
