3 0.497488 0.034391 0.994976 0.031215
0 0.093338 0.086888 0.062705 0.019138
1 0.170002 0.086412 0.077705 0.019231
2 0.338336 0.085991 0.237685 0.018976
2 0.123579 0.108576 0.047692 0.017795
0 0.083488 0.138201 0.041872 0.019008
1 0.145986 0.137813 0.070205 0.019184
0 0.083868 0.172575 0.041872 0.019008
1 0.142616 0.172210 0.062705 0.019138
2 0.319283 0.171737 0.269351 0.019172
2 0.164107 0.193952 0.126856 0.018287
0 0.084427 0.223199 0.041872 0.019008
1 0.153591 0.222769 0.083538 0.019267
2 0.332759 0.222280 0.253518 0.019074
2 0.275496 0.243887 0.348515 0.019665
2 0.275730 0.265136 0.348515 0.019665
2 0.280965 0.286354 0.358514 0.019727
2 0.276200 0.307634 0.348515 0.019665
2 0.276435 0.328884 0.348515 0.019665
2 0.276670 0.350133 0.348515 0.019665
2 0.276904 0.371382 0.348515 0.019665
2 0.282139 0.392600 0.358514 0.019727
2 0.126963 0.414816 0.047692 0.017795
0 0.086893 0.446316 0.041872 0.019008
1 0.144807 0.445956 0.061038 0.019127
0 0.093043 0.475029 0.053539 0.019081
1 0.168458 0.474560 0.084371 0.019273
2 0.340125 0.474118 0.237685 0.018976
2 0.230780 0.496048 0.253518 0.019074
0 0.098214 0.528123 0.062705 0.019138
1 0.177378 0.527631 0.082704 0.019262
0 0.108920 0.554308 0.083538 0.019267
1 0.205167 0.553709 0.096037 0.019345
2 0.358918 0.553379 0.190187 0.018680
2 0.279156 0.575125 0.348515 0.019665
2 0.279391 0.596375 0.348515 0.019665
2 0.284625 0.617593 0.358514 0.019727
2 0.169031 0.639562 0.126856 0.018287
0 0.110218 0.671804 0.083538 0.019267
1 0.198965 0.671252 0.081038 0.019252
2 0.353134 0.670919 0.206020 0.018779
2 0.193374 0.693163 0.174354 0.018582
0 0.110778 0.722427 0.083538 0.019267
1 0.191192 0.721927 0.064372 0.019148
2 0.344943 0.721596 0.221852 0.018877
2 0.281014 0.743244 0.348515 0.019665
2 0.281248 0.764494 0.348515 0.019665
2 0.281483 0.785743 0.348515 0.019665
2 0.139223 0.807878 0.063525 0.017893
0 0.091250 0.840677 0.041872 0.019008
1 0.148332 0.840323 0.059372 0.019117
2 0.328333 0.839829 0.279350 0.019235
2 0.287319 0.861334 0.358514 0.019727
2 0.282554 0.882615 0.348515 0.019665
2 0.282789 0.903864 0.348515 0.019665
2 0.283023 0.925113 0.348515 0.019665
2 0.283258 0.946363 0.348515 0.019665
2 0.228078 0.967956 0.237685 0.018976
0 0.549572 0.084053 0.041872 0.019008
1 0.618736 0.083623 0.083538 0.019267
2 0.797904 0.083134 0.253518 0.019074
2 0.742724 0.104728 0.352681 0.019690
2 0.590464 0.126925 0.047692 0.017795
0 0.571247 0.160170 0.083538 0.019267
1 0.653328 0.159660 0.067705 0.019169
2 0.808746 0.159319 0.221852 0.018877
2 0.606905 0.181825 0.079357 0.017991
0 0.571807 0.210794 0.083538 0.019267
1 0.656804 0.210265 0.073538 0.019205
0 0.561694 0.238358 0.062705 0.019138
1 0.631275 0.237925 0.063538 0.019143
2 0.768777 0.237695 0.190187 0.018680
0 0.561998 0.265857 0.062705 0.019138
1 0.622413 0.265481 0.045206 0.019029
2 0.790331 0.265062 0.269351 0.019172
2 0.742650 0.286609 0.348515 0.019665
2 0.742885 0.307859 0.348515 0.019665
2 0.743120 0.329108 0.348515 0.019665
2 0.743355 0.350357 0.348515 0.019665
2 0.748589 0.371575 0.358514 0.019727
2 0.712159 0.393053 0.285184 0.019271
0 0.574148 0.422661 0.083538 0.019267
1 0.654562 0.422162 0.064372 0.019148
2 0.808313 0.421831 0.221852 0.018877
2 0.744384 0.443479 0.348515 0.019665
2 0.744619 0.464728 0.348515 0.019665
2 0.744853 0.485978 0.348515 0.019665
2 0.578844 0.508260 0.016026 0.017598
0 0.564989 0.536472 0.062705 0.019138
1 0.641653 0.535996 0.077705 0.019231
2 0.809987 0.535574 0.237685 0.018976
2 0.666477 0.557717 0.190187 0.018680
0 0.576026 0.592656 0.083538 0.019267
1 0.651857 0.592184 0.055205 0.019091
2 0.808942 0.591833 0.237685 0.018976
2 0.667098 0.613965 0.190187 0.018680
0 0.566142 0.640844 0.062705 0.019138
1 0.650722 0.640318 0.093537 0.019329
2 0.819057 0.639897 0.221852 0.018877
2 0.588466 0.662581 0.031859 0.017696
0 0.566743 0.695217 0.062705 0.019138
1 0.626324 0.694847 0.043539 0.019019
2 0.793409 0.694433 0.269351 0.019172
2 0.589067 0.716954 0.031859 0.017696
0 0.556948 0.751530 0.041872 0.019008
1 0.614863 0.751170 0.061038 0.019127
2 0.790697 0.750702 0.269351 0.019172
2 0.589689 0.773202 0.031859 0.017696
0 0.557507 0.802153 0.041872 0.019008
1 0.610839 0.801821 0.051872 0.019070
2 0.790006 0.801333 0.285184 0.019271
2 0.661496 0.823382 0.174354 0.018582
0 0.578886 0.851397 0.083538 0.019267
1 0.655550 0.850920 0.056872 0.019102
2 0.813468 0.850564 0.237685 0.018976
2 0.749122 0.872214 0.348515 0.019665
2 0.749356 0.893464 0.348515 0.019665
2 0.754591 0.914682 0.358514 0.019727
2 0.749826 0.935962 0.348515 0.019665
2 0.755061 0.957180 0.358514 0.019727
2 0.750296 0.978461 0.348515 0.019665
2 0.615952 0.995775 0.079357 0.008449
