1 0.108107 0.084495 0.083344 0.018776
2 0.185607 0.084471 0.058344 0.018768
3 0.344357 0.085048 0.237510 0.017573
3 0.278119 0.106318 0.348343 0.017607
3 0.278131 0.127568 0.348343 0.017607
3 0.283142 0.148816 0.358343 0.017610
3 0.278154 0.170068 0.348343 0.017607
3 0.151499 0.191357 0.095010 0.017529
0 0.266470 0.138196 0.406737 0.128875
1 0.097767 0.225748 0.062510 0.018769
2 0.176934 0.225724 0.082510 0.018775
3 0.347768 0.226297 0.237510 0.017573
3 0.230696 0.247582 0.253343 0.017578
0 0.266523 0.236946 0.406690 0.043875
1 0.108212 0.277620 0.083344 0.018776
2 0.179462 0.277598 0.045844 0.018764
3 0.339879 0.278174 0.253343 0.017578
3 0.206974 0.299465 0.205843 0.017563
0 0.266552 0.288821 0.406690 0.043875
1 0.087409 0.332001 0.041677 0.018763
2 0.156575 0.331980 0.083344 0.018776
3 0.335742 0.332550 0.253343 0.017578
3 0.151587 0.353857 0.095010 0.017529
0 0.266581 0.343196 0.406690 0.043875
1 0.087437 0.385126 0.041677 0.018763
2 0.144104 0.385109 0.058344 0.018768
3 0.271188 0.385695 0.174176 0.017553
0 0.266604 0.385696 0.406679 0.022625
1 0.108289 0.419495 0.083344 0.018776
2 0.198289 0.419467 0.083344 0.018776
3 0.353706 0.420045 0.205843 0.017563
3 0.214968 0.441337 0.221676 0.017568
0 0.266629 0.430696 0.406690 0.043875
1 0.087486 0.475126 0.041677 0.018763
2 0.141236 0.475110 0.052510 0.018766
3 0.317903 0.475681 0.279176 0.017585
3 0.278332 0.496943 0.348343 0.017607
3 0.278343 0.518193 0.348343 0.017607
3 0.278355 0.539443 0.348343 0.017607
3 0.278366 0.560693 0.348343 0.017607
3 0.283378 0.581941 0.358343 0.017610
3 0.278389 0.603193 0.348343 0.017607
3 0.175484 0.624474 0.142510 0.017544
0 0.266694 0.550071 0.406760 0.171375
1 0.087582 0.650126 0.041677 0.018763
2 0.140915 0.650110 0.051677 0.018766
3 0.320082 0.650680 0.285010 0.017587
3 0.207177 0.671965 0.205843 0.017563
0 0.266754 0.661321 0.406690 0.043875
1 0.087613 0.707001 0.041677 0.018763
2 0.139696 0.706985 0.049177 0.018765
3 0.317613 0.707556 0.285010 0.017587
3 0.223041 0.728835 0.237510 0.017573
0 0.266785 0.718196 0.406690 0.043875
1 0.108472 0.754495 0.083344 0.018776
2 0.199722 0.754467 0.085844 0.018776
0 0.266806 0.755071 0.406679 0.022625
1 0.108487 0.782620 0.083344 0.018776
2 0.203070 0.782591 0.092510 0.018778
3 0.355154 0.783169 0.190010 0.017558
0 0.266821 0.783196 0.406679 0.022625
1 0.087668 0.808876 0.041677 0.018763
2 0.159335 0.808854 0.088344 0.018777
3 0.333085 0.809426 0.237510 0.017573
3 0.278513 0.830693 0.348343 0.017607
3 0.283525 0.851941 0.358343 0.017610
3 0.283536 0.873191 0.358343 0.017610
3 0.231048 0.894457 0.253343 0.017578
0 0.266858 0.851946 0.406725 0.107625
1 0.574774 0.084352 0.083344 0.018776
2 0.650190 0.084329 0.054177 0.018767
0 0.733107 0.084929 0.406679 0.022625
1 0.574792 0.117477 0.083344 0.018776
2 0.653958 0.117453 0.061677 0.018769
3 0.814375 0.118029 0.237510 0.017573
3 0.713137 0.139310 0.285010 0.017587
0 0.733131 0.128679 0.406690 0.043875
1 0.564401 0.164980 0.062510 0.018769
2 0.639818 0.164957 0.075010 0.018773
3 0.806901 0.165531 0.237510 0.017573
3 0.744830 0.186800 0.348343 0.017607
3 0.744841 0.208050 0.348343 0.017607
3 0.744853 0.229300 0.348343 0.017607
3 0.610281 0.250591 0.079176 0.017524
0 0.733174 0.208054 0.406725 0.107625
1 0.564463 0.278730 0.062510 0.018769
2 0.627796 0.278711 0.050844 0.018766
3 0.795713 0.279284 0.263343 0.017581
3 0.744891 0.300550 0.348343 0.017607
3 0.744903 0.321800 0.348343 0.017607
3 0.744915 0.343050 0.348343 0.017607
3 0.744926 0.364300 0.348343 0.017607
3 0.744938 0.385550 0.348343 0.017607
0 0.733242 0.332429 0.406737 0.128875
1 0.574956 0.419352 0.083344 0.018776
2 0.672873 0.419322 0.099177 0.018780
3 0.828290 0.419899 0.190010 0.017558
3 0.642051 0.441206 0.142510 0.017544
0 0.733296 0.430554 0.406690 0.043875
1 0.554149 0.468108 0.041677 0.018763
2 0.627066 0.468086 0.090844 0.018778
3 0.802066 0.468657 0.237510 0.017573
3 0.744995 0.489925 0.348343 0.017607
3 0.745006 0.511175 0.348343 0.017607
3 0.750018 0.532423 0.358343 0.017610
3 0.618363 0.553714 0.095010 0.017529
0 0.733339 0.511179 0.406725 0.107625
1 0.564631 0.587480 0.062510 0.018769
2 0.643381 0.587456 0.081677 0.018775
3 0.813798 0.588029 0.237510 0.017573
3 0.750060 0.609298 0.358343 0.017610
3 0.745071 0.630550 0.348343 0.017607
3 0.745083 0.651800 0.348343 0.017607
3 0.750094 0.673048 0.358343 0.017610
3 0.745106 0.694300 0.348343 0.017607
3 0.713451 0.715560 0.285010 0.017587
0 0.733416 0.651804 0.406748 0.150125
1 0.554302 0.749358 0.041677 0.018763
2 0.608052 0.749342 0.052510 0.018766
3 0.787636 0.749912 0.285010 0.017587
3 0.634314 0.771209 0.126676 0.017539
0 0.733475 0.760554 0.406690 0.043875
1 0.554330 0.799358 0.041677 0.018763
2 0.626413 0.799336 0.089177 0.018777
3 0.800580 0.799908 0.237510 0.017573
3 0.745175 0.821175 0.348343 0.017607
3 0.745186 0.842425 0.348343 0.017607
3 0.634365 0.863709 0.126676 0.017539
0 0.733514 0.831804 0.406714 0.086375
1 0.554379 0.889983 0.041677 0.018763
2 0.605629 0.889968 0.047510 0.018765
3 0.779796 0.890539 0.279176 0.017585
3 0.745224 0.911800 0.348343 0.017607
3 0.745236 0.933050 0.348343 0.017607
3 0.745247 0.954300 0.348343 0.017607
3 0.745259 0.975550 0.348343 0.017607
3 0.674020 0.996822 0.205843 0.017563
0 0.733575 0.943679 0.406737 0.128875
