1 0.115679 0.080535 0.083656 0.019573
2 0.202755 0.081397 0.077823 0.019515
3 0.339399 0.083374 0.174459 0.019222
0 0.273988 0.082727 0.407027 0.026522
1 0.104725 0.111055 0.062824 0.019367
2 0.166386 0.111665 0.047826 0.019218
3 0.335527 0.113964 0.269451 0.020162
3 0.284741 0.134713 0.348611 0.020945
3 0.284367 0.155961 0.348611 0.020945
3 0.283993 0.177209 0.348611 0.020945
3 0.283619 0.198458 0.348611 0.020945
3 0.283246 0.219706 0.348611 0.020945
0 0.272514 0.166470 0.408896 0.132763
1 0.112667 0.251770 0.083656 0.019573
2 0.203075 0.252665 0.084489 0.019581
3 0.358884 0.254832 0.206123 0.019535
3 0.203107 0.274542 0.190291 0.019379
0 0.270788 0.264586 0.407401 0.047770
1 0.090889 0.305310 0.041993 0.019161
2 0.159633 0.305990 0.082823 0.019565
3 0.338357 0.308384 0.253619 0.020005
3 0.286321 0.329121 0.358610 0.021044
3 0.280948 0.350319 0.348611 0.020945
3 0.169750 0.370471 0.126964 0.018752
0 0.269469 0.339580 0.408149 0.090267
1 0.110039 0.401132 0.083656 0.019573
2 0.184199 0.401866 0.051992 0.019260
3 0.336675 0.404000 0.231954 0.019791
0 0.268347 0.403324 0.407027 0.026522
1 0.099007 0.436026 0.062824 0.019367
2 0.173584 0.436764 0.073657 0.019474
3 0.339809 0.439034 0.237787 0.019849
3 0.120704 0.458118 0.031972 0.017812
0 0.267545 0.448945 0.407401 0.047770
1 0.108444 0.491750 0.083656 0.019573
2 0.183854 0.492496 0.054492 0.019284
3 0.340497 0.494671 0.237787 0.019849
3 0.222633 0.514757 0.237787 0.019849
0 0.266566 0.504565 0.407401 0.047770
1 0.086777 0.539039 0.041993 0.019161
2 0.149688 0.539662 0.071157 0.019449
3 0.330495 0.542076 0.269451 0.020162
3 0.277209 0.562801 0.348611 0.020945
3 0.276835 0.584049 0.348611 0.020945
3 0.276461 0.605297 0.348611 0.020945
3 0.276088 0.626545 0.348611 0.020945
3 0.275714 0.647793 0.348611 0.020945
3 0.180348 0.668101 0.158627 0.019065
0 0.264796 0.605182 0.409270 0.154011
1 0.104783 0.699856 0.083656 0.019573
2 0.196442 0.700764 0.086989 0.019606
3 0.353500 0.702943 0.206123 0.019535
3 0.147728 0.722158 0.095300 0.018439
0 0.262905 0.712672 0.407401 0.047770
1 0.103914 0.749227 0.083656 0.019573
2 0.177241 0.749953 0.050326 0.019243
3 0.308052 0.751872 0.190291 0.019379
0 0.262223 0.751419 0.407027 0.026522
1 0.092960 0.779746 0.062824 0.019367
2 0.166287 0.780472 0.071157 0.019449
3 0.336261 0.782779 0.247786 0.019948
3 0.193816 0.802621 0.190291 0.019379
0 0.261497 0.792665 0.407401 0.047770
1 0.102408 0.834845 0.083656 0.019573
2 0.186567 0.835678 0.071990 0.019458
3 0.344043 0.837861 0.221955 0.019692
3 0.113689 0.856833 0.031972 0.017812
0 0.260530 0.847661 0.407401 0.047770
1 0.101473 0.887965 0.083656 0.019573
2 0.185216 0.888794 0.071157 0.019449
3 0.342275 0.890973 0.221955 0.019692
3 0.271074 0.911520 0.348611 0.020945
3 0.270700 0.932769 0.348611 0.020945
3 0.270326 0.954017 0.348611 0.020945
3 0.262036 0.975187 0.332779 0.020789
0 0.259034 0.932653 0.408522 0.111515
1 0.582305 0.085153 0.083656 0.019573
2 0.663965 0.085962 0.066991 0.019408
3 0.818940 0.088120 0.221955 0.019692
3 0.751906 0.108709 0.348611 0.020945
3 0.751532 0.129957 0.348611 0.020945
3 0.751158 0.151205 0.348611 0.020945
3 0.750784 0.172453 0.348611 0.020945
3 0.710830 0.193310 0.269451 0.020162
0 0.739679 0.140466 0.408896 0.132763
1 0.559099 0.219935 0.041993 0.019161
2 0.620760 0.220546 0.068657 0.019425
3 0.800317 0.222948 0.269451 0.020162
3 0.733699 0.243540 0.316947 0.020632
0 0.738052 0.232957 0.407401 0.047770
1 0.578930 0.277012 0.083656 0.019573
2 0.660173 0.277816 0.066157 0.019400
3 0.814732 0.279970 0.221955 0.019692
3 0.669370 0.299784 0.190291 0.019379
0 0.737051 0.289828 0.407401 0.047770
1 0.567557 0.331279 0.062824 0.019367
2 0.633802 0.331934 0.056992 0.019309
3 0.767946 0.333887 0.190291 0.019379
0 0.736282 0.333574 0.407027 0.026522
1 0.577401 0.363879 0.083656 0.019573
2 0.647395 0.364572 0.043659 0.019177
3 0.806537 0.366772 0.253619 0.020005
3 0.747002 0.387434 0.348611 0.020945
3 0.738712 0.408604 0.332779 0.020789
0 0.735336 0.387319 0.407775 0.069019
1 0.555196 0.441791 0.041993 0.019161
2 0.628939 0.442521 0.092822 0.019664
0 0.734336 0.444189 0.407027 0.026522
1 0.554712 0.469289 0.041993 0.019161
2 0.613457 0.469870 0.062824 0.019367
3 0.790097 0.472243 0.269451 0.020162
3 0.681816 0.492424 0.221955 0.019692
0 0.733665 0.482311 0.407401 0.047770
1 0.564193 0.522512 0.062824 0.019367
2 0.627104 0.523135 0.050326 0.019243
0 0.732917 0.524807 0.407027 0.026522
1 0.574048 0.554488 0.083656 0.019573
2 0.647791 0.555217 0.051159 0.019251
0 0.732356 0.556679 0.407027 0.026522
1 0.552667 0.585529 0.041993 0.019161
2 0.607662 0.586073 0.055325 0.019293
3 0.733057 0.587939 0.174459 0.019222
0 0.731807 0.587927 0.407027 0.026522
1 0.552205 0.611776 0.041993 0.019161
2 0.604700 0.612296 0.050326 0.019243
0 0.731345 0.614174 0.407027 0.026522
1 0.551589 0.646773 0.041993 0.019161
2 0.628666 0.647536 0.099488 0.019730
0 0.730729 0.649171 0.407027 0.026522
1 0.561477 0.676874 0.062824 0.019367
2 0.639387 0.677645 0.080323 0.019540
3 0.808945 0.679948 0.237787 0.019849
3 0.741493 0.700532 0.348611 0.020945
3 0.741119 0.721780 0.348611 0.020945
3 0.740745 0.743029 0.348611 0.020945
3 0.740372 0.764277 0.348611 0.020945
3 0.739998 0.785525 0.348611 0.020945
3 0.668380 0.806068 0.206123 0.019535
0 0.729080 0.742913 0.409270 0.154011
1 0.558750 0.831860 0.062824 0.019367
2 0.627078 0.832536 0.061158 0.019350
3 0.794969 0.834823 0.253619 0.020005
3 0.738766 0.855519 0.348611 0.020945
3 0.738393 0.876767 0.348611 0.020945
3 0.738019 0.898015 0.348611 0.020945
3 0.737645 0.919263 0.348611 0.020945
3 0.737271 0.940511 0.348611 0.020945
3 0.736897 0.961759 0.348611 0.020945
3 0.741523 0.983057 0.358610 0.021044
3 0.736149 1.000000 0.348611 0.020945
3 0.569540 1.000000 0.016140 0.017655
0 0.725792 0.929772 0.410392 0.217756
