1 0.168750 0.085938 0.102500 0.021875
0 0.266667 0.095312 0.400000 0.040625
1 0.180833 0.139063 0.126667 0.021875
0 0.266667 0.148438 0.400000 0.040625
1 0.227500 0.191562 0.126667 0.021875
0 0.266667 0.200937 0.400000 0.040625
1 0.181667 0.241563 0.081667 0.021875
0 0.266667 0.250937 0.400000 0.040625
1 0.192500 0.290938 0.103333 0.021875
0 0.266667 0.290938 0.400000 0.021875
1 0.211250 0.320937 0.140833 0.021875
0 0.266667 0.330313 0.400000 0.040625
1 0.180833 0.371563 0.080000 0.021875
0 0.266667 0.380937 0.400000 0.040625
1 0.216250 0.422187 0.104167 0.021875
0 0.266667 0.431563 0.400000 0.040625
1 0.211667 0.470313 0.095000 0.021875
0 0.266667 0.479687 0.400000 0.040625
1 0.197500 0.519687 0.113333 0.021875
0 0.266667 0.557187 0.400000 0.096875
1 0.215417 0.625938 0.102500 0.021875
0 0.266667 0.663438 0.400000 0.096875
1 0.171250 0.733437 0.060833 0.021875
0 0.266667 0.761563 0.400000 0.078125
1 0.172500 0.822187 0.110000 0.021875
0 0.266667 0.831562 0.400000 0.040625
1 0.220833 0.874062 0.113333 0.021875
0 0.266667 0.892813 0.400000 0.059375
1 0.699583 0.085938 0.137500 0.021875
0 0.733333 0.085938 0.400000 0.021875
1 0.661667 0.115937 0.108333 0.021875
0 0.733333 0.115937 0.400000 0.021875
1 0.655000 0.149688 0.048333 0.021875
0 0.733333 0.187188 0.400000 0.096875
1 0.688750 0.253437 0.115833 0.021875
0 0.733333 0.300312 0.400000 0.115625
1 0.655000 0.381563 0.095000 0.021875
0 0.733333 0.381563 0.400000 0.021875
1 0.638750 0.414062 0.109167 0.021875
0 0.733333 0.451562 0.400000 0.096875
1 0.681250 0.517188 0.100833 0.021875
0 0.733333 0.526563 0.400000 0.040625
1 0.673750 0.569688 0.085833 0.021875
0 0.733333 0.569688 0.400000 0.021875
1 0.636667 0.599063 0.105000 0.021875
0 0.733333 0.599063 0.400000 0.021875
1 0.689583 0.629062 0.117500 0.021875
0 0.733333 0.675937 0.400000 0.115625
1 0.692500 0.754687 0.123333 0.021875
0 0.733333 0.764062 0.400000 0.040625
1 0.648333 0.806562 0.128333 0.021875
0 0.733333 0.815937 0.400000 0.040625
1 0.681250 0.855938 0.100833 0.021875
0 0.733333 0.865313 0.400000 0.040625
1 0.684167 0.902813 0.106667 0.021875
0 0.733333 0.912188 0.400000 0.040625
