3 0.497572 0.039390 0.995144 0.031074
0 0.093441 0.086831 0.062700 0.019129
1 0.172605 0.086350 0.082700 0.019251
0 0.104242 0.122392 0.083533 0.019256
1 0.181323 0.121924 0.057701 0.019099
2 0.339658 0.121587 0.237681 0.018942
2 0.258640 0.143330 0.316845 0.019423
0 0.104755 0.169890 0.083533 0.019256
1 0.186002 0.169397 0.066034 0.019149
2 0.340587 0.169083 0.221848 0.018846
2 0.279986 0.190701 0.358511 0.019676
2 0.280215 0.211951 0.358511 0.019676
2 0.275445 0.233230 0.348511 0.019616
2 0.275674 0.254480 0.348511 0.019616
2 0.228405 0.276018 0.253514 0.019038
0 0.106254 0.308636 0.083533 0.019256
1 0.192501 0.308112 0.076033 0.019210
2 0.344169 0.307815 0.206016 0.018750
0 0.106537 0.334885 0.083533 0.019256
1 0.176118 0.334462 0.042701 0.019008
2 0.334870 0.334123 0.253514 0.019038
2 0.221353 0.356063 0.237681 0.018942
0 0.086238 0.384385 0.041868 0.019003
1 0.157069 0.383955 0.086866 0.019276
0 0.097025 0.418695 0.062700 0.019129
1 0.163273 0.418293 0.056867 0.019094
2 0.329108 0.417911 0.253514 0.019038
0 0.086987 0.453758 0.041868 0.019003
1 0.139069 0.453441 0.049368 0.019048
2 0.316986 0.452985 0.285180 0.019231
2 0.198886 0.474954 0.190183 0.018654
0 0.097964 0.505568 0.062700 0.019129
1 0.166295 0.505153 0.061034 0.019119
2 0.334213 0.504757 0.253514 0.019038
2 0.151948 0.527115 0.095186 0.018077
0 0.098504 0.555566 0.062700 0.019129
1 0.171835 0.555120 0.071034 0.019180
2 0.336836 0.554743 0.237681 0.018942
2 0.279151 0.576344 0.348511 0.019616
2 0.279380 0.597594 0.348511 0.019616
2 0.279610 0.618843 0.348511 0.019616
2 0.279839 0.640092 0.348511 0.019616
2 0.280069 0.661341 0.348511 0.019616
2 0.285298 0.682560 0.358511 0.019676
2 0.201364 0.704321 0.190183 0.018654
0 0.110871 0.736122 0.083533 0.019256
1 0.204618 0.735552 0.091033 0.019301
0 0.100826 0.770559 0.062700 0.019129
1 0.172907 0.770121 0.068534 0.019165
2 0.336658 0.769751 0.237681 0.018942
2 0.138977 0.792203 0.063520 0.017884
0 0.091010 0.826245 0.041868 0.019003
1 0.160175 0.825825 0.083533 0.019256
2 0.339342 0.825362 0.253514 0.019038
2 0.139578 0.847826 0.063520 0.017884
0 0.112457 0.882992 0.083533 0.019256
1 0.200788 0.882455 0.080200 0.019235
0 0.560092 0.083996 0.062700 0.019129
1 0.626340 0.083594 0.056867 0.019094
2 0.792175 0.083211 0.253514 0.019038
2 0.653659 0.105304 0.174350 0.018558
0 0.571028 0.132056 0.083533 0.019256
1 0.648109 0.131588 0.057701 0.019099
2 0.808527 0.131239 0.241848 0.018968
0 0.550513 0.161557 0.041868 0.019003
1 0.625511 0.161101 0.095199 0.019327
2 0.770929 0.160843 0.174350 0.018558
0 0.550844 0.192181 0.041868 0.019003
1 0.604592 0.191854 0.052701 0.019068
2 0.784176 0.191388 0.285180 0.019231
2 0.615245 0.213665 0.095186 0.018077
0 0.572284 0.248303 0.083533 0.019256
1 0.666448 0.247731 0.091866 0.019306
2 0.826032 0.247386 0.206016 0.018750
2 0.695016 0.269433 0.253514 0.019038
0 0.551991 0.298428 0.041868 0.019003
1 0.614073 0.298050 0.069367 0.019170
2 0.794073 0.297582 0.269347 0.019135
2 0.600559 0.320008 0.063520 0.017884
0 0.563002 0.353362 0.062700 0.019129
1 0.643832 0.352871 0.086033 0.019271
2 0.808417 0.352496 0.221848 0.018846
2 0.632819 0.374814 0.126852 0.018269
0 0.553146 0.405299 0.041868 0.019003
1 0.622310 0.404879 0.083533 0.019256
2 0.801478 0.404415 0.253514 0.019038
2 0.749209 0.425984 0.358511 0.019676
2 0.749438 0.447233 0.358511 0.019676
2 0.749668 0.468482 0.358511 0.019676
2 0.744897 0.489762 0.348511 0.019616
2 0.750127 0.510981 0.358511 0.019676
2 0.663276 0.532759 0.184350 0.018618
0 0.565229 0.559606 0.062700 0.019129
1 0.623144 0.559254 0.040201 0.018992
2 0.788562 0.558874 0.269347 0.019135
2 0.745876 0.580384 0.348511 0.019616
2 0.746106 0.601633 0.348511 0.019616
2 0.753418 0.622839 0.362677 0.019702
2 0.746565 0.644132 0.348511 0.019616
2 0.746794 0.665381 0.348511 0.019616
2 0.588696 0.687592 0.031855 0.017692
0 0.577387 0.720787 0.083533 0.019256
1 0.659051 0.720291 0.066867 0.019154
2 0.814053 0.719974 0.221848 0.018846
2 0.605122 0.742494 0.063520 0.017884
0 0.567531 0.772724 0.062700 0.019129
1 0.646278 0.772245 0.081866 0.019246
2 0.777114 0.772075 0.158517 0.018461
0 0.567869 0.803973 0.062700 0.019129
1 0.644533 0.803507 0.077700 0.019220
2 0.809951 0.803127 0.231848 0.018907
2 0.748516 0.824751 0.348511 0.019616
2 0.753745 0.845970 0.358511 0.019676
2 0.753974 0.867219 0.358511 0.019676
0 0.558431 0.894658 0.041868 0.019003
1 0.607596 0.894359 0.043534 0.019013
2 0.782597 0.893921 0.285180 0.019231
2 0.749494 0.915373 0.348511 0.019616
2 0.749724 0.936622 0.348511 0.019616
2 0.749953 0.957871 0.348511 0.019616
2 0.750183 0.979121 0.348511 0.019616
2 0.750412 0.995281 0.348511 0.009438
