0 0.114349 0.081223 0.083599 0.019425
1 0.187678 0.081818 0.050267 0.019154
2 0.326411 0.083568 0.206074 0.019168
0 0.093102 0.109802 0.041935 0.019087
1 0.158098 0.110329 0.075266 0.019357
2 0.333079 0.112374 0.253571 0.019554
2 0.283609 0.133224 0.348565 0.020324
2 0.288302 0.154513 0.358565 0.020405
2 0.282996 0.175721 0.348565 0.020324
2 0.195611 0.196264 0.174409 0.018911
0 0.101779 0.230505 0.062767 0.019256
1 0.181774 0.231153 0.084432 0.019431
0 0.101400 0.256753 0.062767 0.019256
1 0.160564 0.257233 0.042768 0.019094
2 0.279714 0.258824 0.174409 0.018911
0 0.090525 0.288542 0.041935 0.019087
1 0.147188 0.289001 0.058600 0.019222
2 0.321752 0.291042 0.269403 0.019682
2 0.122708 0.310679 0.031917 0.017756
0 0.089831 0.336664 0.041935 0.019087
1 0.138578 0.337059 0.042768 0.019094
2 0.313142 0.339100 0.285236 0.019810
2 0.280338 0.360085 0.348565 0.020324
2 0.280031 0.381334 0.348565 0.020324
2 0.279725 0.402583 0.348565 0.020324
2 0.279419 0.423832 0.348565 0.020324
2 0.284112 0.445121 0.358565 0.020405
2 0.160063 0.465366 0.111079 0.018398
0 0.097976 0.494239 0.062767 0.019256
1 0.160056 0.494743 0.048601 0.019141
2 0.313788 0.496615 0.237738 0.019425
0 0.097463 0.529862 0.062767 0.019256
1 0.163709 0.530399 0.056934 0.019208
2 0.329523 0.532369 0.253571 0.019554
2 0.111313 0.551851 0.016085 0.017627
0 0.086263 0.584150 0.041935 0.019087
1 0.149176 0.584660 0.071100 0.019323
2 0.329989 0.586751 0.269403 0.019682
2 0.276769 0.607571 0.348565 0.020324
2 0.276463 0.628820 0.348565 0.020324
2 0.276157 0.650068 0.348565 0.020324
2 0.275850 0.671317 0.348565 0.020324
2 0.275544 0.692566 0.348565 0.020324
2 0.211908 0.713301 0.221906 0.019297
0 0.104779 0.744934 0.083599 0.019425
1 0.178941 0.745536 0.051934 0.019168
2 0.334340 0.747421 0.237738 0.019425
2 0.274454 0.768187 0.348565 0.020324
2 0.179153 0.788665 0.158576 0.018783
0 0.093236 0.822970 0.062767 0.019256
1 0.168649 0.823582 0.075266 0.019357
0 0.082433 0.849759 0.041935 0.019087
1 0.150346 0.850310 0.081099 0.019404
2 0.325326 0.852354 0.247738 0.019506
2 0.272940 0.873180 0.348565 0.020324
2 0.272633 0.894429 0.348565 0.020324
2 0.272327 0.915678 0.348565 0.020324
2 0.272021 0.936927 0.348565 0.020324
2 0.145055 0.957148 0.095247 0.018269
0 0.570572 0.084923 0.062767 0.019256
1 0.637651 0.085467 0.058600 0.019222
2 0.804299 0.087444 0.253571 0.019554
2 0.750663 0.108260 0.348565 0.020324
2 0.750356 0.129509 0.348565 0.020324
2 0.750050 0.150757 0.348565 0.020324
2 0.749744 0.172006 0.348565 0.020324
2 0.749437 0.193255 0.348565 0.020324
2 0.749131 0.214504 0.348565 0.020324
2 0.598417 0.234533 0.047750 0.017884
0 0.578447 0.261247 0.083599 0.019425
1 0.669692 0.261987 0.086099 0.019445
2 0.826340 0.263883 0.206074 0.019168
2 0.661043 0.283793 0.174409 0.018911
0 0.556930 0.308576 0.041935 0.019087
1 0.614843 0.309045 0.061100 0.019242
2 0.790657 0.311096 0.269403 0.019682
2 0.660358 0.331291 0.174409 0.018911
0 0.576942 0.365616 0.083599 0.019425
1 0.660270 0.366292 0.070266 0.019317
2 0.816919 0.368187 0.221906 0.019297
2 0.746617 0.388869 0.348565 0.020324
2 0.580070 0.408769 0.016085 0.017627
0 0.565427 0.441777 0.062767 0.019256
1 0.635839 0.442348 0.065267 0.019276
2 0.758323 0.443967 0.158576 0.018783
0 0.554578 0.471691 0.041935 0.019087
1 0.619574 0.472218 0.075266 0.019357
0 0.564571 0.501149 0.062767 0.019256
1 0.641649 0.501774 0.078599 0.019384
2 0.747051 0.503254 0.111079 0.018398
0 0.553722 0.531063 0.041935 0.019087
1 0.627051 0.531657 0.091932 0.019492
0 0.563760 0.557395 0.062767 0.019256
1 0.640838 0.558021 0.078599 0.019384
2 0.809569 0.560014 0.237738 0.019425
2 0.743850 0.580732 0.348565 0.020324
2 0.743544 0.601981 0.348565 0.020324
2 0.592830 0.622010 0.047750 0.017884
0 0.562444 0.648640 0.062767 0.019256
1 0.623274 0.649133 0.046101 0.019121
2 0.791588 0.651124 0.269403 0.019682
2 0.702954 0.671656 0.269403 0.019682
0 0.572085 0.702471 0.083599 0.019425
1 0.660413 0.703188 0.080266 0.019398
2 0.814145 0.705060 0.206074 0.019168
2 0.741760 0.725724 0.348565 0.020324
2 0.741453 0.746973 0.348565 0.020324
2 0.741147 0.768221 0.348565 0.020324
2 0.732924 0.789406 0.332733 0.020196
0 0.549559 0.819796 0.041935 0.019087
1 0.604139 0.820238 0.054434 0.019188
2 0.784536 0.822326 0.285236 0.019810
2 0.621323 0.842254 0.111079 0.018398
0 0.559227 0.871752 0.062767 0.019256
1 0.625890 0.872293 0.057767 0.019215
