1 0.088650 0.083734 0.041718 0.018815
2 0.145316 0.083823 0.058385 0.018841
0 0.267814 0.084638 0.406728 0.023132
1 0.109409 0.110642 0.083385 0.018880
2 0.181909 0.110755 0.048385 0.018825
3 0.335657 0.111619 0.237548 0.017869
3 0.284348 0.132789 0.358381 0.018057
3 0.281373 0.154034 0.352548 0.018048
3 0.284231 0.175289 0.358381 0.018057
3 0.279172 0.196531 0.348381 0.018042
3 0.279113 0.217781 0.348381 0.018042
3 0.191971 0.238895 0.174215 0.017771
0 0.267564 0.175263 0.407080 0.150632
1 0.088151 0.264359 0.041718 0.018815
2 0.148984 0.264454 0.066718 0.018854
3 0.327732 0.265357 0.269214 0.017919
3 0.144340 0.286321 0.079215 0.017623
0 0.267286 0.275888 0.406787 0.044382
1 0.108847 0.313766 0.083385 0.018880
2 0.182597 0.313881 0.050885 0.018829
3 0.342595 0.314755 0.247548 0.017885
3 0.144203 0.335696 0.079215 0.017623
0 0.267149 0.325263 0.406787 0.044382
1 0.087881 0.361859 0.041718 0.018815
2 0.132048 0.361928 0.033385 0.018802
3 0.309962 0.362829 0.300881 0.017968
3 0.278653 0.384031 0.348381 0.018042
3 0.270678 0.405268 0.332548 0.018017
0 0.266987 0.384012 0.406845 0.065632
1 0.108505 0.437516 0.083385 0.018880
2 0.203505 0.437664 0.093385 0.018895
3 0.363920 0.438538 0.205881 0.017820
3 0.215111 0.459557 0.221715 0.017845
0 0.266807 0.449012 0.406787 0.044382
1 0.097947 0.488750 0.062552 0.018847
2 0.153363 0.488836 0.035052 0.018804
3 0.324195 0.489727 0.285048 0.017943
3 0.151636 0.510708 0.095048 0.017648
0 0.266665 0.500262 0.406787 0.044382
1 0.097791 0.545000 0.062552 0.018847
2 0.184041 0.545134 0.096718 0.018900
3 0.351122 0.546019 0.215881 0.017836
3 0.196064 0.567028 0.184215 0.017786
0 0.266510 0.556512 0.406787 0.044382
1 0.097634 0.601875 0.062552 0.018847
2 0.159717 0.601971 0.048385 0.018825
3 0.329299 0.602860 0.269214 0.017919
3 0.254240 0.623993 0.300881 0.017968
0 0.266353 0.613387 0.406787 0.044382
1 0.097489 0.654374 0.062552 0.018847
2 0.180822 0.654504 0.090885 0.018891
3 0.347903 0.655389 0.221715 0.017845
3 0.222428 0.676444 0.237548 0.017869
0 0.266208 0.665887 0.406787 0.044382
1 0.107774 0.701891 0.083385 0.018880
2 0.199857 0.702034 0.087552 0.018886
3 0.357355 0.702904 0.205881 0.017820
3 0.135214 0.723808 0.063382 0.017598
0 0.266076 0.713387 0.406787 0.044382
1 0.097221 0.751249 0.062552 0.018847
2 0.168888 0.751361 0.067552 0.018855
3 0.302636 0.752194 0.178381 0.017777
0 0.265969 0.752137 0.406728 0.023132
1 0.086706 0.786858 0.041718 0.018815
2 0.162956 0.786976 0.097552 0.018902
3 0.293787 0.787805 0.142548 0.017722
0 0.265871 0.787762 0.406728 0.023132
1 0.102873 0.816883 0.074218 0.018865
2 0.181206 0.817005 0.069218 0.018858
3 0.345371 0.817885 0.237548 0.017869
3 0.282396 0.839037 0.358381 0.018057
3 0.282337 0.860287 0.358381 0.018057
3 0.277278 0.881529 0.348381 0.018042
3 0.277219 0.902779 0.348381 0.018042
3 0.277161 0.924029 0.348381 0.018042
0 0.265641 0.870886 0.407022 0.129382
1 0.565732 0.084476 0.062552 0.018847
2 0.636982 0.084587 0.066718 0.018854
3 0.807813 0.085478 0.253381 0.017894
3 0.627338 0.106447 0.110881 0.017672
0 0.734451 0.095989 0.406787 0.044382
1 0.565599 0.132601 0.062552 0.018847
2 0.641432 0.132719 0.075885 0.018868
0 0.734347 0.133489 0.406728 0.023132
1 0.565511 0.164476 0.062552 0.018847
2 0.651761 0.164610 0.096718 0.018900
3 0.821759 0.165500 0.221715 0.017845
3 0.745867 0.186632 0.348381 0.018042
3 0.745808 0.207882 0.348381 0.018042
3 0.745749 0.229132 0.348381 0.018042
3 0.745691 0.250382 0.348381 0.018042
3 0.745632 0.271631 0.348381 0.018042
3 0.745573 0.292881 0.348381 0.018042
3 0.745514 0.314131 0.348381 0.018042
3 0.690039 0.335295 0.237548 0.017869
0 0.734024 0.250363 0.407198 0.193132
1 0.575377 0.363867 0.083385 0.018880
2 0.659960 0.363998 0.072552 0.018863
3 0.817874 0.364869 0.221715 0.017845
3 0.745316 0.386006 0.348381 0.018042
3 0.745257 0.407256 0.348381 0.018042
3 0.745198 0.428506 0.348381 0.018042
3 0.745139 0.449756 0.348381 0.018042
3 0.689664 0.470920 0.237548 0.017869
0 0.733561 0.417863 0.407022 0.129382
1 0.564580 0.501350 0.062552 0.018847
2 0.632913 0.501457 0.060885 0.018845
3 0.800828 0.502343 0.253381 0.017894
3 0.647019 0.523354 0.152548 0.017737
0 0.733298 0.512863 0.406787 0.044382
1 0.564433 0.554475 0.062552 0.018847
2 0.636099 0.554587 0.067552 0.018855
3 0.799431 0.555466 0.237548 0.017869
3 0.744789 0.576631 0.348381 0.018042
3 0.746813 0.597884 0.352548 0.018048
3 0.744671 0.619131 0.348381 0.018042
3 0.744612 0.640381 0.348381 0.018042
3 0.744554 0.661631 0.348381 0.018042
3 0.749495 0.682888 0.358381 0.018057
3 0.617770 0.703934 0.095048 0.017648
0 0.732975 0.629738 0.407139 0.171882
1 0.563935 0.734475 0.062552 0.018847
2 0.631018 0.734579 0.058385 0.018841
3 0.797683 0.735463 0.253381 0.017894
3 0.744291 0.756630 0.348381 0.018042
3 0.744232 0.777880 0.348381 0.018042
3 0.744174 0.799130 0.348381 0.018042
3 0.744115 0.820380 0.348381 0.018042
3 0.744056 0.841630 0.348381 0.018042
3 0.664831 0.862757 0.190048 0.017795
0 0.732507 0.799112 0.407080 0.150632
1 0.563498 0.892600 0.062552 0.018847
2 0.636415 0.892713 0.070052 0.018859
3 0.800996 0.893594 0.237548 0.017869
3 0.593438 0.914521 0.047548 0.017574
0 0.732217 0.904112 0.406787 0.044382
