3 0.509201 0.036462 0.981598 0.047643
0 0.114839 0.075456 0.063227 0.020157
1 0.187722 0.077108 0.070723 0.020327
2 0.352205 0.081461 0.238096 0.022872
2 0.159770 0.098359 0.079835 0.019285
0 0.123137 0.128168 0.084050 0.020629
1 0.191022 0.129706 0.039904 0.019629
2 0.345093 0.133824 0.248092 0.023099
2 0.292178 0.153884 0.348879 0.025383
2 0.291322 0.175124 0.348879 0.025383
2 0.290466 0.196365 0.348879 0.025383
2 0.289611 0.217605 0.348879 0.025383
0 0.097606 0.244518 0.042403 0.019685
1 0.156745 0.245858 0.064060 0.020176
2 0.270418 0.249060 0.143140 0.020720
0 0.106759 0.275989 0.063227 0.020157
1 0.167981 0.277377 0.047401 0.019799
2 0.336629 0.281824 0.269749 0.023590
2 0.120038 0.298175 0.016531 0.017851
0 0.115107 0.327452 0.084050 0.020629
1 0.209647 0.329595 0.093213 0.020837
2 0.369549 0.333844 0.206444 0.022155
2 0.117974 0.349402 0.016531 0.017851
0 0.092194 0.378831 0.042403 0.019685
1 0.144670 0.380021 0.050732 0.019874
2 0.291244 0.383968 0.222270 0.022514
0 0.101322 0.410928 0.063227 0.020157
1 0.175038 0.412598 0.072389 0.020365
2 0.284963 0.415715 0.127314 0.020362
0 0.110626 0.438651 0.084050 0.020629
1 0.189757 0.440445 0.062394 0.020138
2 0.350075 0.444703 0.238096 0.022872
2 0.205535 0.462687 0.200614 0.022023
0 0.087588 0.493154 0.042403 0.019685
1 0.148810 0.494542 0.068224 0.020271
2 0.327869 0.499225 0.269749 0.023590
2 0.279535 0.519389 0.353044 0.025478
2 0.276597 0.540583 0.348879 0.025383
2 0.201608 0.560143 0.200614 0.022023
0 0.104434 0.592331 0.084050 0.020629
1 0.174819 0.593926 0.044902 0.019742
2 0.326391 0.597987 0.238096 0.022872
0 0.082302 0.624344 0.042403 0.019685
1 0.133112 0.625496 0.047401 0.019799
2 0.309673 0.630123 0.285575 0.023948
2 0.137645 0.647483 0.079835 0.019285
0 0.090624 0.676431 0.063227 0.020157
1 0.171421 0.678263 0.086549 0.020686
2 0.335904 0.682616 0.222270 0.022514
2 0.270078 0.702384 0.348879 0.025383
2 0.269222 0.723624 0.348879 0.025383
2 0.268366 0.744864 0.348879 0.025383
2 0.267510 0.766105 0.348879 0.025383
2 0.266654 0.787345 0.348879 0.025383
2 0.234146 0.807868 0.285575 0.023948
0 0.074020 0.829875 0.042403 0.019685
1 0.131910 0.831187 0.061561 0.020120
2 0.307638 0.835795 0.269749 0.023590
2 0.263885 0.856063 0.348879 0.025383
2 0.263030 0.877304 0.348879 0.025383
2 0.262174 0.898544 0.348879 0.025383
2 0.261318 0.919784 0.348879 0.025383
2 0.260462 0.941025 0.348879 0.025383
2 0.109258 0.958857 0.048183 0.018568
0 0.566300 0.085688 0.033240 0.019478
1 0.617110 0.086840 0.056563 0.020006
2 0.798252 0.091570 0.285575 0.023948
2 0.760746 0.111980 0.348879 0.025383
2 0.759890 0.133220 0.348879 0.025383
2 0.759034 0.154461 0.348879 0.025383
0 0.567055 0.180748 0.042403 0.019685
1 0.639522 0.182391 0.090714 0.020780
2 0.814000 0.186971 0.238096 0.022872
2 0.756920 0.206937 0.348879 0.025383
2 0.761062 0.228290 0.358875 0.025610
2 0.760206 0.249530 0.358875 0.025610
2 0.754353 0.270657 0.348879 0.025383
2 0.753497 0.291898 0.348879 0.025383
2 0.757639 0.313251 0.358875 0.025610
2 0.751785 0.334378 0.348879 0.025383
0 0.580806 0.356765 0.084050 0.020629
1 0.666183 0.358700 0.074888 0.020422
2 0.824836 0.362921 0.222270 0.022514
2 0.686543 0.381047 0.222270 0.022514
0 0.558043 0.404396 0.042403 0.019685
1 0.608021 0.405529 0.045735 0.019761
2 0.783749 0.410137 0.285575 0.023948
2 0.747909 0.430584 0.348879 0.025383
2 0.752051 0.451938 0.358875 0.025610
2 0.735369 0.472820 0.327222 0.024892
0 0.564831 0.494591 0.063227 0.020157
1 0.644794 0.496404 0.084883 0.020648
2 0.808444 0.500738 0.222270 0.022514
2 0.744284 0.520543 0.348879 0.025383
2 0.743428 0.541784 0.348879 0.025383
2 0.742572 0.563024 0.348879 0.025383
2 0.746714 0.584378 0.358875 0.025610
2 0.740861 0.605505 0.348879 0.025383
2 0.740005 0.626745 0.348879 0.025383
2 0.739149 0.647985 0.348879 0.025383
2 0.587945 0.665818 0.048183 0.018568
0 0.546238 0.697388 0.042403 0.019685
1 0.602879 0.698671 0.059062 0.020063
2 0.777357 0.703251 0.269749 0.023590
2 0.728190 0.723396 0.333053 0.025025
0 0.544124 0.749864 0.042403 0.019685
1 0.603680 0.751213 0.064893 0.020195
0 0.563588 0.784070 0.084050 0.020629
1 0.641053 0.785826 0.059062 0.020063
2 0.799705 0.790047 0.238096 0.022872
2 0.737628 0.809900 0.358875 0.025610
2 0.731774 0.831027 0.348879 0.025383
2 0.737998 0.852427 0.363039 0.025704
2 0.730062 0.873507 0.348879 0.025383
2 0.729207 0.894748 0.348879 0.025383
2 0.728351 0.915988 0.348879 0.025383
2 0.561321 0.933462 0.016531 0.017851
