1 0.100055 0.077529 0.042218 0.019447
2 0.169204 0.078694 0.083874 0.020150
3 0.348307 0.082338 0.253794 0.021764
3 0.290185 0.102614 0.348770 0.023365
3 0.289548 0.123859 0.348770 0.023365
3 0.288912 0.145103 0.348770 0.023365
3 0.288275 0.166348 0.348770 0.023365
3 0.255980 0.187059 0.285452 0.022298
0 0.277566 0.134284 0.410421 0.135570
1 0.095992 0.213120 0.042218 0.019447
2 0.159309 0.214187 0.072210 0.019953
0 0.275095 0.216764 0.407238 0.029347
1 0.115753 0.249087 0.083874 0.020150
2 0.191151 0.250358 0.054715 0.019658
3 0.316100 0.253089 0.174647 0.020430
0 0.274028 0.252380 0.407238 0.029347
1 0.093989 0.279978 0.042218 0.019447
2 0.166470 0.281199 0.090539 0.020262
3 0.293503 0.283966 0.142988 0.019897
0 0.273091 0.283622 0.407238 0.029347
1 0.113881 0.311571 0.083874 0.020150
2 0.193027 0.312905 0.062213 0.019784
3 0.353385 0.316233 0.237964 0.021498
3 0.283182 0.336305 0.348770 0.023365
3 0.282546 0.357550 0.348770 0.023365
3 0.281909 0.378794 0.348770 0.023365
3 0.233785 0.399239 0.253794 0.021764
0 0.270882 0.357353 0.409784 0.114326
1 0.110361 0.429041 0.083874 0.020150
2 0.180343 0.430221 0.043884 0.019475
3 0.284048 0.432594 0.142988 0.019897
0 0.268635 0.432334 0.407238 0.029347
1 0.109331 0.463408 0.083874 0.020150
2 0.177230 0.464552 0.039718 0.019405
3 0.302597 0.467290 0.190476 0.020697
0 0.267606 0.466701 0.407238 0.029347
1 0.108395 0.494650 0.083874 0.020150
2 0.194206 0.496096 0.075543 0.020009
3 0.353314 0.499403 0.222135 0.021231
3 0.158977 0.517383 0.111330 0.019363
0 0.266351 0.508565 0.407875 0.050592
1 0.096371 0.548211 0.063046 0.019798
2 0.170935 0.549467 0.073877 0.019981
3 0.313380 0.552494 0.190476 0.020697
0 0.265059 0.551679 0.407238 0.029347
1 0.085095 0.576778 0.042218 0.019447
2 0.149662 0.577866 0.074710 0.019995
3 0.324183 0.581433 0.253794 0.021764
3 0.196078 0.600529 0.190476 0.020697
0 0.263880 0.591044 0.407875 0.050592
1 0.083560 0.628015 0.042218 0.019447
2 0.156875 0.629251 0.092205 0.020290
3 0.332228 0.632831 0.237964 0.021498
3 0.131226 0.650699 0.063842 0.018563
0 0.262344 0.642281 0.407875 0.050592
1 0.092364 0.681927 0.063046 0.019798
2 0.155681 0.682994 0.051382 0.019602
3 0.326453 0.686498 0.269623 0.022031
3 0.105872 0.704035 0.016354 0.017762
0 0.260734 0.696018 0.407875 0.050592
1 0.080283 0.737362 0.042218 0.019447
2 0.143184 0.738423 0.071377 0.019939
3 0.323953 0.742095 0.269623 0.022031
3 0.215011 0.761514 0.237964 0.021498
0 0.259068 0.751629 0.407875 0.050592
1 0.078767 0.787975 0.042218 0.019447
2 0.138335 0.788979 0.064712 0.019827
3 0.284113 0.792061 0.206306 0.020964
0 0.257869 0.791619 0.407238 0.029347
1 0.077756 0.821716 0.042218 0.019447
2 0.129409 0.822587 0.048883 0.019560
3 0.283102 0.825802 0.237964 0.021498
0 0.256858 0.825360 0.407238 0.029347
1 0.087121 0.856883 0.063046 0.019798
2 0.153771 0.858006 0.058047 0.019714
3 0.272472 0.860632 0.158818 0.020164
0 0.255810 0.860351 0.407238 0.029347
1 0.086279 0.885001 0.063046 0.019798
2 0.145430 0.885998 0.043051 0.019461
3 0.312036 0.889431 0.269623 0.022031
3 0.131445 0.907642 0.079671 0.018830
0 0.254649 0.899091 0.407875 0.050592
1 0.587432 0.085744 0.083874 0.020150
2 0.681575 0.087331 0.092205 0.020290
3 0.841099 0.090644 0.206306 0.020964
3 0.756734 0.110478 0.348770 0.023365
3 0.756097 0.131722 0.348770 0.023365
3 0.755461 0.152967 0.348770 0.023365
3 0.754824 0.174212 0.348770 0.023365
3 0.643382 0.193589 0.127159 0.019630
0 0.744115 0.142148 0.410421 0.135570
1 0.573011 0.219284 0.063046 0.019798
2 0.651325 0.220604 0.081375 0.020107
0 0.741700 0.222753 0.407238 0.029347
1 0.561811 0.245352 0.042218 0.019447
2 0.607216 0.246118 0.036386 0.019349
3 0.786319 0.249762 0.301282 0.022565
3 0.756939 0.270522 0.358767 0.023534
3 0.751304 0.291682 0.348770 0.023365
3 0.750667 0.312927 0.348770 0.023365
3 0.750031 0.334171 0.348770 0.023365
3 0.749394 0.355416 0.348770 0.023365
3 0.748758 0.376661 0.348770 0.023365
3 0.748121 0.397905 0.348770 0.023365
0 0.738685 0.323352 0.411694 0.178059
1 0.577265 0.425033 0.083874 0.020150
2 0.653079 0.426311 0.055548 0.019672
3 0.810104 0.429583 0.237964 0.021498
3 0.730738 0.449500 0.317111 0.022832
0 0.735222 0.438948 0.407875 0.050592
1 0.575618 0.480019 0.083874 0.020150
2 0.656847 0.481388 0.066378 0.019855
3 0.811373 0.484618 0.222135 0.021231
3 0.705346 0.504086 0.269623 0.022031
0 0.733574 0.493934 0.407875 0.050592
1 0.574120 0.530007 0.083874 0.020150
2 0.660765 0.531467 0.077209 0.020037
3 0.820705 0.534788 0.222135 0.021231
3 0.640531 0.553006 0.142988 0.019897
0 0.732076 0.543922 0.407875 0.050592
1 0.562245 0.578569 0.063046 0.019798
2 0.625979 0.579643 0.052215 0.019616
3 0.794251 0.583104 0.263791 0.021933
3 0.741961 0.603478 0.348770 0.023365
3 0.741325 0.624723 0.348770 0.023365
3 0.740688 0.645968 0.348770 0.023365
3 0.740051 0.667212 0.348770 0.023365
3 0.739415 0.688457 0.348770 0.023365
3 0.743777 0.709786 0.358767 0.023534
3 0.579848 0.728278 0.032183 0.018029
0 0.728706 0.656393 0.411694 0.178059
1 0.546495 0.756473 0.042218 0.019447
2 0.610646 0.757554 0.073877 0.019981
0 0.725598 0.760117 0.407238 0.029347
1 0.566275 0.791815 0.083874 0.020150
2 0.662500 0.793437 0.096371 0.020360
3 0.816193 0.796653 0.190476 0.020697
3 0.735577 0.816550 0.348770 0.023365
3 0.734940 0.837794 0.348770 0.023365
3 0.734303 0.859039 0.348770 0.023365
3 0.575373 0.877615 0.032183 0.018029
0 0.723276 0.837598 0.409784 0.114326
