1 0.076869 0.090430 0.042142 0.019350
2 0.126860 0.089706 0.045475 0.019399
3 0.302677 0.087783 0.285398 0.021627
3 0.268231 0.109536 0.348719 0.022545
3 0.268778 0.130782 0.348719 0.022545
3 0.269325 0.152028 0.348719 0.022545
3 0.254043 0.173503 0.317058 0.022086
0 0.257114 0.130951 0.409360 0.113373
1 0.100726 0.207607 0.083801 0.019954
2 0.183210 0.206411 0.068804 0.019737
3 0.336115 0.204820 0.216244 0.020625
3 0.271258 0.227014 0.348719 0.022545
3 0.276804 0.248187 0.358717 0.022690
3 0.272353 0.269506 0.348719 0.022545
3 0.249155 0.291096 0.301228 0.021856
0 0.260141 0.248429 0.409360 0.113373
1 0.093354 0.325860 0.062971 0.019652
2 0.152927 0.324997 0.043808 0.019374
3 0.319995 0.323201 0.269567 0.021397
3 0.171403 0.346608 0.142924 0.019562
0 0.262363 0.334663 0.407718 0.049635
1 0.094755 0.380225 0.062971 0.019652
2 0.173491 0.379084 0.082134 0.019930
3 0.304316 0.377813 0.158755 0.019791
0 0.263490 0.378405 0.407170 0.028389
1 0.095641 0.414594 0.062971 0.019652
2 0.173543 0.413465 0.080468 0.019906
0 0.264375 0.412773 0.407170 0.028389
1 0.086112 0.449113 0.042142 0.019350
2 0.153183 0.448141 0.079635 0.019894
0 0.265261 0.447142 0.407170 0.028389
1 0.097283 0.478332 0.062971 0.019652
2 0.161438 0.477402 0.052973 0.019507
3 0.330173 0.475582 0.263735 0.021313
3 0.254484 0.497933 0.301228 0.021856
0 0.266292 0.487134 0.407718 0.049635
1 0.088092 0.525974 0.042142 0.019350
2 0.141832 0.525195 0.052973 0.019507
3 0.265992 0.524021 0.174585 0.020021
0 0.267242 0.524003 0.407170 0.028389
1 0.088913 0.557843 0.042142 0.019350
2 0.165566 0.556732 0.098798 0.020172
0 0.268063 0.555872 0.407170 0.028389
1 0.100165 0.590186 0.062971 0.019652
2 0.165153 0.589244 0.054640 0.019531
0 0.268900 0.588366 0.407170 0.028389
1 0.111353 0.620030 0.083801 0.019954
2 0.180090 0.619033 0.041309 0.019338
3 0.337994 0.617370 0.253737 0.021168
3 0.147327 0.641387 0.079603 0.018644
0 0.269947 0.628983 0.407718 0.049635
1 0.091828 0.670947 0.042142 0.019350
2 0.157649 0.669993 0.077135 0.019858
3 0.333466 0.668070 0.253737 0.021168
3 0.124885 0.692347 0.032112 0.017956
0 0.271251 0.679598 0.407718 0.049635
1 0.103499 0.719537 0.062971 0.019652
2 0.183067 0.718384 0.083801 0.019954
3 0.346386 0.716642 0.222076 0.020709
3 0.244869 0.739367 0.269567 0.021397
0 0.272507 0.728339 0.407718 0.049635
1 0.115362 0.775625 0.083801 0.019954
2 0.199930 0.774400 0.072970 0.019797
3 0.357833 0.772736 0.222076 0.020709
3 0.270064 0.795262 0.317058 0.022086
0 0.273956 0.784579 0.407718 0.049635
1 0.095886 0.828418 0.042142 0.019350
2 0.170038 0.827343 0.093799 0.020099
3 0.346272 0.825414 0.237907 0.020939
3 0.287247 0.847523 0.348719 0.022545
3 0.121575 0.871178 0.016281 0.017726
0 0.275582 0.847692 0.408265 0.070881
1 0.543449 0.083668 0.042142 0.019350
2 0.609686 0.082708 0.077969 0.019870
0 0.722598 0.081696 0.407170 0.028389
1 0.565164 0.117734 0.083801 0.019954
2 0.636817 0.116696 0.047141 0.019423
3 0.773891 0.115334 0.206246 0.020480
0 0.723484 0.116065 0.407170 0.028389
1 0.566001 0.150228 0.083801 0.019954
2 0.641820 0.149129 0.055473 0.019544
3 0.798890 0.147478 0.237907 0.020939
3 0.570314 0.172045 0.016281 0.017726
0 0.724595 0.159182 0.407718 0.049635
1 0.546508 0.202395 0.042142 0.019350
2 0.607747 0.201508 0.067970 0.019725
3 0.786896 0.199536 0.269567 0.021397
3 0.595396 0.223566 0.063772 0.018415
0 0.725931 0.211047 0.407718 0.049635
1 0.558356 0.257859 0.062971 0.019652
2 0.625427 0.256887 0.058805 0.019592
3 0.792078 0.255097 0.253737 0.021168
3 0.739303 0.277115 0.348719 0.022545
3 0.731935 0.298476 0.332889 0.022315
0 0.727638 0.277285 0.408265 0.070881
1 0.549825 0.331121 0.042142 0.019350
2 0.601482 0.330373 0.048807 0.019447
0 0.728974 0.329150 0.407170 0.028389
1 0.550695 0.364865 0.042142 0.019350
2 0.606518 0.364056 0.057139 0.019568
3 0.785250 0.362091 0.279565 0.021542
3 0.742056 0.383971 0.348719 0.022545
3 0.747602 0.405144 0.358717 0.022690
3 0.581931 0.428799 0.026279 0.017871
0 0.730665 0.394763 0.408813 0.092127
1 0.563525 0.458447 0.062971 0.019652
2 0.632678 0.457444 0.062971 0.019652
3 0.801413 0.455624 0.253737 0.021168
3 0.744471 0.477703 0.348719 0.022545
3 0.745019 0.498949 0.348719 0.022545
3 0.745566 0.520195 0.348719 0.022545
3 0.579895 0.543850 0.016281 0.017726
0 0.733354 0.499118 0.409360 0.113373
1 0.556218 0.579200 0.042142 0.019350
2 0.623288 0.578228 0.079635 0.019894
3 0.797439 0.576329 0.247905 0.021083
3 0.652597 0.599682 0.158755 0.019791
0 0.735641 0.587852 0.407718 0.049635
1 0.567920 0.629040 0.062971 0.019652
2 0.635824 0.628056 0.060472 0.019616
3 0.803309 0.626253 0.253737 0.021168
3 0.614309 0.650247 0.079603 0.018644
0 0.736929 0.637842 0.407718 0.049635
1 0.579639 0.679504 0.083801 0.019954
2 0.683370 0.678001 0.111296 0.020353
0 0.737959 0.677835 0.407170 0.028389
1 0.575749 0.706441 0.074636 0.019821
2 0.654068 0.705306 0.069637 0.019749
3 0.818220 0.703551 0.237907 0.020939
3 0.750864 0.725782 0.348719 0.022545
3 0.751411 0.747028 0.348719 0.022545
0 0.739199 0.725951 0.408265 0.070881
1 0.561435 0.781662 0.042142 0.019350
2 0.623923 0.780757 0.070470 0.019761
3 0.804322 0.778767 0.269567 0.021397
3 0.649898 0.802259 0.142924 0.019562
0 0.740858 0.790314 0.407718 0.049635
1 0.573186 0.833377 0.062971 0.019652
2 0.630258 0.832549 0.038809 0.019302
3 0.794827 0.830789 0.269567 0.021397
3 0.643320 0.854239 0.127094 0.019332
0 0.742194 0.842179 0.407718 0.049635
1 0.574603 0.888366 0.062971 0.019652
2 0.652088 0.887243 0.079635 0.019894
0 0.743337 0.886546 0.407170 0.028389
