1 0.093159 0.081249 0.041919 0.019067
2 0.144823 0.081644 0.048585 0.019118
3 0.322305 0.083623 0.285223 0.019673
3 0.283685 0.104579 0.348553 0.020157
3 0.283397 0.125828 0.348553 0.020157
3 0.283109 0.147077 0.348553 0.020157
3 0.282821 0.168326 0.348553 0.020157
3 0.195454 0.188910 0.174395 0.018828
0 0.271587 0.136364 0.408392 0.131846
1 0.112117 0.219526 0.083583 0.019385
2 0.188780 0.220111 0.056918 0.019181
3 0.346680 0.221941 0.237725 0.019311
3 0.163068 0.241791 0.111065 0.018345
0 0.270290 0.231984 0.407239 0.046850
1 0.101040 0.268194 0.062751 0.019226
2 0.172286 0.268738 0.066918 0.019258
3 0.343102 0.270666 0.253558 0.019432
3 0.281151 0.291445 0.348553 0.020157
3 0.280862 0.312693 0.348553 0.020157
3 0.280574 0.333942 0.348553 0.020157
3 0.285286 0.355229 0.358552 0.020233
3 0.279998 0.376440 0.348553 0.020157
3 0.279710 0.397689 0.348553 0.020157
3 0.284421 0.418976 0.358552 0.020233
3 0.144557 0.439160 0.079400 0.018103
0 0.268620 0.355102 0.409257 0.195593
1 0.087894 0.469354 0.041919 0.019067
2 0.152891 0.469850 0.075250 0.019321
3 0.277459 0.471426 0.152729 0.018663
0 0.267043 0.471346 0.406951 0.025601
1 0.097853 0.503182 0.062751 0.019226
2 0.167849 0.503716 0.064418 0.019239
3 0.337415 0.505635 0.253558 0.019432
3 0.238382 0.526130 0.269390 0.019553
0 0.266441 0.515719 0.407239 0.046850
1 0.107557 0.555759 0.083583 0.019385
2 0.192552 0.556407 0.073584 0.019309
3 0.350869 0.558240 0.221893 0.019190
3 0.174340 0.578144 0.142730 0.018586
0 0.265729 0.568216 0.407239 0.046850
1 0.096471 0.605052 0.062751 0.019226
2 0.153551 0.605487 0.038586 0.019041
3 0.302285 0.607247 0.237725 0.019311
0 0.265204 0.606964 0.406951 0.025601
1 0.095988 0.640675 0.062751 0.019226
2 0.173900 0.641269 0.080250 0.019359
0 0.264721 0.642587 0.406951 0.025601
1 0.105946 0.674503 0.083583 0.019385
2 0.200525 0.675224 0.092750 0.019455
3 0.360508 0.677070 0.206060 0.019069
3 0.204394 0.697130 0.206060 0.019069
0 0.264119 0.686960 0.407239 0.046850
1 0.094886 0.721921 0.062751 0.019226
2 0.166549 0.722467 0.067751 0.019264
3 0.329865 0.724339 0.237725 0.019311
3 0.274996 0.745171 0.348553 0.020157
3 0.274708 0.766420 0.348553 0.020157
3 0.274420 0.787669 0.348553 0.020157
3 0.155388 0.808012 0.111065 0.018345
0 0.263042 0.766331 0.408104 0.110597
1 0.093317 0.837540 0.062751 0.019226
2 0.156648 0.838023 0.051085 0.019137
3 0.327464 0.839951 0.269390 0.019553
3 0.115103 0.859582 0.031902 0.017741
0 0.261906 0.850077 0.407239 0.046850
1 0.570217 0.084889 0.062751 0.019226
2 0.637714 0.085404 0.059418 0.019200
3 0.804780 0.087304 0.253558 0.019432
3 0.750328 0.108140 0.348553 0.020157
3 0.750040 0.129388 0.348553 0.020157
3 0.749751 0.150637 0.348553 0.020157
3 0.725714 0.171705 0.301055 0.019794
0 0.738374 0.129299 0.408104 0.110597
1 0.574423 0.204928 0.074417 0.019315
2 0.653585 0.205532 0.071084 0.019289
3 0.818568 0.207415 0.237725 0.019311
3 0.653705 0.227409 0.158562 0.018707
0 0.737178 0.217420 0.407239 0.046850
1 0.557504 0.254176 0.041919 0.019067
2 0.617917 0.254637 0.066084 0.019251
0 0.736653 0.256168 0.406951 0.025601
1 0.557029 0.289174 0.041919 0.019067
2 0.622026 0.289670 0.075250 0.019321
3 0.797008 0.291630 0.253558 0.019432
3 0.581314 0.311236 0.016070 0.017620
0 0.736034 0.301791 0.407239 0.046850
1 0.577209 0.337456 0.083583 0.019385
2 0.667204 0.338142 0.083583 0.019385
3 0.822604 0.339953 0.206060 0.019069
3 0.746903 0.360627 0.348553 0.020157
3 0.691201 0.381453 0.237725 0.019311
0 0.735237 0.360537 0.407527 0.068099
1 0.565809 0.409872 0.062751 0.019226
2 0.631222 0.410372 0.055251 0.019169
3 0.780373 0.412135 0.221893 0.019190
0 0.734542 0.411785 0.406951 0.025601
1 0.575784 0.442450 0.083583 0.019385
2 0.647447 0.442997 0.046919 0.019105
3 0.800348 0.444789 0.237725 0.019311
3 0.602986 0.464534 0.063567 0.017982
0 0.733957 0.454908 0.407239 0.046850
1 0.564673 0.493618 0.062751 0.019226
2 0.627170 0.494095 0.049418 0.019124
3 0.797153 0.496017 0.269390 0.019553
3 0.626040 0.515962 0.111065 0.018345
0 0.733262 0.506155 0.407239 0.046850
1 0.564029 0.541116 0.062751 0.019226
2 0.634859 0.541656 0.066084 0.019251
3 0.805258 0.543581 0.253558 0.019432
3 0.712475 0.564124 0.285223 0.019673
0 0.732618 0.553653 0.407239 0.046850
1 0.573725 0.594317 0.083583 0.019385
2 0.665386 0.595017 0.086916 0.019410
3 0.822453 0.596840 0.206060 0.019069
3 0.616759 0.616522 0.095232 0.018224
0 0.731897 0.606775 0.407239 0.046850
1 0.552180 0.646656 0.041919 0.019067
2 0.622177 0.647190 0.085250 0.019398
3 0.794243 0.649128 0.237725 0.019311
0 0.731329 0.648648 0.406951 0.025601
1 0.551816 0.673529 0.041919 0.019067
2 0.622229 0.674067 0.086083 0.019404
3 0.802628 0.676068 0.253558 0.019432
3 0.631515 0.696014 0.126897 0.018465
0 0.730821 0.686146 0.407239 0.046850
1 0.561562 0.722981 0.062751 0.019226
2 0.640725 0.723585 0.082750 0.019378
3 0.811541 0.725514 0.237725 0.019311
3 0.615013 0.745265 0.095232 0.018224
0 0.730151 0.735518 0.407239 0.046850
1 0.550502 0.770399 0.041919 0.019067
2 0.603416 0.770803 0.051085 0.019137
3 0.782148 0.772792 0.285223 0.019673
3 0.661866 0.793125 0.190228 0.018949
0 0.729507 0.783016 0.407239 0.046850
1 0.549764 0.824771 0.041919 0.019067
2 0.618094 0.825293 0.081917 0.019372
3 0.717247 0.826674 0.095232 0.018224
0 0.728913 0.826763 0.406951 0.025601
1 0.559765 0.855474 0.062751 0.019226
2 0.644761 0.856123 0.094416 0.019467
3 0.813493 0.858035 0.221893 0.019190
3 0.739876 0.878725 0.348553 0.020157
3 0.739587 0.899974 0.348553 0.020157
3 0.739299 0.921222 0.348553 0.020157
3 0.707346 0.942230 0.285223 0.019673
0 0.727921 0.899885 0.408104 0.110597
