3 0.508748 0.032690 0.982504 0.046368
0 0.124288 0.076171 0.084012 0.020524
1 0.215085 0.078113 0.085678 0.020560
2 0.371248 0.082078 0.206415 0.021893
2 0.293388 0.101671 0.348857 0.024940
2 0.292580 0.122913 0.348857 0.024940
2 0.296771 0.144261 0.358853 0.025153
2 0.290965 0.165395 0.348857 0.024940
2 0.290157 0.186637 0.348857 0.024940
2 0.123167 0.204324 0.016492 0.017831
0 0.107890 0.233384 0.063187 0.020079
1 0.174946 0.234818 0.059022 0.019989
2 0.341521 0.239006 0.253895 0.022909
2 0.287402 0.259107 0.348857 0.024940
2 0.286595 0.280349 0.348857 0.024940
2 0.198739 0.299728 0.174761 0.021216
0 0.093915 0.326873 0.042362 0.019633
1 0.163053 0.328352 0.084012 0.020524
2 0.342123 0.332807 0.253895 0.022909
2 0.288837 0.352926 0.358853 0.025153
2 0.275118 0.373891 0.333030 0.024601
0 0.101643 0.397692 0.063187 0.020079
1 0.182027 0.399412 0.085678 0.020560
2 0.314449 0.402869 0.158934 0.020878
0 0.110749 0.432276 0.084012 0.020524
1 0.182387 0.433808 0.047360 0.019740
2 0.295650 0.436856 0.158934 0.020878
0 0.088855 0.459944 0.042362 0.019633
1 0.149664 0.461245 0.067352 0.020168
2 0.328318 0.465691 0.269722 0.023247
2 0.270866 0.485721 0.333030 0.024601
0 0.087050 0.507425 0.042362 0.019633
1 0.154523 0.508868 0.080680 0.020453
0 0.085720 0.542411 0.042362 0.019633
1 0.144446 0.543667 0.063187 0.020079
2 0.321017 0.548068 0.269722 0.023247
2 0.180683 0.566326 0.158934 0.020878
0 0.104668 0.592211 0.084012 0.020524
1 0.173807 0.593690 0.042362 0.019633
2 0.332052 0.597699 0.253895 0.022909
2 0.186720 0.615850 0.174761 0.021216
0 0.092379 0.641343 0.063187 0.020079
1 0.156520 0.642715 0.053191 0.019865
2 0.296439 0.646333 0.206415 0.021893
0 0.091120 0.674455 0.063187 0.020079
1 0.155261 0.675827 0.053191 0.019865
2 0.263527 0.678767 0.143107 0.020539
0 0.079425 0.707968 0.042362 0.019633
1 0.133570 0.709126 0.054024 0.019883
0 0.078143 0.741705 0.042362 0.019633
1 0.128539 0.742783 0.046527 0.019722
0 0.076979 0.772317 0.042362 0.019633
1 0.129457 0.773440 0.050692 0.019811
2 0.307694 0.777877 0.285549 0.023586
2 0.266903 0.798263 0.348857 0.024940
2 0.266095 0.819504 0.348857 0.024940
2 0.265288 0.840746 0.348857 0.024940
2 0.264480 0.861987 0.348857 0.024940
2 0.263673 0.883229 0.348857 0.024940
2 0.267863 0.904577 0.358853 0.025153
2 0.135442 0.923003 0.095626 0.019524
0 0.590765 0.086147 0.084012 0.020524
1 0.667817 0.087795 0.058189 0.019972
2 0.826063 0.091805 0.238069 0.022570
2 0.609509 0.108432 0.048146 0.018508
0 0.588960 0.133628 0.084012 0.020524
1 0.683089 0.135641 0.092342 0.020702
2 0.842583 0.139677 0.206415 0.021893
2 0.750146 0.158959 0.333030 0.024601
0 0.572161 0.180788 0.054024 0.019883
1 0.639217 0.182222 0.068185 0.020185
2 0.810374 0.186508 0.253895 0.022909
2 0.756254 0.206609 0.348857 0.024940
2 0.755447 0.227850 0.348857 0.024940
2 0.759637 0.249199 0.358853 0.025153
2 0.753832 0.270333 0.348857 0.024940
2 0.658063 0.289544 0.158934 0.020878
0 0.571659 0.314582 0.063187 0.020079
1 0.633301 0.315900 0.048193 0.019758
2 0.802375 0.320141 0.269722 0.023247
2 0.584989 0.336751 0.016492 0.017831
0 0.569759 0.364561 0.063187 0.020079
1 0.640980 0.366084 0.067352 0.020168
2 0.811720 0.370361 0.253895 0.022909
2 0.749271 0.390284 0.348857 0.024940
2 0.748463 0.411526 0.348857 0.024940
2 0.597300 0.429551 0.048146 0.018508
0 0.576656 0.457246 0.084012 0.020524
1 0.652042 0.458859 0.054857 0.019900
2 0.808621 0.462833 0.238069 0.022570
2 0.611227 0.479870 0.079800 0.019185
0 0.553765 0.511154 0.042362 0.019633
1 0.606243 0.512276 0.050692 0.019811
2 0.784480 0.516713 0.285549 0.023586
2 0.743689 0.537100 0.348857 0.024940
2 0.747879 0.558448 0.358853 0.025153
2 0.670853 0.578059 0.206415 0.021893
0 0.560662 0.603839 0.063187 0.020079
1 0.641879 0.605576 0.087344 0.020595
2 0.767221 0.608882 0.143107 0.020539
0 0.548990 0.636728 0.042362 0.019633
1 0.602718 0.637877 0.053191 0.019865
0 0.568699 0.666536 0.084012 0.020524
1 0.638670 0.668033 0.044028 0.019669
2 0.797748 0.672060 0.253895 0.022909
2 0.737798 0.692037 0.348857 0.024940
2 0.736991 0.713278 0.348857 0.024940
2 0.609568 0.731812 0.095626 0.019524
0 0.544240 0.761677 0.042362 0.019633
1 0.614211 0.763174 0.085678 0.020560
2 0.794114 0.767646 0.253895 0.022909
2 0.734164 0.787623 0.348857 0.024940
2 0.733356 0.808864 0.348857 0.024940
2 0.732549 0.830106 0.348857 0.024940
2 0.736739 0.851454 0.358853 0.025153
2 0.730934 0.872588 0.348857 0.024940
2 0.579770 0.890614 0.048146 0.018508
