1 0.111034 0.077412 0.063070 0.019845
2 0.189763 0.078798 0.082231 0.020182
3 0.360113 0.082422 0.237982 0.021676
3 0.290717 0.102456 0.348785 0.023627
3 0.290052 0.123701 0.348785 0.023627
3 0.289387 0.144945 0.348785 0.023627
3 0.288722 0.166189 0.348785 0.023627
3 0.224741 0.186318 0.222153 0.021397
0 0.278056 0.134117 0.410584 0.135873
1 0.096181 0.219064 0.042242 0.019478
2 0.150332 0.220018 0.053905 0.019684
3 0.330263 0.223811 0.285469 0.022512
3 0.286277 0.244292 0.348785 0.023627
3 0.290610 0.265624 0.358782 0.023803
3 0.284947 0.286781 0.348785 0.023627
3 0.284282 0.308025 0.348785 0.023627
3 0.283617 0.329269 0.348785 0.023627
3 0.195892 0.348980 0.174666 0.020561
0 0.273283 0.286575 0.411249 0.157117
1 0.112177 0.373763 0.083897 0.020212
2 0.182991 0.375010 0.045574 0.019537
0 0.270447 0.377175 0.407259 0.029652
1 0.111121 0.407504 0.083897 0.020212
2 0.207344 0.409198 0.096394 0.020432
0 0.269391 0.410916 0.407259 0.029652
1 0.110202 0.436871 0.083897 0.020212
2 0.204342 0.438529 0.092228 0.020358
3 0.363862 0.441963 0.206324 0.021119
3 0.279470 0.461732 0.348785 0.023627
3 0.278805 0.482977 0.348785 0.023627
3 0.278140 0.504221 0.348785 0.023627
3 0.277475 0.525465 0.348785 0.023627
3 0.221409 0.545733 0.237982 0.021676
0 0.266809 0.493393 0.410584 0.135873
1 0.105859 0.575583 0.083897 0.020212
2 0.197501 0.577196 0.087230 0.020270
3 0.351605 0.580535 0.200493 0.021016
3 0.180154 0.598772 0.158837 0.020282
0 0.263797 0.589617 0.407924 0.050897
1 0.104295 0.625569 0.083897 0.020212
2 0.192604 0.627124 0.080565 0.020153
3 0.346292 0.630455 0.206324 0.021119
3 0.226076 0.649594 0.253811 0.021955
0 0.262232 0.639603 0.407924 0.050897
1 0.102710 0.676180 0.083897 0.020212
2 0.178939 0.677522 0.056405 0.019728
3 0.336376 0.680920 0.237982 0.021676
3 0.276978 0.701129 0.358782 0.023803
3 0.271314 0.722286 0.348785 0.023627
3 0.136103 0.741161 0.079693 0.018889
0 0.259983 0.711458 0.409254 0.093385
1 0.089461 0.766597 0.063070 0.019845
2 0.150694 0.767675 0.047241 0.019566
3 0.295634 0.770852 0.222153 0.021397
0 0.258144 0.770192 0.407259 0.029652
1 0.078186 0.793906 0.042242 0.019478
2 0.136087 0.794925 0.061403 0.019816
0 0.257284 0.797684 0.407259 0.029652
1 0.087485 0.829704 0.063070 0.019845
2 0.150384 0.830812 0.050573 0.019625
3 0.320735 0.834436 0.269640 0.022233
3 0.227595 0.854052 0.269640 0.022233
0 0.255836 0.843922 0.407924 0.050897
1 0.075409 0.882631 0.042242 0.019478
2 0.139141 0.883753 0.073067 0.020021
3 0.312824 0.887437 0.253811 0.021955
3 0.265505 0.907859 0.348785 0.023627
3 0.264840 0.929104 0.348785 0.023627
3 0.264175 0.950348 0.348785 0.023627
3 0.105220 0.968805 0.032206 0.018053
0 0.253176 0.928898 0.409919 0.114629
1 0.587986 0.085810 0.083897 0.020212
2 0.670463 0.087262 0.068901 0.019948
3 0.826234 0.090630 0.222153 0.021397
3 0.638538 0.108581 0.111350 0.019446
0 0.745924 0.099844 0.407924 0.050897
1 0.565594 0.135429 0.042242 0.019478
2 0.631826 0.136595 0.078065 0.020109
3 0.784264 0.139905 0.206324 0.021119
0 0.744692 0.139208 0.407259 0.029652
1 0.575186 0.161855 0.063070 0.019845
2 0.630171 0.162824 0.034744 0.019346
3 0.800521 0.166448 0.285469 0.022512
3 0.754869 0.186900 0.348785 0.023627
3 0.754204 0.208144 0.348785 0.023627
3 0.753539 0.229389 0.348785 0.023627
3 0.752874 0.250633 0.348785 0.023627
3 0.752209 0.271877 0.348785 0.023627
3 0.751544 0.293121 0.348785 0.023627
3 0.632161 0.312275 0.111350 0.019446
0 0.741543 0.239805 0.411914 0.178361
1 0.559120 0.342247 0.042242 0.019478
2 0.614105 0.343215 0.055572 0.019713
3 0.786954 0.346884 0.269640 0.022233
0 0.738218 0.346026 0.407259 0.029652
1 0.568458 0.376796 0.063070 0.019845
2 0.647603 0.378190 0.083064 0.020197
3 0.818369 0.381822 0.237982 0.021676
3 0.748140 0.401841 0.348785 0.023627
3 0.747475 0.423085 0.348785 0.023627
3 0.746810 0.444329 0.348785 0.023627
3 0.746145 0.465573 0.348785 0.023627
3 0.745480 0.486818 0.348785 0.023627
3 0.697328 0.507226 0.253811 0.021955
0 0.735147 0.444124 0.411249 0.157117
1 0.563412 0.538002 0.063070 0.019845
2 0.626727 0.539117 0.051406 0.019640
3 0.797494 0.542749 0.269640 0.022233
3 0.743094 0.563047 0.348785 0.023627
3 0.742429 0.584291 0.348785 0.023627
3 0.741764 0.605535 0.348785 0.023627
3 0.701526 0.626082 0.269640 0.022233
0 0.730765 0.584085 0.409919 0.114629
1 0.549497 0.649663 0.042242 0.019478
2 0.615728 0.650829 0.078065 0.020109
3 0.783996 0.654417 0.237982 0.021676
0 0.728594 0.653441 0.407259 0.029652
1 0.569288 0.683145 0.083897 0.020212
2 0.647183 0.684517 0.059737 0.019786
3 0.806286 0.687943 0.237982 0.021676
3 0.738556 0.708007 0.348785 0.023627
3 0.737891 0.729251 0.348785 0.023627
3 0.610594 0.748265 0.095521 0.019167
0 0.726560 0.718423 0.409254 0.093385
1 0.545448 0.779002 0.042242 0.019478
2 0.605431 0.780058 0.065569 0.019889
3 0.783279 0.783815 0.269640 0.022233
3 0.616827 0.802140 0.111350 0.019446
0 0.724213 0.793403 0.407924 0.050897
1 0.564633 0.831854 0.083897 0.020212
2 0.650026 0.833358 0.074733 0.020050
3 0.808712 0.836777 0.222153 0.021397
3 0.615184 0.854625 0.111350 0.019446
0 0.722570 0.845888 0.407924 0.050897
1 0.552634 0.882282 0.063070 0.019845
2 0.629280 0.883631 0.078065 0.020109
3 0.797547 0.887219 0.237982 0.021676
3 0.732317 0.907327 0.348785 0.023627
3 0.731652 0.928571 0.348785 0.023627
3 0.730987 0.949815 0.348785 0.023627
3 0.730322 0.971059 0.348785 0.023627
3 0.682170 0.991467 0.253811 0.021955
0 0.719656 0.938988 0.410584 0.135873
