0 0.092992 0.087080 0.062720 0.019167
1 0.178405 0.086509 0.095219 0.019384
2 0.347573 0.086003 0.221866 0.018982
2 0.107418 0.108860 0.016041 0.017605
0 0.104003 0.137008 0.083553 0.019306
1 0.195249 0.136398 0.086053 0.019323
2 0.351917 0.135976 0.206033 0.018876
2 0.108012 0.158858 0.016041 0.017605
0 0.104664 0.192631 0.083553 0.019306
1 0.204243 0.191965 0.102719 0.019435
0 0.105028 0.223255 0.083553 0.019306
1 0.196691 0.222642 0.086886 0.019329
2 0.353775 0.222217 0.206033 0.018876
2 0.156536 0.244786 0.111037 0.018240
0 0.095265 0.278322 0.062720 0.019167
1 0.159846 0.277891 0.053554 0.019106
2 0.324014 0.277418 0.253531 0.019193
2 0.275935 0.298990 0.348528 0.019828
2 0.276188 0.320239 0.348528 0.019828
2 0.252691 0.341647 0.301029 0.019511
0 0.096387 0.372694 0.062720 0.019167
1 0.158052 0.372281 0.047721 0.019067
2 0.327219 0.371775 0.269364 0.019299
2 0.277057 0.393361 0.348528 0.019828
2 0.277309 0.414611 0.348528 0.019828
2 0.245897 0.436072 0.285197 0.019405
0 0.087093 0.467135 0.041888 0.019028
1 0.140424 0.466778 0.051888 0.019095
2 0.319591 0.466205 0.285197 0.019405
2 0.278179 0.487733 0.348528 0.019828
2 0.278431 0.508982 0.348528 0.019828
2 0.167855 0.530972 0.126870 0.018346
0 0.098668 0.564561 0.062720 0.019167
1 0.160332 0.564149 0.047721 0.019067
0 0.099084 0.599560 0.062720 0.019167
1 0.162832 0.599133 0.051888 0.019095
2 0.307417 0.598792 0.216033 0.018943
0 0.099426 0.628309 0.062720 0.019167
1 0.163173 0.627882 0.051888 0.019095
2 0.326508 0.627415 0.253531 0.019193
2 0.208848 0.649453 0.206033 0.018876
0 0.089619 0.679626 0.041888 0.019028
1 0.140034 0.679289 0.046054 0.019056
2 0.284619 0.678947 0.221866 0.018982
0 0.110793 0.708236 0.083553 0.019306
1 0.191207 0.707698 0.064387 0.019178
2 0.321209 0.707454 0.174368 0.018664
0 0.100756 0.740179 0.062720 0.019167
1 0.169503 0.739719 0.061887 0.019162
0 0.111588 0.775108 0.083553 0.019306
1 0.184085 0.774623 0.048554 0.019072
2 0.337837 0.774220 0.237699 0.019087
2 0.155180 0.796692 0.095204 0.018135
0 0.101818 0.829551 0.062720 0.019167
1 0.173065 0.829074 0.066887 0.019195
2 0.312234 0.828769 0.190200 0.018770
0 0.102234 0.864549 0.062720 0.019167
1 0.171815 0.864084 0.063554 0.019173
2 0.340982 0.863578 0.253531 0.019193
2 0.124577 0.886276 0.031873 0.017711
0 0.570056 0.083890 0.083553 0.019306
1 0.660053 0.083288 0.083553 0.019306
2 0.815471 0.082874 0.206033 0.018876
2 0.716561 0.104786 0.301029 0.019511
0 0.570703 0.138263 0.083553 0.019306
1 0.662366 0.137650 0.086886 0.019329
2 0.819450 0.137225 0.206033 0.018876
2 0.740956 0.159000 0.348528 0.019828
2 0.693710 0.180567 0.253531 0.019193
0 0.571520 0.207010 0.083553 0.019306
1 0.659850 0.206419 0.080220 0.019284
2 0.813601 0.206016 0.206033 0.018876
2 0.741773 0.227748 0.348528 0.019828
2 0.742026 0.248997 0.348528 0.019828
2 0.742278 0.270246 0.348528 0.019828
2 0.742531 0.291495 0.348528 0.019828
2 0.747783 0.312711 0.358527 0.019895
2 0.743036 0.333993 0.348528 0.019828
2 0.743289 0.355242 0.348528 0.019828
2 0.624796 0.377286 0.111037 0.018240
0 0.563451 0.404572 0.062720 0.019167
1 0.643032 0.404040 0.083553 0.019306
2 0.806366 0.403573 0.221866 0.018982
2 0.680790 0.425663 0.221866 0.018982
0 0.564046 0.454570 0.062720 0.019167
1 0.638210 0.454074 0.072720 0.019234
2 0.804044 0.453590 0.237699 0.019087
2 0.594305 0.476243 0.047706 0.017817
0 0.564714 0.510818 0.062720 0.019167
1 0.628879 0.510389 0.052721 0.019100
2 0.792630 0.509919 0.253531 0.019193
2 0.705802 0.531750 0.269364 0.019299
0 0.575710 0.559496 0.083553 0.019306
1 0.654874 0.558967 0.061887 0.019162
0 0.565703 0.593939 0.062720 0.019167
1 0.639866 0.593443 0.072720 0.019234
2 0.805701 0.592960 0.237699 0.019087
2 0.651376 0.615242 0.158535 0.018558
0 0.576691 0.641993 0.083553 0.019306
1 0.650438 0.641500 0.051054 0.019089
2 0.750025 0.641459 0.126870 0.018346
0 0.566698 0.677686 0.062720 0.019167
1 0.629196 0.677268 0.049388 0.019078
2 0.751698 0.677074 0.174368 0.018664
0 0.556639 0.707755 0.041888 0.019028
1 0.612470 0.707381 0.056887 0.019128
2 0.786220 0.706844 0.269364 0.019299
2 0.628979 0.729147 0.111037 0.018240
0 0.567619 0.755183 0.062720 0.019167
1 0.629284 0.754771 0.047721 0.019067
2 0.798451 0.754264 0.269364 0.019299
2 0.629544 0.776645 0.111037 0.018240
0 0.568251 0.808306 0.062720 0.019167
1 0.636165 0.807852 0.060221 0.019150
0 0.558169 0.836499 0.041888 0.019028
1 0.605251 0.836185 0.039388 0.019011
0 0.568935 0.865804 0.062720 0.019167
1 0.633099 0.865375 0.052721 0.019100
2 0.796850 0.864905 0.253531 0.019193
2 0.638775 0.887212 0.126870 0.018346
