1 0.195417 0.085938 0.062500 0.021875
0 0.266667 0.095312 0.400000 0.040625
1 0.164167 0.137813 0.093333 0.021875
0 0.266667 0.137813 0.400000 0.021875
1 0.168333 0.167813 0.055000 0.021875
0 0.266667 0.177187 0.400000 0.040625
1 0.186667 0.217812 0.091667 0.021875
0 0.266667 0.227187 0.400000 0.040625
1 0.175417 0.270313 0.069167 0.021875
0 0.266667 0.270313 0.400000 0.021875
1 0.217917 0.300312 0.107500 0.021875
0 0.266667 0.309688 0.400000 0.040625
1 0.212500 0.349687 0.096667 0.021875
0 0.266667 0.359063 0.400000 0.040625
1 0.202917 0.400938 0.077500 0.021875
0 0.266667 0.447813 0.400000 0.115625
1 0.205000 0.528438 0.081667 0.021875
0 0.266667 0.537813 0.400000 0.040625
1 0.197083 0.580313 0.112500 0.021875
0 0.266667 0.617812 0.400000 0.096875
1 0.219167 0.687813 0.110000 0.021875
0 0.266667 0.697187 0.400000 0.040625
1 0.167500 0.735313 0.100000 0.021875
0 0.266667 0.735313 0.400000 0.021875
1 0.185417 0.764687 0.135833 0.021875
0 0.266667 0.802188 0.400000 0.096875
1 0.209583 0.870938 0.090833 0.021875
0 0.266667 0.917813 0.400000 0.115625
1 0.638750 0.085938 0.109167 0.021875
0 0.733333 0.095312 0.400000 0.040625
1 0.612917 0.138437 0.057500 0.021875
0 0.733333 0.194688 0.400000 0.134375
1 0.650000 0.281562 0.085000 0.021875
0 0.733333 0.281562 0.400000 0.021875
1 0.672500 0.313437 0.083333 0.021875
0 0.733333 0.360312 0.400000 0.115625
1 0.681667 0.435937 0.101667 0.021875
0 0.733333 0.435937 0.400000 0.021875
1 0.632917 0.467813 0.050833 0.021875
0 0.733333 0.467813 0.400000 0.021875
1 0.636250 0.497812 0.104167 0.021875
0 0.733333 0.535312 0.400000 0.096875
1 0.647083 0.602187 0.125833 0.021875
0 0.733333 0.649062 0.400000 0.115625
1 0.638750 0.727187 0.062500 0.021875
0 0.733333 0.736563 0.400000 0.040625
1 0.621667 0.780312 0.075000 0.021875
0 0.733333 0.780312 0.400000 0.021875
1 0.650417 0.809063 0.085833 0.021875
0 0.733333 0.809063 0.400000 0.021875
1 0.695833 0.840313 0.130000 0.021875
0 0.733333 0.868437 0.400000 0.078125
