3 0.493421 0.031358 0.986841 0.041076
0 0.086127 0.090937 0.063022 0.019751
1 0.151945 0.089878 0.056357 0.019644
2 0.317342 0.087843 0.253775 0.021570
2 0.187979 0.111178 0.190457 0.020551
0 0.098078 0.144507 0.083850 0.020086
1 0.178476 0.143213 0.064688 0.019778
2 0.324294 0.141493 0.206286 0.020806
0 0.098828 0.170751 0.083850 0.020086
1 0.187141 0.169330 0.080518 0.020032
2 0.340874 0.167483 0.206286 0.020806
2 0.269415 0.189887 0.348754 0.023098
2 0.270022 0.211132 0.348754 0.023098
2 0.223140 0.233141 0.253775 0.021570
0 0.080841 0.270438 0.042193 0.019416
1 0.131246 0.269627 0.046359 0.019483
2 0.307473 0.267418 0.285435 0.022079
2 0.272256 0.289239 0.348754 0.023098
2 0.272863 0.310484 0.348754 0.023098
2 0.278469 0.331649 0.358751 0.023258
2 0.131611 0.355266 0.063819 0.018514
0 0.104903 0.383202 0.083850 0.020086
1 0.196549 0.381728 0.087183 0.020139
2 0.353614 0.379826 0.206286 0.020806
2 0.228001 0.403102 0.253775 0.021570
0 0.095954 0.434608 0.063022 0.019751
1 0.160523 0.433569 0.053857 0.019603
2 0.324670 0.431554 0.253775 0.021570
2 0.281954 0.453496 0.358751 0.023258
2 0.277562 0.474821 0.348754 0.023098
2 0.278170 0.496066 0.348754 0.023098
2 0.160055 0.519221 0.111308 0.019278
0 0.099153 0.546457 0.063022 0.019751
1 0.175385 0.545231 0.077185 0.019979
2 0.343281 0.543155 0.237946 0.021315
2 0.137686 0.567717 0.063819 0.018514
0 0.111068 0.598777 0.083850 0.020086
1 0.187300 0.597551 0.056357 0.019644
2 0.305208 0.596280 0.158797 0.020042
0 0.101404 0.625189 0.063022 0.019751
1 0.177637 0.623963 0.077185 0.019979
0 0.091901 0.657224 0.042193 0.019416
1 0.158552 0.656152 0.078851 0.020005
2 0.335196 0.653936 0.253775 0.021570
2 0.283316 0.676025 0.348754 0.023098
2 0.283923 0.697270 0.348754 0.023098
2 0.284531 0.718515 0.348754 0.023098
2 0.285138 0.739760 0.348754 0.023098
2 0.143279 0.763297 0.063819 0.018514
0 0.116732 0.796857 0.083850 0.020086
1 0.200879 0.795503 0.072186 0.019898
2 0.334616 0.793977 0.174627 0.020297
0 0.117697 0.830599 0.083850 0.020086
1 0.199345 0.829286 0.067187 0.019818
2 0.354327 0.827418 0.222116 0.021061
2 0.288283 0.849735 0.348754 0.023098
2 0.288891 0.870980 0.348754 0.023098
2 0.289498 0.892225 0.348754 0.023098
2 0.290106 0.913470 0.348754 0.023098
2 0.259054 0.935225 0.285435 0.022079
0 0.542272 0.083599 0.042193 0.019416
1 0.588928 0.082849 0.038861 0.019362
0 0.553472 0.110926 0.063022 0.019751
1 0.621373 0.109833 0.060522 0.019711
2 0.788853 0.107765 0.253775 0.021570
2 0.607835 0.131931 0.095478 0.019024
0 0.565388 0.163246 0.083850 0.020086
1 0.647035 0.161933 0.067187 0.019818
0 0.566317 0.195739 0.083850 0.020086
1 0.637550 0.194593 0.046359 0.019483
0 0.556742 0.225274 0.063022 0.019751
1 0.632975 0.224048 0.077185 0.019979
2 0.800871 0.221973 0.237946 0.021315
2 0.737743 0.244243 0.348754 0.023098
2 0.743349 0.265408 0.358751 0.023258
2 0.738958 0.286733 0.348754 0.023098
2 0.739565 0.307978 0.348754 0.023098
2 0.740173 0.329223 0.348754 0.023098
2 0.740780 0.350469 0.348754 0.023098
2 0.638495 0.373369 0.142968 0.019788
0 0.561995 0.408982 0.063022 0.019751
1 0.629063 0.407903 0.058856 0.019684
2 0.795710 0.405848 0.253775 0.021570
2 0.742996 0.427951 0.348754 0.023098
2 0.743604 0.449196 0.348754 0.023098
2 0.577999 0.473114 0.016330 0.017751
0 0.554386 0.507252 0.042193 0.019416
1 0.626037 0.506100 0.088849 0.020166
2 0.799765 0.503930 0.237946 0.021315
2 0.745801 0.526053 0.348754 0.023098
2 0.746409 0.547298 0.348754 0.023098
2 0.588719 0.571090 0.032160 0.018005
0 0.577877 0.600021 0.083850 0.020086
1 0.655360 0.598774 0.058856 0.019684
2 0.814091 0.596846 0.237946 0.021315
2 0.748464 0.619157 0.348754 0.023098
2 0.754070 0.640321 0.358751 0.023258
2 0.749679 0.661647 0.348754 0.023098
2 0.750286 0.682892 0.348754 0.023098
2 0.663830 0.705538 0.174627 0.020297
0 0.571483 0.740781 0.063022 0.019751
1 0.636885 0.739729 0.055523 0.019630
2 0.801865 0.737700 0.253775 0.021570
0 0.561980 0.772816 0.042193 0.019416
1 0.617801 0.771918 0.057190 0.019657
2 0.791529 0.769749 0.269605 0.021825
2 0.753395 0.791617 0.348754 0.023098
2 0.754003 0.812862 0.348754 0.023098
2 0.759609 0.834027 0.358751 0.023258
2 0.755218 0.855352 0.348754 0.023098
2 0.755825 0.876598 0.348754 0.023098
2 0.645625 0.899625 0.127138 0.019533
