1 0.102767 0.087357 0.083581 0.019379
2 0.180680 0.086768 0.059416 0.019196
3 0.339847 0.086190 0.237723 0.019295
3 0.273052 0.107946 0.348551 0.020133
3 0.273338 0.129195 0.348551 0.020133
3 0.273624 0.150444 0.348551 0.020133
3 0.273909 0.171693 0.348551 0.020133
3 0.115870 0.194139 0.031900 0.017739
0 0.261815 0.139907 0.408376 0.131818
1 0.104657 0.227975 0.083581 0.019379
2 0.180487 0.227402 0.055249 0.019165
0 0.262991 0.227403 0.406948 0.025573
1 0.105052 0.257349 0.083581 0.019379
2 0.176298 0.256810 0.046083 0.019096
3 0.336715 0.256222 0.253556 0.019414
3 0.164510 0.278775 0.126895 0.018457
0 0.263528 0.267401 0.407234 0.046822
1 0.095333 0.309300 0.062749 0.019222
2 0.156580 0.308837 0.046916 0.019102
3 0.325330 0.308186 0.269388 0.019534
3 0.173123 0.330588 0.142728 0.018576
0 0.264226 0.319273 0.407234 0.046822
1 0.096013 0.359922 0.062749 0.019222
2 0.172260 0.359346 0.076915 0.019329
3 0.340176 0.358701 0.237723 0.019295
3 0.276715 0.380432 0.348551 0.020133
3 0.277001 0.401681 0.348551 0.020133
3 0.277286 0.422930 0.348551 0.020133
3 0.277572 0.444179 0.348551 0.020133
3 0.277857 0.465428 0.348551 0.020133
3 0.278143 0.486677 0.348551 0.020133
3 0.278429 0.507926 0.348551 0.020133
3 0.183719 0.529893 0.158560 0.018696
0 0.265906 0.444267 0.409233 0.195565
1 0.088344 0.564365 0.041917 0.019064
2 0.143758 0.563946 0.056083 0.019171
0 0.267510 0.563636 0.406948 0.025573
1 0.099138 0.592410 0.062749 0.019222
2 0.167885 0.591891 0.061916 0.019215
0 0.267888 0.591759 0.406948 0.025573
1 0.089184 0.626862 0.041917 0.019064
2 0.146265 0.626431 0.059416 0.019196
0 0.268350 0.626133 0.406948 0.025573
1 0.110420 0.656703 0.083581 0.019379
2 0.189582 0.656105 0.061916 0.019215
3 0.347083 0.655539 0.231890 0.019251
3 0.280705 0.677292 0.348551 0.020133
3 0.280991 0.698541 0.348551 0.020133
3 0.281276 0.719790 0.348551 0.020133
3 0.281562 0.741039 0.348551 0.020133
3 0.171020 0.763126 0.126895 0.018457
0 0.269467 0.709253 0.408376 0.131818
1 0.101852 0.794275 0.062749 0.019222
2 0.168515 0.793771 0.057749 0.019184
3 0.326849 0.793199 0.237723 0.019295
0 0.270601 0.793624 0.406948 0.025573
1 0.091864 0.826227 0.041917 0.019064
2 0.147278 0.825808 0.056083 0.019171
0 0.271030 0.825498 0.406948 0.025573
1 0.092301 0.858725 0.041917 0.019064
2 0.146465 0.858316 0.053583 0.019152
0 0.271467 0.857996 0.406948 0.025573
1 0.092670 0.886224 0.041917 0.019064
2 0.143918 0.885837 0.047750 0.019108
0 0.271836 0.885495 0.406948 0.025573
1 0.548578 0.083987 0.041917 0.019064
2 0.608991 0.083530 0.066082 0.019247
3 0.752742 0.083068 0.200225 0.019011
0 0.727744 0.083257 0.406948 0.025573
1 0.569796 0.112578 0.083581 0.019379
2 0.653542 0.111944 0.071082 0.019285
3 0.786877 0.111561 0.174393 0.018816
0 0.728130 0.112006 0.406948 0.025573
1 0.549325 0.139609 0.041917 0.019064
2 0.607656 0.139168 0.061916 0.019215
0 0.728491 0.138879 0.406948 0.025573
1 0.570519 0.166325 0.083581 0.019379
2 0.660098 0.165648 0.082748 0.019373
3 0.815098 0.165101 0.206058 0.019055
3 0.740804 0.186914 0.348551 0.020133
3 0.741090 0.208162 0.348551 0.020133
3 0.630548 0.230249 0.126895 0.018457
0 0.729281 0.197626 0.407805 0.089320
1 0.550921 0.258353 0.041917 0.019064
2 0.609668 0.257909 0.062749 0.019222
3 0.786335 0.257198 0.269388 0.019534
3 0.599546 0.279861 0.063565 0.017978
0 0.730230 0.268248 0.407234 0.046822
1 0.562018 0.308896 0.062749 0.019222
2 0.646597 0.308257 0.093581 0.019455
3 0.814930 0.307609 0.221891 0.019175
3 0.647724 0.330125 0.158560 0.018696
0 0.730911 0.318870 0.407234 0.046822
1 0.562656 0.356394 0.062749 0.019222
2 0.625153 0.355922 0.049416 0.019121
3 0.755572 0.355561 0.190226 0.018936
0 0.731406 0.355743 0.406948 0.025573
1 0.573451 0.384439 0.083581 0.019379
2 0.648447 0.383872 0.053583 0.019152
3 0.804697 0.383316 0.237723 0.019295
3 0.743736 0.405027 0.348551 0.020133
3 0.744022 0.426276 0.348551 0.020133
3 0.688893 0.447944 0.237723 0.019295
0 0.732213 0.415740 0.407805 0.089320
1 0.570186 0.482593 0.074415 0.019310
2 0.654765 0.481954 0.081915 0.019366
3 0.817265 0.481350 0.221891 0.019175
3 0.650060 0.503866 0.158560 0.018696
0 0.733246 0.492611 0.407234 0.046822
1 0.565017 0.532010 0.062749 0.019222
2 0.645429 0.531402 0.085248 0.019392
3 0.809596 0.530786 0.221891 0.019175
3 0.634891 0.553358 0.126895 0.018457
0 0.733909 0.541984 0.407234 0.046822
1 0.555256 0.580836 0.041917 0.019064
2 0.606920 0.580446 0.048583 0.019114
3 0.784419 0.579729 0.285221 0.019654
3 0.738457 0.601327 0.332718 0.020013
0 0.734565 0.590731 0.407234 0.046822
1 0.576777 0.631926 0.083581 0.019379
2 0.645107 0.631410 0.040250 0.019051
3 0.802607 0.630844 0.253556 0.019414
3 0.752062 0.652477 0.358550 0.020208
3 0.747348 0.673764 0.348551 0.020133
3 0.747634 0.695013 0.348551 0.020133
3 0.716254 0.716501 0.285221 0.019654
0 0.735682 0.673852 0.408091 0.110569
1 0.567873 0.744499 0.062749 0.019222
2 0.637869 0.743970 0.064415 0.019234
3 0.807452 0.743313 0.253556 0.019414
3 0.740658 0.765069 0.332718 0.020013
0 0.736766 0.754473 0.407234 0.046822
1 0.558095 0.792076 0.041917 0.019064
2 0.614759 0.791647 0.058582 0.019190
3 0.789342 0.790952 0.269388 0.019534
3 0.638385 0.813345 0.126895 0.018457
0 0.737404 0.801971 0.407234 0.046822
1 0.569267 0.848244 0.062749 0.019222
2 0.627598 0.847803 0.041083 0.019058
0 0.738017 0.847593 0.406948 0.025573
1 0.580095 0.878789 0.083581 0.019379
2 0.656758 0.878209 0.056916 0.019177
3 0.814675 0.877640 0.237723 0.019295
3 0.644553 0.900177 0.136895 0.018532
0 0.738572 0.888841 0.407234 0.046822
