1 0.089533 0.083245 0.041758 0.018864
2 0.155365 0.083425 0.076758 0.018960
3 0.331195 0.084533 0.253417 0.018196
3 0.280258 0.105644 0.348416 0.018457
3 0.280154 0.126894 0.348416 0.018457
3 0.280050 0.148143 0.348416 0.018457
3 0.279946 0.169393 0.348416 0.018457
3 0.208593 0.190447 0.205917 0.018065
0 0.268436 0.137486 0.407293 0.129866
1 0.099278 0.220772 0.062591 0.018922
2 0.171777 0.220971 0.069258 0.018940
3 0.312190 0.221982 0.190084 0.018022
0 0.268023 0.221861 0.406774 0.023617
1 0.109529 0.254551 0.083424 0.018979
2 0.183696 0.254754 0.051758 0.018892
3 0.339108 0.255806 0.237584 0.018152
3 0.231922 0.276762 0.253417 0.018196
0 0.267807 0.266236 0.406878 0.044867
1 0.088431 0.308868 0.041758 0.018864
2 0.148014 0.309032 0.064258 0.018926
3 0.325509 0.310144 0.269250 0.018239
3 0.279156 0.331267 0.348416 0.018457
3 0.279052 0.352517 0.348416 0.018457
3 0.278948 0.373767 0.348416 0.018457
3 0.263011 0.394973 0.316750 0.018370
0 0.267386 0.352485 0.407189 0.108616
1 0.087842 0.429492 0.041758 0.018864
2 0.150758 0.429665 0.070924 0.018944
3 0.331587 0.430787 0.269250 0.018239
3 0.278567 0.451891 0.348416 0.018457
3 0.278463 0.473141 0.348416 0.018457
3 0.151693 0.494043 0.095085 0.017761
0 0.266848 0.462484 0.407085 0.087367
1 0.087384 0.523242 0.041758 0.018864
2 0.151967 0.523419 0.074258 0.018954
3 0.302796 0.524458 0.205917 0.018065
0 0.266546 0.524359 0.406774 0.023617
1 0.108046 0.558299 0.083424 0.018979
2 0.179712 0.558496 0.046758 0.018878
3 0.300958 0.559454 0.174251 0.017978
0 0.266375 0.559359 0.406774 0.023617
1 0.097483 0.588270 0.062591 0.018922
2 0.167899 0.588463 0.065091 0.018928
0 0.266229 0.589358 0.406774 0.023617
1 0.086923 0.617616 0.041758 0.018864
2 0.145672 0.617777 0.062591 0.018922
3 0.322335 0.618888 0.269250 0.018239
3 0.206399 0.639819 0.205917 0.018065
0 0.266033 0.629358 0.406878 0.044867
1 0.097074 0.672019 0.062591 0.018922
2 0.158740 0.672189 0.047591 0.018880
3 0.327903 0.673278 0.269250 0.018239
3 0.277382 0.694390 0.348416 0.018457
3 0.277279 0.715640 0.348416 0.018457
3 0.277175 0.736889 0.348416 0.018457
3 0.282071 0.758153 0.358416 0.018484
3 0.261134 0.779346 0.316750 0.018370
0 0.265560 0.726232 0.407293 0.129866
1 0.096402 0.809518 0.062591 0.018922
2 0.165569 0.809708 0.062591 0.018922
3 0.334314 0.810797 0.253417 0.018196
3 0.150045 0.831541 0.095085 0.017761
0 0.265096 0.821232 0.406878 0.044867
1 0.096158 0.859518 0.062591 0.018922
2 0.169908 0.859721 0.071758 0.018947
3 0.335320 0.860800 0.237584 0.018152
3 0.170634 0.881598 0.136751 0.017875
0 0.264852 0.871232 0.406878 0.044867
1 0.566613 0.084555 0.062591 0.018922
2 0.629946 0.084729 0.050925 0.018890
3 0.800775 0.085823 0.269250 0.018239
3 0.580672 0.106469 0.015919 0.017543
0 0.735307 0.096269 0.406878 0.044867
1 0.576755 0.140833 0.083424 0.018979
2 0.658837 0.141059 0.067591 0.018935
3 0.814250 0.142111 0.221751 0.018109
3 0.643731 0.162893 0.142585 0.017891
0 0.735032 0.152518 0.406878 0.044867
1 0.576504 0.192083 0.083424 0.018979
2 0.656920 0.192304 0.064258 0.018926
3 0.794833 0.193308 0.190084 0.018022
0 0.734834 0.193143 0.406774 0.023617
1 0.565950 0.220179 0.062591 0.018922
2 0.646783 0.220401 0.085924 0.018986
3 0.763863 0.221348 0.126751 0.017848
0 0.734696 0.221268 0.406774 0.023617
1 0.565795 0.252054 0.062591 0.018922
2 0.635794 0.252246 0.064258 0.018926
3 0.805373 0.253337 0.253417 0.018196
3 0.746103 0.274425 0.348416 0.018457
3 0.746000 0.295674 0.348416 0.018457
3 0.706313 0.316816 0.269250 0.018239
0 0.734385 0.285017 0.407085 0.087367
1 0.554923 0.345150 0.041758 0.018864
2 0.604923 0.345287 0.045091 0.018873
3 0.780752 0.346395 0.285084 0.018283
3 0.587316 0.367114 0.031752 0.017587
0 0.734034 0.356892 0.406878 0.044867
1 0.575488 0.400207 0.083424 0.018979
2 0.653404 0.400421 0.059258 0.018912
3 0.812567 0.401483 0.237584 0.018152
3 0.745380 0.422549 0.348416 0.018457
3 0.745276 0.443798 0.348416 0.018457
3 0.745172 0.465048 0.348416 0.018457
3 0.729235 0.486255 0.316750 0.018370
0 0.733610 0.443766 0.407189 0.108616
1 0.574932 0.513956 0.083424 0.018979
2 0.666182 0.514207 0.085924 0.018986
3 0.791178 0.515175 0.142585 0.017891
0 0.733262 0.515016 0.406774 0.023617
1 0.553956 0.543274 0.041758 0.018864
2 0.608955 0.543425 0.055091 0.018901
0 0.733118 0.544391 0.406774 0.023617
1 0.553821 0.570773 0.041758 0.018864
2 0.615488 0.570943 0.068424 0.018938
3 0.795067 0.572061 0.269250 0.018239
3 0.649547 0.592911 0.158418 0.017935
0 0.732932 0.582515 0.406878 0.044867
1 0.563982 0.623302 0.062591 0.018922
2 0.638564 0.623506 0.073424 0.018951
3 0.804810 0.624588 0.237584 0.018152
3 0.744290 0.645672 0.348416 0.018457
3 0.744186 0.666922 0.348416 0.018457
3 0.744083 0.688172 0.348416 0.018457
3 0.743979 0.709422 0.348416 0.018457
3 0.609293 0.730302 0.079252 0.017717
0 0.732468 0.677515 0.407293 0.129866
1 0.563292 0.764551 0.062591 0.018922
2 0.640375 0.764762 0.078424 0.018965
3 0.809120 0.765851 0.237584 0.018152
3 0.743600 0.786921 0.348416 0.018457
3 0.743497 0.808171 0.348416 0.018457
3 0.748393 0.829435 0.358416 0.018484
0 0.731882 0.797514 0.407085 0.087367
1 0.562849 0.855175 0.062591 0.018922
2 0.622849 0.855340 0.044258 0.018871
3 0.790345 0.856425 0.269250 0.018239
3 0.743158 0.877546 0.348416 0.018457
3 0.743054 0.898795 0.348416 0.018457
3 0.742950 0.920045 0.348416 0.018457
3 0.671597 0.941099 0.205917 0.018065
0 0.731387 0.898763 0.407189 0.108616
