1 0.116683 0.080019 0.083699 0.019685
2 0.205423 0.081017 0.081199 0.019656
3 0.359560 0.083375 0.206160 0.019812
3 0.286226 0.103803 0.348644 0.021413
3 0.290801 0.125106 0.358643 0.021526
3 0.134977 0.144607 0.047844 0.018032
0 0.274349 0.114295 0.408345 0.090811
1 0.093891 0.177899 0.042037 0.019216
2 0.161800 0.178662 0.081199 0.019656
3 0.339684 0.181287 0.253655 0.020346
3 0.284266 0.201917 0.348644 0.021413
3 0.283841 0.223164 0.348644 0.021413
3 0.283416 0.244412 0.348644 0.021413
3 0.282992 0.265659 0.348644 0.021413
3 0.274651 0.286818 0.332812 0.021235
0 0.271963 0.233657 0.409194 0.133307
1 0.091056 0.319758 0.042037 0.019216
2 0.142717 0.320339 0.048703 0.019291
3 0.320184 0.322959 0.285318 0.020702
3 0.210189 0.342975 0.206160 0.019812
0 0.269978 0.333021 0.407495 0.048316
1 0.100460 0.370494 0.062868 0.019450
2 0.181701 0.371408 0.087032 0.019722
3 0.346670 0.373887 0.221991 0.019990
3 0.122103 0.392615 0.032013 0.017854
0 0.268966 0.383640 0.407495 0.048316
1 0.099473 0.419864 0.062868 0.019450
2 0.183214 0.420805 0.092031 0.019778
3 0.350682 0.423313 0.221991 0.019990
3 0.279432 0.443764 0.348644 0.021413
3 0.279008 0.465012 0.348644 0.021413
3 0.283582 0.486316 0.358643 0.021526
3 0.238580 0.507062 0.269486 0.020524
0 0.267342 0.464881 0.408769 0.112059
1 0.107566 0.536218 0.083699 0.019685
2 0.198389 0.537239 0.085365 0.019703
3 0.346693 0.539531 0.190328 0.019634
0 0.265869 0.538623 0.407071 0.027069
1 0.107004 0.564340 0.083699 0.019685
2 0.179495 0.565155 0.048703 0.019291
0 0.265307 0.566744 0.407071 0.027069
1 0.085523 0.596602 0.042037 0.019216
2 0.153015 0.597361 0.080366 0.019647
0 0.264657 0.599241 0.407071 0.027069
1 0.080416 0.622798 0.032871 0.019113
2 0.125411 0.623303 0.044536 0.019244
0 0.264133 0.625488 0.407071 0.027069
1 0.084436 0.650971 0.042037 0.019216
2 0.149013 0.651697 0.074533 0.019582
3 0.323564 0.654284 0.253655 0.020346
3 0.274811 0.674988 0.348644 0.021413
3 0.274387 0.696236 0.348644 0.021413
3 0.231467 0.717006 0.263653 0.020458
0 0.262934 0.685481 0.408345 0.090811
1 0.082526 0.746585 0.042037 0.019216
2 0.140436 0.747236 0.061201 0.019432
3 0.308321 0.749749 0.253655 0.020346
0 0.261660 0.749224 0.407071 0.027069
1 0.077306 0.778405 0.032871 0.019113
2 0.127717 0.778972 0.055369 0.019366
3 0.308517 0.781629 0.285318 0.020702
3 0.272263 0.802474 0.348644 0.021413
3 0.271839 0.823722 0.348644 0.021413
3 0.276414 0.845026 0.358643 0.021526
3 0.270990 0.866217 0.348644 0.021413
3 0.270565 0.887465 0.348644 0.021413
3 0.222646 0.908178 0.253655 0.020346
0 0.259749 0.844838 0.409618 0.154554
1 0.583297 0.085265 0.083699 0.019685
2 0.664121 0.086173 0.065367 0.019479
3 0.823258 0.088587 0.231990 0.020102
3 0.642020 0.107802 0.127002 0.018922
0 0.741388 0.098293 0.407495 0.048316
1 0.582235 0.138384 0.083699 0.019685
2 0.655144 0.139203 0.049536 0.019301
3 0.809281 0.141561 0.237823 0.020168
3 0.720116 0.161811 0.285318 0.020702
0 0.740326 0.151412 0.407495 0.048316
1 0.581261 0.187128 0.083699 0.019685
2 0.675834 0.188191 0.092864 0.019788
3 0.835803 0.190615 0.206160 0.019812
3 0.616237 0.209399 0.079507 0.018388
0 0.739352 0.200157 0.407495 0.048316
1 0.559306 0.243138 0.042037 0.019216
2 0.616800 0.243784 0.060368 0.019422
3 0.768437 0.246114 0.221991 0.019990
0 0.738440 0.245777 0.407071 0.027069
1 0.558619 0.277509 0.042037 0.019216
2 0.611530 0.278104 0.051202 0.019319
3 0.742753 0.280204 0.190328 0.019634
0 0.737753 0.280148 0.407071 0.027069
1 0.568473 0.305748 0.062868 0.019450
2 0.643464 0.306591 0.074533 0.019582
3 0.810100 0.309089 0.237823 0.020168
0 0.737191 0.308270 0.407071 0.027069
1 0.578239 0.338361 0.083699 0.019685
2 0.672811 0.339424 0.092864 0.019788
0 0.736542 0.340766 0.407071 0.027069
1 0.556883 0.364374 0.042037 0.019216
2 0.603961 0.364903 0.039537 0.019188
3 0.784762 0.367561 0.301149 0.020880
3 0.707679 0.387947 0.269486 0.020524
0 0.735805 0.377637 0.407495 0.048316
1 0.576665 0.417102 0.083699 0.019685
2 0.652907 0.417960 0.056202 0.019375
3 0.810376 0.420355 0.237823 0.020168
3 0.690798 0.440263 0.237823 0.020168
0 0.734756 0.430131 0.407495 0.048316
1 0.554847 0.466238 0.042037 0.019216
2 0.609841 0.466856 0.055369 0.019366
3 0.790642 0.469513 0.285318 0.020702
3 0.681896 0.489543 0.221991 0.019990
0 0.733769 0.479500 0.407495 0.048316
1 0.574692 0.515841 0.083699 0.019685
2 0.664265 0.516848 0.082865 0.019675
3 0.819235 0.519215 0.206160 0.019812
3 0.744236 0.539625 0.348644 0.021413
3 0.748810 0.560929 0.358643 0.021526
3 0.743386 0.582120 0.348644 0.021413
3 0.742962 0.603368 0.348644 0.021413
3 0.710874 0.624259 0.285318 0.020702
0 0.731933 0.571365 0.409194 0.133307
1 0.572007 0.650201 0.083699 0.019685
2 0.662413 0.651218 0.084532 0.019694
3 0.818216 0.653594 0.206160 0.019812
3 0.614898 0.672561 0.095339 0.018566
0 0.730097 0.663230 0.407495 0.048316
1 0.550189 0.699337 0.042037 0.019216
2 0.615182 0.700067 0.075366 0.019591
3 0.790150 0.702659 0.253655 0.020346
3 0.740564 0.723354 0.348644 0.021413
3 0.740139 0.744602 0.348644 0.021413
3 0.684304 0.765226 0.237823 0.020168
0 0.728686 0.733847 0.408345 0.090811
1 0.548303 0.793701 0.042037 0.019216
2 0.622045 0.794530 0.092864 0.019788
0 0.727437 0.796340 0.407071 0.027069
1 0.558007 0.829439 0.062868 0.019450
2 0.634665 0.830301 0.077866 0.019619
3 0.802967 0.832818 0.237823 0.020168
3 0.595482 0.851738 0.063676 0.018210
0 0.726513 0.842585 0.407495 0.048316
1 0.562790 0.881999 0.074533 0.019582
2 0.649864 0.882978 0.087032 0.019722
3 0.814833 0.885457 0.221991 0.019990
3 0.736917 0.905834 0.348644 0.021413
3 0.736492 0.927081 0.348644 0.021413
3 0.736068 0.948329 0.348644 0.021413
3 0.711896 0.969309 0.301149 0.020880
0 0.724827 0.926950 0.408769 0.112059
