1 0.223750 0.085938 0.119167 0.021875
0 0.266667 0.123438 0.400000 0.096875
1 0.215833 0.191562 0.150000 0.021875
0 0.266667 0.200937 0.400000 0.040625
1 0.186250 0.238437 0.090833 0.021875
0 0.266667 0.238437 0.400000 0.021875
1 0.156250 0.271562 0.077500 0.021875
0 0.266667 0.271562 0.400000 0.021875
1 0.212083 0.304688 0.142500 0.021875
0 0.266667 0.314063 0.400000 0.040625
1 0.202083 0.352812 0.122500 0.021875
0 0.266667 0.352812 0.400000 0.021875
1 0.170417 0.386562 0.105833 0.021875
0 0.266667 0.395937 0.400000 0.040625
1 0.200417 0.438437 0.119167 0.021875
0 0.266667 0.438437 0.400000 0.021875
1 0.210417 0.469687 0.139167 0.021875
0 0.266667 0.479063 0.400000 0.040625
1 0.201250 0.521563 0.074167 0.021875
0 0.266667 0.521563 0.400000 0.021875
1 0.228333 0.555937 0.128333 0.021875
0 0.266667 0.555937 0.400000 0.021875
1 0.175000 0.584063 0.068333 0.021875
0 0.266667 0.584063 0.400000 0.021875
1 0.204583 0.616563 0.127500 0.021875
0 0.266667 0.616563 0.400000 0.021875
1 0.195833 0.647188 0.110000 0.021875
0 0.266667 0.684688 0.400000 0.096875
1 0.147917 0.756563 0.060833 0.021875
0 0.266667 0.765938 0.400000 0.040625
1 0.139583 0.805937 0.044167 0.021875
0 0.266667 0.805937 0.400000 0.021875
1 0.210833 0.839688 0.140000 0.021875
0 0.266667 0.839688 0.400000 0.021875
1 0.210833 0.868437 0.093333 0.021875
0 0.266667 0.896563 0.400000 0.078125
1 0.652917 0.085938 0.090833 0.021875
0 0.733333 0.085938 0.400000 0.021875
1 0.635000 0.118438 0.101667 0.021875
0 0.733333 0.127812 0.400000 0.040625
1 0.666667 0.169063 0.071667 0.021875
0 0.733333 0.178437 0.400000 0.040625
1 0.692917 0.220312 0.124167 0.021875
0 0.733333 0.220312 0.400000 0.021875
1 0.662083 0.248438 0.109167 0.021875
0 0.733333 0.276562 0.400000 0.078125
1 0.705000 0.337187 0.148333 0.021875
0 0.733333 0.337187 0.400000 0.021875
1 0.676667 0.369063 0.138333 0.021875
0 0.733333 0.378437 0.400000 0.040625
1 0.628750 0.417187 0.089167 0.021875
0 0.733333 0.417187 0.400000 0.021875
1 0.689583 0.450937 0.117500 0.021875
0 0.733333 0.450937 0.400000 0.021875
1 0.627917 0.485312 0.087500 0.021875
0 0.733333 0.541562 0.400000 0.134375
1 0.667083 0.630313 0.072500 0.021875
0 0.733333 0.630313 0.400000 0.021875
1 0.691250 0.660312 0.120833 0.021875
0 0.733333 0.660312 0.400000 0.021875
1 0.653333 0.694688 0.091667 0.021875
0 0.733333 0.704063 0.400000 0.040625
1 0.618333 0.744062 0.068333 0.021875
0 0.733333 0.800312 0.400000 0.134375
1 0.657500 0.885312 0.100000 0.021875
0 0.733333 0.894687 0.400000 0.040625
