1 0.090213 0.082868 0.041788 0.018903
2 0.152713 0.083097 0.070121 0.019006
3 0.333123 0.084383 0.269277 0.018486
3 0.206736 0.105170 0.200112 0.018233
0 0.269305 0.094774 0.406947 0.045240
1 0.100272 0.137905 0.062621 0.018979
2 0.157354 0.138115 0.038455 0.018890
3 0.321932 0.139343 0.269277 0.018486
3 0.145962 0.159948 0.079280 0.017790
0 0.268946 0.149774 0.406947 0.045240
1 0.110330 0.192943 0.083455 0.019055
2 0.182829 0.193209 0.048455 0.018927
3 0.341573 0.194416 0.247611 0.018407
3 0.280185 0.215441 0.348443 0.018777
3 0.280047 0.236691 0.348443 0.018777
3 0.279908 0.257940 0.348443 0.018777
3 0.284770 0.279208 0.358443 0.018813
3 0.279631 0.300440 0.348443 0.018777
3 0.279493 0.321690 0.348443 0.018777
3 0.168522 0.342533 0.126779 0.017964
0 0.268172 0.268522 0.407778 0.172739
1 0.109149 0.374191 0.083455 0.019055
2 0.180398 0.374452 0.045955 0.018918
3 0.329975 0.375625 0.231778 0.018349
0 0.267476 0.375396 0.406808 0.023990
1 0.098528 0.405402 0.062621 0.018979
2 0.163528 0.405640 0.054288 0.018948
3 0.328105 0.406869 0.253444 0.018428
3 0.278800 0.427938 0.348443 0.018777
3 0.278662 0.449188 0.348443 0.018777
3 0.159775 0.470002 0.110946 0.017906
0 0.267065 0.438520 0.407224 0.087740
1 0.097909 0.500401 0.062621 0.018979
2 0.161658 0.500635 0.051788 0.018939
3 0.324986 0.501858 0.253444 0.018428
3 0.283181 0.522955 0.358443 0.018813
3 0.283043 0.544205 0.358443 0.018813
3 0.277904 0.565437 0.348443 0.018777
3 0.277766 0.586686 0.348443 0.018777
3 0.277627 0.607936 0.348443 0.018777
3 0.277489 0.629186 0.348443 0.018777
3 0.253601 0.650349 0.300944 0.018603
0 0.266168 0.576019 0.407778 0.172739
1 0.107181 0.676062 0.083455 0.019055
2 0.176347 0.676316 0.041788 0.018903
3 0.331758 0.677510 0.247611 0.018407
3 0.282037 0.698578 0.358443 0.018813
3 0.276898 0.719810 0.348443 0.018777
3 0.276760 0.741060 0.348443 0.018777
3 0.118290 0.761729 0.031780 0.017616
0 0.265232 0.719767 0.407362 0.108989
1 0.106432 0.791061 0.083455 0.019055
2 0.185598 0.791351 0.061788 0.018976
3 0.298509 0.792390 0.142612 0.018022
0 0.264759 0.792266 0.406808 0.023990
1 0.106257 0.817935 0.083455 0.019055
2 0.177923 0.818198 0.046788 0.018921
3 0.330833 0.819384 0.237611 0.018370
3 0.189030 0.840114 0.174279 0.018138
0 0.264515 0.829766 0.406947 0.045240
1 0.095498 0.870397 0.062621 0.018979
2 0.172997 0.870681 0.079288 0.019040
3 0.342158 0.871926 0.237611 0.018370
3 0.280770 0.892951 0.358443 0.018813
3 0.275631 0.914182 0.348443 0.018777
3 0.275493 0.935432 0.348443 0.018777
3 0.277438 0.956690 0.352610 0.018792
3 0.164384 0.977525 0.126779 0.017964
0 0.263896 0.924765 0.407501 0.130239
1 0.556875 0.084579 0.041788 0.018903
2 0.610624 0.084776 0.052622 0.018942
3 0.790201 0.086059 0.285111 0.018545
3 0.747563 0.107153 0.348443 0.018777
3 0.652426 0.128054 0.158445 0.018080
0 0.735897 0.107110 0.407085 0.066490
1 0.556402 0.157078 0.041788 0.018903
2 0.628068 0.157340 0.088454 0.019074
3 0.801812 0.158602 0.237611 0.018370
3 0.620425 0.179188 0.095113 0.017848
0 0.735493 0.168984 0.406947 0.045240
1 0.566452 0.213365 0.062621 0.018979
2 0.631868 0.213605 0.055122 0.018951
3 0.796862 0.214835 0.253444 0.018428
3 0.675475 0.235640 0.205945 0.018254
0 0.735127 0.225234 0.406947 0.045240
1 0.566122 0.263990 0.062621 0.018979
2 0.638205 0.264254 0.068455 0.019000
3 0.801949 0.265479 0.237611 0.018370
3 0.619729 0.286061 0.095113 0.017848
0 0.734797 0.275858 0.406947 0.045240
1 0.576184 0.318402 0.083455 0.019055
2 0.667433 0.318737 0.085954 0.019064
3 0.824094 0.319936 0.205945 0.018254
3 0.746040 0.340900 0.348443 0.018777
0 0.734442 0.330232 0.406947 0.045240
1 0.555025 0.368325 0.041788 0.018903
2 0.611691 0.368533 0.058455 0.018964
3 0.738769 0.369624 0.174279 0.018138
0 0.734186 0.369607 0.406808 0.023990
1 0.554838 0.397075 0.041788 0.018903
2 0.621504 0.397319 0.078455 0.019037
3 0.798164 0.398592 0.253444 0.018428
3 0.705944 0.419504 0.269277 0.018486
0 0.733929 0.408981 0.406947 0.045240
1 0.575341 0.447776 0.083455 0.019055
2 0.652424 0.448058 0.057622 0.018961
3 0.810751 0.449264 0.237611 0.018370
3 0.713530 0.470157 0.285111 0.018545
0 0.733599 0.459606 0.406947 0.045240
1 0.554158 0.501449 0.041788 0.018903
2 0.621657 0.501696 0.080121 0.019043
3 0.796234 0.502961 0.247611 0.018407
3 0.721097 0.523936 0.300944 0.018603
0 0.733249 0.513355 0.406947 0.045240
1 0.574661 0.552149 0.083455 0.019055
2 0.672160 0.552507 0.098454 0.019110
0 0.732988 0.553355 0.406808 0.023990
1 0.574449 0.584649 0.083455 0.019055
2 0.646115 0.584912 0.046788 0.018921
3 0.799026 0.586097 0.237611 0.018370
3 0.688889 0.606944 0.237611 0.018370
0 0.732707 0.596479 0.406947 0.045240
1 0.553298 0.633322 0.041788 0.018903
2 0.604548 0.633510 0.047622 0.018924
3 0.734126 0.634610 0.190112 0.018196
0 0.732459 0.634604 0.406808 0.023990
1 0.553070 0.668322 0.041788 0.018903
2 0.614320 0.668546 0.067621 0.018997
3 0.793480 0.669828 0.269277 0.018486
3 0.743759 0.690896 0.348443 0.018777
3 0.748620 0.712164 0.358443 0.018813
3 0.743482 0.733395 0.348443 0.018777
3 0.700844 0.754489 0.263444 0.018465
0 0.731954 0.712103 0.407362 0.108989
1 0.573170 0.780897 0.083455 0.019055
2 0.657336 0.781205 0.071788 0.019012
3 0.814830 0.782407 0.221778 0.018312
3 0.616361 0.802930 0.095113 0.017848
0 0.731428 0.792727 0.406947 0.045240
1 0.562408 0.833983 0.062621 0.018979
2 0.637823 0.834259 0.075121 0.019025
3 0.801984 0.835486 0.231778 0.018349
0 0.731151 0.835226 0.406808 0.023990
1 0.551783 0.865819 0.041788 0.018903
2 0.615949 0.866054 0.073455 0.019019
3 0.790110 0.867318 0.253444 0.018428
3 0.679139 0.888161 0.221778 0.018312
0 0.730875 0.877726 0.406947 0.045240
