3 0.509195 0.032084 0.981610 0.047416
0 0.104256 0.075310 0.042396 0.019676
1 0.167977 0.076739 0.073215 0.020368
0 0.124008 0.102640 0.084044 0.020611
1 0.207304 0.104509 0.070716 0.020312
2 0.363876 0.108647 0.222265 0.022464
2 0.293060 0.128318 0.348875 0.025304
2 0.292213 0.149558 0.348875 0.025304
2 0.296363 0.170911 0.358871 0.025529
2 0.211387 0.190264 0.190613 0.021753
0 0.119523 0.215089 0.084044 0.020611
1 0.199487 0.216884 0.064053 0.020162
2 0.352727 0.220947 0.222265 0.022464
2 0.177791 0.238282 0.127308 0.020333
0 0.096531 0.268973 0.042396 0.019676
1 0.149840 0.270169 0.052391 0.019900
0 0.116159 0.299427 0.084044 0.020611
1 0.199038 0.301286 0.069883 0.020293
2 0.355193 0.305415 0.222265 0.022464
2 0.190253 0.322974 0.158960 0.021043
0 0.114265 0.346906 0.084044 0.020611
1 0.184234 0.348475 0.044062 0.019713
2 0.343304 0.352670 0.253918 0.023174
0 0.098200 0.373432 0.054057 0.019938
1 0.175249 0.375161 0.088208 0.020704
2 0.348480 0.379673 0.238092 0.022819
2 0.287243 0.399559 0.358871 0.025529
2 0.286396 0.420799 0.358871 0.025529
2 0.256811 0.441395 0.301397 0.024239
0 0.099118 0.465369 0.063220 0.020143
1 0.168254 0.466920 0.063220 0.020143
2 0.336904 0.471329 0.253918 0.023174
2 0.246929 0.490570 0.285570 0.023884
0 0.097050 0.517221 0.063220 0.020143
1 0.160355 0.518641 0.051558 0.019882
2 0.296519 0.522321 0.200608 0.021978
0 0.106116 0.551189 0.084044 0.020611
1 0.180666 0.552862 0.053224 0.019919
2 0.336405 0.556981 0.238092 0.022819
2 0.275168 0.576867 0.348875 0.025304
2 0.274321 0.598107 0.348875 0.025304
2 0.273474 0.619348 0.348875 0.025304
2 0.217234 0.639346 0.238092 0.022819
0 0.090970 0.669652 0.063220 0.020143
1 0.160105 0.671204 0.063220 0.020143
2 0.328755 0.675613 0.253918 0.023174
2 0.270433 0.695564 0.348875 0.025304
2 0.269586 0.716804 0.348875 0.025304
2 0.268739 0.738045 0.348875 0.025304
2 0.125455 0.756089 0.064003 0.018913
0 0.086459 0.782727 0.063220 0.020143
1 0.158510 0.784343 0.069050 0.020274
2 0.322162 0.788641 0.238092 0.022819
0 0.074801 0.813729 0.042396 0.019676
1 0.131443 0.815000 0.059055 0.020050
2 0.305923 0.819540 0.269744 0.023529
2 0.138067 0.837034 0.095655 0.019623
0 0.083319 0.861442 0.063220 0.020143
1 0.152872 0.863002 0.064053 0.020162
2 0.321938 0.867421 0.253918 0.023174
2 0.262783 0.887353 0.348875 0.025304
2 0.261936 0.908594 0.348875 0.025304
2 0.261089 0.929834 0.348875 0.025304
2 0.204850 0.949832 0.238092 0.022819
0 0.591538 0.086243 0.084044 0.020611
1 0.685662 0.088355 0.092373 0.020797
2 0.845149 0.092559 0.206439 0.022108
2 0.665632 0.109790 0.158960 0.021043
0 0.579033 0.138486 0.063220 0.020143
1 0.637340 0.139794 0.041563 0.019657
2 0.803074 0.144138 0.269744 0.023529
2 0.647713 0.161912 0.127308 0.020333
0 0.576765 0.195335 0.063220 0.020143
1 0.645901 0.196887 0.063220 0.020143
2 0.814550 0.201296 0.253918 0.023174
2 0.756229 0.221247 0.348875 0.025304
2 0.755381 0.242487 0.348875 0.025304
2 0.754534 0.263728 0.348875 0.025304
2 0.587511 0.281240 0.016524 0.017847
0 0.572080 0.312783 0.063220 0.020143
1 0.640799 0.314325 0.062387 0.020125
2 0.809032 0.318725 0.253918 0.023174
2 0.656586 0.336564 0.158960 0.021043
0 0.580274 0.368617 0.084044 0.020611
1 0.658989 0.370383 0.061554 0.020106
2 0.818893 0.374596 0.238092 0.022819
2 0.583150 0.390566 0.016524 0.017847
0 0.557183 0.424999 0.042396 0.019676
1 0.610492 0.426195 0.052391 0.019900
0 0.561917 0.452617 0.054057 0.019938
1 0.624389 0.454019 0.059055 0.020050
2 0.767217 0.457849 0.206439 0.022108
0 0.565103 0.487705 0.063220 0.020143
1 0.647982 0.489564 0.090707 0.020760
2 0.814549 0.493927 0.222265 0.022464
2 0.744566 0.513616 0.348875 0.025304
2 0.743719 0.534857 0.348875 0.025304
2 0.742872 0.556097 0.348875 0.025304
2 0.678720 0.575917 0.222265 0.022464
0 0.550081 0.603044 0.042396 0.019676
1 0.599225 0.604147 0.044062 0.019713
2 0.774122 0.608696 0.285570 0.023884
2 0.739956 0.629189 0.348875 0.025304
2 0.739109 0.650430 0.348875 0.025304
2 0.659131 0.669895 0.190613 0.021753
0 0.567316 0.693471 0.084044 0.020611
1 0.643532 0.695181 0.056556 0.019994
2 0.800937 0.699338 0.238092 0.022819
2 0.578106 0.715598 0.032350 0.018202
0 0.565422 0.740950 0.084044 0.020611
1 0.655382 0.742968 0.084044 0.020611
2 0.810704 0.747079 0.206439 0.022108
2 0.734474 0.766628 0.348875 0.025304
2 0.733627 0.787868 0.348875 0.025304
2 0.732780 0.809109 0.348875 0.025304
2 0.731932 0.830349 0.348875 0.025304
2 0.683606 0.850525 0.253918 0.023174
0 0.539241 0.874798 0.042396 0.019676
1 0.590468 0.875947 0.048226 0.019807
2 0.764532 0.880478 0.279740 0.023753
2 0.729117 0.900943 0.348875 0.025304
2 0.728269 0.922183 0.348875 0.025304
2 0.727422 0.943424 0.348875 0.025304
2 0.726575 0.964664 0.348875 0.025304
2 0.725728 0.985905 0.348875 0.025304
2 0.701141 0.997247 0.301397 0.005507
