1 0.103099 0.087178 0.083567 0.019342
2 0.169346 0.086707 0.036069 0.019004
3 0.308931 0.086340 0.221878 0.019075
0 0.261433 0.086677 0.406933 0.025390
1 0.082685 0.120449 0.041902 0.019045
2 0.140599 0.120038 0.061068 0.019182
3 0.316432 0.119413 0.269376 0.019413
3 0.273786 0.140967 0.348539 0.019975
3 0.210724 0.162666 0.221878 0.019075
0 0.262120 0.141050 0.407470 0.067888
1 0.104441 0.193423 0.083567 0.019342
2 0.193604 0.192789 0.081900 0.019330
3 0.348188 0.192315 0.206045 0.018962
3 0.132217 0.215102 0.063552 0.017949
0 0.262910 0.203547 0.407201 0.046639
1 0.105144 0.249046 0.083567 0.019342
2 0.183891 0.248486 0.061068 0.019182
3 0.343891 0.247973 0.237710 0.019187
3 0.140836 0.270668 0.079384 0.018062
0 0.263613 0.259170 0.407201 0.046639
1 0.095368 0.299742 0.062734 0.019193
2 0.164531 0.299251 0.062734 0.019193
3 0.327449 0.298718 0.241877 0.019217
0 0.264118 0.299168 0.406933 0.025390
1 0.095794 0.333491 0.062734 0.019193
2 0.174957 0.332928 0.082733 0.019336
3 0.345791 0.332339 0.237710 0.019187
3 0.281479 0.354047 0.358538 0.020046
3 0.276748 0.375331 0.348539 0.019975
3 0.197853 0.397143 0.190213 0.018850
0 0.264947 0.364790 0.407738 0.089137
1 0.086579 0.428561 0.041902 0.019045
2 0.148243 0.428122 0.068567 0.019235
3 0.327826 0.427471 0.269376 0.019413
3 0.279763 0.449063 0.352705 0.020005
3 0.277948 0.470327 0.348539 0.019975
3 0.262384 0.491689 0.316874 0.019750
0 0.266148 0.459785 0.407738 0.089137
1 0.098211 0.524732 0.062734 0.019193
2 0.166958 0.524243 0.061901 0.019188
3 0.335292 0.523672 0.253543 0.019300
3 0.283896 0.545288 0.358538 0.020046
3 0.279165 0.566573 0.348539 0.019975
3 0.284433 0.587786 0.358538 0.020046
3 0.279702 0.609071 0.348539 0.019975
3 0.145393 0.631277 0.079384 0.018062
0 0.267633 0.577280 0.408275 0.131635
1 0.099941 0.661601 0.062734 0.019193
2 0.163271 0.661151 0.051068 0.019110
3 0.334105 0.660561 0.269376 0.019413
3 0.169798 0.682980 0.126882 0.018400
0 0.268825 0.671651 0.407201 0.046639
1 0.100628 0.715974 0.062734 0.019193
2 0.171042 0.715473 0.065234 0.019211
3 0.341042 0.714890 0.253543 0.019300
3 0.281313 0.736565 0.348539 0.019975
3 0.286581 0.757779 0.358538 0.020046
3 0.281850 0.779063 0.348539 0.019975
3 0.287118 0.800277 0.358538 0.020046
0 0.269915 0.757897 0.408007 0.110386
1 0.091689 0.832917 0.041902 0.019045
2 0.144186 0.832544 0.050235 0.019105
3 0.322520 0.831902 0.285208 0.019525
3 0.282790 0.853435 0.348539 0.019975
3 0.235561 0.875022 0.253543 0.019300
0 0.271124 0.853518 0.407470 0.067888
1 0.548912 0.084009 0.041902 0.019045
2 0.619742 0.083505 0.086900 0.019365
3 0.800575 0.082845 0.253543 0.019300
3 0.573771 0.105708 0.016054 0.017612
0 0.728213 0.093985 0.407201 0.046639
1 0.549599 0.138381 0.041902 0.019045
2 0.606263 0.137978 0.058568 0.019164
3 0.772930 0.137419 0.253543 0.019300
0 0.728766 0.137733 0.406933 0.025390
1 0.549931 0.164630 0.041902 0.019045
2 0.608678 0.164212 0.062734 0.019193
3 0.785345 0.163582 0.269376 0.019413
3 0.574789 0.186329 0.016054 0.017612
0 0.729232 0.174606 0.407201 0.046639
1 0.571474 0.220729 0.083567 0.019342
2 0.655220 0.220134 0.071067 0.019253
3 0.812304 0.219642 0.221878 0.019075
3 0.741743 0.241395 0.348539 0.019975
3 0.742011 0.262644 0.348539 0.019975
3 0.647284 0.284568 0.158547 0.018625
0 0.730211 0.252102 0.407738 0.089137
1 0.562211 0.312049 0.062734 0.019193
2 0.643457 0.311472 0.086900 0.019365
3 0.808458 0.310924 0.221878 0.019075
3 0.742896 0.332641 0.348539 0.019975
3 0.743165 0.353890 0.348539 0.019975
3 0.640521 0.375871 0.142715 0.018512
0 0.731364 0.343348 0.407738 0.089137
1 0.552987 0.406494 0.041902 0.019045
2 0.622568 0.406000 0.084400 0.019347
3 0.802151 0.405348 0.253543 0.019300
3 0.625344 0.427856 0.111050 0.018287
0 0.732288 0.416470 0.407201 0.046639
1 0.553627 0.457117 0.041902 0.019045
2 0.614458 0.456684 0.066901 0.019223
0 0.732794 0.456468 0.406933 0.025390
1 0.574799 0.483843 0.083567 0.019342
2 0.655629 0.483268 0.065234 0.019211
3 0.809797 0.482797 0.221878 0.019075
3 0.594658 0.505577 0.047719 0.017837
0 0.733268 0.493967 0.407201 0.046639
1 0.554583 0.532738 0.041902 0.019045
2 0.603747 0.532389 0.043568 0.019057
3 0.778747 0.531770 0.285208 0.019525
3 0.587358 0.554381 0.031886 0.017724
0 0.733884 0.542714 0.407201 0.046639
1 0.565678 0.586412 0.062734 0.019193
2 0.637342 0.585903 0.067734 0.019229
3 0.800676 0.585367 0.237710 0.019187
3 0.643451 0.607735 0.142715 0.018512
0 0.734563 0.596462 0.407201 0.046639
1 0.566310 0.636410 0.062734 0.019193
2 0.634640 0.635924 0.061068 0.019182
3 0.802557 0.635355 0.253543 0.019300
3 0.746995 0.657001 0.348539 0.019975
3 0.747264 0.678250 0.348539 0.019975
3 0.747532 0.699499 0.348539 0.019975
3 0.747801 0.720748 0.348539 0.019975
3 0.748069 0.741998 0.348539 0.019975
3 0.597928 0.764316 0.047719 0.017837
0 0.735866 0.699582 0.408544 0.152884
1 0.557908 0.795852 0.041902 0.019045
2 0.622905 0.795390 0.075234 0.019282
0 0.737074 0.795203 0.406933 0.025390
1 0.568774 0.831401 0.062734 0.019193
2 0.635438 0.830927 0.057734 0.019158
3 0.801688 0.830370 0.253543 0.019300
3 0.599049 0.853062 0.047719 0.017837
0 0.737659 0.841451 0.407201 0.046639
1 0.569383 0.879524 0.062734 0.019193
2 0.651879 0.878937 0.089400 0.019383
3 0.815213 0.878401 0.216045 0.019033
3 0.750068 0.900115 0.348539 0.019975
3 0.750336 0.921364 0.348539 0.019975
3 0.750605 0.942613 0.348539 0.019975
3 0.750873 0.963863 0.348539 0.019975
3 0.751142 0.985112 0.348539 0.019975
3 0.711829 1.000000 0.269376 0.019413
0 0.738938 0.942696 0.408544 0.152884
