3 0.503077 0.038149 0.993846 0.032669
0 0.114022 0.081392 0.083585 0.019388
1 0.199850 0.082051 0.075252 0.019324
2 0.359000 0.083897 0.221894 0.019199
2 0.283714 0.104570 0.348554 0.020171
2 0.125100 0.124605 0.031904 0.017742
0 0.112990 0.157013 0.083585 0.019388
1 0.200902 0.157688 0.079418 0.019356
2 0.330470 0.159307 0.158564 0.018714
0 0.102122 0.190057 0.062752 0.019228
1 0.167119 0.190555 0.054420 0.019165
2 0.273355 0.191995 0.136898 0.018547
0 0.112104 0.222010 0.083585 0.019388
1 0.207099 0.222739 0.093584 0.019465
2 0.367499 0.224594 0.206061 0.019078
2 0.281797 0.245188 0.348554 0.020171
2 0.281507 0.266437 0.348554 0.020171
2 0.286217 0.287724 0.358553 0.020248
2 0.280927 0.308935 0.348554 0.020171
2 0.285637 0.330222 0.358553 0.020248
2 0.280348 0.351432 0.348554 0.020171
2 0.208812 0.372135 0.206061 0.019078
0 0.099216 0.403171 0.062752 0.019228
1 0.170879 0.403720 0.067752 0.019267
2 0.339195 0.405637 0.247726 0.019398
2 0.184330 0.425700 0.158564 0.018714
0 0.088152 0.450588 0.041920 0.019069
1 0.152316 0.451080 0.073585 0.019312
2 0.326465 0.453041 0.253559 0.019442
0 0.087760 0.479337 0.041920 0.019069
1 0.137758 0.479720 0.045253 0.019094
2 0.273992 0.481390 0.206061 0.019078
0 0.087351 0.509335 0.041920 0.019069
1 0.144848 0.509776 0.060253 0.019209
2 0.320247 0.511747 0.269391 0.019564
2 0.277876 0.532673 0.348554 0.020171
2 0.277586 0.553922 0.348554 0.020171
2 0.277297 0.575171 0.348554 0.020171
2 0.277007 0.596420 0.348554 0.020171
0 0.106581 0.626989 0.083585 0.019388
1 0.177827 0.627535 0.046087 0.019101
2 0.338227 0.629391 0.253559 0.019442
2 0.276274 0.650167 0.348554 0.020171
2 0.275984 0.671416 0.348554 0.020171
2 0.275694 0.692665 0.348554 0.020171
2 0.275405 0.713913 0.348554 0.020171
2 0.280114 0.735201 0.358553 0.020248
2 0.243160 0.756168 0.285224 0.019685
0 0.083550 0.788071 0.041920 0.019069
1 0.150213 0.788582 0.078585 0.019350
2 0.326862 0.790562 0.253559 0.019442
2 0.274075 0.811408 0.348554 0.020171
2 0.273785 0.832657 0.348554 0.020171
2 0.273495 0.853906 0.348554 0.020171
2 0.154462 0.874244 0.111066 0.018349
0 0.580664 0.084972 0.083585 0.019388
1 0.667326 0.085637 0.076918 0.019337
2 0.771895 0.087064 0.111066 0.018349
0 0.559465 0.111686 0.041920 0.019069
1 0.635294 0.112268 0.096917 0.019491
2 0.813193 0.114257 0.237726 0.019321
2 0.623330 0.134052 0.095234 0.018228
0 0.569216 0.160513 0.062752 0.019228
1 0.627130 0.160957 0.040254 0.019056
2 0.792530 0.162851 0.269391 0.019564
2 0.749325 0.183771 0.348554 0.020171
2 0.749036 0.205020 0.348554 0.020171
2 0.748746 0.226269 0.348554 0.020171
2 0.753456 0.247556 0.358553 0.020248
2 0.645255 0.267977 0.142731 0.018592
0 0.556951 0.296051 0.041920 0.019069
1 0.619864 0.296534 0.071085 0.019292
2 0.800680 0.298546 0.269391 0.019564
2 0.676230 0.318842 0.206061 0.019078
0 0.566643 0.349253 0.062752 0.019228
1 0.644555 0.349851 0.080252 0.019363
0 0.555775 0.382297 0.041920 0.019069
1 0.616605 0.382763 0.066919 0.019260
2 0.795337 0.384759 0.269391 0.019564
2 0.730467 0.405513 0.316889 0.019928
0 0.555110 0.431044 0.041920 0.019069
1 0.611774 0.431479 0.058586 0.019196
2 0.786339 0.433443 0.269391 0.019564
2 0.745635 0.454382 0.348554 0.020171
2 0.745345 0.475631 0.348554 0.020171
2 0.745055 0.496880 0.348554 0.020171
2 0.744766 0.518128 0.348554 0.020171
2 0.749476 0.539416 0.358553 0.020248
0 0.553226 0.569162 0.041920 0.019069
1 0.626139 0.569721 0.091084 0.019446
2 0.793205 0.571628 0.221894 0.019199
0 0.563225 0.599865 0.062752 0.019228
1 0.652803 0.600552 0.103584 0.019542
0 0.552340 0.634158 0.041920 0.019069
1 0.596504 0.634497 0.033587 0.019005
2 0.726906 0.636123 0.206061 0.019078
0 0.572772 0.663692 0.083585 0.019388
1 0.664017 0.664392 0.086085 0.019407
2 0.812751 0.666158 0.190229 0.018957
0 0.572397 0.691190 0.083585 0.019388
1 0.651559 0.691798 0.061919 0.019222
0 0.551104 0.724779 0.041920 0.019069
1 0.611101 0.725239 0.065252 0.019248
2 0.789000 0.727229 0.269391 0.019564
2 0.741629 0.748116 0.348554 0.020171
2 0.743423 0.769381 0.352720 0.020203
2 0.741050 0.790614 0.348554 0.020171
2 0.653681 0.811195 0.174396 0.018835
0 0.570402 0.837433 0.083585 0.019388
1 0.659981 0.838120 0.082751 0.019382
2 0.814964 0.839934 0.206061 0.019078
2 0.740095 0.860611 0.348554 0.020171
2 0.739805 0.881859 0.348554 0.020171
2 0.739515 0.903108 0.348554 0.020171
2 0.739226 0.924357 0.348554 0.020171
2 0.738936 0.945606 0.348554 0.020171
2 0.738646 0.966855 0.348554 0.020171
2 0.619613 0.987193 0.111066 0.018349
