1 0.085588 0.085446 0.041753 0.018858
2 0.146421 0.085289 0.066753 0.018923
3 0.293506 0.085533 0.205913 0.018033
0 0.264757 0.085607 0.406768 0.023553
1 0.096140 0.114794 0.062586 0.018912
2 0.176973 0.114585 0.085919 0.018972
3 0.341558 0.114783 0.221746 0.018074
3 0.276656 0.136201 0.348412 0.018402
3 0.276754 0.157451 0.348412 0.018402
3 0.276852 0.178701 0.348412 0.018402
0 0.265039 0.146857 0.407061 0.087303
1 0.106991 0.209141 0.083419 0.018966
2 0.185324 0.208939 0.060086 0.018905
3 0.344909 0.209150 0.237579 0.018115
3 0.277091 0.230576 0.348412 0.018402
3 0.282189 0.251813 0.358412 0.018428
3 0.277287 0.273076 0.348412 0.018402
3 0.277385 0.294326 0.348412 0.018402
3 0.282483 0.315562 0.358412 0.018428
3 0.253831 0.336887 0.300912 0.018279
0 0.265620 0.273106 0.407355 0.151053
1 0.097289 0.364168 0.062586 0.018912
2 0.170622 0.363978 0.070919 0.018933
3 0.335623 0.364175 0.237579 0.018115
3 0.277805 0.385575 0.348412 0.018402
3 0.282903 0.406812 0.358412 0.018428
3 0.278001 0.428075 0.348412 0.018402
3 0.278099 0.449325 0.348412 0.018402
3 0.159447 0.470882 0.110913 0.017787
0 0.266285 0.417480 0.407257 0.129803
1 0.108344 0.502890 0.083419 0.018966
2 0.190427 0.502677 0.067586 0.018925
3 0.345846 0.502899 0.221746 0.018074
3 0.278444 0.524324 0.348412 0.018402
3 0.278542 0.545574 0.348412 0.018402
3 0.278640 0.566824 0.348412 0.018402
3 0.183738 0.588320 0.158413 0.017910
0 0.266875 0.545604 0.407159 0.108553
1 0.088067 0.623568 0.041753 0.018858
2 0.143900 0.623423 0.056753 0.018897
3 0.270152 0.623721 0.174246 0.017951
0 0.267235 0.623729 0.406768 0.023553
1 0.098624 0.654166 0.062586 0.018912
2 0.171541 0.653977 0.070086 0.018931
3 0.336126 0.654175 0.237579 0.018115
3 0.279141 0.675573 0.348412 0.018402
3 0.279239 0.696823 0.348412 0.018402
3 0.279336 0.718073 0.348412 0.018402
3 0.279434 0.739323 0.348412 0.018402
3 0.279532 0.760573 0.348412 0.018402
3 0.279630 0.781823 0.348412 0.018402
3 0.208478 0.803257 0.205913 0.018033
0 0.267719 0.728728 0.407453 0.172303
1 0.109864 0.832888 0.083419 0.018966
2 0.185280 0.832692 0.054253 0.018890
3 0.341949 0.832911 0.237579 0.018115
3 0.279964 0.854322 0.348412 0.018402
3 0.280062 0.875572 0.348412 0.018402
3 0.285160 0.896809 0.358412 0.018428
3 0.280258 0.918072 0.348412 0.018402
3 0.285355 0.939309 0.358412 0.018428
3 0.280453 0.960572 0.348412 0.018402
3 0.161802 0.982129 0.110913 0.017787
0 0.268542 0.907477 0.407453 0.172303
1 0.573085 0.084183 0.083419 0.018966
2 0.665585 0.083944 0.088419 0.018979
3 0.823503 0.084159 0.205913 0.018033
3 0.724435 0.105666 0.310912 0.018305
0 0.731469 0.095023 0.406866 0.044803
1 0.562899 0.134210 0.062586 0.018912
2 0.636232 0.134020 0.070919 0.018933
3 0.801234 0.134217 0.237579 0.018115
3 0.585083 0.156028 0.031747 0.017582
0 0.731700 0.145023 0.406866 0.044803
1 0.573554 0.186058 0.083419 0.018966
2 0.665637 0.185819 0.087586 0.018977
0 0.731890 0.186272 0.406768 0.023553
1 0.563293 0.219834 0.062586 0.018912
2 0.629126 0.219664 0.055919 0.018895
3 0.794545 0.219860 0.253412 0.018156
0 0.732045 0.220022 0.406768 0.023553
1 0.553018 0.250486 0.041753 0.018858
2 0.612601 0.250332 0.064253 0.018916
0 0.732186 0.250647 0.406768 0.023553
1 0.553150 0.279236 0.041753 0.018858
2 0.610233 0.279088 0.059253 0.018903
3 0.785235 0.279260 0.269246 0.018197
3 0.664917 0.300822 0.190079 0.017992
0 0.732368 0.290022 0.406866 0.044803
1 0.563817 0.333584 0.062586 0.018912
2 0.638817 0.333389 0.074253 0.018942
3 0.805485 0.333583 0.237579 0.018115
3 0.617668 0.355319 0.095080 0.017746
0 0.732618 0.344396 0.406866 0.044803
1 0.574453 0.381056 0.083419 0.018966
2 0.656952 0.380843 0.068419 0.018927
3 0.812787 0.381064 0.221746 0.018074
3 0.744552 0.402491 0.348412 0.018402
3 0.744650 0.423741 0.348412 0.018402
3 0.744748 0.444991 0.348412 0.018402
3 0.744846 0.466240 0.348412 0.018402
3 0.749944 0.487477 0.358412 0.018428
3 0.702542 0.508850 0.263412 0.018182
0 0.733081 0.445021 0.407355 0.151053
1 0.564753 0.536707 0.062586 0.018912
2 0.641836 0.536508 0.078419 0.018953
3 0.810588 0.536696 0.237579 0.018115
3 0.750269 0.558102 0.358412 0.018428
3 0.750367 0.579352 0.358412 0.018428
3 0.745465 0.600615 0.348412 0.018402
3 0.745563 0.621865 0.348412 0.018402
3 0.745661 0.643114 0.348412 0.018402
3 0.745759 0.664364 0.348412 0.018402
3 0.579607 0.686045 0.015914 0.017541
0 0.733847 0.611270 0.407453 0.172303
1 0.555157 0.714858 0.041753 0.018858
2 0.608490 0.714720 0.051753 0.018884
3 0.787658 0.714881 0.285079 0.018238
0 0.734325 0.715019 0.406768 0.023553
1 0.576119 0.742929 0.083419 0.018966
2 0.659036 0.742714 0.069253 0.018929
3 0.815287 0.742935 0.221746 0.018074
3 0.730386 0.764405 0.316745 0.018320
0 0.734504 0.753769 0.406866 0.044803
1 0.555534 0.796733 0.041753 0.018858
2 0.616783 0.796574 0.067586 0.018925
3 0.777202 0.796784 0.231746 0.018100
0 0.734702 0.796894 0.406768 0.023553
1 0.566080 0.824831 0.062586 0.018912
2 0.642746 0.824632 0.077586 0.018951
3 0.779415 0.824903 0.174246 0.017951
0 0.734832 0.825019 0.406768 0.023553
1 0.555784 0.851108 0.041753 0.018858
2 0.627867 0.850921 0.089252 0.018981
3 0.802036 0.851095 0.237579 0.018115
3 0.627968 0.872796 0.110913 0.017787
0 0.735002 0.861893 0.406866 0.044803
