1 0.099464 0.077844 0.042193 0.019415
2 0.151536 0.078680 0.049691 0.019536
3 0.329394 0.082163 0.285434 0.022074
3 0.289629 0.102779 0.348753 0.023092
3 0.289022 0.124025 0.348753 0.023092
3 0.288416 0.145270 0.348753 0.023092
3 0.287809 0.166515 0.348753 0.023092
3 0.255542 0.187251 0.285434 0.022074
0 0.277055 0.134460 0.410250 0.135253
1 0.116384 0.215022 0.083850 0.020084
2 0.209279 0.216515 0.089682 0.020178
3 0.367559 0.219683 0.206286 0.020803
3 0.285720 0.239623 0.348753 0.023092
3 0.134731 0.258452 0.047989 0.018259
0 0.274056 0.239436 0.408430 0.071518
1 0.093360 0.291545 0.042193 0.019415
2 0.156262 0.292555 0.071353 0.019884
3 0.239142 0.294512 0.073816 0.018674
0 0.272468 0.295048 0.407216 0.029028
1 0.092396 0.325287 0.042193 0.019415
2 0.151549 0.326237 0.063854 0.019763
3 0.328574 0.329707 0.269605 0.021820
3 0.227157 0.349332 0.237945 0.021311
0 0.271200 0.339413 0.407823 0.050273
1 0.101365 0.376068 0.063021 0.019750
2 0.170932 0.377186 0.063854 0.019763
3 0.337126 0.380481 0.247943 0.021472
3 0.281115 0.400836 0.348753 0.023092
3 0.280508 0.422081 0.348753 0.023092
3 0.279901 0.443326 0.348753 0.023092
3 0.279295 0.464571 0.348753 0.023092
3 0.278688 0.485816 0.348753 0.023092
3 0.127699 0.504645 0.047989 0.018259
0 0.268237 0.443139 0.410857 0.156498
1 0.107352 0.531200 0.083850 0.020084
2 0.196498 0.532632 0.082183 0.020058
3 0.311454 0.535104 0.127137 0.019531
0 0.265631 0.534368 0.407216 0.029028
1 0.096010 0.563525 0.063021 0.019750
2 0.155163 0.564475 0.043026 0.019428
0 0.264703 0.566860 0.407216 0.029028
1 0.084596 0.598349 0.042193 0.019415
2 0.154580 0.599474 0.085516 0.020111
3 0.334521 0.602990 0.253775 0.021566
3 0.171868 0.621632 0.142967 0.019785
0 0.263400 0.612475 0.407823 0.050273
1 0.093529 0.650380 0.063021 0.019750
2 0.158514 0.651424 0.054690 0.019616
3 0.323042 0.654693 0.253775 0.021566
3 0.225790 0.674385 0.253775 0.021566
0 0.261919 0.664338 0.407823 0.050273
1 0.081544 0.705200 0.042193 0.019415
2 0.148195 0.706271 0.078851 0.020004
3 0.324803 0.709734 0.253775 0.021566
3 0.271709 0.730135 0.348753 0.023092
3 0.276101 0.751461 0.358751 0.023252
3 0.183431 0.771227 0.174626 0.020294
0 0.259741 0.740571 0.409037 0.092763
1 0.089173 0.802845 0.063021 0.019750
2 0.148327 0.803795 0.043026 0.019428
3 0.314937 0.807098 0.269605 0.021820
3 0.166031 0.825960 0.142967 0.019785
0 0.257563 0.816803 0.407823 0.050273
1 0.077367 0.851416 0.042193 0.019415
2 0.146101 0.852521 0.083017 0.020071
3 0.324792 0.856017 0.253775 0.021566
3 0.267532 0.876352 0.348753 0.023092
3 0.266925 0.897597 0.348753 0.023092
3 0.271317 0.918922 0.358751 0.023252
3 0.265711 0.940087 0.348753 0.023092
3 0.265104 0.961332 0.348753 0.023092
3 0.098286 0.979907 0.016329 0.017750
0 0.254654 0.918655 0.410857 0.156498
1 0.566024 0.085341 0.042193 0.019415
2 0.638091 0.086498 0.089682 0.020178
3 0.812200 0.089921 0.237945 0.021311
3 0.661211 0.108750 0.158797 0.020040
0 0.744828 0.099466 0.407823 0.050273
1 0.564632 0.134079 0.042193 0.019415
2 0.640031 0.135291 0.096347 0.020285
3 0.817473 0.138767 0.237945 0.021311
3 0.636074 0.157107 0.111308 0.019276
0 0.743436 0.148205 0.407823 0.050273
1 0.573493 0.188609 0.063021 0.019750
2 0.629314 0.189506 0.036361 0.019321
3 0.792592 0.192755 0.269605 0.021820
3 0.758243 0.213458 0.358751 0.023252
3 0.752637 0.234623 0.348753 0.023092
3 0.752030 0.255868 0.348753 0.023092
3 0.664360 0.275714 0.174626 0.020294
0 0.740973 0.234435 0.409643 0.114008
1 0.559866 0.300916 0.042193 0.019415
2 0.609438 0.301713 0.044692 0.019455
3 0.737307 0.304392 0.190456 0.020548
0 0.738974 0.304419 0.407216 0.029028
1 0.579927 0.328120 0.083850 0.020084
2 0.669490 0.329559 0.083017 0.020071
3 0.824436 0.332673 0.206286 0.020803
3 0.749263 0.352720 0.348753 0.023092
3 0.748656 0.373966 0.348753 0.023092
3 0.748050 0.395211 0.348753 0.023092
3 0.747443 0.416456 0.348753 0.023092
3 0.746836 0.437701 0.348753 0.023092
3 0.746229 0.458946 0.348753 0.023092
3 0.713963 0.479683 0.285434 0.022074
0 0.736082 0.405646 0.411464 0.177744
1 0.574751 0.509328 0.083850 0.020084
2 0.661814 0.510727 0.078018 0.019991
3 0.822176 0.513929 0.222116 0.021057
3 0.749086 0.534009 0.358751 0.023252
3 0.748479 0.555254 0.358751 0.023252
3 0.742873 0.576419 0.348753 0.023092
3 0.576055 0.594994 0.016329 0.017750
0 0.731816 0.554987 0.409643 0.114008
1 0.560892 0.629758 0.063021 0.019750
2 0.618378 0.630682 0.039693 0.019375
0 0.729585 0.633094 0.407216 0.029028
1 0.570396 0.661793 0.083850 0.020084
2 0.666207 0.663332 0.095514 0.020272
3 0.819487 0.666421 0.190456 0.020548
3 0.739732 0.686394 0.348753 0.023092
3 0.739125 0.707639 0.348753 0.023092
3 0.727687 0.728710 0.327092 0.022744
0 0.727764 0.696829 0.409037 0.092763
1 0.546765 0.759561 0.042193 0.019415
2 0.598419 0.760391 0.048858 0.019522
3 0.775861 0.763867 0.285434 0.022074
3 0.594462 0.782207 0.063819 0.018513
0 0.725569 0.773686 0.407823 0.050273
1 0.545355 0.808924 0.042193 0.019415
2 0.607007 0.809915 0.068853 0.019843
3 0.786531 0.813425 0.269605 0.021820
3 0.740518 0.833940 0.358751 0.023252
3 0.734912 0.855105 0.348753 0.023092
3 0.734306 0.876350 0.348753 0.023092
3 0.733699 0.897595 0.348753 0.023092
3 0.733092 0.918841 0.348753 0.023092
3 0.597932 0.937924 0.079648 0.018768
0 0.722642 0.876163 0.410857 0.156498
