3 0.509693 0.034609 0.980615 0.048740
0 0.115669 0.075033 0.063260 0.020225
1 0.180637 0.076577 0.054931 0.020027
2 0.345111 0.081111 0.253945 0.023509
2 0.295072 0.101182 0.348898 0.025765
2 0.294174 0.122422 0.348898 0.025765
2 0.269539 0.143097 0.301421 0.024637
0 0.111605 0.171235 0.063260 0.020225
1 0.179071 0.172838 0.059929 0.020146
2 0.346044 0.177431 0.253945 0.023509
2 0.164404 0.194375 0.095691 0.019748
0 0.119746 0.225205 0.084083 0.020720
1 0.213866 0.227442 0.092412 0.020918
2 0.373343 0.231857 0.206469 0.022380
2 0.225436 0.249603 0.222294 0.022756
0 0.096601 0.279683 0.042438 0.019730
1 0.149075 0.280930 0.050767 0.019928
2 0.327292 0.285790 0.285596 0.024261
2 0.286415 0.306079 0.348898 0.025765
2 0.285518 0.327319 0.348898 0.025765
2 0.284620 0.348558 0.348898 0.025765
2 0.283723 0.369797 0.348898 0.025765
2 0.282826 0.391037 0.348898 0.025765
2 0.171151 0.409644 0.127342 0.020500
0 0.110747 0.438223 0.084083 0.020720
1 0.181545 0.439906 0.045769 0.019809
2 0.341438 0.444331 0.253945 0.023509
2 0.192698 0.462057 0.174818 0.021628
0 0.108477 0.491946 0.084083 0.020720
1 0.197183 0.494054 0.081585 0.020661
2 0.351245 0.498341 0.206469 0.022380
2 0.277468 0.517848 0.348898 0.025765
2 0.276571 0.539088 0.348898 0.025765
2 0.275673 0.560327 0.348898 0.025765
0 0.094028 0.587276 0.063260 0.020225
1 0.166491 0.588998 0.069924 0.020384
2 0.330549 0.593522 0.238120 0.023133
2 0.115176 0.609664 0.032390 0.018243
0 0.081478 0.637628 0.042438 0.019730
1 0.147279 0.639192 0.077420 0.020562
2 0.322997 0.643993 0.253945 0.023509
2 0.144689 0.661016 0.095691 0.019748
0 0.089488 0.694722 0.063260 0.020225
1 0.165283 0.696523 0.076587 0.020542
2 0.313932 0.700681 0.200639 0.022242
0 0.077783 0.725084 0.042438 0.019730
1 0.131090 0.726351 0.052433 0.019968
2 0.310140 0.731231 0.285596 0.024261
2 0.117256 0.747908 0.048215 0.018619
0 0.086004 0.777180 0.063260 0.020225
1 0.154303 0.778804 0.061595 0.020186
2 0.322109 0.783417 0.253945 0.023509
2 0.183365 0.801380 0.184813 0.021866
0 0.094410 0.824904 0.084083 0.020720
1 0.170622 0.826715 0.056597 0.020067
2 0.328016 0.831081 0.238120 0.023133
0 0.082811 0.852767 0.063260 0.020225
1 0.146529 0.854282 0.052433 0.019968
2 0.309754 0.858786 0.253945 0.023509
2 0.206824 0.877601 0.238120 0.023133
0 0.571690 0.085870 0.042438 0.019730
1 0.628329 0.087216 0.059096 0.020126
2 0.802798 0.091988 0.269771 0.023885
2 0.761504 0.112267 0.348898 0.025765
2 0.760607 0.133506 0.348898 0.025765
2 0.648932 0.152113 0.127342 0.020500
0 0.578222 0.177946 0.063260 0.020225
1 0.652352 0.179708 0.073255 0.020463
2 0.818075 0.184272 0.238120 0.023133
2 0.757625 0.204096 0.348898 0.025765
2 0.756727 0.225335 0.348898 0.025765
2 0.755830 0.246575 0.348898 0.025765
2 0.754933 0.267814 0.348898 0.025765
2 0.746122 0.288865 0.333072 0.025389
0 0.582774 0.316874 0.084083 0.020720
1 0.664817 0.318824 0.068258 0.020344
2 0.820129 0.323140 0.222294 0.022756
2 0.585599 0.338827 0.016564 0.017867
0 0.559787 0.367604 0.042438 0.019730
1 0.621423 0.369068 0.069091 0.020364
2 0.785065 0.373583 0.238120 0.023133
0 0.558362 0.401337 0.042438 0.019730
1 0.630409 0.403049 0.089914 0.020859
2 0.804462 0.407811 0.238120 0.023133
2 0.629486 0.424913 0.111517 0.020124
0 0.577100 0.451182 0.084083 0.020720
1 0.657060 0.453082 0.064093 0.020245
2 0.762814 0.456221 0.127342 0.020500
0 0.575781 0.482416 0.084083 0.020720
1 0.657823 0.484366 0.068258 0.020344
2 0.797310 0.488306 0.190644 0.022004
0 0.574408 0.514900 0.084083 0.020720
1 0.650620 0.516711 0.056597 0.020067
2 0.808014 0.521077 0.238120 0.023133
2 0.632621 0.538169 0.127342 0.020500
0 0.572323 0.564250 0.084083 0.020720
1 0.646036 0.566002 0.051600 0.019948
0 0.550101 0.596864 0.042438 0.019730
1 0.620066 0.598526 0.085749 0.020760
0 0.569552 0.629842 0.084083 0.020720
1 0.652844 0.631822 0.070757 0.020403
2 0.809405 0.636168 0.222294 0.022756
2 0.738543 0.655744 0.348898 0.025765
2 0.579392 0.673223 0.032390 0.018243
0 0.545800 0.698688 0.042438 0.019730
1 0.613682 0.700301 0.081585 0.020661
2 0.791483 0.705151 0.253945 0.023509
0 0.565224 0.732291 0.084083 0.020720
1 0.641019 0.734092 0.055764 0.020047
2 0.797997 0.738448 0.238120 0.023133
2 0.591786 0.754808 0.064041 0.018996
0 0.562928 0.786639 0.084083 0.020720
1 0.652466 0.788766 0.083250 0.020700
2 0.807362 0.793073 0.206469 0.022380
2 0.597403 0.809344 0.079866 0.019372
0 0.550246 0.840114 0.063260 0.020225
1 0.618962 0.841747 0.062427 0.020205
2 0.776356 0.846113 0.232289 0.022994
0 0.559259 0.873470 0.084083 0.020720
1 0.645049 0.875509 0.075754 0.020522
2 0.772459 0.879162 0.158993 0.021252
