1 0.099100 0.089357 0.083741 0.019795
2 0.188670 0.088231 0.082907 0.019784
3 0.343663 0.086907 0.206196 0.020085
3 0.119169 0.110983 0.047884 0.018095
0 0.257662 0.098615 0.407587 0.048856
1 0.079429 0.141487 0.042080 0.019271
2 0.149419 0.140607 0.085407 0.019816
3 0.329407 0.138969 0.253689 0.020682
3 0.270724 0.160960 0.348675 0.021876
3 0.271199 0.182207 0.348675 0.021876
3 0.271674 0.203454 0.348675 0.021876
3 0.272149 0.224701 0.348675 0.021876
3 0.277623 0.245885 0.358674 0.022002
3 0.106872 0.269285 0.016222 0.017697
0 0.260009 0.203600 0.409962 0.155091
1 0.103863 0.302452 0.083741 0.019795
2 0.184268 0.301441 0.064577 0.019554
3 0.338010 0.300133 0.222027 0.020284
3 0.179341 0.323381 0.158702 0.019488
0 0.262425 0.311710 0.407587 0.048856
1 0.094663 0.356950 0.062910 0.019533
2 0.176735 0.355919 0.088740 0.019858
3 0.342559 0.354459 0.222027 0.020284
3 0.109316 0.378644 0.016222 0.017697
0 0.263640 0.366077 0.407587 0.048856
1 0.106307 0.411812 0.083741 0.019795
2 0.174214 0.410958 0.039580 0.019240
3 0.331289 0.409608 0.253689 0.020682
3 0.205532 0.432442 0.206196 0.020085
0 0.264870 0.421070 0.407587 0.048856
1 0.097107 0.466310 0.062910 0.019533
2 0.165847 0.465446 0.062077 0.019523
0 0.265847 0.464814 0.407112 0.027609
1 0.097847 0.499430 0.062910 0.019533
2 0.182002 0.498372 0.092906 0.019910
3 0.349909 0.496886 0.222027 0.020284
3 0.278728 0.519034 0.348675 0.021876
3 0.279203 0.540281 0.348675 0.021876
3 0.279677 0.561528 0.348675 0.021876
3 0.264321 0.582974 0.317013 0.021478
0 0.267538 0.540428 0.409012 0.112597
1 0.090114 0.619545 0.042080 0.019271
2 0.154688 0.618733 0.074575 0.019680
0 0.269270 0.617917 0.407112 0.027609
1 0.090757 0.648290 0.042080 0.019271
2 0.160747 0.647411 0.085407 0.019816
3 0.337819 0.645809 0.247856 0.020609
3 0.115825 0.669853 0.016222 0.017697
0 0.270150 0.657287 0.407587 0.048856
1 0.102331 0.700027 0.062910 0.019533
2 0.175654 0.699105 0.071242 0.019638
3 0.285236 0.698353 0.127040 0.019090
0 0.271071 0.698531 0.407112 0.027609
1 0.103113 0.735022 0.062910 0.019533
2 0.175603 0.734111 0.069576 0.019617
3 0.339761 0.732672 0.237858 0.020483
3 0.157345 0.756219 0.095378 0.018692
0 0.272091 0.744149 0.407587 0.048856
1 0.104217 0.784390 0.062910 0.019533
2 0.168791 0.783579 0.053745 0.019418
3 0.301286 0.782538 0.190364 0.019886
0 0.272957 0.782894 0.407112 0.027609
1 0.094472 0.814517 0.042080 0.019271
2 0.171545 0.813548 0.099572 0.019994
3 0.350700 0.811921 0.237858 0.020483
3 0.285767 0.833990 0.348675 0.021876
3 0.286242 0.855237 0.348675 0.021876
3 0.262971 0.876783 0.301182 0.021279
0 0.274340 0.844760 0.408537 0.091350
1 0.565701 0.083491 0.083741 0.019795
2 0.642357 0.082527 0.057078 0.019460
0 0.724026 0.082125 0.407112 0.027609
1 0.566455 0.117236 0.083741 0.019795
2 0.638945 0.116324 0.048746 0.019355
3 0.792687 0.115017 0.237858 0.020483
3 0.586525 0.138862 0.047884 0.018095
0 0.725018 0.126494 0.407587 0.048856
1 0.546728 0.166866 0.042080 0.019271
2 0.612552 0.166038 0.077075 0.019711
3 0.748797 0.164950 0.174533 0.019687
0 0.725884 0.165238 0.407112 0.027609
1 0.547524 0.202486 0.042080 0.019271
2 0.605016 0.201763 0.060411 0.019502
0 0.726680 0.200858 0.407112 0.027609
1 0.558624 0.232976 0.062910 0.019533
2 0.635280 0.232012 0.077908 0.019722
3 0.800687 0.230557 0.232025 0.020410
3 0.612855 0.254172 0.095378 0.018692
0 0.727602 0.242103 0.407587 0.048856
1 0.570254 0.287212 0.083741 0.019795
2 0.649826 0.286211 0.062910 0.019533
3 0.739411 0.285710 0.095378 0.018692
0 0.728579 0.285846 0.407112 0.027609
1 0.570869 0.314708 0.083741 0.019795
2 0.657523 0.313619 0.077075 0.019711
3 0.817515 0.312232 0.222027 0.020284
3 0.670094 0.335339 0.206196 0.020085
0 0.729431 0.323966 0.407587 0.048856
1 0.561683 0.369831 0.062910 0.019533
2 0.624591 0.369040 0.050412 0.019376
3 0.794997 0.367523 0.269520 0.020881
3 0.742563 0.389435 0.348675 0.021876
3 0.743038 0.410682 0.348675 0.021876
3 0.680188 0.432725 0.222027 0.020284
0 0.731136 0.400205 0.408537 0.091350
1 0.574137 0.460938 0.083741 0.019795
2 0.663292 0.459817 0.082074 0.019774
3 0.817867 0.458498 0.206196 0.020085
3 0.610038 0.482364 0.079547 0.018493
0 0.732700 0.470196 0.407587 0.048856
1 0.575395 0.517180 0.083741 0.019795
2 0.649134 0.516252 0.051245 0.019386
3 0.804126 0.514929 0.237858 0.020483
3 0.745860 0.536914 0.348675 0.021876
3 0.746334 0.558161 0.348675 0.021876
3 0.746809 0.579408 0.348675 0.021876
3 0.699791 0.601253 0.253689 0.020682
0 0.734669 0.558308 0.409012 0.112597
1 0.577979 0.632788 0.083741 0.019795
2 0.656718 0.631798 0.061244 0.019512
3 0.816709 0.630412 0.237858 0.020483
3 0.748444 0.652523 0.348675 0.021876
3 0.748919 0.673770 0.348675 0.021876
3 0.754393 0.694954 0.358674 0.022002
3 0.754868 0.716201 0.358674 0.022002
3 0.755343 0.737448 0.358674 0.022002
3 0.734987 0.758957 0.317013 0.021478
0 0.737728 0.695164 0.409962 0.155091
1 0.577014 0.794698 0.074575 0.019680
2 0.660335 0.793651 0.079575 0.019743
3 0.818660 0.792285 0.216194 0.020211
3 0.680821 0.815271 0.206196 0.020085
0 0.740159 0.803899 0.407587 0.048856
1 0.582825 0.849633 0.083741 0.019795
2 0.669480 0.848543 0.077075 0.019711
3 0.829471 0.847157 0.222027 0.020284
3 0.626642 0.870960 0.095378 0.018692
0 0.741388 0.858891 0.407587 0.048856
