1 0.108792 0.084132 0.083354 0.018802
2 0.201709 0.084190 0.089187 0.018805
3 0.360041 0.084913 0.205853 0.017628
3 0.160018 0.106039 0.110853 0.017569
0 0.267113 0.095480 0.406715 0.044002
1 0.098316 0.137876 0.062521 0.018789
2 0.185816 0.137930 0.099187 0.018812
3 0.325399 0.138642 0.158353 0.017598
0 0.267065 0.138605 0.406691 0.022752
1 0.098279 0.171626 0.062521 0.018789
2 0.165779 0.171667 0.059187 0.018787
3 0.332861 0.172396 0.253353 0.017657
0 0.267028 0.172355 0.406691 0.022752
1 0.098244 0.202876 0.062521 0.018789
2 0.160744 0.202914 0.049187 0.018781
3 0.330744 0.203645 0.269186 0.017667
3 0.112387 0.224759 0.015853 0.017510
0 0.266982 0.214230 0.406715 0.044002
1 0.087771 0.254119 0.041687 0.018776
2 0.144854 0.254154 0.059187 0.018787
3 0.319854 0.254888 0.269186 0.017667
3 0.278580 0.276113 0.348353 0.017716
3 0.278557 0.297362 0.348353 0.017716
3 0.278533 0.318612 0.348353 0.017716
3 0.283510 0.339866 0.358353 0.017722
3 0.278487 0.361112 0.348353 0.017716
3 0.278463 0.382362 0.348353 0.017716
3 0.175523 0.403549 0.142519 0.017588
0 0.266855 0.329230 0.406855 0.171502
1 0.097993 0.431000 0.062521 0.018789
2 0.167993 0.431044 0.064187 0.018790
3 0.313825 0.431759 0.205853 0.017628
0 0.266742 0.431730 0.406691 0.022752
1 0.108370 0.466632 0.083354 0.018802
2 0.190037 0.466683 0.066687 0.018791
3 0.345036 0.467404 0.221686 0.017638
3 0.215013 0.488573 0.221686 0.017638
0 0.266691 0.477980 0.406715 0.044002
1 0.087477 0.520369 0.041687 0.018776
2 0.154977 0.520411 0.080021 0.018800
3 0.332477 0.521146 0.253353 0.017657
3 0.199120 0.542313 0.190019 0.017618
0 0.266632 0.531730 0.406715 0.044002
1 0.087419 0.572869 0.041687 0.018776
2 0.144503 0.572904 0.059187 0.018787
3 0.319502 0.573638 0.269186 0.017667
3 0.119895 0.594764 0.031686 0.017520
0 0.266574 0.584230 0.406715 0.044002
1 0.087363 0.624119 0.041687 0.018776
2 0.149863 0.624158 0.070021 0.018793
3 0.330279 0.624895 0.269186 0.017667
3 0.278172 0.646112 0.348353 0.017716
3 0.278149 0.667362 0.348353 0.017716
3 0.278125 0.688612 0.348353 0.017716
3 0.278102 0.709862 0.348353 0.017716
3 0.283078 0.731115 0.358353 0.017722
3 0.172222 0.752297 0.136686 0.017585
0 0.266458 0.688605 0.406832 0.150252
1 0.097607 0.780375 0.062521 0.018789
2 0.176357 0.780424 0.081687 0.018801
3 0.346773 0.781155 0.237519 0.017647
3 0.127583 0.802269 0.047519 0.017529
0 0.266345 0.791730 0.406715 0.044002
1 0.107971 0.827882 0.083354 0.018802
2 0.197138 0.827937 0.081687 0.018801
3 0.351721 0.828658 0.205853 0.017628
3 0.143364 0.849779 0.079186 0.017549
0 0.266292 0.839230 0.406715 0.044002
1 0.097502 0.876000 0.062521 0.018789
2 0.166668 0.876043 0.062521 0.018789
3 0.335418 0.876773 0.253353 0.017657
3 0.195811 0.897936 0.184186 0.017614
0 0.266239 0.887355 0.406715 0.044002
1 0.565042 0.084415 0.062521 0.018789
2 0.645459 0.084465 0.085021 0.018803
3 0.770041 0.085167 0.142519 0.017588
0 0.733791 0.085145 0.406691 0.022752
1 0.565003 0.120040 0.062521 0.018789
2 0.636253 0.120084 0.066687 0.018791
3 0.807085 0.120815 0.253353 0.017657
3 0.607895 0.141942 0.073353 0.017546
0 0.733740 0.131395 0.406715 0.044002
1 0.564942 0.175040 0.062521 0.018789
2 0.630775 0.175081 0.055854 0.018785
0 0.733691 0.175770 0.406691 0.022752
1 0.564912 0.202540 0.062521 0.018789
2 0.649495 0.202593 0.093354 0.018808
3 0.817827 0.203322 0.221686 0.017638
3 0.655304 0.224471 0.168353 0.017604
0 0.733649 0.213895 0.406715 0.044002
1 0.554438 0.253784 0.041687 0.018776
2 0.610272 0.253818 0.056687 0.018785
3 0.784021 0.254551 0.269186 0.017667
0 0.733604 0.254520 0.406691 0.022752
1 0.564823 0.282540 0.062521 0.018789
2 0.643157 0.282589 0.080854 0.018800
3 0.813156 0.283319 0.237519 0.017647
3 0.697716 0.304498 0.253353 0.017657
0 0.733561 0.293895 0.406715 0.044002
1 0.575181 0.336297 0.083354 0.018802
2 0.648931 0.336342 0.050854 0.018782
3 0.803930 0.337064 0.237519 0.017647
3 0.594740 0.358184 0.047519 0.017529
0 0.733502 0.347645 0.406715 0.044002
1 0.554293 0.385659 0.041687 0.018776
2 0.627626 0.385704 0.091687 0.018807
3 0.803042 0.386438 0.237519 0.017647
3 0.602602 0.407564 0.063353 0.017539
0 0.733447 0.397020 0.406715 0.044002
1 0.564648 0.441290 0.062521 0.018789
2 0.637981 0.441336 0.070854 0.018794
0 0.733397 0.442020 0.406691 0.022752
1 0.564614 0.471915 0.062521 0.018789
2 0.642948 0.471964 0.080854 0.018800
3 0.812947 0.472694 0.237519 0.017647
3 0.750007 0.493905 0.358353 0.017722
3 0.744983 0.515152 0.348353 0.017716
3 0.744960 0.536402 0.348353 0.017716
3 0.744936 0.557652 0.348353 0.017716
3 0.744913 0.578902 0.348353 0.017716
3 0.744890 0.600152 0.348353 0.017716
3 0.697366 0.621373 0.253353 0.017657
0 0.733282 0.547020 0.406855 0.171502
1 0.564417 0.650665 0.062521 0.018789
2 0.634417 0.650708 0.064187 0.018790
0 0.733166 0.651395 0.406691 0.022752
1 0.553963 0.684409 0.041687 0.018776
2 0.616047 0.684447 0.069187 0.018793
3 0.793129 0.685182 0.263353 0.017663
0 0.733129 0.685145 0.406691 0.022752
1 0.574757 0.720046 0.083354 0.018802
2 0.656841 0.720097 0.067521 0.018792
3 0.812256 0.720819 0.221686 0.017638
3 0.625983 0.741953 0.110853 0.017569
0 0.733078 0.731395 0.406715 0.044002
1 0.564286 0.769415 0.062521 0.018789
2 0.628453 0.769455 0.052521 0.018783
3 0.792202 0.770181 0.253353 0.017657
3 0.744679 0.791402 0.348353 0.017716
3 0.744655 0.812652 0.348353 0.017716
3 0.744632 0.833902 0.348353 0.017716
3 0.720858 0.855137 0.300853 0.017687
0 0.732988 0.812645 0.406785 0.107752
1 0.569995 0.881919 0.074187 0.018796
2 0.651245 0.881969 0.075021 0.018797
3 0.802495 0.882688 0.205853 0.017628
0 0.732911 0.882645 0.406691 0.022752
