3 0.491192 0.040821 0.982384 0.046895
0 0.071490 0.093588 0.042379 0.019655
1 0.137296 0.092146 0.077364 0.020421
2 0.313078 0.088919 0.253907 0.023042
2 0.196872 0.112725 0.216423 0.022220
0 0.073559 0.146691 0.042379 0.019655
1 0.149777 0.145020 0.098189 0.020878
2 0.328058 0.141739 0.238080 0.022695
2 0.265163 0.164376 0.348866 0.025123
2 0.265991 0.185617 0.348866 0.025123
2 0.266818 0.206858 0.348866 0.025123
2 0.267646 0.228099 0.348866 0.025123
2 0.118121 0.252635 0.048161 0.018533
0 0.099738 0.283676 0.084028 0.020567
1 0.169292 0.282151 0.043212 0.019673
0 0.080009 0.312245 0.042379 0.019655
1 0.140816 0.310912 0.067368 0.020202
2 0.264122 0.308835 0.158947 0.020961
0 0.091565 0.341379 0.063204 0.020111
1 0.150707 0.340083 0.043212 0.019673
2 0.317327 0.337057 0.269733 0.023389
2 0.185711 0.361200 0.174774 0.021308
0 0.083222 0.394710 0.042379 0.019655
1 0.139864 0.393468 0.059039 0.020020
2 0.319395 0.390159 0.279729 0.023608
2 0.274826 0.412395 0.348866 0.025123
2 0.275653 0.433636 0.348866 0.025123
2 0.276481 0.454877 0.348866 0.025123
2 0.277308 0.476118 0.348866 0.025123
2 0.143610 0.500307 0.079814 0.019227
0 0.109547 0.535443 0.084028 0.020567
1 0.197010 0.533526 0.079030 0.020458
2 0.349885 0.530801 0.206427 0.022001
2 0.153714 0.556360 0.095641 0.019574
0 0.111689 0.590420 0.084028 0.020567
1 0.196236 0.588567 0.073199 0.020330
2 0.354110 0.585732 0.222254 0.022348
2 0.287466 0.608452 0.358862 0.025342
2 0.288294 0.629693 0.358862 0.025342
2 0.284123 0.651043 0.348866 0.025123
2 0.284951 0.672284 0.348866 0.025123
2 0.285778 0.693525 0.348866 0.025123
2 0.231213 0.715980 0.238080 0.022695
0 0.096876 0.745185 0.042379 0.019655
1 0.163931 0.743716 0.079863 0.020476
2 0.340963 0.740461 0.253907 0.023042
2 0.169781 0.765472 0.111468 0.019920
0 0.109187 0.793686 0.063204 0.020111
1 0.176242 0.792217 0.059039 0.020020
2 0.342862 0.789191 0.253907 0.023042
2 0.171679 0.814201 0.111468 0.019920
0 0.111207 0.845539 0.063204 0.020111
1 0.189507 0.843823 0.081529 0.020513
0 0.123007 0.880921 0.084028 0.020567
1 0.209220 0.879031 0.076531 0.020403
0 0.537958 0.083366 0.042379 0.019655
1 0.599182 0.082024 0.068201 0.020221
2 0.778296 0.078724 0.269733 0.023389
2 0.729562 0.101051 0.348866 0.025123
2 0.730389 0.122292 0.348866 0.025123
2 0.731217 0.143533 0.348866 0.025123
2 0.732044 0.164774 0.348866 0.025123
2 0.732872 0.186015 0.348866 0.025123
2 0.702046 0.207950 0.285560 0.023736
0 0.554577 0.242445 0.063204 0.020111
1 0.629545 0.240802 0.074865 0.020367
2 0.793249 0.237839 0.232249 0.022567
2 0.609156 0.263133 0.095641 0.019574
0 0.567155 0.297818 0.084028 0.020567
1 0.646704 0.296074 0.063204 0.020111
2 0.799580 0.293349 0.222254 0.022348
2 0.682541 0.317173 0.238080 0.022695
0 0.558885 0.353022 0.063204 0.020111
1 0.638851 0.351270 0.084861 0.020586
0 0.559980 0.381135 0.063204 0.020111
1 0.639113 0.379401 0.083195 0.020549
2 0.806982 0.376348 0.232249 0.022567
2 0.709518 0.399743 0.285560 0.023736
0 0.551491 0.430718 0.042379 0.019655
1 0.615630 0.429312 0.074032 0.020348
2 0.789747 0.426121 0.253907 0.023042
2 0.576915 0.452045 0.016508 0.017839
0 0.553632 0.485694 0.042379 0.019655
1 0.601112 0.484654 0.040713 0.019618
2 0.782309 0.481308 0.301386 0.024082
2 0.745236 0.503379 0.348866 0.025123
2 0.746064 0.524620 0.348866 0.025123
2 0.746891 0.545861 0.348866 0.025123
2 0.739806 0.567276 0.333040 0.024776
0 0.568450 0.598543 0.063204 0.020111
1 0.640503 0.596964 0.069034 0.020239
2 0.804207 0.594001 0.238080 0.022695
2 0.749642 0.616456 0.348866 0.025123
2 0.750469 0.637697 0.348866 0.025123
2 0.719644 0.659632 0.285560 0.023736
0 0.561835 0.696229 0.042379 0.019655
1 0.624308 0.694860 0.070700 0.020275
2 0.804672 0.691533 0.269733 0.023389
2 0.610999 0.717036 0.063988 0.018880
0 0.584558 0.744502 0.084028 0.020567
1 0.667439 0.742686 0.069867 0.020257
2 0.823647 0.739888 0.222254 0.022348
2 0.589158 0.766286 0.016508 0.017839
0 0.586675 0.798854 0.084028 0.020567
1 0.666641 0.797101 0.064036 0.020129
2 0.819933 0.794367 0.222254 0.022348
2 0.678322 0.818730 0.190600 0.021655
0 0.588744 0.851956 0.084028 0.020567
1 0.671625 0.850140 0.069867 0.020257
2 0.827833 0.847342 0.222254 0.022348
2 0.632911 0.872873 0.095641 0.019574
