1 0.094382 0.080582 0.041973 0.019135
2 0.157294 0.081166 0.071137 0.019405
3 0.314355 0.083247 0.221938 0.019554
0 0.273525 0.082868 0.407006 0.026269
1 0.093836 0.113705 0.041973 0.019135
2 0.156331 0.114284 0.070304 0.019398
3 0.336724 0.116582 0.269435 0.019994
3 0.284294 0.137347 0.348595 0.020728
3 0.288943 0.158642 0.358594 0.020821
3 0.283594 0.179844 0.348595 0.020728
3 0.283243 0.201093 0.348595 0.020728
3 0.282893 0.222341 0.348595 0.020728
3 0.250879 0.243296 0.285267 0.020141
0 0.271928 0.179736 0.409108 0.153759
1 0.101666 0.270664 0.062804 0.019328
2 0.181243 0.271402 0.083636 0.019521
0 0.270393 0.272854 0.407006 0.026269
1 0.101110 0.304412 0.062804 0.019328
2 0.166105 0.305015 0.054472 0.019251
3 0.306917 0.306945 0.206106 0.019407
0 0.269837 0.306601 0.407006 0.026269
1 0.090107 0.339938 0.041973 0.019135
2 0.143853 0.340436 0.052805 0.019235
3 0.323412 0.342726 0.285267 0.020141
3 0.193488 0.362773 0.174442 0.019113
0 0.269074 0.352848 0.407357 0.047517
1 0.110125 0.389502 0.083636 0.019521
2 0.189285 0.390236 0.061971 0.019320
3 0.346763 0.392321 0.231937 0.019646
3 0.284751 0.412998 0.358594 0.020821
3 0.279401 0.434200 0.348595 0.020728
3 0.279051 0.455448 0.348595 0.020728
3 0.278701 0.476697 0.348595 0.020728
3 0.278350 0.497945 0.348595 0.020728
3 0.278000 0.519193 0.348595 0.020728
3 0.166825 0.539414 0.126945 0.018673
0 0.267210 0.465964 0.409458 0.175007
1 0.086285 0.571795 0.041973 0.019135
2 0.149614 0.572382 0.071970 0.019413
3 0.330839 0.574687 0.269435 0.019994
3 0.276743 0.595437 0.348595 0.020728
3 0.276393 0.616686 0.348595 0.020728
3 0.276043 0.637934 0.348595 0.020728
3 0.275693 0.659183 0.348595 0.020728
3 0.275342 0.680431 0.348595 0.020728
3 0.195831 0.700945 0.190274 0.019260
0 0.264377 0.637826 0.409108 0.153759
1 0.094074 0.731254 0.062804 0.019328
2 0.164902 0.731911 0.066137 0.019359
3 0.335295 0.734116 0.253602 0.019847
0 0.262801 0.733444 0.407006 0.026269
1 0.103903 0.766973 0.083636 0.019521
2 0.176397 0.767645 0.048639 0.019197
3 0.330125 0.769696 0.237770 0.019701
3 0.178537 0.789542 0.158610 0.018967
0 0.262039 0.779690 0.407357 0.047517
1 0.102996 0.821969 0.083636 0.019521
2 0.189240 0.822769 0.076137 0.019452
3 0.348801 0.824873 0.221938 0.019554
3 0.272623 0.845418 0.348595 0.020728
3 0.272273 0.866667 0.348595 0.020728
3 0.271922 0.887915 0.348595 0.020728
3 0.271572 0.909163 0.348595 0.020728
3 0.271222 0.930412 0.348595 0.020728
3 0.120466 0.950266 0.047785 0.017939
0 0.260257 0.887807 0.409108 0.153759
1 0.581845 0.085102 0.083636 0.019521
2 0.673088 0.085948 0.086136 0.019544
3 0.829732 0.088026 0.206106 0.019407
3 0.640646 0.107524 0.126945 0.018673
0 0.739980 0.097819 0.407357 0.047517
1 0.581062 0.132598 0.083636 0.019521
2 0.657306 0.133305 0.056138 0.019266
3 0.814784 0.135391 0.237770 0.019701
3 0.671528 0.155314 0.190274 0.019260
0 0.739198 0.145316 0.407357 0.047517
1 0.580166 0.186969 0.083636 0.019521
2 0.650160 0.187618 0.043639 0.019150
3 0.806388 0.189692 0.247770 0.019793
3 0.749792 0.210419 0.348595 0.020728
3 0.749442 0.231667 0.348595 0.020728
3 0.662015 0.252108 0.174442 0.019113
0 0.737951 0.220935 0.408057 0.090014
1 0.578682 0.276962 0.083636 0.019521
2 0.655343 0.277673 0.056971 0.019274
3 0.813237 0.279762 0.237770 0.019701
3 0.677064 0.299751 0.206106 0.019407
0 0.736818 0.289680 0.407357 0.047517
1 0.567349 0.332487 0.062804 0.019328
2 0.654426 0.333294 0.098635 0.019660
3 0.825236 0.335503 0.221938 0.019554
3 0.636567 0.355005 0.126945 0.018673
0 0.735901 0.345300 0.407357 0.047517
1 0.556140 0.380511 0.041973 0.019135
2 0.613636 0.381044 0.060304 0.019305
3 0.749449 0.382929 0.190274 0.019260
0 0.735283 0.382797 0.407006 0.026269
1 0.576467 0.411327 0.083636 0.019521
2 0.670210 0.412196 0.091135 0.019591
3 0.781858 0.413857 0.111113 0.018526
0 0.734778 0.413420 0.407006 0.026269
1 0.565547 0.441853 0.062804 0.019328
2 0.631792 0.442467 0.056971 0.019274
0 0.734274 0.444043 0.407006 0.026269
1 0.565052 0.471851 0.062804 0.019328
2 0.646296 0.472604 0.086969 0.019552
3 0.811273 0.474759 0.221938 0.019554
3 0.578857 0.493856 0.016121 0.017645
0 0.733604 0.484665 0.407357 0.047517
1 0.574562 0.526943 0.083636 0.019521
2 0.662472 0.527758 0.079470 0.019483
3 0.799951 0.529658 0.174442 0.019113
0 0.732873 0.529036 0.407006 0.026269
1 0.563662 0.556220 0.062804 0.019328
2 0.622824 0.556768 0.042806 0.019143
3 0.789467 0.558938 0.269435 0.019994
3 0.743704 0.579766 0.348595 0.020728
3 0.743354 0.601014 0.348595 0.020728
3 0.743003 0.622262 0.348595 0.020728
3 0.592248 0.642116 0.047785 0.017939
0 0.731688 0.600906 0.408407 0.111262
1 0.561807 0.668711 0.062804 0.019328
2 0.650134 0.669530 0.101135 0.019683
3 0.814278 0.671677 0.206106 0.019407
3 0.631025 0.691229 0.126945 0.018673
0 0.730359 0.681525 0.407357 0.047517
1 0.571389 0.719429 0.083636 0.019521
2 0.650133 0.720159 0.061138 0.019313
3 0.810110 0.722267 0.237770 0.019701
3 0.693519 0.742438 0.253602 0.019847
0 0.729525 0.732146 0.407357 0.047517
1 0.560139 0.769953 0.062804 0.019328
2 0.631383 0.770614 0.066971 0.019367
3 0.802193 0.772823 0.253602 0.019847
3 0.605608 0.792251 0.079449 0.018233
0 0.728690 0.782767 0.407357 0.047517
1 0.559304 0.820574 0.062804 0.019328
2 0.639298 0.821316 0.084469 0.019529
0 0.728031 0.822764 0.407006 0.026269
1 0.569174 0.853793 0.083636 0.019521
2 0.640419 0.854454 0.046139 0.019173
3 0.800813 0.856566 0.253602 0.019847
3 0.699220 0.876876 0.269435 0.019994
0 0.727310 0.866510 0.407357 0.047517
