3 0.496469 0.040032 0.992937 0.033833
0 0.081001 0.088048 0.041958 0.019117
1 0.148913 0.087448 0.081122 0.019463
2 0.326827 0.086501 0.253591 0.019737
2 0.153423 0.109285 0.111100 0.018478
0 0.102687 0.142235 0.083622 0.019485
1 0.191014 0.141455 0.080289 0.019455
2 0.344763 0.140721 0.206094 0.019317
2 0.273019 0.162607 0.348584 0.020576
2 0.273352 0.183855 0.348584 0.020576
2 0.278686 0.205060 0.358583 0.020664
2 0.279020 0.226308 0.358583 0.020664
2 0.131864 0.248860 0.063604 0.018058
0 0.084015 0.279910 0.041958 0.019117
1 0.150260 0.279324 0.077789 0.019433
2 0.326508 0.278392 0.253591 0.019737
2 0.211849 0.300657 0.221926 0.019457
0 0.095186 0.327939 0.062790 0.019301
1 0.175597 0.327229 0.085289 0.019500
2 0.344762 0.326359 0.231925 0.019545
2 0.275934 0.348219 0.348584 0.020576
2 0.281267 0.369423 0.358583 0.020664
2 0.276601 0.390716 0.348584 0.020576
2 0.118613 0.413363 0.031939 0.017779
0 0.097071 0.447931 0.062790 0.019301
1 0.168733 0.447298 0.067790 0.019345
2 0.332064 0.446480 0.237758 0.019597
2 0.222406 0.468700 0.237758 0.019597
0 0.108282 0.498460 0.083622 0.019485
1 0.182860 0.497802 0.052791 0.019212
2 0.338692 0.497050 0.237758 0.019597
2 0.167788 0.519811 0.126933 0.018618
0 0.098641 0.547924 0.062790 0.019301
1 0.157804 0.547401 0.042792 0.019124
2 0.324469 0.546554 0.269423 0.019877
2 0.279389 0.568204 0.348584 0.020576
2 0.200562 0.590152 0.190262 0.019177
0 0.110226 0.622202 0.083622 0.019485
1 0.192303 0.621477 0.067790 0.019345
2 0.347719 0.620729 0.221926 0.019457
2 0.285557 0.642529 0.358583 0.020664
2 0.280891 0.663822 0.348584 0.020576
2 0.281225 0.685071 0.348584 0.020576
2 0.281558 0.706319 0.348584 0.020576
2 0.281892 0.727568 0.348584 0.020576
2 0.282226 0.748816 0.348584 0.020576
2 0.171734 0.771044 0.126933 0.018618
0 0.092181 0.799874 0.041958 0.019117
1 0.158843 0.799285 0.078622 0.019441
2 0.335508 0.798349 0.253591 0.019737
2 0.283345 0.820061 0.348584 0.020576
2 0.283679 0.841310 0.348584 0.020576
2 0.284012 0.862558 0.348584 0.020576
2 0.284346 0.883807 0.348584 0.020576
2 0.284680 0.905055 0.348584 0.020576
2 0.285014 0.926304 0.348584 0.020576
2 0.119109 0.949021 0.016107 0.017639
0 0.547635 0.083925 0.041958 0.019117
1 0.609298 0.083381 0.068623 0.019352
2 0.788878 0.082419 0.269423 0.019877
2 0.738799 0.104113 0.348584 0.020576
2 0.699552 0.125711 0.269423 0.019877
0 0.559161 0.154453 0.062790 0.019301
1 0.617073 0.153942 0.040292 0.019102
2 0.782488 0.153105 0.269423 0.019877
2 0.636999 0.175642 0.142765 0.018758
0 0.559946 0.204450 0.062790 0.019301
1 0.634107 0.203795 0.072789 0.019389
2 0.784107 0.203095 0.206094 0.019317
0 0.560456 0.236948 0.062790 0.019301
1 0.629201 0.236340 0.061957 0.019293
2 0.797533 0.235478 0.253591 0.019737
2 0.741204 0.257227 0.348584 0.020576
2 0.741538 0.278476 0.348584 0.020576
2 0.694375 0.300144 0.253591 0.019737
0 0.561968 0.333191 0.062790 0.019301
1 0.642379 0.332481 0.085289 0.019500
2 0.806544 0.331655 0.221926 0.019457
2 0.608142 0.354660 0.079436 0.018198
0 0.573257 0.388720 0.083622 0.019485
1 0.651585 0.388028 0.060290 0.019279
0 0.573679 0.415593 0.083622 0.019485
1 0.650341 0.414916 0.056957 0.019249
2 0.808256 0.414146 0.237758 0.019597
2 0.712347 0.436245 0.285255 0.020017
0 0.574524 0.469340 0.083622 0.019485
1 0.656601 0.468614 0.067790 0.019345
2 0.812017 0.467866 0.221926 0.019457
2 0.749855 0.489667 0.358583 0.020664
2 0.586867 0.512358 0.031939 0.017779
0 0.575672 0.542459 0.083622 0.019485
1 0.662749 0.541690 0.077789 0.019433
0 0.555341 0.574516 0.041958 0.019117
1 0.619503 0.573949 0.073623 0.019397
2 0.793667 0.573036 0.253591 0.019737
2 0.751504 0.594660 0.358583 0.020664
2 0.746838 0.615952 0.348584 0.020576
2 0.747172 0.637201 0.348584 0.020576
2 0.747506 0.658449 0.348584 0.020576
2 0.621182 0.680817 0.095268 0.018338
0 0.557530 0.713882 0.041958 0.019117
1 0.622942 0.713304 0.076123 0.019419
2 0.790440 0.712449 0.237758 0.019597
0 0.553438 0.745170 0.032792 0.019036
1 0.612600 0.744647 0.072789 0.019389
2 0.794264 0.743667 0.269423 0.019877
2 0.749184 0.765317 0.348584 0.020576
2 0.749518 0.786566 0.348584 0.020576
2 0.749852 0.807814 0.348584 0.020576
2 0.750185 0.829063 0.348584 0.020576
2 0.755519 0.850267 0.358583 0.020664
2 0.679608 0.872189 0.206094 0.019317
