3 0.495068 0.031311 0.990137 0.037077
0 0.099458 0.089160 0.083725 0.019754
1 0.179864 0.088189 0.064561 0.019523
2 0.333608 0.086957 0.222014 0.020176
2 0.143256 0.110509 0.095364 0.018645
0 0.090157 0.141155 0.062895 0.019503
1 0.166814 0.140228 0.077893 0.019684
2 0.319307 0.139011 0.206182 0.019984
0 0.101284 0.174149 0.083725 0.019754
1 0.191688 0.173057 0.084558 0.019764
2 0.300021 0.172373 0.111195 0.018837
0 0.091526 0.204896 0.062895 0.019503
1 0.167766 0.203975 0.077059 0.019674
2 0.335674 0.202572 0.237845 0.020367
2 0.272389 0.224589 0.348664 0.021706
2 0.272845 0.245836 0.348664 0.021706
2 0.273302 0.267083 0.348664 0.021706
2 0.170855 0.289574 0.142857 0.019219
0 0.093915 0.316132 0.062895 0.019503
1 0.181820 0.315070 0.100390 0.019956
2 0.345563 0.313717 0.206182 0.019984
2 0.140212 0.337450 0.079532 0.018454
0 0.084520 0.363752 0.042064 0.019251
1 0.139096 0.363092 0.054562 0.019402
2 0.319503 0.361538 0.285339 0.020941
2 0.141232 0.384944 0.079532 0.018454
0 0.106465 0.415368 0.083725 0.019754
1 0.182705 0.414447 0.056229 0.019422
2 0.340198 0.413169 0.237845 0.020367
2 0.134431 0.436908 0.063701 0.018263
0 0.107565 0.466611 0.083725 0.019754
1 0.180889 0.465726 0.050396 0.019352
2 0.335466 0.464483 0.237845 0.020367
2 0.278013 0.486430 0.348664 0.021706
2 0.278469 0.507677 0.348664 0.021706
2 0.278926 0.528924 0.348664 0.021706
2 0.279382 0.550172 0.348664 0.021706
2 0.279839 0.571419 0.348664 0.021706
2 0.121982 0.594579 0.032038 0.017880
0 0.090104 0.623718 0.042064 0.019251
1 0.150096 0.622993 0.065394 0.019533
2 0.328003 0.621469 0.269508 0.020749
2 0.115154 0.645293 0.016207 0.017689
0 0.101714 0.679210 0.062895 0.019503
1 0.171288 0.678369 0.063728 0.019513
2 0.340446 0.676950 0.253676 0.020558
2 0.287576 0.698842 0.358663 0.021827
2 0.283033 0.720150 0.348664 0.021706
2 0.283490 0.741397 0.348664 0.021706
2 0.288945 0.762584 0.358663 0.021827
2 0.249823 0.784309 0.279506 0.020870
0 0.094332 0.820567 0.042064 0.019251
1 0.152241 0.819868 0.061228 0.019482
2 0.328065 0.818368 0.269508 0.020749
2 0.285610 0.840134 0.348664 0.021706
2 0.286067 0.861381 0.348664 0.021706
2 0.286523 0.882629 0.348664 0.021706
2 0.286979 0.903876 0.348664 0.021706
2 0.287436 0.925123 0.348664 0.021706
2 0.272061 0.946562 0.317001 0.021323
0 0.545234 0.083775 0.042064 0.019251
1 0.616474 0.082914 0.087891 0.019805
0 0.545931 0.116270 0.042064 0.019251
1 0.612590 0.115465 0.078726 0.019694
2 0.789247 0.113956 0.253676 0.020558
2 0.634307 0.137080 0.142857 0.019219
0 0.557501 0.169888 0.062895 0.019503
1 0.622076 0.169107 0.053729 0.019392
2 0.704162 0.168741 0.089531 0.018575
0 0.563911 0.196689 0.074560 0.019644
1 0.652649 0.195616 0.090391 0.019835
2 0.811392 0.194324 0.206182 0.019984
2 0.743941 0.216391 0.358663 0.021827
2 0.739398 0.237699 0.348664 0.021706
2 0.739854 0.258946 0.348664 0.021706
2 0.574082 0.282202 0.016207 0.017689
0 0.560669 0.317368 0.062895 0.019503
1 0.629410 0.316538 0.062061 0.019493
0 0.571742 0.347864 0.083725 0.019754
1 0.655481 0.346852 0.071227 0.019603
2 0.812557 0.345579 0.222014 0.020176
2 0.742190 0.367682 0.348664 0.021706
2 0.742646 0.388929 0.348664 0.021706
2 0.648115 0.411324 0.158689 0.019410
0 0.573849 0.445976 0.083725 0.019754
1 0.651756 0.445035 0.059562 0.019462
2 0.810915 0.443737 0.237845 0.020367
2 0.625562 0.467229 0.111195 0.018837
0 0.554052 0.494346 0.042064 0.019251
1 0.609045 0.493682 0.055396 0.019412
2 0.786952 0.492157 0.279506 0.020870
2 0.745331 0.513913 0.348664 0.021706
2 0.745787 0.535160 0.348664 0.021706
2 0.746243 0.556408 0.348664 0.021706
2 0.746700 0.577655 0.348664 0.021706
2 0.747156 0.598902 0.348664 0.021706
2 0.657624 0.621237 0.168687 0.019531
0 0.557488 0.654326 0.042064 0.019251
1 0.618731 0.653586 0.067894 0.019563
2 0.794971 0.652081 0.263675 0.020679
2 0.598370 0.675709 0.047870 0.018072
0 0.558697 0.710568 0.042064 0.019251
1 0.622438 0.709798 0.072893 0.019623
2 0.740770 0.708994 0.142857 0.019219
0 0.569729 0.739189 0.062895 0.019503
1 0.630138 0.738459 0.045397 0.019291
2 0.758468 0.737533 0.190351 0.019793
0 0.560039 0.773060 0.042064 0.019251
1 0.610032 0.772456 0.045397 0.019291
2 0.785856 0.770957 0.285339 0.020941
2 0.751317 0.792627 0.348664 0.021706
2 0.751774 0.813874 0.348664 0.021706
2 0.720567 0.835504 0.285339 0.020941
0 0.562039 0.866173 0.042064 0.019251
1 0.630780 0.865343 0.082892 0.019744
2 0.809520 0.863808 0.253676 0.020558
2 0.642498 0.887079 0.127026 0.019028
