1 0.110522 0.077677 0.063048 0.019803
2 0.190918 0.079038 0.085542 0.020184
3 0.360023 0.082525 0.232134 0.021416
3 0.163601 0.100456 0.095502 0.019103
0 0.278891 0.091780 0.407879 0.050620
1 0.119489 0.125966 0.083876 0.020155
2 0.194886 0.127242 0.054717 0.019662
3 0.296091 0.129580 0.127161 0.019639
0 0.277763 0.129270 0.407240 0.029376
1 0.097852 0.152482 0.042220 0.019450
2 0.162002 0.153567 0.073879 0.019986
3 0.341105 0.157224 0.263793 0.021952
3 0.287979 0.177580 0.348771 0.023390
3 0.287339 0.198825 0.348771 0.023390
3 0.286700 0.220069 0.348771 0.023390
3 0.286061 0.241314 0.348771 0.023390
3 0.290420 0.262643 0.358769 0.023559
3 0.284782 0.283803 0.348771 0.023390
0 0.275036 0.219872 0.411076 0.156843
1 0.103453 0.312617 0.063048 0.019803
2 0.169686 0.313738 0.057216 0.019704
3 0.335458 0.317169 0.253795 0.021782
3 0.283165 0.337539 0.348771 0.023390
3 0.282526 0.358784 0.348771 0.023390
3 0.281887 0.380029 0.348771 0.023390
3 0.265418 0.401005 0.317113 0.022854
0 0.270862 0.358587 0.409797 0.114354
1 0.100068 0.425088 0.063048 0.019803
2 0.166302 0.426209 0.057216 0.019704
0 0.268757 0.428569 0.407240 0.029376
1 0.109448 0.459631 0.083876 0.020155
2 0.185679 0.460921 0.056383 0.019690
3 0.343120 0.464211 0.237966 0.021514
3 0.283746 0.484462 0.358769 0.023559
3 0.278108 0.505622 0.348771 0.023390
3 0.171662 0.525075 0.137158 0.019808
0 0.266764 0.494802 0.409158 0.093110
1 0.106459 0.558981 0.083876 0.020155
2 0.175608 0.560151 0.042220 0.019450
3 0.333882 0.563455 0.253795 0.021782
3 0.188696 0.582253 0.174649 0.020443
0 0.264413 0.572907 0.407879 0.050620
1 0.094371 0.614415 0.063048 0.019803
2 0.165603 0.615621 0.067214 0.019873
3 0.320545 0.618869 0.222137 0.021247
0 0.263060 0.617896 0.407240 0.029376
1 0.103958 0.642084 0.083876 0.020155
2 0.181438 0.643396 0.058883 0.019732
3 0.340129 0.646707 0.237966 0.021514
3 0.122878 0.664285 0.048014 0.018299
0 0.261913 0.656011 0.407879 0.050620
1 0.081532 0.694843 0.042220 0.019450
2 0.151931 0.696035 0.086376 0.020198
0 0.260634 0.698500 0.407240 0.029376
1 0.101458 0.725188 0.083876 0.020155
2 0.191435 0.726711 0.083876 0.020155
3 0.346793 0.729966 0.206307 0.020979
3 0.175780 0.748327 0.158819 0.020175
0 0.259412 0.739115 0.407879 0.050620
1 0.079031 0.777947 0.042220 0.019450
2 0.143182 0.779033 0.073879 0.019986
3 0.317285 0.782605 0.253795 0.021782
3 0.166268 0.801304 0.142990 0.019907
0 0.257814 0.792226 0.407879 0.050620
1 0.077339 0.834183 0.042220 0.019450
2 0.152737 0.835459 0.096373 0.020367
3 0.330173 0.839088 0.237966 0.021514
3 0.272465 0.859366 0.358769 0.023559
3 0.271825 0.880611 0.358769 0.023559
3 0.194955 0.900565 0.206307 0.020979
0 0.255483 0.869706 0.409158 0.093110
1 0.577070 0.085574 0.063048 0.019803
2 0.643720 0.086702 0.058049 0.019718
0 0.745758 0.089054 0.407240 0.029376
1 0.576074 0.118690 0.063048 0.019803
2 0.656053 0.120044 0.084709 0.020169
3 0.819743 0.123440 0.222137 0.021247
3 0.684554 0.142407 0.206307 0.020979
0 0.744442 0.132793 0.407879 0.050620
1 0.574400 0.174301 0.063048 0.019803
2 0.641883 0.175443 0.059716 0.019746
3 0.808905 0.178895 0.253795 0.021782
3 0.759112 0.199308 0.358769 0.023559
3 0.753474 0.220468 0.348771 0.023390
3 0.634115 0.239703 0.111332 0.019371
0 0.742130 0.209648 0.409158 0.093110
1 0.556697 0.264024 0.033056 0.019295
2 0.607100 0.264877 0.055550 0.019676
0 0.740381 0.267759 0.407240 0.029376
1 0.570809 0.293646 0.063048 0.019803
2 0.643291 0.294873 0.069713 0.019916
3 0.788652 0.297958 0.200476 0.020880
0 0.739497 0.297126 0.407240 0.029376
1 0.559587 0.320338 0.042220 0.019450
2 0.627069 0.321480 0.080544 0.020099
3 0.804505 0.325108 0.253795 0.021782
3 0.599335 0.342891 0.048014 0.018299
0 0.738369 0.334617 0.407879 0.050620
1 0.557988 0.373449 0.042220 0.019450
2 0.613391 0.374387 0.056383 0.019690
0 0.737091 0.377106 0.407240 0.029376
1 0.577895 0.404419 0.083876 0.020155
2 0.661624 0.405836 0.071379 0.019944
3 0.818648 0.409119 0.222137 0.021247
3 0.747194 0.429165 0.348771 0.023390
3 0.751553 0.450494 0.358769 0.023559
3 0.745915 0.471654 0.348771 0.023390
3 0.666130 0.491559 0.190478 0.020711
0 0.734891 0.450212 0.409797 0.114354
1 0.553720 0.515288 0.042220 0.019450
2 0.618287 0.516381 0.074712 0.020000
3 0.792807 0.519960 0.253795 0.021782
3 0.748846 0.540471 0.358769 0.023559
3 0.743208 0.561631 0.348771 0.023390
3 0.742569 0.582876 0.348771 0.023390
0 0.731864 0.550811 0.409158 0.093110
1 0.571597 0.613740 0.083876 0.020155
2 0.646994 0.615017 0.054717 0.019662
3 0.771943 0.617757 0.174649 0.020443
0 0.729871 0.617045 0.407240 0.029376
1 0.570713 0.643108 0.083876 0.020155
2 0.645277 0.644370 0.053051 0.019634
0 0.728987 0.646412 0.407240 0.029376
1 0.559284 0.676673 0.063048 0.019803
2 0.626766 0.677815 0.059716 0.019746
3 0.793788 0.681268 0.253795 0.021782
3 0.738996 0.701596 0.348771 0.023390
3 0.738357 0.722840 0.348771 0.023390
3 0.737718 0.744085 0.348771 0.023390
3 0.737078 0.765329 0.348771 0.023390
3 0.578146 0.783895 0.032185 0.018031
0 0.726374 0.733265 0.410436 0.135599
1 0.544677 0.815836 0.042220 0.019450
2 0.610493 0.816950 0.077211 0.020043
3 0.786263 0.820551 0.253795 0.021782
3 0.631913 0.839194 0.142990 0.019907
0 0.723459 0.830115 0.407879 0.050620
1 0.564038 0.864927 0.083876 0.020155
2 0.644018 0.866280 0.063881 0.019817
0 0.722312 0.868231 0.407240 0.029376
1 0.542402 0.891442 0.042220 0.019450
2 0.611134 0.892606 0.083043 0.020141
3 0.742332 0.895451 0.158819 0.020175
0 0.721504 0.895099 0.407240 0.029376
