1 0.217083 0.085938 0.105833 0.021875
0 0.266667 0.085938 0.400000 0.021875
1 0.205833 0.119688 0.083333 0.021875
0 0.266667 0.194688 0.400000 0.171875
1 0.214167 0.300312 0.100000 0.021875
0 0.266667 0.309688 0.400000 0.040625
1 0.185417 0.353438 0.089167 0.021875
0 0.266667 0.353438 0.400000 0.021875
1 0.224583 0.382812 0.120833 0.021875
0 0.266667 0.420312 0.400000 0.096875
1 0.184583 0.489063 0.134167 0.021875
0 0.266667 0.489063 0.400000 0.021875
1 0.207500 0.519062 0.133333 0.021875
0 0.266667 0.547188 0.400000 0.078125
1 0.155417 0.604688 0.075833 0.021875
0 0.266667 0.604688 0.400000 0.021875
1 0.217500 0.635938 0.106667 0.021875
0 0.266667 0.645312 0.400000 0.040625
1 0.232083 0.688438 0.135833 0.021875
0 0.266667 0.707187 0.400000 0.059375
1 0.167083 0.759062 0.052500 0.021875
0 0.266667 0.824688 0.400000 0.153125
1 0.667917 0.085938 0.074167 0.021875
0 0.733333 0.095312 0.400000 0.040625
1 0.642083 0.139063 0.069167 0.021875
0 0.733333 0.148438 0.400000 0.040625
1 0.645833 0.190938 0.076667 0.021875
0 0.733333 0.190938 0.400000 0.021875
1 0.689583 0.219062 0.164167 0.021875
0 0.733333 0.247188 0.400000 0.078125
1 0.697500 0.309688 0.133333 0.021875
0 0.733333 0.356563 0.400000 0.115625
1 0.683333 0.435312 0.105000 0.021875
0 0.733333 0.435312 0.400000 0.021875
1 0.646250 0.469687 0.124167 0.021875
0 0.733333 0.497812 0.400000 0.078125
1 0.688750 0.557187 0.115833 0.021875
0 0.733333 0.557187 0.400000 0.021875
1 0.635000 0.588437 0.055000 0.021875
0 0.733333 0.588437 0.400000 0.021875
1 0.633333 0.618437 0.051667 0.021875
0 0.733333 0.618437 0.400000 0.021875
1 0.680417 0.650312 0.099167 0.021875
0 0.733333 0.678438 0.400000 0.078125
1 0.629583 0.735938 0.090833 0.021875
0 0.733333 0.773438 0.400000 0.096875
1 0.645833 0.845313 0.076667 0.021875
0 0.733333 0.882812 0.400000 0.096875
