3 0.491577 0.039554 0.983154 0.045892
0 0.072216 0.093158 0.042347 0.019614
1 0.131360 0.091922 0.064005 0.020066
2 0.308398 0.088845 0.269712 0.023119
2 0.160912 0.113187 0.143095 0.020472
0 0.094876 0.142079 0.083998 0.020484
1 0.182342 0.140250 0.079000 0.020380
2 0.335223 0.137678 0.206404 0.021795
2 0.131092 0.163205 0.079786 0.019148
0 0.076072 0.196868 0.042347 0.019614
1 0.145628 0.195414 0.084831 0.020502
2 0.261856 0.193609 0.127268 0.020141
0 0.097965 0.225171 0.083998 0.020484
1 0.172936 0.223604 0.054009 0.019857
2 0.321235 0.221128 0.222231 0.022126
0 0.078417 0.259968 0.042347 0.019614
1 0.145474 0.258566 0.079833 0.020397
2 0.322512 0.255490 0.253885 0.022788
2 0.175026 0.279832 0.158922 0.020803
0 0.080438 0.314322 0.042347 0.019614
1 0.136666 0.313147 0.058174 0.019945
0 0.091942 0.343468 0.063172 0.020049
1 0.163581 0.341970 0.068170 0.020154
2 0.326874 0.339181 0.238058 0.022457
2 0.130657 0.364542 0.063959 0.018817
0 0.083619 0.399914 0.042347 0.019614
1 0.141930 0.398695 0.062339 0.020032
2 0.318135 0.395636 0.269712 0.023119
2 0.124833 0.420936 0.048132 0.018486
0 0.106488 0.454457 0.083998 0.020484
1 0.175212 0.453020 0.041514 0.019596
2 0.333090 0.450344 0.253885 0.022788
2 0.282233 0.472666 0.358844 0.024983
2 0.278025 0.494012 0.348848 0.024774
2 0.223419 0.516412 0.238058 0.022457
0 0.109949 0.547546 0.083998 0.020484
1 0.194499 0.545778 0.073169 0.020258
2 0.352378 0.543102 0.222231 0.022126
2 0.261953 0.566251 0.311363 0.023990
0 0.101556 0.602118 0.063172 0.020049
1 0.164032 0.600811 0.049844 0.019770
2 0.333989 0.597883 0.269712 0.023119
2 0.124444 0.623523 0.032305 0.018155
0 0.093048 0.653565 0.042347 0.019614
1 0.143862 0.652503 0.047345 0.019718
2 0.320483 0.649435 0.285540 0.023450
2 0.284620 0.671443 0.348848 0.024774
2 0.285410 0.692685 0.348848 0.024774
2 0.291197 0.713822 0.358844 0.024983
2 0.286989 0.735169 0.348848 0.024774
2 0.287779 0.756410 0.348848 0.024774
2 0.122383 0.781127 0.016477 0.017824
0 0.099017 0.814128 0.042347 0.019614
1 0.163575 0.812778 0.074835 0.020293
2 0.338114 0.809754 0.253885 0.022788
2 0.295587 0.831901 0.358844 0.024983
2 0.291378 0.853248 0.348848 0.024774
2 0.292168 0.874489 0.348848 0.024774
2 0.292957 0.895731 0.348848 0.024774
2 0.159216 0.919786 0.079786 0.019148
0 0.538702 0.083404 0.042347 0.019614
1 0.591598 0.082298 0.051510 0.019805
2 0.770302 0.079187 0.285540 0.023450
0 0.560804 0.117330 0.083998 0.020484
1 0.647021 0.115528 0.076501 0.020328
2 0.806566 0.112817 0.222231 0.022126
2 0.581193 0.138788 0.048132 0.018486
0 0.552366 0.170653 0.063172 0.020049
1 0.621922 0.169198 0.064005 0.020066
2 0.791046 0.166287 0.253885 0.022788
2 0.670217 0.190072 0.222231 0.022126
0 0.554224 0.220633 0.063172 0.020049
1 0.629195 0.219066 0.074835 0.020293
2 0.795820 0.216207 0.238058 0.022457
2 0.608766 0.241376 0.095613 0.019479
0 0.545715 0.272081 0.042347 0.019614
1 0.613189 0.270670 0.080666 0.020415
2 0.727335 0.268909 0.127268 0.020141
0 0.547016 0.307067 0.042347 0.019614
1 0.602411 0.305909 0.056508 0.019910
2 0.783614 0.302745 0.285540 0.023450
2 0.738588 0.324945 0.348848 0.024774
2 0.739378 0.346187 0.348848 0.024774
2 0.740167 0.367429 0.348848 0.024774
2 0.740957 0.388670 0.348848 0.024774
2 0.741746 0.409912 0.348848 0.024774
2 0.742536 0.431154 0.348848 0.024774
2 0.664190 0.454050 0.190576 0.021464
0 0.553588 0.483874 0.042347 0.019614
1 0.616064 0.482567 0.070670 0.020206
2 0.796434 0.479421 0.269712 0.023119
2 0.745160 0.501752 0.348848 0.024774
2 0.745950 0.522993 0.348848 0.024774
2 0.643863 0.546386 0.143095 0.020472
0 0.557118 0.578837 0.042347 0.019614
1 0.620427 0.577513 0.072336 0.020241
2 0.738321 0.575673 0.143095 0.020472
0 0.579058 0.608390 0.083998 0.020484
1 0.657778 0.606744 0.061506 0.020014
0 0.569969 0.644219 0.063172 0.020049
1 0.635361 0.642851 0.055675 0.019892
2 0.776579 0.640524 0.206404 0.021795
0 0.581427 0.672115 0.083998 0.020484
1 0.650983 0.670661 0.043180 0.019631
2 0.809695 0.667967 0.253885 0.022788
2 0.757172 0.690324 0.358844 0.024983
2 0.752963 0.711670 0.348848 0.024774
2 0.758751 0.732807 0.358844 0.024983
2 0.714975 0.754981 0.269712 0.023119
0 0.565061 0.792504 0.042347 0.019614
1 0.632118 0.791102 0.079833 0.020397
2 0.809156 0.788025 0.253885 0.022788
2 0.630015 0.813029 0.095613 0.019479
0 0.587953 0.847672 0.083998 0.020484
1 0.655010 0.846270 0.038182 0.019527
0 0.568149 0.875596 0.042347 0.019614
1 0.620629 0.874499 0.050677 0.019788
2 0.798916 0.871397 0.285540 0.023450
2 0.759722 0.893474 0.348848 0.024774
2 0.657634 0.916867 0.143095 0.020472
