3 0.509317 0.038968 0.981367 0.048048
0 0.115146 0.075299 0.063239 0.020182
1 0.197190 0.077192 0.089060 0.020778
2 0.362919 0.081641 0.222279 0.022603
2 0.215451 0.099499 0.190628 0.021873
0 0.102684 0.125036 0.042416 0.019702
1 0.170569 0.126602 0.081564 0.020605
2 0.348375 0.131329 0.253931 0.023334
2 0.292530 0.151301 0.348886 0.025524
2 0.296657 0.172656 0.358881 0.025755
2 0.290788 0.193781 0.348886 0.025524
2 0.294915 0.215136 0.358881 0.025755
2 0.289046 0.236261 0.348886 0.025524
2 0.288175 0.257501 0.348886 0.025524
2 0.200261 0.276732 0.174802 0.021508
0 0.095510 0.299953 0.042416 0.019702
1 0.167976 0.301625 0.090726 0.020817
0 0.094203 0.331813 0.042416 0.019702
1 0.157090 0.333264 0.071569 0.020375
2 0.337812 0.338058 0.269757 0.023699
2 0.284049 0.358078 0.348886 0.025524
2 0.283178 0.379318 0.348886 0.025524
2 0.282307 0.400558 0.348886 0.025524
2 0.281436 0.421798 0.348886 0.025524
2 0.114393 0.439204 0.016543 0.017857
0 0.109492 0.467229 0.084063 0.020663
1 0.180292 0.468863 0.045747 0.019779
2 0.340191 0.473177 0.253931 0.023334
2 0.278515 0.493014 0.348886 0.025524
2 0.277644 0.514254 0.348886 0.025524
2 0.276773 0.535494 0.348886 0.025524
2 0.275902 0.556734 0.348886 0.025524
2 0.219640 0.576696 0.238105 0.022968
0 0.083186 0.600436 0.042416 0.019702
1 0.135244 0.601637 0.049912 0.019875
2 0.313051 0.606364 0.285583 0.024064
2 0.273032 0.626701 0.348886 0.025524
2 0.272161 0.647941 0.348886 0.025524
2 0.271290 0.669181 0.348886 0.025524
2 0.275416 0.690536 0.358881 0.025755
2 0.158766 0.709105 0.127324 0.020413
0 0.087858 0.740610 0.063239 0.020182
1 0.149079 0.742022 0.047413 0.019817
2 0.317724 0.746538 0.269757 0.023699
2 0.180250 0.764627 0.174802 0.021508
0 0.085578 0.796208 0.063239 0.020182
1 0.163041 0.797996 0.079898 0.020567
0 0.094785 0.825810 0.084063 0.020663
1 0.175164 0.827664 0.064905 0.020221
0 0.093606 0.854546 0.084063 0.020663
1 0.178566 0.856506 0.074067 0.020432
0 0.081888 0.886166 0.063239 0.020182
1 0.153521 0.887819 0.068237 0.020298
2 0.316751 0.892210 0.238105 0.022968
2 0.261323 0.912191 0.348886 0.025524
2 0.260451 0.933431 0.348886 0.025524
2 0.259580 0.954671 0.348886 0.025524
2 0.258709 0.975911 0.348886 0.025524
2 0.257838 0.992194 0.348886 0.015611
0 0.592003 0.086301 0.084063 0.020663
1 0.661970 0.087915 0.044082 0.019740
0 0.570052 0.113308 0.042416 0.019702
1 0.620029 0.114461 0.045747 0.019779
0 0.589467 0.148147 0.084063 0.020663
1 0.662349 0.149828 0.049912 0.019875
2 0.816417 0.154008 0.238105 0.022968
2 0.623970 0.170828 0.079847 0.019317
0 0.576749 0.204130 0.063239 0.020182
1 0.646716 0.205744 0.064905 0.020221
2 0.816193 0.210279 0.253931 0.023334
2 0.756184 0.230155 0.348886 0.025524
2 0.757395 0.251443 0.353051 0.025620
2 0.754441 0.272635 0.348886 0.025524
2 0.753570 0.293875 0.348886 0.025524
2 0.752699 0.315115 0.348886 0.025524
2 0.751828 0.336355 0.348886 0.025524
2 0.687653 0.356134 0.222279 0.022603
0 0.558804 0.387553 0.042416 0.019702
1 0.626272 0.389109 0.080731 0.020586
2 0.803663 0.393827 0.253931 0.023334
2 0.598305 0.410350 0.048195 0.018587
0 0.556678 0.439403 0.042416 0.019702
1 0.610402 0.440643 0.053244 0.019952
2 0.718659 0.443766 0.143150 0.020778
0 0.565860 0.469629 0.063239 0.020182
1 0.631662 0.471147 0.056576 0.020029
2 0.796975 0.475587 0.253931 0.023334
2 0.631598 0.493031 0.121494 0.020278
0 0.553193 0.524363 0.042416 0.019702
1 0.612332 0.525728 0.064072 0.020202
2 0.789306 0.530436 0.269757 0.023699
2 0.671823 0.548985 0.206453 0.022238
0 0.551118 0.574964 0.042416 0.019702
1 0.606925 0.576252 0.057409 0.020048
2 0.785564 0.580998 0.279752 0.023929
2 0.740964 0.601229 0.348886 0.025524
2 0.573921 0.618636 0.016543 0.017857
0 0.558685 0.644547 0.063239 0.020182
1 0.620739 0.645978 0.049079 0.019856
2 0.790217 0.650514 0.269757 0.023699
2 0.595687 0.667286 0.064021 0.018952
0 0.556431 0.699521 0.063239 0.020182
1 0.639308 0.701433 0.090726 0.020817
2 0.805870 0.705901 0.222279 0.022603
2 0.735865 0.725546 0.348886 0.025524
2 0.734994 0.746786 0.348886 0.025524
2 0.639168 0.765835 0.158976 0.021143
0 0.558315 0.795860 0.074900 0.020451
1 0.633696 0.797599 0.064072 0.020202
2 0.791929 0.801875 0.232275 0.022834
2 0.668616 0.820290 0.222279 0.022603
0 0.560667 0.850315 0.084063 0.020663
1 0.648542 0.852342 0.079898 0.020567
0 0.538691 0.877946 0.042416 0.019702
1 0.611157 0.879618 0.090726 0.020817
