3 0.500244 0.037500 0.999512 0.025610
0 0.108784 0.084136 0.083354 0.018801
1 0.177534 0.084178 0.040854 0.018775
2 0.335450 0.084899 0.253352 0.017655
2 0.278760 0.106115 0.348352 0.017713
2 0.278737 0.127365 0.348352 0.017713
2 0.278714 0.148615 0.348352 0.017713
2 0.275775 0.169863 0.342519 0.017709
0 0.108660 0.198511 0.083354 0.018801
1 0.190744 0.198561 0.067520 0.018791
2 0.298659 0.199252 0.126686 0.017577
0 0.108632 0.224761 0.083354 0.018801
1 0.191132 0.224811 0.068354 0.018792
2 0.339048 0.225527 0.205852 0.017626
0 0.098187 0.251005 0.062520 0.018788
1 0.176103 0.251052 0.080020 0.018799
0 0.087741 0.277248 0.041687 0.018775
1 0.147741 0.277285 0.065020 0.018790
2 0.325657 0.278019 0.269186 0.017664
2 0.278551 0.299240 0.348352 0.017713
2 0.278528 0.320490 0.348352 0.017713
2 0.278505 0.341740 0.348352 0.017713
2 0.278482 0.362990 0.348352 0.017713
2 0.207209 0.384196 0.205852 0.017626
0 0.108426 0.414761 0.083354 0.018801
1 0.195926 0.414814 0.078354 0.018798
2 0.348842 0.415533 0.205852 0.017626
2 0.191319 0.436687 0.174186 0.017606
0 0.108373 0.463511 0.083354 0.018801
1 0.185456 0.463558 0.057520 0.018785
0 0.087503 0.497248 0.041687 0.018775
1 0.140419 0.497281 0.050854 0.018781
2 0.247919 0.497971 0.142519 0.017587
0 0.097884 0.530380 0.062520 0.018788
1 0.172467 0.530425 0.073354 0.018795
2 0.338716 0.531152 0.237519 0.017645
2 0.278276 0.552365 0.348352 0.017713
2 0.278253 0.573615 0.348352 0.017713
2 0.135730 0.594778 0.063352 0.017539
0 0.097781 0.624755 0.062520 0.018788
1 0.176531 0.624803 0.081687 0.018800
2 0.315280 0.625512 0.174186 0.017606
0 0.097745 0.657880 0.062520 0.018788
1 0.166079 0.657921 0.060854 0.018787
2 0.333995 0.658649 0.253352 0.017655
2 0.278138 0.679865 0.348352 0.017713
2 0.278115 0.701115 0.348352 0.017713
2 0.278092 0.722365 0.348352 0.017713
2 0.278069 0.743615 0.348352 0.017713
2 0.222629 0.764831 0.237519 0.017645
0 0.097598 0.794130 0.062520 0.018788
1 0.180514 0.794180 0.090020 0.018805
0 0.087152 0.820998 0.041687 0.018775
1 0.149652 0.821036 0.070020 0.018793
2 0.330068 0.821771 0.269186 0.017664
2 0.167128 0.842922 0.126686 0.017577
0 0.097511 0.873505 0.062520 0.018788
1 0.176678 0.873553 0.082520 0.018800
2 0.347511 0.874282 0.237519 0.017645
2 0.277904 0.895490 0.348352 0.017713
2 0.277881 0.916740 0.348352 0.017713
2 0.277858 0.937990 0.348352 0.017713
2 0.227418 0.959209 0.247519 0.017651
0 0.575451 0.084421 0.083354 0.018801
1 0.649617 0.084466 0.051687 0.018782
0 0.564995 0.120040 0.062520 0.018788
1 0.634579 0.120082 0.063354 0.018789
0 0.564957 0.155665 0.062520 0.018788
1 0.633290 0.155706 0.060854 0.018787
2 0.801206 0.156434 0.253352 0.017655
2 0.745350 0.177650 0.348352 0.017713
2 0.745327 0.198900 0.348352 0.017713
2 0.745304 0.220150 0.348352 0.017713
2 0.702781 0.241374 0.263352 0.017661
0 0.575249 0.270046 0.083354 0.018801
1 0.645249 0.270089 0.043354 0.018776
2 0.801499 0.270809 0.247519 0.017651
2 0.745226 0.292025 0.348352 0.017713
2 0.745203 0.313275 0.348352 0.017713
2 0.745180 0.334525 0.348352 0.017713
2 0.745157 0.355775 0.348352 0.017713
2 0.721383 0.377010 0.300852 0.017684
0 0.575104 0.404421 0.083354 0.018801
1 0.665520 0.404476 0.084187 0.018801
2 0.821353 0.405196 0.205852 0.017626
2 0.642163 0.426337 0.142519 0.017587
0 0.564627 0.460039 0.062520 0.018788
1 0.640877 0.460086 0.076687 0.018797
2 0.808793 0.460813 0.237519 0.017645
2 0.647103 0.481965 0.152519 0.017593
0 0.554153 0.512533 0.041687 0.018775
1 0.608320 0.512566 0.053354 0.018783
2 0.788319 0.513301 0.285019 0.017674
2 0.744963 0.534524 0.348352 0.017713
2 0.744940 0.555774 0.348352 0.017713
2 0.744917 0.577024 0.348352 0.017713
2 0.744893 0.598274 0.348352 0.017713
2 0.749870 0.619527 0.358352 0.017719
2 0.578597 0.640673 0.015852 0.017510
0 0.553978 0.674408 0.041687 0.018775
1 0.599811 0.674436 0.036687 0.018772
2 0.776477 0.675169 0.295019 0.017680
2 0.744787 0.696399 0.348352 0.017713
2 0.744764 0.717649 0.348352 0.017713
2 0.749741 0.738902 0.358352 0.017719
0 0.553874 0.769408 0.041687 0.018775
1 0.623458 0.769450 0.084187 0.018801
2 0.803040 0.770185 0.253352 0.017655
2 0.749684 0.791402 0.358352 0.017719
2 0.705078 0.812625 0.269186 0.017664
0 0.574623 0.847546 0.083354 0.018801
1 0.665040 0.847601 0.084187 0.018801
2 0.820872 0.848321 0.205852 0.017626
2 0.594183 0.869433 0.047519 0.017529
