0 0.26666666666666666 0.096875 0.4 0.04375
0 0.26666666666666666 0.158125 0.4 0.04375
0 0.26666666666666666 0.219375 0.4 0.04375
0 0.26666666666666666 0.280625 0.4 0.04375
0 0.26666666666666666 0.341875 0.4 0.04375
0 0.26666666666666666 0.426875 0.4 0.09125
0 0.26666666666666666 0.5475 0.4 0.115
0 0.26666666666666666 0.644375 0.4 0.04375
0 0.26666666666666666 0.74125 0.4 0.115
0 0.26666666666666666 0.885625 0.4 0.13875
0 0.7333333333333333 0.096875 0.4 0.04375
0 0.7333333333333333 0.17 0.4 0.0675
0 0.7333333333333333 0.255 0.4 0.0675
0 0.7333333333333333 0.328125 0.4 0.04375
0 0.7333333333333333 0.389375 0.4 0.04375
0 0.7333333333333333 0.474375 0.4 0.09125
0 0.7333333333333333 0.57125 0.4 0.0675
0 0.7333333333333333 0.644375 0.4 0.04375
0 0.7333333333333333 0.69375 0.4 0.02
0 0.7333333333333333 0.755 0.4 0.0675
0 0.7333333333333333 0.828125 0.4 0.04375
0 0.7333333333333333 0.889375 0.4 0.04375
