0 0.26666666666666666 0.1325 0.4 0.115
0 0.26666666666666666 0.265 0.4 0.115
0 0.26666666666666666 0.361875 0.4 0.04375
0 0.26666666666666666 0.423125 0.4 0.04375
0 0.26666666666666666 0.484375 0.4 0.04375
0 0.26666666666666666 0.545625 0.4 0.04375
0 0.26666666666666666 0.630625 0.4 0.09125
0 0.26666666666666666 0.715625 0.4 0.04375
0 0.26666666666666666 0.765 0.4 0.02
0 0.26666666666666666 0.85 0.4 0.115
0 0.7333333333333333 0.120625 0.4 0.09125
0 0.7333333333333333 0.205625 0.4 0.04375
0 0.7333333333333333 0.255 0.4 0.02
0 0.7333333333333333 0.304375 0.4 0.04375
0 0.7333333333333333 0.40125 0.4 0.115
0 0.7333333333333333 0.498125 0.4 0.04375
0 0.7333333333333333 0.583125 0.4 0.09125
0 0.7333333333333333 0.715625 0.4 0.13875
0 0.7333333333333333 0.824375 0.4 0.04375
0 0.7333333333333333 0.885625 0.4 0.04375
