1 0.100267 0.088718 0.083690 0.019663
2 0.189424 0.087739 0.082024 0.019644
3 0.344003 0.086668 0.206153 0.019757
3 0.254844 0.108899 0.316974 0.020973
0 0.258802 0.098229 0.407477 0.048208
1 0.080509 0.143940 0.042028 0.019205
2 0.139669 0.143291 0.063692 0.019443
3 0.316745 0.141973 0.269479 0.020452
3 0.263832 0.163806 0.332806 0.021147
0 0.259876 0.153223 0.407477 0.048208
1 0.091875 0.192571 0.062859 0.019434
2 0.157701 0.191848 0.056193 0.019361
0 0.260619 0.191344 0.407062 0.026960
1 0.092473 0.223193 0.062859 0.019434
2 0.160799 0.222443 0.061193 0.019416
3 0.304962 0.221486 0.206153 0.019757
0 0.261217 0.221966 0.407062 0.026960
1 0.093009 0.250690 0.062859 0.019434
2 0.152586 0.250036 0.043694 0.019224
3 0.319664 0.248827 0.269479 0.020452
3 0.273833 0.270582 0.348637 0.021321
3 0.274248 0.291830 0.348637 0.021321
3 0.274662 0.313078 0.348637 0.021321
3 0.275077 0.334326 0.348637 0.021321
3 0.275492 0.355573 0.348637 0.021321
3 0.280906 0.376766 0.358636 0.021431
3 0.189247 0.399024 0.174489 0.019409
0 0.263204 0.323830 0.409964 0.175694
1 0.107022 0.434931 0.083690 0.019663
2 0.190346 0.434016 0.070358 0.019516
3 0.347008 0.432922 0.221984 0.019931
3 0.174525 0.456067 0.142826 0.019062
0 0.265558 0.444442 0.407477 0.048208
1 0.107948 0.482426 0.083690 0.019663
2 0.190440 0.481520 0.068692 0.019498
3 0.346269 0.480435 0.221984 0.019931
0 0.266277 0.481313 0.407062 0.026960
1 0.108485 0.509923 0.083690 0.019663
2 0.193476 0.508990 0.073691 0.019553
0 0.266814 0.508810 0.407062 0.026960
1 0.098667 0.540659 0.062859 0.019434
2 0.181575 0.539749 0.090356 0.019736
3 0.348236 0.538545 0.221984 0.019931
3 0.263659 0.560725 0.316974 0.020973
0 0.267618 0.550056 0.407477 0.048208
1 0.099716 0.594403 0.062859 0.019434
2 0.172208 0.593607 0.069525 0.019507
3 0.336369 0.592431 0.237816 0.020104
3 0.280540 0.614296 0.348637 0.021321
3 0.280954 0.635543 0.348637 0.021321
3 0.281369 0.656791 0.348637 0.021321
3 0.281783 0.678039 0.348637 0.021321
3 0.242619 0.699721 0.269479 0.020452
0 0.269496 0.646295 0.409135 0.133199
1 0.092068 0.736377 0.042028 0.019205
2 0.140813 0.735842 0.042861 0.019214
3 0.320389 0.734496 0.295310 0.020735
3 0.180402 0.757285 0.142826 0.019062
0 0.271435 0.745660 0.407477 0.048208
1 0.103581 0.792507 0.062859 0.019434
2 0.175657 0.791716 0.068692 0.019498
3 0.339401 0.790544 0.237816 0.020104
3 0.165668 0.813703 0.111163 0.018714
0 0.272532 0.801904 0.407477 0.048208
1 0.094104 0.840741 0.042028 0.019205
2 0.154514 0.840078 0.066192 0.019470
3 0.332841 0.838746 0.269479 0.020452
3 0.134943 0.862170 0.047836 0.018019
0 0.273471 0.850023 0.407477 0.048208
1 0.105605 0.896246 0.062859 0.019434
2 0.189763 0.895322 0.092856 0.019763
3 0.357674 0.894104 0.221984 0.019931
3 0.215187 0.916920 0.206153 0.019757
0 0.274556 0.905642 0.407477 0.048208
1 0.566883 0.083596 0.083690 0.019663
2 0.658124 0.082595 0.086190 0.019690
3 0.814786 0.081501 0.206153 0.019757
3 0.578976 0.105341 0.032005 0.017846
0 0.725419 0.093108 0.407477 0.048208
1 0.547125 0.138819 0.042028 0.019205
2 0.610035 0.138129 0.071192 0.019525
3 0.790861 0.136769 0.269479 0.020452
3 0.738365 0.158598 0.348637 0.021321
3 0.738780 0.179845 0.348637 0.021321
3 0.739194 0.201093 0.348637 0.021321
3 0.739609 0.222341 0.348637 0.021321
3 0.745023 0.243534 0.358636 0.021431
3 0.740438 0.264836 0.348637 0.021321
3 0.622115 0.287387 0.111163 0.018714
0 0.727736 0.211845 0.409964 0.175694
1 0.561101 0.321185 0.062859 0.019434
2 0.639843 0.320321 0.082024 0.019644
3 0.810253 0.319076 0.237816 0.020104
3 0.646936 0.342121 0.158658 0.019236
0 0.730053 0.330582 0.407477 0.048208
1 0.572565 0.374815 0.083690 0.019663
2 0.642558 0.374047 0.043694 0.019224
3 0.801720 0.372925 0.253648 0.020278
3 0.742974 0.394822 0.348637 0.021321
3 0.743389 0.416070 0.348637 0.021321
3 0.743803 0.437318 0.348637 0.021321
3 0.736302 0.458652 0.332806 0.021147
0 0.731723 0.416198 0.408720 0.111951
1 0.564320 0.486168 0.062859 0.019434
2 0.633896 0.485404 0.063692 0.019443
3 0.771394 0.484520 0.190321 0.019583
0 0.733064 0.484941 0.407062 0.026960
1 0.554417 0.512529 0.042028 0.019205
2 0.611911 0.511898 0.060359 0.019406
0 0.733577 0.511188 0.407062 0.026960
1 0.575919 0.546672 0.083690 0.019663
2 0.650077 0.545858 0.052027 0.019315
3 0.810489 0.544722 0.247815 0.020214
3 0.746327 0.566679 0.348637 0.021321
3 0.675499 0.588709 0.206153 0.019757
0 0.734662 0.566807 0.407891 0.069456
1 0.566905 0.618653 0.062859 0.019434
2 0.635231 0.617904 0.061193 0.019416
3 0.779395 0.616946 0.206153 0.019757
0 0.735649 0.617427 0.407062 0.026960
1 0.567478 0.648025 0.062859 0.019434
2 0.638304 0.647248 0.066192 0.019470
3 0.792883 0.646177 0.221984 0.019931
0 0.736223 0.646798 0.407062 0.026960
1 0.578516 0.679783 0.083690 0.019663
2 0.650591 0.678992 0.047861 0.019269
0 0.736844 0.678670 0.407062 0.026960
1 0.579113 0.710404 0.083690 0.019663
2 0.660771 0.709508 0.067025 0.019480
3 0.815767 0.708432 0.221984 0.019931
3 0.591206 0.732149 0.032005 0.017846
0 0.737649 0.719916 0.407477 0.048208
1 0.559355 0.765627 0.042028 0.019205
2 0.629348 0.764859 0.085357 0.019681
3 0.761846 0.764030 0.158658 0.019236
0 0.738515 0.764286 0.407062 0.026960
1 0.580711 0.792271 0.083690 0.019663
2 0.655286 0.791452 0.052860 0.019324
3 0.811115 0.790367 0.237816 0.020104
3 0.676961 0.813092 0.200320 0.019693
0 0.739247 0.801782 0.407477 0.048208
1 0.571344 0.846129 0.062859 0.019434
2 0.635504 0.845425 0.052860 0.019324
3 0.799248 0.844253 0.253648 0.020278
3 0.601767 0.867673 0.047836 0.018019
0 0.740295 0.855526 0.407477 0.048208
