1 0.101902 0.087826 0.083619 0.019477
2 0.198979 0.086978 0.097785 0.019601
3 0.353561 0.086252 0.190259 0.019159
3 0.177237 0.109044 0.158594 0.018883
0 0.260399 0.097692 0.407319 0.047301
1 0.092282 0.139164 0.062787 0.019295
2 0.176443 0.138428 0.092785 0.019557
0 0.261031 0.138314 0.406989 0.026053
1 0.082391 0.173003 0.041955 0.019113
2 0.145303 0.172453 0.071120 0.019368
0 0.261555 0.172062 0.406989 0.026053
1 0.082935 0.208000 0.041955 0.019113
2 0.149180 0.207421 0.077786 0.019426
3 0.322511 0.206531 0.247755 0.019662
0 0.262099 0.207059 0.406989 0.026053
1 0.083343 0.234249 0.041955 0.019113
2 0.134589 0.233801 0.047788 0.019164
3 0.256257 0.233362 0.174427 0.019021
0 0.262507 0.233308 0.406989 0.026053
1 0.089661 0.265445 0.053621 0.019215
2 0.167156 0.264768 0.088619 0.019521
3 0.340904 0.263874 0.237756 0.019575
3 0.274988 0.285702 0.348582 0.020543
3 0.275319 0.306951 0.348582 0.020543
3 0.275649 0.328199 0.348582 0.020543
3 0.196818 0.350140 0.190259 0.019159
0 0.263653 0.307053 0.408309 0.111047
1 0.106495 0.383431 0.083619 0.019477
2 0.181907 0.382772 0.054454 0.019222
3 0.338573 0.382028 0.237756 0.019575
3 0.147249 0.404952 0.089433 0.018278
0 0.264993 0.393297 0.407319 0.047301
1 0.096847 0.432894 0.062787 0.019295
2 0.180174 0.432166 0.091118 0.019543
0 0.265595 0.432044 0.406989 0.026053
1 0.097284 0.461017 0.062787 0.019295
2 0.179361 0.460300 0.088619 0.019521
3 0.345193 0.459475 0.221924 0.019436
3 0.278028 0.481314 0.348582 0.020543
3 0.283358 0.502519 0.358581 0.020631
3 0.278688 0.523811 0.348582 0.020543
3 0.279018 0.545059 0.348582 0.020543
3 0.263516 0.566446 0.316917 0.020266
0 0.266857 0.513289 0.408640 0.132296
1 0.089024 0.599849 0.041955 0.019113
2 0.166102 0.599175 0.099451 0.019615
3 0.345266 0.598234 0.237756 0.019575
3 0.153526 0.621161 0.095265 0.018329
0 0.268353 0.609532 0.407319 0.047301
1 0.110720 0.655288 0.083619 0.019477
2 0.198630 0.654519 0.079453 0.019441
3 0.351963 0.653804 0.206091 0.019298
3 0.281048 0.675676 0.348582 0.020543
3 0.281378 0.696924 0.348582 0.020543
3 0.281708 0.718173 0.348582 0.020543
3 0.287038 0.739378 0.358581 0.020631
3 0.282369 0.760670 0.348582 0.020543
3 0.148125 0.783095 0.079433 0.018191
0 0.270043 0.718275 0.408970 0.153544
1 0.092384 0.816084 0.041955 0.019113
2 0.163629 0.815461 0.087785 0.019513
3 0.344876 0.814502 0.253588 0.019713
3 0.283544 0.836290 0.348582 0.020543
3 0.283874 0.857538 0.348582 0.020543
3 0.284204 0.878787 0.348582 0.020543
3 0.284534 0.900035 0.348582 0.020543
3 0.229452 0.921768 0.237756 0.019575
0 0.272373 0.868264 0.408640 0.132296
1 0.547705 0.083930 0.041955 0.019113
2 0.612701 0.083362 0.075286 0.019404
0 0.726869 0.082989 0.406989 0.026053
1 0.554053 0.117002 0.053621 0.019215
2 0.629048 0.116346 0.083619 0.019477
3 0.800296 0.115474 0.237756 0.019575
3 0.739380 0.137258 0.348582 0.020543
3 0.739710 0.158507 0.348582 0.020543
3 0.740040 0.179755 0.348582 0.020543
3 0.740371 0.201004 0.348582 0.020543
3 0.740701 0.222252 0.348582 0.020543
3 0.741031 0.243501 0.348582 0.020543
3 0.606787 0.265926 0.079433 0.018191
0 0.728540 0.190482 0.409300 0.174793
1 0.571907 0.300608 0.083619 0.019477
2 0.647318 0.299949 0.054454 0.019222
3 0.780236 0.299412 0.190259 0.019159
0 0.730239 0.299849 0.406989 0.026053
1 0.572334 0.328106 0.083619 0.019477
2 0.664411 0.327301 0.087785 0.019513
3 0.821910 0.326550 0.206091 0.019298
3 0.742662 0.348494 0.348582 0.020543
3 0.576754 0.371195 0.016104 0.017637
0 0.730997 0.348596 0.407649 0.068550
1 0.573451 0.399976 0.083619 0.019477
2 0.651362 0.399295 0.059454 0.019266
3 0.810528 0.398529 0.237756 0.019575
3 0.609205 0.421540 0.079433 0.018191
0 0.731948 0.409842 0.407319 0.047301
1 0.563870 0.453814 0.062787 0.019295
2 0.632615 0.453213 0.061954 0.019288
3 0.800947 0.452366 0.253588 0.019713
3 0.602124 0.475356 0.063601 0.018052
0 0.732783 0.463588 0.407319 0.047301
1 0.575063 0.503719 0.083619 0.019477
2 0.652974 0.503038 0.059454 0.019266
3 0.812140 0.502272 0.237756 0.019575
3 0.626649 0.525145 0.111098 0.018467
0 0.733560 0.513585 0.407319 0.047301
1 0.565414 0.553182 0.062787 0.019295
2 0.630410 0.552614 0.054454 0.019222
3 0.794992 0.551800 0.253588 0.019713
3 0.587836 0.574862 0.031936 0.017776
0 0.734327 0.562956 0.407319 0.047301
1 0.555853 0.608269 0.041955 0.019113
2 0.622098 0.607690 0.077786 0.019426
3 0.798346 0.606775 0.253588 0.019713
3 0.612439 0.629651 0.079433 0.018191
0 0.735182 0.617953 0.407319 0.047301
1 0.556639 0.658891 0.041955 0.019113
2 0.623718 0.658304 0.079453 0.019441
3 0.800799 0.657382 0.253588 0.019713
3 0.747800 0.679096 0.348582 0.020543
3 0.748130 0.700345 0.348582 0.020543
3 0.700963 0.722009 0.253588 0.019713
0 0.736299 0.689823 0.407979 0.089798
1 0.578967 0.754952 0.083619 0.019477
2 0.650629 0.754326 0.046955 0.019157
3 0.808544 0.753571 0.247755 0.019662
3 0.749295 0.775340 0.348582 0.020543
3 0.749625 0.796588 0.348582 0.020543
3 0.749955 0.817837 0.348582 0.020543
3 0.750286 0.839086 0.348582 0.020543
3 0.750616 0.860334 0.348582 0.020543
3 0.640120 0.882551 0.126930 0.018606
0 0.738290 0.817939 0.408970 0.153544
