3 0.493775 0.035097 0.987549 0.040342
0 0.076246 0.090793 0.042170 0.019386
1 0.131235 0.089949 0.055500 0.019590
2 0.312047 0.087798 0.285418 0.021870
2 0.267637 0.109734 0.348738 0.022842
2 0.268216 0.130980 0.348738 0.022842
2 0.268796 0.152226 0.348738 0.022842
2 0.269376 0.173471 0.348738 0.022842
2 0.246211 0.195081 0.301248 0.022113
0 0.096313 0.230514 0.074663 0.019884
1 0.179629 0.229235 0.079662 0.019961
2 0.340862 0.227385 0.222098 0.020898
2 0.184391 0.251042 0.174608 0.020169
0 0.081601 0.287002 0.042170 0.019386
1 0.129091 0.286273 0.040503 0.019360
2 0.270745 0.284723 0.222098 0.020898
0 0.082385 0.315746 0.042170 0.019386
1 0.143623 0.314806 0.067997 0.019782
2 0.322769 0.312681 0.269588 0.021627
2 0.273776 0.334687 0.348738 0.022842
2 0.279354 0.355856 0.358736 0.022996
2 0.279934 0.377102 0.358736 0.022996
2 0.275515 0.398424 0.348738 0.022842
2 0.173200 0.421249 0.142948 0.019683
0 0.107017 0.454772 0.083827 0.020025
1 0.191999 0.453467 0.073830 0.019872
2 0.350316 0.451662 0.222098 0.020898
2 0.158853 0.475856 0.111288 0.019197
0 0.108313 0.502262 0.083827 0.020025
1 0.186630 0.501060 0.060499 0.019667
2 0.346197 0.499235 0.237928 0.021141
2 0.168064 0.523224 0.127118 0.019440
0 0.109848 0.558500 0.083827 0.020025
1 0.186082 0.557330 0.056333 0.019603
0 0.110649 0.587869 0.083827 0.020025
1 0.193549 0.586596 0.069664 0.019808
2 0.349783 0.584823 0.222098 0.020898
2 0.281210 0.607130 0.348738 0.022842
2 0.281790 0.628376 0.348738 0.022842
2 0.287369 0.649545 0.358736 0.022996
2 0.164225 0.672689 0.111288 0.019197
0 0.113821 0.704095 0.083827 0.020025
1 0.185056 0.703001 0.046335 0.019449
2 0.342540 0.701209 0.247926 0.021295
2 0.284382 0.723356 0.348738 0.022842
2 0.284962 0.744601 0.348738 0.022842
2 0.285542 0.765847 0.348738 0.022842
2 0.286122 0.787093 0.348738 0.022842
2 0.291700 0.808261 0.358736 0.022996
2 0.239791 0.830313 0.253758 0.021384
0 0.118118 0.861562 0.083827 0.020025
1 0.194352 0.860391 0.056333 0.019603
2 0.351836 0.858599 0.237928 0.021141
2 0.288679 0.880823 0.348738 0.022842
2 0.289259 0.902068 0.348738 0.022842
2 0.289839 0.923314 0.348738 0.022842
2 0.290419 0.944560 0.348738 0.022842
2 0.290999 0.965805 0.348738 0.022842
2 0.280747 0.987217 0.327076 0.022510
0 0.563644 0.083311 0.083827 0.020025
1 0.632797 0.082249 0.042170 0.019386
2 0.735709 0.081295 0.142948 0.019683
0 0.554117 0.115964 0.062998 0.019705
1 0.612854 0.115062 0.042170 0.019386
2 0.779087 0.113136 0.269588 0.021627
2 0.735092 0.135066 0.348738 0.022842
2 0.735672 0.156311 0.348738 0.022842
2 0.688762 0.178286 0.253758 0.021384
0 0.567004 0.206410 0.083827 0.020025
1 0.655735 0.205048 0.081328 0.019987
2 0.809887 0.203307 0.206268 0.020655
2 0.742564 0.225595 0.358736 0.022996
2 0.738145 0.246917 0.348738 0.022842
2 0.738725 0.268163 0.348738 0.022842
2 0.744303 0.289332 0.358736 0.022996
2 0.644904 0.312112 0.158778 0.019926
0 0.549960 0.345451 0.042170 0.019386
1 0.599533 0.344690 0.044669 0.019424
2 0.774930 0.342623 0.285418 0.021870
2 0.654286 0.365729 0.174608 0.020169
0 0.551444 0.399814 0.042170 0.019386
1 0.624762 0.398689 0.092159 0.020153
2 0.800159 0.396622 0.237928 0.021141
2 0.719089 0.419121 0.301248 0.022113
0 0.563257 0.450894 0.062998 0.019705
1 0.634908 0.449794 0.067997 0.019782
2 0.798225 0.447912 0.237928 0.021141
2 0.744232 0.469995 0.348738 0.022842
2 0.744812 0.491241 0.348738 0.022842
2 0.745392 0.512487 0.348738 0.022842
2 0.750971 0.533655 0.358736 0.022996
2 0.746552 0.554978 0.348738 0.022842
2 0.588831 0.578653 0.032138 0.017982
0 0.578122 0.613825 0.083827 0.020025
1 0.669353 0.612424 0.086327 0.020063
2 0.826004 0.610645 0.206268 0.020655
2 0.606213 0.635273 0.063798 0.018468
0 0.558674 0.664759 0.042170 0.019386
1 0.614079 0.663909 0.056333 0.019603
2 0.795308 0.661752 0.285418 0.021870
2 0.750064 0.683701 0.348738 0.022842
0 0.560158 0.719123 0.042170 0.019386
1 0.618896 0.718221 0.062998 0.019705
2 0.795542 0.716134 0.269588 0.021627
2 0.616993 0.740130 0.079628 0.018711
0 0.582539 0.775666 0.083827 0.020025
1 0.660855 0.774464 0.060499 0.019667
2 0.820422 0.772639 0.237928 0.021141
2 0.753100 0.794927 0.348738 0.022842
2 0.753680 0.816173 0.348738 0.022842
2 0.754259 0.837418 0.348738 0.022842
2 0.707349 0.859393 0.253758 0.021384
0 0.575381 0.895176 0.062998 0.019705
1 0.640784 0.894172 0.055500 0.019590
