1 0.214167 0.085938 0.100000 0.021875
0 0.266667 0.085938 0.400000 0.021875
1 0.187083 0.117813 0.092500 0.021875
0 0.266667 0.127188 0.400000 0.040625
1 0.167917 0.169063 0.054167 0.021875
0 0.266667 0.169063 0.400000 0.021875
1 0.207083 0.203437 0.132500 0.021875
0 0.266667 0.212812 0.400000 0.040625
1 0.176667 0.255937 0.071667 0.021875
0 0.266667 0.265313 0.400000 0.040625
1 0.213750 0.307188 0.145833 0.021875
0 0.266667 0.316563 0.400000 0.040625
1 0.185833 0.355938 0.090000 0.021875
0 0.266667 0.355938 0.400000 0.021875
1 0.196667 0.386562 0.065000 0.021875
0 0.266667 0.386562 0.400000 0.021875
1 0.190417 0.419687 0.099167 0.021875
0 0.266667 0.429063 0.400000 0.040625
1 0.178750 0.472187 0.075833 0.021875
0 0.266667 0.481563 0.400000 0.040625
1 0.218750 0.520938 0.109167 0.021875
0 0.266667 0.586562 0.400000 0.153125
1 0.199583 0.683438 0.070833 0.021875
0 0.266667 0.739688 0.400000 0.134375
1 0.234167 0.825313 0.140000 0.021875
0 0.266667 0.825313 0.400000 0.021875
1 0.177500 0.857187 0.073333 0.021875
0 0.266667 0.866563 0.400000 0.040625
1 0.176667 0.909062 0.071667 0.021875
0 0.266667 0.909062 0.400000 0.021875
1 0.657917 0.085938 0.100833 0.021875
0 0.733333 0.085938 0.400000 0.021875
1 0.628333 0.116562 0.088333 0.021875
0 0.733333 0.116562 0.400000 0.021875
1 0.646667 0.145313 0.078333 0.021875
0 0.733333 0.182812 0.400000 0.096875
1 0.623333 0.250312 0.078333 0.021875
0 0.733333 0.250312 0.400000 0.021875
1 0.701250 0.282813 0.140833 0.021875
0 0.733333 0.339062 0.400000 0.134375
1 0.641667 0.424687 0.068333 0.021875
0 0.733333 0.434063 0.400000 0.040625
1 0.661250 0.472187 0.107500 0.021875
0 0.733333 0.547188 0.400000 0.171875
1 0.682083 0.655312 0.102500 0.021875
0 0.733333 0.655312 0.400000 0.021875
1 0.646667 0.686562 0.125000 0.021875
0 0.733333 0.686562 0.400000 0.021875
1 0.617083 0.720938 0.065833 0.021875
0 0.733333 0.730313 0.400000 0.040625
1 0.645000 0.773438 0.121667 0.021875
0 0.733333 0.782813 0.400000 0.040625
1 0.659583 0.822187 0.057500 0.021875
0 0.733333 0.822187 0.400000 0.021875
1 0.646250 0.855938 0.077500 0.021875
0 0.733333 0.865313 0.400000 0.040625
1 0.639167 0.908438 0.110000 0.021875
0 0.733333 0.908438 0.400000 0.021875
