3 0.494357 0.035080 0.988713 0.038919
0 0.077283 0.090190 0.042124 0.019327
1 0.130608 0.089447 0.052122 0.019466
2 0.270182 0.088129 0.206231 0.020363
0 0.088456 0.120665 0.062953 0.019617
1 0.164277 0.119609 0.076284 0.019803
2 0.331763 0.117902 0.237892 0.020804
2 0.174400 0.141347 0.158739 0.019701
0 0.100279 0.177385 0.083783 0.019907
1 0.188597 0.176155 0.080450 0.019861
0 0.101022 0.207380 0.083783 0.019907
1 0.194755 0.206074 0.091282 0.020011
2 0.353910 0.204483 0.206231 0.020363
2 0.271534 0.226884 0.348706 0.022347
2 0.272060 0.248130 0.348706 0.022347
2 0.122195 0.271471 0.047925 0.018158
0 0.082574 0.303903 0.042124 0.019327
1 0.133815 0.303190 0.047956 0.019408
2 0.302968 0.301459 0.269553 0.021245
0 0.083255 0.331398 0.042124 0.019327
1 0.139079 0.330621 0.057121 0.019536
2 0.312814 0.328827 0.269553 0.021245
2 0.279596 0.350543 0.358705 0.022486
2 0.275123 0.371859 0.348706 0.022347
2 0.275649 0.393105 0.348706 0.022347
2 0.244514 0.414793 0.285384 0.021465
0 0.106993 0.448588 0.083783 0.019907
1 0.177814 0.447602 0.045456 0.019373
2 0.337802 0.445999 0.253723 0.021024
2 0.282504 0.468023 0.358705 0.022486
2 0.280114 0.489310 0.352872 0.022405
0 0.108726 0.518576 0.083783 0.019907
1 0.189129 0.517456 0.064620 0.019640
0 0.099022 0.547466 0.062953 0.019617
1 0.183591 0.546288 0.093781 0.020046
2 0.351911 0.544570 0.222062 0.020583
2 0.240373 0.567376 0.269553 0.021245
0 0.100214 0.595583 0.062953 0.019617
1 0.162703 0.594713 0.049622 0.019431
2 0.332689 0.592971 0.269553 0.021245
2 0.281141 0.614942 0.348706 0.022347
2 0.281667 0.636188 0.348706 0.022347
2 0.282193 0.657435 0.348706 0.022347
2 0.219396 0.679563 0.222062 0.020583
0 0.092692 0.712583 0.042124 0.019327
1 0.153931 0.711730 0.067952 0.019687
2 0.333082 0.709860 0.269553 0.021245
2 0.284034 0.731797 0.348706 0.022347
2 0.284560 0.753043 0.348706 0.022347
2 0.285086 0.774290 0.348706 0.022347
2 0.285612 0.795536 0.348706 0.022347
2 0.151577 0.818656 0.079586 0.018599
0 0.116909 0.849144 0.083783 0.019907
1 0.196479 0.848036 0.062953 0.019617
2 0.349385 0.846532 0.222062 0.020583
2 0.239930 0.869310 0.253723 0.021024
0 0.543870 0.083692 0.042124 0.019327
1 0.605942 0.082828 0.069619 0.019710
2 0.770096 0.081167 0.237892 0.020804
0 0.544736 0.118686 0.042124 0.019327
1 0.608892 0.117793 0.073785 0.019768
2 0.783044 0.115993 0.253723 0.021024
2 0.741077 0.137831 0.358705 0.022486
2 0.736604 0.159147 0.348706 0.022347
2 0.737130 0.180393 0.348706 0.022347
2 0.737656 0.201640 0.348706 0.022347
2 0.659029 0.223988 0.190400 0.020142
0 0.548232 0.259912 0.042124 0.019327
1 0.598640 0.259210 0.046290 0.019385
2 0.774875 0.257381 0.285384 0.021465
2 0.573353 0.281441 0.016264 0.017717
0 0.570346 0.311488 0.083783 0.019907
1 0.650749 0.310368 0.064620 0.019640
2 0.804488 0.308853 0.222062 0.020583
2 0.740858 0.330992 0.348706 0.022347
2 0.725554 0.352459 0.317045 0.021906
0 0.551295 0.383641 0.042124 0.019327
1 0.602120 0.382933 0.047123 0.019397
2 0.778772 0.381098 0.285384 0.021465
2 0.584331 0.405059 0.032094 0.017938
0 0.563087 0.439111 0.062953 0.019617
1 0.636824 0.438084 0.072118 0.019745
2 0.802228 0.436406 0.237892 0.020804
2 0.593623 0.460565 0.047925 0.018158
0 0.553972 0.491747 0.042124 0.019327
1 0.605213 0.491034 0.047956 0.019408
0 0.575559 0.522077 0.083783 0.019907
1 0.662628 0.520864 0.077951 0.019826
2 0.823032 0.519256 0.222062 0.020583
2 0.746072 0.541581 0.348706 0.022347
2 0.746598 0.562827 0.348706 0.022347
2 0.747124 0.584074 0.348706 0.022347
2 0.747650 0.605320 0.348706 0.022347
2 0.700684 0.627228 0.253723 0.021024
0 0.558164 0.661093 0.042124 0.019327
1 0.616904 0.660275 0.062953 0.019617
2 0.793556 0.658440 0.269553 0.021245
2 0.614946 0.682181 0.079586 0.018599
0 0.569971 0.717188 0.062953 0.019617
1 0.639959 0.716214 0.064620 0.019640
2 0.809529 0.714477 0.253723 0.021024
2 0.740067 0.736698 0.327044 0.022045
0 0.560887 0.771074 0.042124 0.019327
1 0.627959 0.770140 0.079617 0.019849
2 0.805027 0.768299 0.253723 0.021024
2 0.720568 0.790729 0.285384 0.021465
0 0.562094 0.819816 0.042124 0.019327
1 0.625416 0.818934 0.072118 0.019745
2 0.803734 0.817076 0.263721 0.021163
2 0.666367 0.840242 0.174570 0.019922
0 0.573700 0.867787 0.062953 0.019617
1 0.639938 0.866865 0.057121 0.019536
2 0.774097 0.865622 0.190400 0.020142
