1 0.105760 0.085746 0.083449 0.019041
2 0.194092 0.085438 0.080115 0.019029
3 0.347844 0.085526 0.205940 0.018218
3 0.196728 0.107304 0.190106 0.018163
0 0.264161 0.096443 0.406934 0.045168
1 0.085264 0.140193 0.041783 0.018895
2 0.138180 0.140008 0.050949 0.018927
0 0.264433 0.140193 0.406802 0.023919
1 0.095867 0.170156 0.062616 0.018968
2 0.173782 0.169885 0.080115 0.019029
3 0.343368 0.169918 0.237606 0.018328
3 0.276417 0.191402 0.348438 0.018715
3 0.281549 0.212634 0.358438 0.018750
3 0.276681 0.233901 0.348438 0.018715
3 0.276812 0.255151 0.348438 0.018715
3 0.276944 0.276401 0.348438 0.018715
3 0.282076 0.297633 0.358438 0.018750
3 0.126793 0.319425 0.047608 0.017666
0 0.265080 0.244567 0.407724 0.172667
1 0.086578 0.352066 0.041783 0.018895
2 0.146577 0.351856 0.065116 0.018977
3 0.321579 0.351871 0.263439 0.018419
3 0.277545 0.373275 0.348438 0.018715
3 0.277677 0.394524 0.348438 0.018715
3 0.277809 0.415774 0.348438 0.018715
3 0.167108 0.437411 0.126774 0.017942
0 0.266010 0.394565 0.407329 0.108918
1 0.108128 0.467617 0.083449 0.019041
2 0.184794 0.467349 0.056782 0.018947
3 0.342713 0.467423 0.237606 0.018328
3 0.278262 0.488898 0.348438 0.018715
3 0.283394 0.510131 0.358438 0.018750
3 0.278526 0.531398 0.348438 0.018715
3 0.278657 0.552648 0.348438 0.018715
3 0.207540 0.574146 0.205940 0.018218
0 0.266793 0.520814 0.407461 0.130167
1 0.109008 0.609490 0.083449 0.019041
2 0.179007 0.609246 0.043449 0.018901
0 0.267344 0.609563 0.406802 0.023919
1 0.088346 0.637063 0.041783 0.018895
2 0.139595 0.636884 0.047616 0.018916
3 0.316680 0.636891 0.285105 0.018494
3 0.144731 0.658741 0.079274 0.017776
0 0.267580 0.647687 0.406934 0.045168
1 0.088695 0.693312 0.041783 0.018895
2 0.142444 0.693125 0.052616 0.018933
3 0.316196 0.693143 0.273439 0.018453
3 0.279661 0.714521 0.348438 0.018715
3 0.279793 0.735771 0.348438 0.018715
3 0.137427 0.757518 0.063441 0.017721
0 0.268061 0.725187 0.407197 0.087668
1 0.089272 0.786436 0.041783 0.018895
2 0.145521 0.786240 0.057616 0.018950
3 0.272191 0.786423 0.174273 0.018107
0 0.268441 0.786436 0.406802 0.023919
1 0.099851 0.812649 0.062616 0.018968
2 0.189434 0.812337 0.103449 0.019110
0 0.268603 0.812686 0.406802 0.023919
1 0.110454 0.842613 0.083449 0.019041
2 0.204620 0.842284 0.091782 0.019070
3 0.364205 0.842352 0.205940 0.018218
3 0.177672 0.864253 0.142607 0.017997
0 0.268855 0.853310 0.406934 0.045168
1 0.100332 0.890149 0.062616 0.018968
2 0.176165 0.889884 0.075949 0.019014
3 0.343667 0.889925 0.237606 0.018328
3 0.159217 0.911818 0.105107 0.017866
0 0.269150 0.900810 0.406934 0.045168
1 0.572421 0.084118 0.083449 0.019041
2 0.664920 0.083795 0.088449 0.019058
3 0.822839 0.083869 0.205940 0.018218
3 0.671306 0.105648 0.205940 0.018218
0 0.730823 0.094815 0.406934 0.045168
1 0.572766 0.139742 0.083449 0.019041
2 0.657765 0.139446 0.073449 0.019006
0 0.731102 0.139815 0.406802 0.023919
1 0.572952 0.169742 0.083449 0.019041
2 0.641702 0.169502 0.040949 0.018892
3 0.799621 0.169576 0.253439 0.018384
3 0.743086 0.191024 0.348438 0.018715
3 0.743218 0.212273 0.348438 0.018715
3 0.743350 0.233523 0.348438 0.018715
3 0.743482 0.254773 0.348438 0.018715
3 0.624865 0.276437 0.110941 0.017886
0 0.731617 0.222939 0.407461 0.130167
1 0.563385 0.306652 0.062616 0.018968
2 0.627551 0.306428 0.052616 0.018933
3 0.791303 0.306482 0.253439 0.018384
3 0.743935 0.327897 0.348438 0.018715
3 0.744067 0.349147 0.348438 0.018715
3 0.744199 0.370397 0.348438 0.018715
3 0.749331 0.391629 0.358438 0.018750
3 0.633630 0.413283 0.126774 0.017942
0 0.732466 0.359812 0.407461 0.130167
1 0.574674 0.447239 0.083449 0.019041
2 0.664256 0.446926 0.082615 0.019038
3 0.819258 0.447011 0.205940 0.018218
3 0.744807 0.468521 0.348438 0.018715
3 0.744939 0.489770 0.348438 0.018715
3 0.745071 0.511020 0.348438 0.018715
3 0.750203 0.532252 0.358438 0.018750
3 0.745335 0.553520 0.348438 0.018715
3 0.745466 0.574769 0.348438 0.018715
3 0.611016 0.596489 0.079274 0.017776
0 0.733470 0.521686 0.407724 0.172667
1 0.565393 0.630398 0.062616 0.018968
2 0.631225 0.630169 0.055949 0.018945
0 0.734145 0.630435 0.406802 0.023919
1 0.565610 0.665398 0.062616 0.018968
2 0.634359 0.665158 0.061782 0.018965
0 0.734362 0.665434 0.406802 0.023919
1 0.565792 0.694773 0.062616 0.018968
2 0.638291 0.694520 0.069282 0.018991
0 0.734544 0.694809 0.406802 0.023919
1 0.576410 0.727236 0.083449 0.019041
2 0.668076 0.726916 0.086782 0.019052
3 0.825161 0.726993 0.205940 0.018218
3 0.746544 0.748518 0.348438 0.018715
3 0.746676 0.769767 0.348438 0.018715
3 0.746808 0.791017 0.348438 0.018715
3 0.636107 0.812654 0.126774 0.017942
0 0.735009 0.769808 0.407329 0.108918
1 0.577147 0.845985 0.083449 0.019041
2 0.660062 0.845695 0.069282 0.018991
3 0.816315 0.845775 0.221773 0.018273
3 0.660198 0.867570 0.174273 0.018107
0 0.735548 0.856682 0.406934 0.045168
