1 0.089127 0.089239 0.062891 0.019495
2 0.168284 0.088291 0.082888 0.019735
3 0.339109 0.086872 0.237842 0.020339
3 0.269986 0.108952 0.348661 0.021665
3 0.270438 0.130200 0.348661 0.021665
3 0.270890 0.151447 0.348661 0.021665
3 0.239680 0.173073 0.285336 0.020908
0 0.258773 0.130339 0.408901 0.112352
1 0.102002 0.204724 0.083722 0.019745
2 0.174909 0.203852 0.049559 0.019336
3 0.329070 0.202632 0.237842 0.020339
3 0.232867 0.225036 0.269505 0.020718
0 0.260555 0.214078 0.407545 0.048610
1 0.092743 0.259217 0.062891 0.019495
2 0.150653 0.258524 0.040394 0.019226
3 0.316062 0.257170 0.269505 0.020718
3 0.273602 0.278931 0.348661 0.021665
3 0.274054 0.300178 0.348661 0.021665
3 0.274506 0.321425 0.348661 0.021665
3 0.274958 0.342673 0.348661 0.021665
3 0.275410 0.363920 0.348661 0.021665
3 0.228368 0.385735 0.253673 0.020529
0 0.262841 0.321565 0.409805 0.154846
1 0.085745 0.419946 0.042060 0.019246
2 0.145737 0.419228 0.065391 0.019525
3 0.323644 0.417725 0.269505 0.020718
3 0.126621 0.441335 0.047866 0.018066
0 0.265128 0.429051 0.407545 0.048610
1 0.107705 0.472815 0.083722 0.019745
2 0.191861 0.471808 0.072056 0.019605
3 0.349354 0.470549 0.222011 0.020150
3 0.127751 0.494453 0.047866 0.018066
0 0.266258 0.482169 0.407545 0.048610
1 0.108848 0.526558 0.083722 0.019745
2 0.187588 0.525616 0.061224 0.019475
3 0.347581 0.524327 0.237842 0.020339
3 0.279292 0.546397 0.348661 0.021665
3 0.279744 0.567644 0.348661 0.021665
3 0.280196 0.588891 0.348661 0.021665
3 0.280648 0.610138 0.348661 0.021665
3 0.281100 0.631386 0.348661 0.021665
3 0.281552 0.652633 0.348661 0.021665
3 0.282004 0.673880 0.348661 0.021665
3 0.258709 0.695412 0.301167 0.021097
0 0.268983 0.610278 0.410709 0.197341
1 0.113023 0.722783 0.083722 0.019745
2 0.180931 0.721971 0.039561 0.019216
3 0.335091 0.720751 0.247841 0.020459
3 0.133069 0.744421 0.047866 0.018066
0 0.271575 0.732138 0.407545 0.048610
1 0.093282 0.774276 0.042060 0.019246
2 0.156191 0.773523 0.071223 0.019595
3 0.337014 0.771985 0.269505 0.020718
3 0.284557 0.793865 0.348661 0.021665
3 0.285009 0.815112 0.348661 0.021665
3 0.285461 0.836360 0.348661 0.021665
3 0.285913 0.857607 0.348661 0.021665
3 0.286364 0.878854 0.348661 0.021665
3 0.286816 0.900102 0.348661 0.021665
3 0.287268 0.921349 0.348661 0.021665
3 0.129407 0.944491 0.032035 0.017877
0 0.274247 0.857747 0.410709 0.197341
1 0.555735 0.083655 0.062891 0.019495
2 0.629475 0.082773 0.072056 0.019605
3 0.794884 0.081419 0.237842 0.020339
3 0.609943 0.104884 0.095360 0.018634
0 0.724702 0.092885 0.407545 0.048610
1 0.556944 0.140523 0.062891 0.019495
2 0.632351 0.139621 0.075389 0.019645
3 0.791511 0.138341 0.222011 0.020150
0 0.725686 0.139129 0.407093 0.027363
1 0.568078 0.174144 0.083722 0.019745
2 0.643485 0.173242 0.054559 0.019396
3 0.800145 0.171992 0.237842 0.020339
3 0.738521 0.193982 0.348661 0.021665
3 0.743973 0.215170 0.358660 0.021785
3 0.739425 0.236477 0.348661 0.021665
3 0.739877 0.257724 0.348661 0.021665
3 0.574100 0.280961 0.016204 0.017687
0 0.727534 0.225993 0.409353 0.133599
1 0.571029 0.312876 0.083722 0.019745
2 0.651852 0.311909 0.065391 0.019525
3 0.806012 0.310690 0.222011 0.020150
3 0.746472 0.332655 0.358660 0.021785
3 0.741925 0.353962 0.348661 0.021665
3 0.742377 0.375209 0.348661 0.021665
3 0.747828 0.396397 0.358660 0.021785
0 0.730259 0.354101 0.408901 0.112352
1 0.552737 0.432485 0.042060 0.019246
2 0.623145 0.431643 0.086221 0.019775
3 0.795636 0.430204 0.237842 0.020339
0 0.731894 0.430967 0.407093 0.027363
1 0.569544 0.458538 0.074556 0.019635
2 0.634952 0.457755 0.043727 0.019266
3 0.794112 0.456476 0.253673 0.020529
3 0.578341 0.480310 0.016204 0.017687
0 0.732679 0.467837 0.407545 0.048610
1 0.564881 0.513600 0.062891 0.019495
2 0.643204 0.512663 0.081222 0.019715
3 0.813196 0.511254 0.237842 0.020339
3 0.627005 0.534735 0.111191 0.018824
0 0.733849 0.522830 0.407545 0.048610
1 0.576360 0.563469 0.083722 0.019745
2 0.669265 0.562358 0.089554 0.019814
3 0.827591 0.561088 0.206179 0.019960
3 0.691394 0.583971 0.237842 0.020339
0 0.734912 0.572824 0.407545 0.048610
1 0.577397 0.612213 0.083722 0.019745
2 0.667385 0.611136 0.083722 0.019745
3 0.822795 0.609902 0.206179 0.019960
3 0.747840 0.632052 0.348661 0.021665
3 0.748292 0.653299 0.348661 0.021665
3 0.748744 0.674546 0.348661 0.021665
3 0.749196 0.695793 0.348661 0.021665
3 0.646745 0.718272 0.142854 0.019203
0 0.736853 0.664062 0.409353 0.133599
1 0.559477 0.749320 0.042060 0.019246
2 0.620303 0.748592 0.067057 0.019545
3 0.799043 0.747079 0.269505 0.020718
3 0.755751 0.768849 0.358660 0.021785
3 0.751204 0.790156 0.348661 0.021665
3 0.751656 0.811404 0.348661 0.021665
3 0.752108 0.832651 0.348661 0.021665
3 0.694234 0.854596 0.232009 0.020270
0 0.739765 0.800920 0.409353 0.133599
1 0.572831 0.887303 0.062891 0.019495
2 0.631573 0.886600 0.042060 0.019246
3 0.797815 0.885236 0.269505 0.020718
3 0.650786 0.908248 0.142854 0.019203
0 0.741798 0.896532 0.407545 0.048610
