1 0.116235 0.080249 0.083680 0.019635
2 0.202477 0.081167 0.076180 0.019555
3 0.362032 0.083490 0.221975 0.019857
3 0.119571 0.102162 0.016163 0.017667
0 0.274340 0.093183 0.407453 0.048073
1 0.104827 0.132633 0.062848 0.019413
2 0.165654 0.133280 0.046183 0.019236
3 0.310211 0.135444 0.221975 0.019857
0 0.273548 0.135054 0.407051 0.026825
1 0.093902 0.159394 0.042017 0.019191
2 0.148897 0.159980 0.055349 0.019333
3 0.329700 0.162529 0.285302 0.020531
3 0.284303 0.183298 0.348629 0.021205
3 0.283901 0.204546 0.348629 0.021205
3 0.204340 0.224951 0.190312 0.019520
0 0.272436 0.193798 0.408257 0.090569
1 0.102438 0.258870 0.062848 0.019413
2 0.162432 0.259509 0.044517 0.019218
0 0.271159 0.261291 0.407051 0.026825
1 0.112274 0.289603 0.083680 0.019635
2 0.185184 0.290379 0.049516 0.019271
3 0.339323 0.292644 0.237807 0.020025
3 0.281844 0.313285 0.348629 0.021205
3 0.281442 0.334533 0.348629 0.021205
3 0.281040 0.355781 0.348629 0.021205
3 0.280638 0.377028 0.348629 0.021205
3 0.264404 0.398108 0.316966 0.020868
0 0.269575 0.345032 0.409061 0.133064
1 0.088913 0.423118 0.042017 0.019191
2 0.156823 0.423841 0.081180 0.019608
3 0.334710 0.426359 0.253639 0.020194
3 0.279313 0.447021 0.348629 0.021205
3 0.278911 0.468269 0.348629 0.021205
3 0.278509 0.489517 0.348629 0.021205
3 0.254360 0.510512 0.301134 0.020699
0 0.267246 0.468145 0.408659 0.111817
1 0.086678 0.541231 0.042017 0.019191
2 0.141673 0.541816 0.055349 0.019333
3 0.322476 0.544365 0.285302 0.020531
3 0.174172 0.564039 0.142817 0.019015
0 0.265614 0.554386 0.407453 0.048073
1 0.085650 0.595601 0.042017 0.019191
2 0.136478 0.596141 0.047017 0.019245
3 0.313115 0.598646 0.285302 0.020531
3 0.109817 0.617735 0.016163 0.017667
0 0.264586 0.608756 0.407453 0.048073
1 0.090513 0.646907 0.053683 0.019316
2 0.158839 0.647635 0.070348 0.019493
3 0.331310 0.650095 0.253639 0.020194
3 0.275081 0.670749 0.348629 0.021205
3 0.279678 0.692050 0.358628 0.021311
3 0.274277 0.713245 0.348629 0.021205
3 0.194716 0.733650 0.190312 0.019520
0 0.263013 0.691873 0.408659 0.111817
1 0.092968 0.759445 0.062848 0.019413
2 0.154628 0.760101 0.047850 0.019254
3 0.323766 0.762526 0.269471 0.020362
3 0.138383 0.781805 0.079490 0.018341
0 0.261488 0.772489 0.407453 0.048073
1 0.102307 0.816425 0.083680 0.019635
2 0.178550 0.817236 0.056182 0.019342
3 0.336022 0.819537 0.237807 0.020025
3 0.276876 0.840160 0.358628 0.021311
3 0.271474 0.861355 0.348629 0.021205
3 0.255241 0.882434 0.316966 0.020868
0 0.260010 0.850607 0.408257 0.090569
1 0.582855 0.085215 0.083680 0.019635
2 0.678679 0.086235 0.095345 0.019759
3 0.831985 0.088491 0.190312 0.019520
3 0.752424 0.108897 0.348629 0.021205
3 0.752022 0.130145 0.348629 0.021205
3 0.740788 0.151277 0.326965 0.020974
0 0.740558 0.119396 0.408257 0.090569
1 0.570701 0.176970 0.062848 0.019413
2 0.637361 0.177679 0.057849 0.019360
3 0.787751 0.179905 0.221975 0.019857
0 0.739423 0.179390 0.407051 0.026825
1 0.580443 0.212702 0.083680 0.019635
2 0.661268 0.213562 0.065348 0.019440
3 0.815408 0.215828 0.221975 0.019857
3 0.750012 0.236384 0.348629 0.021205
3 0.749610 0.257632 0.348629 0.021205
3 0.749208 0.278880 0.348629 0.021205
3 0.753806 0.300181 0.358628 0.021311
3 0.748404 0.321375 0.348629 0.021205
3 0.613432 0.341191 0.079490 0.018341
0 0.737543 0.278755 0.409463 0.154312
1 0.577523 0.367062 0.083680 0.019635
2 0.660848 0.367948 0.070348 0.019493
0 0.735828 0.369371 0.407051 0.026825
1 0.562028 0.393149 0.053683 0.019316
2 0.635354 0.393930 0.080347 0.019599
3 0.809907 0.396412 0.247806 0.020132
3 0.746595 0.416991 0.348629 0.021205
3 0.751193 0.438292 0.358628 0.021311
3 0.745791 0.459486 0.348629 0.021205
3 0.750389 0.480787 0.358628 0.021311
3 0.602502 0.500466 0.063658 0.018172
0 0.734327 0.448738 0.409061 0.133064
1 0.564092 0.526310 0.062848 0.019413
2 0.637835 0.527094 0.072014 0.019511
0 0.732813 0.528730 0.407051 0.026825
1 0.563548 0.555057 0.062848 0.019413
2 0.630208 0.555766 0.057849 0.019360
3 0.741019 0.557570 0.142817 0.019015
0 0.732269 0.557477 0.407051 0.026825
1 0.552565 0.584943 0.042017 0.019191
2 0.608393 0.585537 0.057016 0.019351
3 0.763365 0.587811 0.231974 0.019963
0 0.731702 0.587474 0.407051 0.026825
1 0.572722 0.620786 0.083680 0.019635
2 0.661047 0.621726 0.080347 0.019599
3 0.814770 0.623987 0.206144 0.019689
3 0.686880 0.643878 0.237807 0.020025
0 0.730827 0.633720 0.407453 0.048073
1 0.571741 0.672656 0.083680 0.019635
2 0.643400 0.673418 0.047017 0.019245
3 0.801289 0.675724 0.247806 0.020132
3 0.741310 0.696338 0.348629 0.021205
3 0.740908 0.717585 0.348629 0.021205
3 0.740506 0.738833 0.348629 0.021205
3 0.676777 0.759407 0.221975 0.019857
0 0.729243 0.717461 0.408659 0.111817
1 0.559162 0.786908 0.062848 0.019413
2 0.636654 0.787733 0.079513 0.019591
3 0.805792 0.790158 0.237807 0.020025
3 0.739146 0.810701 0.348629 0.021205
3 0.738744 0.831949 0.348629 0.021205
3 0.743342 0.853250 0.358628 0.021311
3 0.714193 0.874192 0.301134 0.020699
0 0.727079 0.831825 0.408659 0.111817
