3 0.490760 0.033337 0.981520 0.047585
0 0.091815 0.093414 0.084049 0.020625
1 0.167614 0.091700 0.055728 0.019984
2 0.324651 0.088776 0.238095 0.022859
2 0.262617 0.111438 0.348878 0.025363
2 0.097296 0.136435 0.016529 0.017850
0 0.084366 0.167366 0.063225 0.020154
1 0.152252 0.165831 0.060726 0.020097
2 0.319701 0.162671 0.253921 0.023216
2 0.218101 0.186227 0.253921 0.023216
0 0.096987 0.222105 0.084049 0.020625
1 0.186946 0.220072 0.084049 0.020625
2 0.342317 0.217185 0.206443 0.022143
2 0.267789 0.240129 0.348878 0.025363
2 0.268642 0.261370 0.348878 0.025363
2 0.269496 0.282610 0.348878 0.025363
2 0.270350 0.303850 0.348878 0.025363
2 0.105029 0.328847 0.016529 0.017850
0 0.102335 0.355170 0.084049 0.020625
1 0.186047 0.353278 0.071554 0.020342
0 0.093354 0.391014 0.063225 0.020154
1 0.154160 0.389640 0.046566 0.019777
2 0.322442 0.386461 0.269747 0.023574
2 0.140045 0.411844 0.079834 0.019281
0 0.095438 0.442866 0.063225 0.020154
1 0.169987 0.441180 0.074053 0.020399
2 0.336187 0.438048 0.238095 0.022859
2 0.276651 0.460654 0.348878 0.025363
2 0.277505 0.481894 0.348878 0.025363
2 0.278359 0.503135 0.348878 0.025363
2 0.279212 0.524375 0.348878 0.025363
2 0.280066 0.545615 0.348878 0.025363
2 0.225528 0.568108 0.238095 0.022859
0 0.112403 0.605681 0.084049 0.020625
1 0.189035 0.603949 0.057394 0.020022
0 0.103121 0.634029 0.063225 0.020154
1 0.169341 0.632532 0.057394 0.020022
2 0.316382 0.629833 0.216438 0.022369
0 0.094140 0.669873 0.042401 0.019683
1 0.152030 0.668564 0.061559 0.020116
2 0.327809 0.665216 0.269747 0.023574
2 0.285765 0.687426 0.348878 0.025363
2 0.286619 0.708666 0.348878 0.025363
2 0.292470 0.729794 0.358874 0.025589
2 0.288326 0.751147 0.348878 0.025363
2 0.289180 0.772387 0.348878 0.025363
2 0.202990 0.795596 0.174791 0.021428
0 0.100366 0.824803 0.042401 0.019683
1 0.164920 0.823343 0.074886 0.020417
0 0.101446 0.851665 0.042401 0.019683
1 0.162252 0.850291 0.067390 0.020248
2 0.340946 0.846877 0.269747 0.023574
2 0.142723 0.872617 0.048181 0.018565
0 0.113816 0.900158 0.063225 0.020154
1 0.190448 0.898426 0.078218 0.020493
2 0.355815 0.895313 0.232264 0.022727
2 0.297112 0.917899 0.353043 0.025457
2 0.295883 0.939187 0.348878 0.025363
2 0.296737 0.960427 0.348878 0.025363
2 0.297591 0.981667 0.348878 0.025363
2 0.298444 0.995113 0.348878 0.009774
0 0.547858 0.083104 0.063225 0.020154
1 0.623657 0.081391 0.076552 0.020455
2 0.791106 0.078231 0.238095 0.022859
2 0.729071 0.100893 0.348878 0.025363
2 0.734923 0.122020 0.358874 0.025589
2 0.730779 0.143373 0.348878 0.025363
0 0.551473 0.173063 0.063225 0.020154
1 0.634352 0.171190 0.090712 0.020775
2 0.800968 0.168049 0.222269 0.022501
2 0.661469 0.192462 0.206443 0.022143
0 0.543145 0.225150 0.042401 0.019683
1 0.601036 0.223842 0.061559 0.020116
2 0.753075 0.221030 0.222269 0.022501
0 0.560819 0.260392 0.074886 0.020417
1 0.639533 0.258612 0.070721 0.020323
2 0.804067 0.255518 0.238095 0.022859
2 0.688723 0.279385 0.253921 0.023216
0 0.546484 0.308238 0.042401 0.019683
1 0.601459 0.306995 0.055728 0.019984
2 0.782236 0.303533 0.285574 0.023932
2 0.738110 0.325791 0.348878 0.025363
2 0.743961 0.346918 0.358874 0.025589
2 0.739817 0.368271 0.348878 0.025363
2 0.740671 0.389512 0.348878 0.025363
2 0.741524 0.410752 0.348878 0.025363
2 0.742378 0.431992 0.348878 0.025363
2 0.743232 0.453233 0.348878 0.025363
2 0.577911 0.478230 0.016529 0.017850
0 0.575368 0.508301 0.084049 0.020625
1 0.664910 0.506276 0.083216 0.020606
2 0.819865 0.503399 0.206443 0.022143
2 0.603734 0.529544 0.064008 0.018923
0 0.556603 0.559998 0.042401 0.019683
1 0.626154 0.558426 0.084882 0.020643
2 0.797768 0.555172 0.238095 0.022859
0 0.578531 0.587015 0.084049 0.020625
1 0.654747 0.585292 0.056561 0.020003
2 0.764722 0.583431 0.143138 0.020712
0 0.569450 0.620360 0.063225 0.020154
1 0.651079 0.618515 0.088213 0.020719
0 0.580916 0.646363 0.084049 0.020625
1 0.661296 0.644546 0.064891 0.020191
2 0.820000 0.641583 0.232264 0.022727
2 0.609283 0.667607 0.064008 0.018923
0 0.572714 0.701573 0.063225 0.020154
1 0.647263 0.699888 0.074053 0.020399
2 0.813463 0.696756 0.238095 0.022859
2 0.753927 0.719362 0.348878 0.025363
2 0.754781 0.740602 0.348878 0.025363
2 0.755635 0.761842 0.348878 0.025363
2 0.756488 0.783083 0.348878 0.025363
2 0.762340 0.804210 0.358874 0.025589
2 0.679065 0.827352 0.190617 0.021785
0 0.578890 0.855254 0.063225 0.020154
1 0.647192 0.853710 0.061559 0.020116
2 0.815058 0.850540 0.253921 0.023216
2 0.765101 0.872929 0.358874 0.025589
2 0.760957 0.894282 0.348878 0.025363
2 0.761811 0.915523 0.348878 0.025363
2 0.762665 0.936763 0.348878 0.025363
2 0.763518 0.958003 0.348878 0.025363
2 0.764372 0.979244 0.348878 0.025363
2 0.614877 0.997300 0.048181 0.005400
