1 0.227500 0.085938 0.126667 0.021875
0 0.266667 0.085938 0.400000 0.021875
1 0.183333 0.114687 0.085000 0.021875
0 0.266667 0.114687 0.400000 0.021875
1 0.207500 0.146563 0.133333 0.021875
0 0.266667 0.146563 0.400000 0.021875
1 0.176250 0.179688 0.117500 0.021875
0 0.266667 0.179688 0.400000 0.021875
1 0.151250 0.209687 0.067500 0.021875
0 0.266667 0.219062 0.400000 0.040625
1 0.190833 0.259688 0.100000 0.021875
0 0.266667 0.269062 0.400000 0.040625
1 0.181667 0.306563 0.128333 0.021875
0 0.266667 0.306563 0.400000 0.021875
1 0.176667 0.337187 0.118333 0.021875
0 0.266667 0.337187 0.400000 0.021875
1 0.207500 0.365938 0.086667 0.021875
0 0.266667 0.375312 0.400000 0.040625
1 0.215000 0.416563 0.101667 0.021875
0 0.266667 0.472813 0.400000 0.134375
1 0.205833 0.560937 0.130000 0.021875
0 0.266667 0.589063 0.400000 0.078125
1 0.205417 0.649687 0.082500 0.021875
0 0.266667 0.649687 0.400000 0.021875
1 0.187500 0.680312 0.140000 0.021875
0 0.266667 0.689688 0.400000 0.040625
1 0.205000 0.731563 0.128333 0.021875
0 0.266667 0.731563 0.400000 0.021875
1 0.149167 0.760938 0.063333 0.021875
0 0.266667 0.770312 0.400000 0.040625
1 0.209583 0.808438 0.090833 0.021875
0 0.266667 0.808438 0.400000 0.021875
1 0.216250 0.837812 0.104167 0.021875
0 0.266667 0.837812 0.400000 0.021875
1 0.222083 0.865938 0.115833 0.021875
0 0.266667 0.875313 0.400000 0.040625
1 0.220417 0.914062 0.159167 0.021875
0 0.266667 0.923438 0.400000 0.040625
1 0.650417 0.085938 0.132500 0.021875
0 0.733333 0.142187 0.400000 0.134375
1 0.660833 0.232813 0.060000 0.021875
0 0.733333 0.260937 0.400000 0.078125
1 0.633750 0.317812 0.099167 0.021875
0 0.733333 0.317812 0.400000 0.021875
1 0.648750 0.350938 0.082500 0.021875
0 0.733333 0.388437 0.400000 0.096875
1 0.627500 0.457813 0.086667 0.021875
0 0.733333 0.457813 0.400000 0.021875
1 0.640833 0.491563 0.066667 0.021875
0 0.733333 0.538438 0.400000 0.115625
1 0.660417 0.617188 0.059167 0.021875
0 0.733333 0.617188 0.400000 0.021875
1 0.655000 0.647813 0.141667 0.021875
0 0.733333 0.657188 0.400000 0.040625
1 0.699583 0.694688 0.137500 0.021875
0 0.733333 0.704063 0.400000 0.040625
1 0.687917 0.745938 0.114167 0.021875
0 0.733333 0.783438 0.400000 0.096875
1 0.675000 0.853437 0.135000 0.021875
0 0.733333 0.909687 0.400000 0.134375
