1 0.111026 0.082955 0.083454 0.019053
2 0.183942 0.083220 0.049287 0.018929
3 0.338103 0.084406 0.237610 0.018364
3 0.285883 0.105466 0.358442 0.018803
3 0.280745 0.126698 0.348442 0.018767
3 0.264775 0.147890 0.316776 0.018652
0 0.269147 0.116031 0.407220 0.087729
1 0.110404 0.179204 0.083454 0.019053
2 0.202486 0.179539 0.087620 0.019068
3 0.357063 0.180726 0.200111 0.018227
3 0.280260 0.201697 0.348442 0.018767
3 0.280123 0.222947 0.348442 0.018767
3 0.145403 0.243707 0.079279 0.017788
0 0.268525 0.212279 0.407220 0.087729
1 0.088976 0.271002 0.041787 0.018901
2 0.157309 0.271251 0.081787 0.019047
3 0.335636 0.272524 0.253444 0.018421
3 0.271749 0.293542 0.332609 0.018709
0 0.268068 0.282904 0.406945 0.045229
1 0.099041 0.325414 0.062621 0.018977
2 0.173624 0.325686 0.073454 0.019017
3 0.339868 0.326915 0.237610 0.018364
0 0.267785 0.326653 0.406807 0.023979
1 0.088398 0.360376 0.041787 0.018901
2 0.149648 0.360599 0.067620 0.018995
0 0.267559 0.361653 0.406807 0.023979
1 0.109053 0.387951 0.083454 0.019053
2 0.199886 0.388282 0.085120 0.019059
3 0.356130 0.389475 0.205944 0.018249
3 0.168078 0.410041 0.126778 0.017961
0 0.267312 0.399777 0.406945 0.045229
1 0.108734 0.437326 0.083454 0.019053
2 0.191650 0.437627 0.069287 0.019001
3 0.347894 0.438821 0.221777 0.018306
3 0.215258 0.459589 0.221777 0.018306
0 0.266993 0.449152 0.406945 0.045229
1 0.097994 0.487287 0.062621 0.018977
2 0.165077 0.487531 0.058454 0.018962
3 0.331737 0.488763 0.253444 0.018421
3 0.278267 0.509818 0.348442 0.018767
3 0.283130 0.531086 0.358442 0.018803
3 0.277992 0.552318 0.348442 0.018767
3 0.206606 0.573308 0.205944 0.018249
0 0.266463 0.531026 0.407357 0.108978
1 0.097234 0.604786 0.062621 0.018977
2 0.175150 0.605069 0.080120 0.019041
0 0.265978 0.606025 0.406807 0.023979
1 0.107477 0.631698 0.083454 0.019053
2 0.188309 0.631993 0.065121 0.018986
3 0.302887 0.633034 0.142612 0.018018
0 0.265804 0.632900 0.406807 0.023979
1 0.107291 0.660448 0.083454 0.019053
2 0.175207 0.660695 0.039287 0.018892
3 0.316451 0.661834 0.221777 0.018306
0 0.265618 0.661649 0.406807 0.023979
1 0.096660 0.693535 0.062621 0.018977
2 0.162493 0.693774 0.055954 0.018953
3 0.327903 0.695001 0.253444 0.018421
3 0.276933 0.716066 0.348442 0.018767
3 0.276796 0.737316 0.348442 0.018767
3 0.281658 0.758584 0.358442 0.018803
3 0.276521 0.779815 0.348442 0.018767
3 0.276383 0.801065 0.348442 0.018767
3 0.117915 0.821739 0.031779 0.017615
0 0.264992 0.758523 0.407632 0.151478
1 0.085205 0.854120 0.041787 0.018901
2 0.145621 0.854340 0.065954 0.018989
3 0.323948 0.855614 0.269277 0.018479
3 0.275894 0.876689 0.348442 0.018767
3 0.275757 0.897939 0.348442 0.018767
3 0.188537 0.918872 0.174278 0.018133
0 0.264159 0.887272 0.407220 0.087729
1 0.556854 0.084577 0.041787 0.018901
2 0.628937 0.084839 0.089287 0.019074
3 0.803097 0.086098 0.237610 0.018364
3 0.644628 0.106772 0.142612 0.018018
0 0.735946 0.096479 0.406945 0.045229
1 0.556486 0.141451 0.041787 0.018901
2 0.630652 0.141721 0.093454 0.019089
3 0.806896 0.142987 0.237610 0.018364
3 0.636344 0.163617 0.126778 0.017961
0 0.735578 0.153353 0.406945 0.045229
1 0.576968 0.195901 0.083454 0.019053
2 0.669883 0.196239 0.089287 0.019074
0 0.735295 0.197102 0.406807 0.023979
1 0.576778 0.225276 0.083454 0.019053
2 0.667610 0.225607 0.085120 0.019059
3 0.823854 0.226800 0.205944 0.018249
3 0.746634 0.247769 0.348442 0.018767
3 0.751497 0.269037 0.358442 0.018803
3 0.751359 0.290287 0.358442 0.018803
3 0.751222 0.311537 0.358442 0.018803
3 0.746085 0.332768 0.348442 0.018767
3 0.587616 0.353442 0.031779 0.017615
0 0.734693 0.290226 0.407632 0.151478
1 0.575759 0.382774 0.083454 0.019053
2 0.657425 0.383071 0.066787 0.018992
3 0.817419 0.384278 0.231777 0.018343
3 0.745616 0.405267 0.348442 0.018767
3 0.750478 0.426535 0.358442 0.018803
3 0.745341 0.447767 0.348442 0.018767
3 0.658121 0.468700 0.174278 0.018133
0 0.733812 0.426475 0.407357 0.108978
1 0.564566 0.502735 0.062621 0.018977
2 0.632066 0.502981 0.059287 0.018965
3 0.743727 0.504012 0.142612 0.018018
0 0.733310 0.503974 0.406807 0.023979
1 0.553932 0.536447 0.041787 0.018901
2 0.622681 0.536697 0.082620 0.019050
3 0.801425 0.537972 0.253444 0.018421
3 0.594206 0.558468 0.047613 0.017673
0 0.733023 0.548348 0.406945 0.045229
1 0.574413 0.590897 0.083454 0.019053
2 0.655662 0.591192 0.065954 0.018989
3 0.802323 0.592351 0.205944 0.018249
0 0.732740 0.592098 0.406807 0.023979
1 0.574187 0.625896 0.083454 0.019053
2 0.660852 0.626212 0.076787 0.019029
3 0.820846 0.627419 0.221777 0.018306
3 0.656961 0.648073 0.174278 0.018133
0 0.732445 0.637722 0.406945 0.045229
1 0.573863 0.675896 0.083454 0.019053
2 0.659696 0.676208 0.075120 0.019023
0 0.732191 0.677097 0.406807 0.023979
1 0.563236 0.708358 0.062621 0.018977
2 0.627819 0.708592 0.053454 0.018944
3 0.791980 0.709815 0.253444 0.018421
3 0.616844 0.730428 0.095112 0.017845
0 0.731912 0.720221 0.406945 0.045229
1 0.573322 0.759645 0.083454 0.019053
2 0.664154 0.759975 0.085120 0.019059
3 0.820398 0.761169 0.205944 0.018249
3 0.743178 0.782138 0.348442 0.018767
3 0.743041 0.803388 0.348442 0.018767
3 0.742903 0.824638 0.348442 0.018767
3 0.663600 0.845599 0.190111 0.018191
0 0.731374 0.803345 0.407357 0.108978
1 0.551708 0.880193 0.041787 0.018901
2 0.617957 0.880434 0.077620 0.019032
0 0.730869 0.881469 0.406807 0.023979
