1 0.090527 0.088453 0.062829 0.019376
2 0.159688 0.087758 0.062829 0.019376
3 0.328434 0.086687 0.253623 0.020044
3 0.271319 0.108513 0.348615 0.020999
3 0.216287 0.130318 0.237791 0.019885
0 0.259653 0.108630 0.407791 0.069081
1 0.102261 0.162092 0.083661 0.019586
2 0.188086 0.161229 0.075328 0.019502
0 0.260591 0.161126 0.407032 0.026585
1 0.092448 0.195943 0.062829 0.019376
2 0.173691 0.195127 0.086994 0.019619
3 0.338687 0.194094 0.221959 0.019726
3 0.273239 0.216003 0.348615 0.020999
3 0.273619 0.237251 0.348615 0.020999
3 0.273998 0.258500 0.348615 0.020999
3 0.274378 0.279748 0.348615 0.020999
3 0.179766 0.301950 0.158632 0.019090
0 0.262143 0.247993 0.408930 0.132825
1 0.084478 0.332911 0.041998 0.019167
2 0.139889 0.332354 0.056163 0.019309
3 0.321134 0.331157 0.285287 0.020363
3 0.117365 0.354457 0.031976 0.017817
0 0.263829 0.342359 0.407412 0.047833
1 0.085482 0.389156 0.041998 0.019167
2 0.147977 0.388528 0.070329 0.019452
3 0.309640 0.387528 0.231959 0.019827
0 0.264644 0.387980 0.407032 0.026585
1 0.106839 0.418319 0.083661 0.019586
2 0.191831 0.417465 0.073662 0.019485
0 0.265169 0.417353 0.407032 0.026585
1 0.096948 0.447796 0.062829 0.019376
2 0.173191 0.447029 0.076995 0.019519
3 0.341104 0.445967 0.237791 0.019885
3 0.282739 0.467805 0.358614 0.021099
3 0.278119 0.489104 0.348615 0.020999
3 0.278498 0.510352 0.348615 0.020999
3 0.278878 0.531600 0.348615 0.020999
3 0.184266 0.553803 0.158632 0.019090
0 0.266643 0.499845 0.408930 0.132825
1 0.109876 0.588303 0.083661 0.019586
2 0.205284 0.587345 0.094493 0.019695
3 0.358198 0.586433 0.190296 0.019408
3 0.201092 0.609264 0.190296 0.019408
0 0.268396 0.597961 0.407412 0.047833
1 0.100376 0.639654 0.062829 0.019376
2 0.175786 0.638896 0.075328 0.019502
3 0.342865 0.637841 0.237791 0.019885
3 0.130764 0.661225 0.047808 0.017976
0 0.269312 0.649207 0.407412 0.047833
1 0.090831 0.688504 0.041998 0.019167
2 0.157075 0.687838 0.077828 0.019527
3 0.338320 0.686642 0.263622 0.020145
3 0.115803 0.710130 0.016145 0.017658
0 0.270183 0.697952 0.407412 0.047833
1 0.112679 0.745164 0.083661 0.019586
2 0.189338 0.744394 0.056997 0.019318
3 0.347252 0.743432 0.237791 0.019885
3 0.283054 0.765329 0.348615 0.020999
3 0.283434 0.786577 0.348615 0.020999
3 0.283813 0.807825 0.348615 0.020999
3 0.181286 0.830108 0.142800 0.018930
0 0.271768 0.786694 0.408551 0.111577
1 0.093857 0.857864 0.041998 0.019167
2 0.150519 0.857294 0.058663 0.019335
3 0.325097 0.856165 0.269455 0.020203
3 0.253400 0.878137 0.285287 0.020363
0 0.273209 0.867312 0.407412 0.047833
1 0.546736 0.083868 0.041998 0.019167
2 0.610064 0.083232 0.071995 0.019469
3 0.791309 0.082035 0.269455 0.020203
3 0.655867 0.104648 0.184463 0.019349
0 0.726088 0.093316 0.407412 0.047833
1 0.568428 0.131779 0.083661 0.019586
2 0.649670 0.130963 0.066162 0.019410
3 0.804251 0.130034 0.221959 0.019726
3 0.738803 0.151944 0.348615 0.020999
3 0.739183 0.173192 0.348615 0.020999
3 0.744562 0.194390 0.358614 0.021099
3 0.739942 0.215688 0.348615 0.020999
3 0.613666 0.238209 0.095304 0.018453
0 0.727707 0.183933 0.408930 0.132825
1 0.560491 0.270622 0.062829 0.019376
2 0.635901 0.269864 0.075328 0.019502
3 0.800064 0.268839 0.231959 0.019827
3 0.701702 0.291079 0.269455 0.020203
0 0.729427 0.280175 0.407412 0.047833
1 0.571822 0.321762 0.083661 0.019586
2 0.663064 0.320845 0.086161 0.019611
3 0.819728 0.319896 0.206128 0.019567
3 0.742198 0.341927 0.348615 0.020999
3 0.742577 0.363175 0.348615 0.020999
3 0.632134 0.385537 0.126968 0.018771
0 0.730722 0.352668 0.408171 0.090329
1 0.573441 0.412379 0.083661 0.019586
2 0.650934 0.411600 0.058663 0.019335
3 0.809681 0.410630 0.237791 0.019885
3 0.743817 0.432544 0.348615 0.020999
3 0.744196 0.453792 0.348615 0.020999
3 0.749576 0.474990 0.358614 0.021099
3 0.744956 0.496288 0.348615 0.020999
3 0.682008 0.518173 0.221959 0.019726
0 0.732721 0.464533 0.408930 0.132825
1 0.565426 0.546847 0.062829 0.019376
2 0.636670 0.546131 0.066996 0.019418
3 0.767919 0.545437 0.174464 0.019249
0 0.734172 0.545776 0.407032 0.026585
1 0.565895 0.573094 0.062829 0.019376
2 0.635889 0.572391 0.064496 0.019393
3 0.805468 0.571312 0.253623 0.020044
3 0.746686 0.593154 0.348615 0.020999
3 0.747066 0.614402 0.348615 0.020999
3 0.747446 0.635650 0.348615 0.020999
3 0.589506 0.658490 0.031976 0.017817
0 0.735400 0.614520 0.408551 0.111577
1 0.557523 0.687564 0.041998 0.019167
2 0.622517 0.686911 0.075328 0.019502
0 0.736685 0.686388 0.407032 0.026585
1 0.578823 0.713602 0.083661 0.019586
2 0.665065 0.712735 0.076162 0.019510
3 0.824646 0.711757 0.221959 0.019726
3 0.598796 0.735278 0.047808 0.017976
0 0.737343 0.723260 0.407412 0.047833
1 0.558863 0.762557 0.041998 0.019167
2 0.613858 0.762004 0.055330 0.019301
3 0.707611 0.761687 0.111136 0.018612
0 0.738024 0.761381 0.407032 0.026585
1 0.569814 0.792450 0.062829 0.019376
2 0.654390 0.791600 0.093660 0.019686
3 0.824803 0.790512 0.226126 0.019768
3 0.755605 0.812459 0.358614 0.021099
3 0.750985 0.833758 0.348615 0.020999
3 0.751365 0.855006 0.348615 0.020999
3 0.751745 0.876254 0.348615 0.020999
3 0.704629 0.897979 0.253623 0.020044
0 0.739510 0.844499 0.408930 0.132825
