1 0.199583 0.085938 0.117500 0.021875
0 0.266667 0.085938 0.400000 0.021875
1 0.220417 0.114062 0.112500 0.021875
0 0.266667 0.114062 0.400000 0.021875
1 0.155417 0.142187 0.075833 0.021875
0 0.266667 0.142187 0.400000 0.021875
1 0.219583 0.174063 0.110833 0.021875
0 0.266667 0.183438 0.400000 0.040625
1 0.183333 0.224688 0.085000 0.021875
0 0.266667 0.224688 0.400000 0.021875
1 0.176250 0.252812 0.070833 0.021875
0 0.266667 0.299687 0.400000 0.115625
1 0.209167 0.377188 0.090000 0.021875
0 0.266667 0.424063 0.400000 0.115625
1 0.174167 0.500938 0.066667 0.021875
0 0.266667 0.500938 0.400000 0.021875
1 0.207917 0.533438 0.087500 0.021875
0 0.266667 0.552188 0.400000 0.059375
1 0.186250 0.602187 0.090833 0.021875
0 0.266667 0.602187 0.400000 0.021875
1 0.168333 0.630938 0.101667 0.021875
0 0.266667 0.640312 0.400000 0.040625
1 0.148333 0.678438 0.061667 0.021875
0 0.266667 0.715938 0.400000 0.096875
1 0.204167 0.782813 0.080000 0.021875
0 0.266667 0.810937 0.400000 0.078125
1 0.172917 0.867188 0.110833 0.021875
0 0.266667 0.867188 0.400000 0.021875
1 0.229167 0.900312 0.130000 0.021875
0 0.266667 0.900312 0.400000 0.021875
1 0.655417 0.085938 0.095833 0.021875
0 0.733333 0.095312 0.400000 0.040625
1 0.695833 0.137813 0.130000 0.021875
0 0.733333 0.147187 0.400000 0.040625
1 0.646250 0.184688 0.077500 0.021875
0 0.733333 0.184688 0.400000 0.021875
1 0.669167 0.217188 0.076667 0.021875
0 0.733333 0.264062 0.400000 0.115625
1 0.650833 0.340938 0.086667 0.021875
0 0.733333 0.350313 0.400000 0.040625
1 0.663333 0.392813 0.111667 0.021875
0 0.733333 0.402187 0.400000 0.040625
1 0.643333 0.440312 0.118333 0.021875
0 0.733333 0.449688 0.400000 0.040625
1 0.622500 0.491563 0.076667 0.021875
0 0.733333 0.519687 0.400000 0.078125
1 0.692500 0.575937 0.123333 0.021875
0 0.733333 0.585313 0.400000 0.040625
1 0.684583 0.625938 0.107500 0.021875
0 0.733333 0.672813 0.400000 0.115625
1 0.667083 0.750313 0.072500 0.021875
0 0.733333 0.787813 0.400000 0.096875
1 0.666250 0.856563 0.117500 0.021875
0 0.733333 0.856563 0.400000 0.021875
1 0.616667 0.889062 0.065000 0.021875
0 0.733333 0.917188 0.400000 0.078125
