1 0.086603 0.084877 0.041707 0.018801
2 0.144103 0.084807 0.060040 0.018823
3 0.319520 0.085219 0.269204 0.017827
3 0.150817 0.106674 0.095038 0.017615
0 0.265793 0.095909 0.406761 0.044244
1 0.086726 0.141752 0.041707 0.018801
2 0.135892 0.141692 0.043374 0.018803
0 0.265893 0.142159 0.406715 0.022994
1 0.097210 0.172989 0.062540 0.018826
2 0.159293 0.172914 0.048374 0.018809
3 0.325961 0.173336 0.263371 0.017820
3 0.277673 0.194645 0.348371 0.017923
3 0.282719 0.215889 0.358371 0.017935
3 0.277765 0.237145 0.348371 0.017923
3 0.206561 0.258481 0.205871 0.017750
0 0.266053 0.215909 0.406898 0.107994
1 0.107869 0.285476 0.083374 0.018851
2 0.191619 0.285374 0.070874 0.018836
3 0.348704 0.285809 0.221704 0.017769
3 0.175000 0.307270 0.142538 0.017673
0 0.266227 0.296534 0.406761 0.044244
1 0.097566 0.337989 0.062540 0.018826
2 0.168816 0.337902 0.066707 0.018831
3 0.339651 0.338320 0.253371 0.017808
3 0.278030 0.359645 0.348371 0.017923
3 0.283076 0.380888 0.358371 0.017935
3 0.230622 0.402202 0.253371 0.017808
0 0.266386 0.370284 0.406852 0.086744
1 0.097763 0.429239 0.062540 0.018826
2 0.171097 0.429150 0.070874 0.018836
3 0.336098 0.429574 0.237537 0.017789
3 0.278227 0.450894 0.348371 0.017923
3 0.283273 0.472138 0.358371 0.017935
3 0.267485 0.493408 0.326704 0.017897
0 0.266583 0.461534 0.406852 0.086744
1 0.097970 0.524864 0.062540 0.018826
2 0.183386 0.524760 0.095040 0.018865
3 0.312971 0.525227 0.142538 0.017673
0 0.266721 0.525283 0.406715 0.022994
1 0.098032 0.553613 0.062540 0.018826
2 0.187198 0.553505 0.102540 0.018875
3 0.352200 0.553930 0.205871 0.017750
3 0.191412 0.575375 0.174204 0.017712
0 0.266806 0.564658 0.406761 0.044244
1 0.098148 0.607363 0.062540 0.018826
2 0.167731 0.607279 0.063374 0.018827
3 0.333982 0.607702 0.247537 0.017801
3 0.144029 0.629183 0.079204 0.017596
0 0.266922 0.618408 0.406761 0.044244
1 0.087835 0.655501 0.041707 0.018801
2 0.150752 0.655425 0.070874 0.018836
3 0.331586 0.655830 0.269204 0.017827
3 0.223299 0.677211 0.237537 0.017789
0 0.267026 0.666533 0.406761 0.044244
1 0.087953 0.709876 0.041707 0.018801
2 0.143786 0.709808 0.056707 0.018819
3 0.317537 0.710222 0.269204 0.017827
3 0.239250 0.731567 0.269204 0.017827
0 0.267144 0.720908 0.406761 0.044244
1 0.098483 0.762363 0.062540 0.018826
2 0.167649 0.762279 0.062540 0.018826
3 0.336401 0.762699 0.253371 0.017808
3 0.278947 0.784019 0.348371 0.017923
3 0.278992 0.805269 0.348371 0.017923
3 0.279038 0.826519 0.348371 0.017923
3 0.279084 0.847769 0.348371 0.017923
3 0.144547 0.869182 0.079204 0.017596
0 0.267349 0.815908 0.406944 0.129244
1 0.553269 0.084310 0.041707 0.018801
2 0.605352 0.084246 0.049207 0.018810
3 0.783270 0.084655 0.285037 0.017846
3 0.744149 0.105953 0.348371 0.017923
3 0.744195 0.127203 0.348371 0.017923
3 0.744241 0.148453 0.348371 0.017923
3 0.749287 0.169697 0.358371 0.017935
3 0.749333 0.190947 0.358371 0.017935
3 0.641462 0.212328 0.142538 0.017673
0 0.732574 0.148467 0.406990 0.150494
1 0.564027 0.242422 0.062540 0.018826
2 0.629027 0.242343 0.054207 0.018816
3 0.793611 0.242768 0.253371 0.017808
3 0.744491 0.264078 0.348371 0.017923
3 0.749537 0.285322 0.358371 0.017935
3 0.744583 0.306578 0.348371 0.017923
3 0.697128 0.327885 0.253371 0.017808
0 0.732870 0.285342 0.406898 0.107994
1 0.564288 0.363047 0.062540 0.018826
2 0.643454 0.362951 0.082540 0.018850
3 0.814289 0.363368 0.237537 0.017789
3 0.746835 0.384700 0.352537 0.017928
3 0.744797 0.405952 0.348371 0.017923
3 0.744843 0.427202 0.348371 0.017923
3 0.744889 0.448452 0.348371 0.017923
3 0.618268 0.469856 0.095038 0.017615
0 0.733153 0.416592 0.406944 0.129244
1 0.575004 0.501784 0.083374 0.018851
2 0.665004 0.501675 0.083374 0.018851
3 0.820422 0.502111 0.205871 0.017750
3 0.602551 0.523625 0.063371 0.017577
0 0.733361 0.512841 0.406761 0.044244
1 0.564705 0.556171 0.062540 0.018826
2 0.627621 0.556095 0.050040 0.018811
0 0.733456 0.556591 0.406715 0.022994
1 0.554345 0.582434 0.041707 0.018801
2 0.617678 0.582357 0.071707 0.018837
3 0.798929 0.582762 0.269204 0.017827
3 0.745225 0.604077 0.348371 0.017923
3 0.745271 0.625327 0.348371 0.017923
3 0.745317 0.646577 0.348371 0.017923
3 0.745363 0.667827 0.348371 0.017923
3 0.745409 0.689077 0.348371 0.017923
3 0.745455 0.710327 0.348371 0.017923
3 0.745501 0.731577 0.348371 0.017923
3 0.618880 0.752981 0.095038 0.017615
0 0.733696 0.667841 0.407082 0.192994
1 0.565206 0.788046 0.062540 0.018826
2 0.633539 0.787963 0.060874 0.018824
3 0.801457 0.788384 0.253371 0.017808
3 0.745669 0.809702 0.348371 0.017923
3 0.750715 0.830946 0.358371 0.017935
3 0.745761 0.852202 0.348371 0.017923
3 0.745807 0.873452 0.348371 0.017923
3 0.714186 0.894740 0.285037 0.017846
0 0.734072 0.841591 0.406944 0.129244
