3 0.507180 0.039505 0.985640 0.042840
0 0.111217 0.077317 0.063077 0.019860
1 0.193694 0.078789 0.089736 0.020336
2 0.359877 0.082381 0.222159 0.021451
2 0.290889 0.102405 0.348790 0.023712
2 0.290215 0.123649 0.348790 0.023712
2 0.289541 0.144893 0.348790 0.023712
2 0.233465 0.165148 0.237988 0.021734
0 0.097135 0.192723 0.042250 0.019488
1 0.156285 0.193779 0.063910 0.019875
2 0.333298 0.197564 0.269646 0.022299
2 0.255563 0.217433 0.285475 0.022581
0 0.116356 0.243706 0.083905 0.020232
1 0.193001 0.245074 0.057246 0.019756
0 0.094676 0.270201 0.042250 0.019488
1 0.167156 0.271495 0.090569 0.020351
2 0.341670 0.275236 0.237988 0.021734
2 0.118559 0.292509 0.016384 0.017778
0 0.103523 0.319748 0.063077 0.019860
1 0.182668 0.321161 0.083072 0.020217
2 0.350517 0.324783 0.232156 0.021630
2 0.283195 0.344837 0.348790 0.023712
2 0.140061 0.363538 0.063871 0.018625
0 0.101104 0.395976 0.063077 0.019860
1 0.178999 0.397367 0.080572 0.020172
2 0.293113 0.400029 0.127186 0.019756
0 0.100053 0.429092 0.063077 0.019860
1 0.163785 0.430230 0.052247 0.019667
2 0.327052 0.433770 0.253817 0.022016
2 0.145179 0.451779 0.079699 0.018908
0 0.108682 0.485512 0.083905 0.020232
1 0.177413 0.486739 0.041417 0.019473
2 0.335265 0.490182 0.253817 0.022016
2 0.280023 0.510452 0.352955 0.023786
2 0.118977 0.528833 0.032213 0.018060
0 0.106243 0.562365 0.083905 0.020232
1 0.194551 0.563942 0.080572 0.020172
0 0.084365 0.595109 0.042250 0.019488
1 0.147680 0.596239 0.072241 0.020024
2 0.328859 0.600099 0.269646 0.022299
2 0.258621 0.620101 0.317132 0.023147
0 0.103467 0.649841 0.083905 0.020232
1 0.179279 0.651194 0.055579 0.019726
2 0.280897 0.653633 0.127186 0.019756
0 0.092082 0.680271 0.063077 0.019860
1 0.153731 0.681372 0.048081 0.019592
0 0.091209 0.707763 0.063077 0.019860
1 0.164938 0.709079 0.072241 0.020024
2 0.335287 0.712746 0.247985 0.021912
2 0.191736 0.731439 0.190501 0.020886
0 0.089523 0.760873 0.063077 0.019860
1 0.168251 0.762279 0.082238 0.020202
2 0.338600 0.765945 0.237988 0.021734
2 0.269195 0.785962 0.348790 0.023712
2 0.268521 0.807206 0.348790 0.023712
2 0.272845 0.828539 0.358787 0.023890
2 0.267172 0.849694 0.348790 0.023712
2 0.266498 0.870938 0.348790 0.023712
2 0.162936 0.890345 0.143015 0.020038
0 0.577752 0.085645 0.063077 0.019860
1 0.642317 0.086798 0.053913 0.019697
2 0.806417 0.090353 0.253817 0.022016
2 0.709937 0.109886 0.253817 0.022016
0 0.575947 0.142504 0.063077 0.019860
1 0.652176 0.143865 0.077240 0.020113
2 0.820025 0.147487 0.237988 0.021734
2 0.755619 0.167593 0.348790 0.023712
2 0.754945 0.188837 0.348790 0.023712
2 0.759269 0.210170 0.358787 0.023890
2 0.753596 0.231325 0.348790 0.023712
2 0.752922 0.252569 0.348790 0.023712
2 0.752248 0.273813 0.348790 0.023712
2 0.751574 0.295057 0.348790 0.023712
0 0.559823 0.322267 0.042250 0.019488
1 0.616057 0.323271 0.058079 0.019771
2 0.790154 0.327004 0.269646 0.022299
0 0.558831 0.353508 0.042250 0.019488
1 0.608817 0.354401 0.045582 0.019548
2 0.697522 0.356610 0.111357 0.019473
0 0.557701 0.389123 0.042250 0.019488
1 0.606021 0.389986 0.042250 0.019488
0 0.556670 0.421614 0.042250 0.019488
1 0.627900 0.422886 0.088070 0.020306
2 0.809078 0.426745 0.253817 0.022016
2 0.746755 0.446889 0.348790 0.023712
2 0.746081 0.468133 0.348790 0.023712
2 0.745407 0.489377 0.348790 0.023712
2 0.744732 0.510621 0.348790 0.023712
2 0.585770 0.529039 0.032213 0.018060
0 0.573055 0.561946 0.083905 0.020232
1 0.650533 0.563329 0.058912 0.019786
2 0.809219 0.566788 0.237988 0.021734
2 0.663169 0.585436 0.190501 0.020886
0 0.550463 0.617184 0.042250 0.019488
1 0.622942 0.618478 0.090569 0.020351
0 0.570299 0.648797 0.083905 0.020232
1 0.648610 0.650195 0.060578 0.019816
2 0.808128 0.653668 0.237988 0.021734
2 0.589183 0.671015 0.048042 0.018343
0 0.547806 0.700910 0.042250 0.019488
1 0.603207 0.701899 0.056412 0.019741
2 0.781470 0.705707 0.279643 0.022477
2 0.737891 0.726185 0.348790 0.023712
2 0.737217 0.747429 0.348790 0.023712
2 0.641569 0.766977 0.158844 0.020321
0 0.544911 0.792134 0.042250 0.019488
1 0.607809 0.793257 0.071408 0.020009
2 0.764828 0.796685 0.222159 0.021451
0 0.554253 0.826061 0.063077 0.019860
1 0.612154 0.827094 0.040584 0.019459
2 0.777504 0.830671 0.269646 0.022299
2 0.615209 0.849030 0.111357 0.019473
0 0.563120 0.874983 0.083905 0.020232
1 0.657677 0.876671 0.093069 0.020396
2 0.817612 0.880151 0.206330 0.021169
2 0.613662 0.897766 0.111357 0.019473
