3 0.496176 0.037537 0.992353 0.034507
0 0.080507 0.088331 0.041980 0.019145
1 0.139669 0.087768 0.063645 0.019351
2 0.300917 0.086860 0.237777 0.019757
0 0.091462 0.120104 0.062812 0.019343
1 0.160623 0.119447 0.062812 0.019343
2 0.305622 0.118693 0.206113 0.019456
0 0.081595 0.152701 0.041980 0.019145
1 0.146590 0.152083 0.075311 0.019462
2 0.321587 0.151043 0.253609 0.019908
2 0.272783 0.172759 0.348601 0.020811
2 0.273142 0.194008 0.348601 0.020811
2 0.273502 0.215256 0.348601 0.020811
2 0.234281 0.236881 0.269441 0.020058
0 0.093945 0.266967 0.062812 0.019343
1 0.175188 0.266195 0.086977 0.019573
2 0.340185 0.265251 0.221945 0.019606
0 0.104942 0.301241 0.083644 0.019541
1 0.188268 0.300448 0.070311 0.019414
2 0.313269 0.299885 0.158616 0.019004
0 0.095096 0.335087 0.062812 0.019343
1 0.162591 0.334445 0.059479 0.019311
2 0.329671 0.333481 0.253609 0.019908
2 0.228372 0.355696 0.253609 0.019908
0 0.085579 0.388307 0.041980 0.019145
1 0.152240 0.387673 0.078644 0.019493
2 0.328903 0.386618 0.253609 0.019908
2 0.197606 0.409118 0.190281 0.019305
0 0.086519 0.443927 0.041980 0.019145
1 0.142764 0.443392 0.057812 0.019295
2 0.316928 0.442361 0.269441 0.020058
2 0.111470 0.465567 0.016128 0.017649
0 0.108270 0.498100 0.083644 0.019541
1 0.198679 0.497240 0.084477 0.019549
0 0.098329 0.526322 0.062812 0.019343
1 0.178323 0.525561 0.084477 0.019549
2 0.342070 0.524629 0.221945 0.019606
2 0.279101 0.546479 0.348601 0.020811
2 0.279461 0.567728 0.348601 0.020811
2 0.279820 0.588976 0.348601 0.020811
2 0.280179 0.610224 0.348601 0.020811
2 0.280538 0.631472 0.348601 0.020811
2 0.114661 0.654302 0.016128 0.017649
0 0.111344 0.679960 0.083644 0.019541
1 0.183838 0.679271 0.048646 0.019208
2 0.337587 0.678434 0.237777 0.019757
2 0.188791 0.701100 0.162783 0.019044
0 0.112179 0.729331 0.083644 0.019541
1 0.188006 0.728610 0.055313 0.019271
2 0.345087 0.727741 0.237777 0.019757
2 0.187543 0.750491 0.158616 0.019004
0 0.092203 0.780150 0.041980 0.019145
1 0.147615 0.779623 0.056146 0.019279
2 0.305113 0.778751 0.237777 0.019757
0 0.092731 0.811398 0.041980 0.019145
1 0.162726 0.810732 0.085310 0.019557
2 0.287310 0.810172 0.142784 0.018854
0 0.093217 0.840145 0.041980 0.019145
1 0.166545 0.839448 0.091976 0.019620
2 0.341958 0.838405 0.237777 0.019757
2 0.134001 0.861634 0.047792 0.017950
0 0.104552 0.894417 0.062812 0.019343
1 0.179130 0.893708 0.073644 0.019446
2 0.321629 0.892978 0.190281 0.019305
0 0.557552 0.083794 0.062812 0.019343
1 0.622130 0.083180 0.053646 0.019256
2 0.786294 0.082244 0.253609 0.019908
2 0.651248 0.104780 0.174448 0.019155
0 0.558366 0.131915 0.062812 0.019343
1 0.621277 0.131317 0.050313 0.019224
2 0.791691 0.130322 0.269441 0.020058
2 0.739138 0.152073 0.348601 0.020811
2 0.744496 0.173274 0.358600 0.020906
2 0.676528 0.195172 0.221945 0.019606
0 0.549556 0.227007 0.041980 0.019145
1 0.609968 0.226432 0.066145 0.019374
2 0.788297 0.225362 0.269441 0.020058
2 0.598255 0.248420 0.063624 0.018101
0 0.560933 0.283778 0.062812 0.019343
1 0.619262 0.283224 0.041147 0.019137
2 0.785092 0.282272 0.269441 0.020058
2 0.741705 0.303936 0.348601 0.020811
2 0.742064 0.325184 0.348601 0.020811
2 0.747423 0.346385 0.358600 0.020906
2 0.742783 0.367681 0.348601 0.020811
2 0.576905 0.390510 0.016128 0.017649
0 0.563247 0.420642 0.062812 0.019343
1 0.634908 0.419961 0.067812 0.019390
2 0.798239 0.419033 0.237777 0.019757
2 0.744019 0.440800 0.348601 0.020811
2 0.744378 0.462048 0.348601 0.020811
2 0.744737 0.483296 0.348601 0.020811
2 0.745097 0.504545 0.348601 0.020811
2 0.705876 0.526169 0.269441 0.020058
0 0.555145 0.557605 0.041980 0.019145
1 0.607224 0.557110 0.049480 0.019216
2 0.782221 0.556071 0.279440 0.020153
2 0.746333 0.577664 0.348601 0.020811
2 0.746692 0.598912 0.348601 0.020811
2 0.752051 0.620113 0.358600 0.020906
2 0.604922 0.642764 0.063624 0.018101
0 0.567536 0.674372 0.062812 0.019343
1 0.633781 0.673742 0.056979 0.019287
0 0.568075 0.706244 0.062812 0.019343
1 0.636820 0.705591 0.061979 0.019335
2 0.805150 0.704615 0.253609 0.019908
2 0.606359 0.727757 0.063624 0.018101
0 0.568942 0.757490 0.062812 0.019343
1 0.637269 0.756840 0.061145 0.019327
2 0.754771 0.756348 0.152784 0.018949
0 0.569449 0.787488 0.062812 0.019343
1 0.629861 0.786913 0.045313 0.019176
2 0.799858 0.785922 0.273607 0.020098
2 0.750221 0.807645 0.348601 0.020811
2 0.750580 0.828894 0.348601 0.020811
2 0.750939 0.850142 0.348601 0.020811
2 0.751298 0.871390 0.348601 0.020811
2 0.751658 0.892639 0.348601 0.020811
