1 0.108486 0.078737 0.062962 0.019635
2 0.173891 0.079667 0.055464 0.019528
3 0.338846 0.082636 0.253730 0.021096
3 0.145844 0.101147 0.063764 0.018397
0 0.276922 0.092383 0.407699 0.049520
1 0.107065 0.134977 0.062962 0.019635
2 0.176220 0.135960 0.062962 0.019635
0 0.275769 0.137999 0.407162 0.028273
1 0.116580 0.170744 0.083792 0.019931
2 0.211980 0.172099 0.094623 0.020084
0 0.274870 0.173618 0.407162 0.028273
1 0.094930 0.202942 0.042133 0.019339
2 0.164084 0.203925 0.083792 0.019931
0 0.274049 0.206112 0.407162 0.028273
1 0.104650 0.230585 0.062962 0.019635
2 0.184636 0.231722 0.084625 0.019942
3 0.308765 0.234110 0.142916 0.019521
0 0.273354 0.233607 0.407162 0.028273
1 0.103750 0.266204 0.062962 0.019635
2 0.183320 0.267334 0.083792 0.019931
3 0.346608 0.270280 0.222069 0.020646
3 0.236091 0.289963 0.253730 0.021096
0 0.272186 0.279849 0.407699 0.049520
1 0.112808 0.320092 0.083792 0.019931
2 0.199875 0.321329 0.077960 0.019848
0 0.271097 0.322966 0.407162 0.028273
1 0.112145 0.346337 0.083792 0.019931
2 0.193380 0.347492 0.066295 0.019682
0 0.270434 0.349212 0.407162 0.028273
1 0.096342 0.377993 0.053797 0.019504
2 0.166746 0.378994 0.074627 0.019800
3 0.341283 0.382099 0.253730 0.021096
3 0.280757 0.402493 0.348713 0.022446
3 0.280220 0.423739 0.348713 0.022446
3 0.279683 0.444985 0.348713 0.022446
3 0.176248 0.464769 0.142916 0.019521
0 0.268555 0.423573 0.409309 0.113258
1 0.087511 0.496639 0.042133 0.019339
2 0.150000 0.497527 0.070461 0.019741
3 0.330368 0.500715 0.269560 0.021321
3 0.277757 0.521221 0.348713 0.022446
3 0.277221 0.542468 0.348713 0.022446
3 0.260854 0.563489 0.317052 0.021996
0 0.265825 0.531679 0.408772 0.092012
1 0.106020 0.588794 0.083792 0.019931
2 0.177257 0.589806 0.046299 0.019398
3 0.337629 0.592710 0.253730 0.021096
3 0.275437 0.613080 0.348713 0.022446
3 0.274900 0.634326 0.348713 0.022446
3 0.274364 0.655572 0.348713 0.022446
3 0.273827 0.676819 0.348713 0.022446
3 0.114985 0.695815 0.032103 0.017947
0 0.262967 0.644783 0.409846 0.134504
1 0.092227 0.722372 0.062962 0.019635
2 0.174296 0.723538 0.088791 0.020002
3 0.340084 0.726519 0.222069 0.020646
3 0.272059 0.746806 0.348713 0.022446
3 0.276521 0.768123 0.358711 0.022588
3 0.275985 0.789369 0.358711 0.022588
3 0.175466 0.809195 0.158747 0.019746
0 0.259858 0.767886 0.409309 0.113258
1 0.078766 0.842827 0.042133 0.019339
2 0.145420 0.843774 0.078793 0.019860
3 0.282463 0.846347 0.174577 0.019971
0 0.257884 0.845997 0.407162 0.028273
1 0.098853 0.872493 0.083792 0.019931
2 0.189670 0.873783 0.085458 0.019954
0 0.257143 0.875367 0.407162 0.028273
1 0.564654 0.085219 0.042133 0.019339
2 0.634225 0.086208 0.084625 0.019942
3 0.813760 0.089384 0.253730 0.021096
3 0.759900 0.109872 0.358711 0.022588
3 0.754364 0.131048 0.348713 0.022446
3 0.753827 0.152294 0.348713 0.022446
3 0.753291 0.173540 0.348713 0.022446
3 0.649856 0.193324 0.142916 0.019521
0 0.742431 0.141505 0.409846 0.134504
1 0.581901 0.227365 0.083792 0.019931
2 0.667719 0.228584 0.075460 0.019812
3 0.826841 0.231470 0.222069 0.020646
3 0.751318 0.251651 0.348713 0.022446
3 0.750781 0.272897 0.348713 0.022446
3 0.663176 0.292906 0.174577 0.019971
0 0.739385 0.262108 0.408772 0.092012
1 0.579533 0.321098 0.083792 0.019931
2 0.645771 0.322039 0.036300 0.019256
3 0.801144 0.324872 0.253730 0.021096
3 0.643135 0.343880 0.137084 0.019438
0 0.737554 0.334595 0.407699 0.049520
1 0.557330 0.375167 0.042133 0.019339
2 0.606904 0.375872 0.044632 0.019374
0 0.736449 0.378337 0.407162 0.028273
1 0.556509 0.407661 0.042133 0.019339
2 0.616082 0.408508 0.064629 0.019658
3 0.746043 0.410980 0.174577 0.019971
0 0.735628 0.410832 0.407162 0.028273
1 0.555672 0.440780 0.042133 0.019339
2 0.616911 0.441650 0.067961 0.019706
3 0.796030 0.444821 0.269560 0.021321
3 0.745919 0.465363 0.348713 0.022446
3 0.745382 0.486609 0.348713 0.022446
3 0.749845 0.507926 0.358711 0.022588
3 0.744309 0.529101 0.348713 0.022446
3 0.609213 0.548435 0.079594 0.018622
0 0.733449 0.497066 0.409846 0.134504
1 0.573061 0.577302 0.083792 0.019931
2 0.645548 0.578332 0.048798 0.019433
3 0.799254 0.581141 0.237899 0.020871
3 0.631664 0.600013 0.127086 0.019296
0 0.731082 0.590799 0.407699 0.049520
1 0.571672 0.632292 0.083792 0.019931
2 0.647491 0.633369 0.055464 0.019528
3 0.804531 0.636226 0.237899 0.020871
3 0.741089 0.656578 0.348713 0.022446
3 0.740552 0.677824 0.348713 0.022446
3 0.740015 0.699071 0.348713 0.022446
3 0.739478 0.720317 0.348713 0.022446
3 0.572722 0.739201 0.016272 0.017722
0 0.728619 0.688282 0.409846 0.134504
1 0.557768 0.770244 0.062962 0.019635
2 0.633171 0.771316 0.075460 0.019812
3 0.800209 0.774314 0.237899 0.020871
3 0.634702 0.793216 0.142916 0.019521
0 0.726204 0.783890 0.407699 0.049520
1 0.546075 0.820712 0.042133 0.019339
2 0.607730 0.821588 0.068795 0.019717
3 0.787266 0.824764 0.269560 0.021321
3 0.736321 0.845294 0.348713 0.022446
3 0.740784 0.866612 0.358711 0.022588
3 0.740247 0.887858 0.358711 0.022588
3 0.736794 0.909063 0.352879 0.022505
3 0.583785 0.928142 0.047933 0.018172
0 0.723852 0.876998 0.409846 0.134504
