1 0.101592 0.076713 0.042283 0.019531
2 0.161156 0.077839 0.064776 0.019956
3 0.338579 0.081817 0.269669 0.022580
3 0.296628 0.102281 0.358807 0.024265
3 0.290916 0.123430 0.348811 0.024076
3 0.290202 0.144673 0.348811 0.024076
3 0.289489 0.165916 0.348811 0.024076
3 0.209633 0.185664 0.190528 0.021084
0 0.278896 0.133831 0.410862 0.136393
1 0.096910 0.216044 0.042283 0.019531
2 0.153559 0.217114 0.058945 0.019846
3 0.328066 0.221038 0.269669 0.022580
3 0.260290 0.241014 0.295494 0.023068
0 0.275642 0.230675 0.408007 0.051420
1 0.105707 0.264350 0.063110 0.019925
2 0.165688 0.265484 0.044782 0.019579
3 0.333114 0.269274 0.269669 0.022580
3 0.198276 0.287982 0.174699 0.020785
0 0.274026 0.278785 0.408007 0.051420
1 0.103839 0.319958 0.063110 0.019925
2 0.178815 0.321375 0.074773 0.020145
3 0.345408 0.325149 0.238012 0.021982
3 0.172665 0.343140 0.127214 0.019888
0 0.272157 0.334392 0.408007 0.051420
1 0.112656 0.367639 0.083937 0.020319
2 0.200962 0.369308 0.080604 0.020256
0 0.270919 0.371256 0.407293 0.030177
1 0.111544 0.400754 0.083937 0.020319
2 0.185270 0.402147 0.051447 0.019705
3 0.345199 0.405795 0.248009 0.022171
3 0.146214 0.423291 0.079729 0.018990
0 0.269449 0.414992 0.408007 0.051420
1 0.099451 0.450541 0.063110 0.019925
2 0.165263 0.451785 0.056445 0.019799
0 0.268126 0.454354 0.407293 0.030177
1 0.108962 0.477604 0.083937 0.020319
2 0.177690 0.478903 0.041450 0.019516
3 0.335535 0.482512 0.253841 0.022281
0 0.267224 0.481221 0.407293 0.030177
1 0.087211 0.504702 0.042283 0.019531
2 0.163853 0.506151 0.098932 0.020602
0 0.266300 0.508712 0.407293 0.030177
1 0.106841 0.540709 0.083937 0.020319
2 0.180984 0.542111 0.052280 0.019720
3 0.336331 0.545672 0.238012 0.021982
3 0.276052 0.565789 0.348811 0.024076
3 0.275339 0.587033 0.348811 0.024076
3 0.274625 0.608276 0.348811 0.024076
3 0.273911 0.629519 0.348811 0.024076
3 0.273197 0.650762 0.348811 0.024076
3 0.272483 0.672006 0.348811 0.024076
3 0.168886 0.691304 0.143043 0.020187
0 0.262605 0.618677 0.412290 0.178879
1 0.090507 0.716707 0.063110 0.019925
2 0.169232 0.718195 0.082271 0.020287
3 0.339574 0.722039 0.238012 0.021982
3 0.103935 0.738842 0.016416 0.017794
0 0.258826 0.731141 0.408007 0.051420
1 0.078226 0.772117 0.042283 0.019531
2 0.149453 0.773463 0.088102 0.020397
0 0.257314 0.776127 0.407293 0.030177
1 0.077239 0.801483 0.042283 0.019531
2 0.148883 0.802837 0.088935 0.020413
3 0.322557 0.806745 0.238012 0.021982
3 0.267277 0.826957 0.348811 0.024076
3 0.271561 0.848294 0.358807 0.024265
3 0.162965 0.867498 0.143043 0.020187
0 0.255257 0.837358 0.409435 0.093906
1 0.568111 0.085530 0.042283 0.019531
2 0.634756 0.086790 0.078938 0.020224
3 0.808430 0.090698 0.248009 0.022171
3 0.763147 0.111099 0.358807 0.024265
3 0.757435 0.132247 0.348811 0.024076
3 0.693408 0.152294 0.222184 0.021683
0 0.746129 0.121405 0.409435 0.093906
1 0.575270 0.182571 0.063110 0.019925
2 0.649413 0.183973 0.073107 0.020114
3 0.820171 0.187825 0.248009 0.022171
3 0.754894 0.207848 0.348811 0.024076
3 0.759179 0.229186 0.358807 0.024265
3 0.753467 0.250335 0.348811 0.024076
3 0.757751 0.271673 0.358807 0.024265
3 0.752039 0.292821 0.348811 0.024076
3 0.688012 0.312868 0.222184 0.021683
0 0.741804 0.250114 0.411576 0.157636
1 0.570042 0.338147 0.063110 0.019925
2 0.654182 0.339737 0.093100 0.020492
3 0.811195 0.343330 0.200524 0.021273
0 0.738718 0.341960 0.407293 0.030177
1 0.579301 0.372708 0.083937 0.020319
2 0.670939 0.374440 0.087269 0.020382
0 0.737563 0.376324 0.407293 0.030177
1 0.567691 0.408125 0.063110 0.019925
2 0.636836 0.409432 0.063110 0.019925
3 0.797597 0.413095 0.238012 0.021982
0 0.736366 0.411938 0.407293 0.030177
1 0.576992 0.441436 0.083937 0.020319
2 0.663214 0.443066 0.076439 0.020177
0 0.735254 0.445053 0.407293 0.030177
1 0.555052 0.474157 0.042283 0.019531
2 0.611701 0.475228 0.058945 0.019846
3 0.759550 0.478647 0.216353 0.021573
0 0.734141 0.478167 0.407293 0.030177
1 0.559729 0.508631 0.053946 0.019752
2 0.625541 0.509875 0.065609 0.019972
3 0.795467 0.513712 0.253841 0.022281
3 0.743936 0.533995 0.348811 0.024076
3 0.743222 0.555238 0.348811 0.024076
3 0.600053 0.573789 0.063901 0.018691
0 0.731916 0.544396 0.409435 0.093906
1 0.550580 0.607240 0.042283 0.019531
2 0.625557 0.608657 0.095600 0.020539
0 0.729669 0.611250 0.407293 0.030177
1 0.549657 0.634731 0.042283 0.019531
2 0.618801 0.636038 0.083937 0.020319
0 0.728746 0.638741 0.407293 0.030177
1 0.569455 0.665740 0.083937 0.020319
2 0.639433 0.667063 0.043949 0.019563
3 0.798528 0.670695 0.253841 0.022281
3 0.691181 0.689923 0.253841 0.022281
0 0.727360 0.679978 0.408007 0.051420
1 0.557152 0.721775 0.063110 0.019925
2 0.632545 0.723200 0.075606 0.020161
3 0.799554 0.726982 0.238012 0.021982
3 0.602236 0.744509 0.079729 0.018990
0 0.725470 0.736210 0.408007 0.051420
1 0.545143 0.769063 0.042283 0.019531
2 0.608040 0.770252 0.071441 0.020082
3 0.788795 0.774294 0.269669 0.022580
3 0.737264 0.794577 0.352976 0.024155
3 0.736550 0.815820 0.352976 0.024155
3 0.733753 0.837024 0.348811 0.024076
0 0.723161 0.804938 0.409435 0.093906
1 0.562737 0.865676 0.083937 0.020319
2 0.633548 0.867015 0.045616 0.019594
3 0.793476 0.870663 0.253841 0.022281
3 0.731948 0.890757 0.348811 0.024076
3 0.733317 0.912039 0.352976 0.024155
3 0.667207 0.932046 0.222184 0.021683
0 0.719928 0.901158 0.409435 0.093906
