1 0.104144 0.086613 0.083520 0.019223
2 0.178309 0.086192 0.051855 0.019043
3 0.333728 0.085933 0.237670 0.018850
3 0.108115 0.108466 0.016010 0.017589
0 0.262587 0.096963 0.407097 0.046060
1 0.094221 0.135421 0.062688 0.019105
2 0.171719 0.134981 0.079354 0.019199
3 0.340887 0.134644 0.237670 0.018850
3 0.274853 0.156270 0.348500 0.019480
3 0.275068 0.177519 0.348500 0.019480
3 0.275283 0.198769 0.348500 0.019480
3 0.275498 0.220018 0.348500 0.019480
3 0.275712 0.241268 0.348500 0.019480
3 0.275927 0.262517 0.348500 0.019480
3 0.276142 0.283766 0.348500 0.019480
3 0.252607 0.305151 0.301002 0.019210
0 0.263831 0.220084 0.408600 0.194806
1 0.106677 0.337231 0.083520 0.019223
2 0.197091 0.336717 0.084354 0.019228
3 0.352926 0.336456 0.206004 0.018670
3 0.245228 0.358319 0.285169 0.019120
0 0.265120 0.347581 0.407097 0.046060
1 0.096791 0.389789 0.062688 0.019105
2 0.171789 0.389362 0.074354 0.019171
0 0.265543 0.389455 0.406882 0.024811
1 0.097120 0.422288 0.062688 0.019105
2 0.157951 0.421942 0.046021 0.019010
3 0.326286 0.421610 0.269336 0.019030
3 0.230254 0.443407 0.253503 0.018940
0 0.265979 0.432578 0.407097 0.046060
1 0.087253 0.476721 0.041855 0.018986
2 0.156834 0.476325 0.084354 0.019228
3 0.336419 0.475929 0.253503 0.018940
0 0.266421 0.476327 0.406882 0.024811
1 0.097972 0.506660 0.062688 0.019105
2 0.177137 0.506210 0.082687 0.019218
3 0.347972 0.505864 0.237670 0.018850
3 0.278605 0.527509 0.348500 0.019480
3 0.278820 0.548759 0.348500 0.019480
3 0.279034 0.570008 0.348500 0.019480
3 0.215918 0.591617 0.221837 0.018760
0 0.267153 0.548825 0.407741 0.109809
1 0.088693 0.619216 0.041855 0.018986
2 0.144941 0.618897 0.057688 0.019076
3 0.319109 0.618532 0.269336 0.019030
3 0.237243 0.640248 0.263503 0.018996
0 0.267968 0.629448 0.407097 0.046060
1 0.089198 0.669215 0.041855 0.018986
2 0.153363 0.668850 0.073521 0.019166
3 0.264199 0.668845 0.126840 0.018220
0 0.268366 0.668822 0.406882 0.024811
1 0.089495 0.698589 0.041855 0.018986
2 0.141577 0.698293 0.049355 0.019029
3 0.264080 0.698222 0.174339 0.018490
0 0.268663 0.698196 0.406882 0.024811
1 0.100227 0.729779 0.062688 0.019105
2 0.174392 0.729357 0.072687 0.019162
3 0.340227 0.729040 0.237670 0.018850
3 0.154197 0.751348 0.095174 0.018040
0 0.269086 0.740069 0.407097 0.046060
1 0.111161 0.780968 0.083520 0.019223
2 0.190743 0.780516 0.062688 0.019105
3 0.343661 0.780272 0.221837 0.018760
3 0.281378 0.801876 0.348500 0.019480
3 0.281592 0.823126 0.348500 0.019480
3 0.178893 0.844960 0.142673 0.018310
0 0.269819 0.812567 0.407527 0.088559
1 0.112140 0.877841 0.083520 0.019223
2 0.200888 0.877336 0.081020 0.019209
3 0.307558 0.877355 0.111007 0.018130
0 0.270476 0.877566 0.406882 0.024811
1 0.570798 0.083961 0.083520 0.019223
2 0.654129 0.083487 0.070187 0.019147
0 0.729133 0.083686 0.406882 0.024811
1 0.560697 0.115269 0.062688 0.019105
2 0.642361 0.114805 0.087687 0.019247
3 0.807780 0.114489 0.221837 0.018760
3 0.622583 0.136793 0.111007 0.018130
0 0.729556 0.125559 0.407097 0.046060
1 0.571631 0.166458 0.083520 0.019223
2 0.657879 0.165968 0.076021 0.019181
3 0.817464 0.165686 0.221837 0.018760
3 0.575602 0.188311 0.016010 0.017589
0 0.730074 0.176808 0.407097 0.046060
1 0.572149 0.217707 0.083520 0.019223
2 0.659230 0.217212 0.077687 0.019190
3 0.819649 0.216925 0.221837 0.018760
3 0.742366 0.238615 0.348500 0.019480
3 0.747580 0.259836 0.358500 0.019536
3 0.742795 0.281114 0.348500 0.019480
3 0.743010 0.302363 0.348500 0.019480
3 0.743224 0.323612 0.348500 0.019480
3 0.743439 0.344862 0.348500 0.019480
3 0.624907 0.366786 0.111007 0.018130
0 0.731236 0.291805 0.408386 0.173557
1 0.553085 0.392820 0.041855 0.018986
2 0.602250 0.392541 0.043522 0.018996
0 0.732253 0.392427 0.406882 0.024811
1 0.563786 0.420885 0.062688 0.019105
2 0.645450 0.420421 0.087687 0.019247
3 0.810868 0.420106 0.221837 0.018760
3 0.681087 0.442094 0.221837 0.018760
0 0.732645 0.431176 0.407097 0.046060
1 0.553894 0.472818 0.041855 0.018986
2 0.623058 0.472425 0.083520 0.019223
0 0.733061 0.472424 0.406882 0.024811
1 0.554247 0.507817 0.041855 0.018986
2 0.623412 0.507424 0.083520 0.019223
3 0.802580 0.507030 0.253503 0.018940
3 0.626550 0.529281 0.111007 0.018130
0 0.733522 0.518048 0.407097 0.046060
1 0.554765 0.559065 0.041855 0.018986
2 0.628096 0.558649 0.091854 0.019271
0 0.733933 0.558672 0.406882 0.024811
1 0.555030 0.585315 0.041855 0.018986
2 0.623778 0.584924 0.082687 0.019218
3 0.794613 0.584578 0.237670 0.018850
0 0.734198 0.584921 0.406882 0.024811
1 0.565800 0.620254 0.062688 0.019105
2 0.634965 0.619861 0.062688 0.019105
3 0.803717 0.619527 0.253503 0.018940
3 0.746433 0.641103 0.348500 0.019480
3 0.746648 0.662353 0.348500 0.019480
0 0.734767 0.641170 0.407312 0.067310
1 0.576924 0.690193 0.083520 0.019223
2 0.670672 0.689660 0.091020 0.019266
3 0.829840 0.689381 0.206004 0.018670
3 0.636310 0.711731 0.126840 0.018220
0 0.735367 0.700543 0.407097 0.046060
1 0.572903 0.745843 0.074354 0.019171
2 0.654151 0.745381 0.075187 0.019176
3 0.813319 0.745101 0.221837 0.018760
3 0.747703 0.766725 0.348500 0.019480
3 0.747917 0.787974 0.348500 0.019480
3 0.748132 0.809223 0.348500 0.019480
0 0.736144 0.777416 0.407527 0.088559
1 0.567992 0.837123 0.062688 0.019105
2 0.652990 0.836640 0.094353 0.019285
3 0.782159 0.836531 0.142673 0.018310
0 0.736744 0.836789 0.406882 0.024811
1 0.568352 0.872747 0.062688 0.019105
2 0.632934 0.872380 0.053521 0.019053
3 0.797102 0.872072 0.253503 0.018940
3 0.646071 0.894181 0.142673 0.018310
0 0.737211 0.883038 0.407097 0.046060
