1 0.229583 0.085938 0.130833 0.021875
0 0.266667 0.095312 0.400000 0.040625
1 0.182917 0.137813 0.084167 0.021875
0 0.266667 0.147187 0.400000 0.040625
1 0.164583 0.187188 0.094167 0.021875
0 0.266667 0.187188 0.400000 0.021875
1 0.146250 0.218438 0.057500 0.021875
0 0.266667 0.218438 0.400000 0.021875
1 0.180417 0.250937 0.125833 0.021875
0 0.266667 0.269688 0.400000 0.059375
1 0.165417 0.316563 0.095833 0.021875
0 0.266667 0.316563 0.400000 0.021875
1 0.204583 0.349062 0.127500 0.021875
0 0.266667 0.358438 0.400000 0.040625
1 0.205833 0.395937 0.130000 0.021875
0 0.266667 0.395937 0.400000 0.021875
1 0.218333 0.427812 0.108333 0.021875
0 0.266667 0.474687 0.400000 0.115625
1 0.235417 0.554063 0.142500 0.021875
0 0.266667 0.554063 0.400000 0.021875
1 0.145000 0.582187 0.055000 0.021875
0 0.266667 0.582187 0.400000 0.021875
1 0.173750 0.615313 0.112500 0.021875
0 0.266667 0.615313 0.400000 0.021875
1 0.203333 0.647813 0.078333 0.021875
0 0.266667 0.657188 0.400000 0.040625
1 0.197083 0.695312 0.065833 0.021875
0 0.266667 0.704688 0.400000 0.040625
1 0.190417 0.742188 0.099167 0.021875
0 0.266667 0.751563 0.400000 0.040625
1 0.148750 0.789062 0.062500 0.021875
0 0.266667 0.798438 0.400000 0.040625
1 0.212083 0.841562 0.095833 0.021875
0 0.266667 0.841562 0.400000 0.021875
1 0.169583 0.869687 0.104167 0.021875
0 0.266667 0.869687 0.400000 0.021875
1 0.174167 0.900937 0.066667 0.021875
0 0.266667 0.947812 0.400000 0.115625
1 0.639167 0.085938 0.110000 0.021875
0 0.733333 0.085938 0.400000 0.021875
1 0.616250 0.118438 0.064167 0.021875
0 0.733333 0.118438 0.400000 0.021875
1 0.680417 0.150938 0.099167 0.021875
0 0.733333 0.150938 0.400000 0.021875
1 0.630000 0.180938 0.045000 0.021875
0 0.733333 0.190312 0.400000 0.040625
1 0.631250 0.229687 0.094167 0.021875
0 0.733333 0.276562 0.400000 0.115625
1 0.697500 0.352187 0.133333 0.021875
0 0.733333 0.352187 0.400000 0.021875
1 0.634167 0.382188 0.100000 0.021875
0 0.733333 0.391562 0.400000 0.040625
1 0.664583 0.435312 0.114167 0.021875
0 0.733333 0.435312 0.400000 0.021875
1 0.627500 0.469062 0.086667 0.021875
0 0.733333 0.478438 0.400000 0.040625
1 0.674167 0.521563 0.133333 0.021875
0 0.733333 0.521563 0.400000 0.021875
1 0.650000 0.549687 0.085000 0.021875
0 0.733333 0.549687 0.400000 0.021875
1 0.649583 0.582187 0.130833 0.021875
0 0.733333 0.582187 0.400000 0.021875
1 0.606250 0.612187 0.044167 0.021875
0 0.733333 0.649687 0.400000 0.096875
1 0.630000 0.720313 0.091667 0.021875
0 0.733333 0.767188 0.400000 0.115625
1 0.645833 0.845313 0.076667 0.021875
0 0.733333 0.845313 0.400000 0.021875
1 0.694583 0.873437 0.127500 0.021875
0 0.733333 0.882812 0.400000 0.040625
