3 0.509371 0.036469 0.981259 0.048055
0 0.104739 0.075057 0.042416 0.019702
1 0.164711 0.076441 0.065738 0.020240
2 0.342517 0.081169 0.269757 0.023701
2 0.294585 0.101323 0.348886 0.025527
2 0.293714 0.122563 0.348886 0.025527
2 0.292842 0.143803 0.348886 0.025527
2 0.291971 0.165043 0.348886 0.025527
0 0.099818 0.195000 0.042416 0.019702
1 0.151877 0.196201 0.049912 0.019875
2 0.326768 0.200863 0.279752 0.023931
2 0.294662 0.221382 0.358881 0.025757
2 0.288793 0.242506 0.348886 0.025527
2 0.287921 0.263746 0.348886 0.025527
2 0.255398 0.284256 0.285583 0.024066
0 0.115695 0.316048 0.084063 0.020663
1 0.208984 0.318201 0.090726 0.020817
2 0.343895 0.321940 0.158976 0.021144
0 0.114516 0.344785 0.084063 0.020663
1 0.198643 0.346726 0.072402 0.020394
2 0.356043 0.350984 0.222279 0.022605
2 0.288536 0.370686 0.358881 0.025757
2 0.282667 0.391811 0.348886 0.025527
2 0.281796 0.413051 0.348886 0.025527
2 0.280924 0.434291 0.348886 0.025527
2 0.280053 0.455530 0.348886 0.025527
2 0.279181 0.476770 0.348886 0.025527
2 0.112139 0.494176 0.016543 0.017857
0 0.086465 0.520471 0.042416 0.019702
1 0.141439 0.521739 0.055743 0.020010
2 0.322161 0.526535 0.285583 0.024066
2 0.276311 0.546737 0.348886 0.025527
2 0.275440 0.567977 0.348886 0.025527
2 0.279566 0.589333 0.358881 0.025757
2 0.273697 0.610457 0.348886 0.025527
2 0.277823 0.631812 0.358881 0.025757
2 0.271954 0.652937 0.348886 0.025527
2 0.128650 0.670890 0.064021 0.018953
0 0.100035 0.697743 0.084063 0.020663
1 0.174167 0.699453 0.052411 0.019933
2 0.329484 0.703663 0.238105 0.022970
2 0.174103 0.721337 0.158976 0.021144
0 0.076956 0.752236 0.042416 0.019702
1 0.144008 0.753783 0.079898 0.020567
0 0.085933 0.787460 0.063239 0.020183
1 0.158815 0.789142 0.070736 0.020356
2 0.323295 0.793563 0.238105 0.022970
2 0.265367 0.813486 0.348886 0.025527
2 0.264496 0.834726 0.348886 0.025527
2 0.263624 0.855966 0.348886 0.025527
2 0.254840 0.877023 0.333060 0.025161
0 0.592008 0.086302 0.084063 0.020663
1 0.677801 0.088282 0.075733 0.020471
2 0.836867 0.092578 0.222279 0.022605
2 0.602772 0.108435 0.032369 0.018222
0 0.589855 0.138777 0.084063 0.020663
1 0.658156 0.140353 0.040750 0.019664
2 0.815556 0.144611 0.253931 0.023335
2 0.687662 0.162919 0.206454 0.022240
0 0.577265 0.191636 0.063239 0.020183
1 0.656811 0.193472 0.084063 0.020663
2 0.820041 0.197864 0.222279 0.022605
2 0.756699 0.217663 0.348886 0.025527
2 0.755828 0.238903 0.348886 0.025527
2 0.754957 0.260143 0.348886 0.025527
2 0.754085 0.281383 0.348886 0.025527
2 0.753214 0.302622 0.348886 0.025527
2 0.633649 0.321123 0.111499 0.020048
0 0.581064 0.353050 0.084063 0.020663
1 0.673521 0.355184 0.089060 0.020779
2 0.831337 0.359451 0.206454 0.022240
2 0.750087 0.378836 0.348886 0.025527
2 0.749216 0.400076 0.348886 0.025527
2 0.748344 0.421316 0.348886 0.025527
2 0.752470 0.442672 0.358881 0.025757
2 0.746601 0.463796 0.348886 0.025527
0 0.575554 0.487362 0.084063 0.020663
1 0.656349 0.489226 0.065738 0.020240
2 0.810417 0.493407 0.222279 0.022605
2 0.712925 0.512417 0.285583 0.024066
0 0.573401 0.539837 0.084063 0.020663
1 0.660443 0.541846 0.078232 0.020529
2 0.820758 0.546171 0.222279 0.022605
2 0.663294 0.563797 0.190628 0.021874
0 0.550527 0.589333 0.042416 0.019702
1 0.599254 0.590457 0.043249 0.019721
2 0.773729 0.595109 0.285583 0.024066
2 0.740373 0.615599 0.348886 0.025527
2 0.739502 0.636839 0.348886 0.025527
2 0.738630 0.658079 0.348886 0.025527
2 0.737759 0.679319 0.348886 0.025527
2 0.736888 0.700559 0.348886 0.025527
2 0.736016 0.721799 0.348886 0.025527
2 0.735145 0.743039 0.348886 0.025527
2 0.615580 0.761540 0.111499 0.020048
0 0.542249 0.791112 0.042416 0.019702
1 0.604719 0.792554 0.070736 0.020356
2 0.785025 0.797340 0.269757 0.023701
2 0.565923 0.813544 0.016543 0.017857
0 0.550713 0.838830 0.063239 0.020183
1 0.612767 0.840262 0.049079 0.019856
2 0.782244 0.844799 0.269757 0.023701
2 0.730147 0.864856 0.348886 0.025527
2 0.697624 0.885366 0.285583 0.024066
