0 0.093034 0.081317 0.041913 0.019060
1 0.157198 0.081796 0.073578 0.019296
2 0.331348 0.083721 0.253553 0.019390
2 0.275652 0.104556 0.332716 0.019980
0 0.113137 0.136470 0.083578 0.019371
1 0.207299 0.137173 0.091911 0.019433
2 0.335201 0.138752 0.142725 0.018563
0 0.112756 0.165219 0.083578 0.019371
1 0.186919 0.165772 0.051913 0.019135
2 0.342319 0.167557 0.237720 0.019271
2 0.132048 0.187239 0.047730 0.017854
0 0.101684 0.214513 0.062746 0.019215
1 0.181680 0.215110 0.084411 0.019377
2 0.345414 0.216957 0.221888 0.019153
2 0.281802 0.237734 0.348548 0.020099
2 0.281520 0.258983 0.348548 0.020099
2 0.281238 0.280232 0.348548 0.020099
2 0.241375 0.301185 0.269386 0.019508
0 0.089693 0.333180 0.041913 0.019060
1 0.147607 0.333612 0.061079 0.019203
2 0.323423 0.335549 0.269386 0.019508
2 0.145650 0.355474 0.079395 0.018090
0 0.105270 0.383924 0.074412 0.019303
1 0.189850 0.384555 0.081911 0.019358
0 0.088656 0.411301 0.041913 0.019060
1 0.154070 0.411789 0.076078 0.019315
2 0.334469 0.413760 0.263552 0.019464
2 0.239609 0.434304 0.269386 0.019508
0 0.108842 0.460204 0.083578 0.019371
1 0.190505 0.460813 0.066912 0.019247
2 0.345489 0.462595 0.221888 0.019153
2 0.278543 0.483347 0.348548 0.020099
2 0.278261 0.504596 0.348548 0.020099
2 0.277979 0.525844 0.348548 0.020099
2 0.214367 0.546621 0.221888 0.019153
0 0.086501 0.573793 0.041913 0.019060
1 0.158164 0.574328 0.088578 0.019408
0 0.106910 0.605822 0.083578 0.019371
1 0.179823 0.606366 0.049413 0.019116
2 0.333974 0.608141 0.237720 0.019271
2 0.276611 0.628964 0.348548 0.020099
2 0.276329 0.650213 0.348548 0.020099
2 0.220634 0.671049 0.237720 0.019271
0 0.095192 0.703864 0.062746 0.019215
1 0.165605 0.704390 0.065246 0.019234
2 0.335589 0.706283 0.253553 0.019390
2 0.227812 0.726730 0.253553 0.019390
0 0.104928 0.755189 0.083578 0.019371
1 0.174925 0.755712 0.043580 0.019072
2 0.334075 0.757525 0.253553 0.019390
2 0.274630 0.778332 0.348548 0.020099
2 0.274348 0.799581 0.348548 0.020099
2 0.274066 0.820830 0.348548 0.020099
2 0.257951 0.841961 0.316883 0.019862
0 0.103452 0.866434 0.083578 0.019371
1 0.199281 0.867149 0.095244 0.019458
2 0.352598 0.868918 0.190223 0.018917
2 0.122745 0.888454 0.047730 0.017854
0 0.559678 0.084800 0.041913 0.019060
1 0.608425 0.085164 0.042747 0.019066
2 0.735494 0.086737 0.190223 0.018917
0 0.580162 0.111204 0.083578 0.019371
1 0.670991 0.111882 0.085245 0.019383
2 0.824308 0.113651 0.200222 0.018992
2 0.749863 0.134346 0.348548 0.020099
2 0.749581 0.155595 0.348548 0.020099
2 0.749299 0.176844 0.348548 0.020099
2 0.754017 0.198131 0.358548 0.020173
2 0.732903 0.219224 0.316883 0.019862
0 0.557472 0.251042 0.041913 0.019060
1 0.617053 0.251486 0.064412 0.019228
2 0.794536 0.253436 0.269386 0.019508
2 0.753006 0.274377 0.358548 0.020173
2 0.752724 0.295626 0.358548 0.020173
2 0.752442 0.316875 0.358548 0.020173
2 0.749243 0.338102 0.352715 0.020130
2 0.746878 0.359335 0.348548 0.020099
2 0.643685 0.379816 0.142725 0.018563
0 0.565816 0.407362 0.062746 0.019215
1 0.629146 0.407834 0.051080 0.019128
0 0.565418 0.437360 0.062746 0.019215
1 0.625831 0.437811 0.045247 0.019085
2 0.793731 0.439689 0.269386 0.019508
2 0.618875 0.459635 0.095227 0.018208
0 0.564671 0.493607 0.062746 0.019215
1 0.629251 0.494089 0.053579 0.019147
2 0.793402 0.495939 0.253553 0.019390
2 0.744789 0.516828 0.348548 0.020099
2 0.744507 0.538076 0.348548 0.020099
2 0.744225 0.559325 0.348548 0.020099
2 0.743943 0.580574 0.348548 0.020099
2 0.743661 0.601823 0.348548 0.020099
2 0.664217 0.622482 0.190223 0.018917
0 0.562582 0.651099 0.062746 0.019215
1 0.647578 0.651734 0.094411 0.019452
2 0.813395 0.653596 0.216055 0.019110
2 0.600206 0.673256 0.063562 0.017972
0 0.561852 0.706097 0.062746 0.019215
1 0.624766 0.706566 0.050246 0.019122
2 0.795166 0.708463 0.269386 0.019508
2 0.615309 0.728372 0.095227 0.018208
0 0.571630 0.754297 0.083578 0.019371
1 0.655376 0.754922 0.071079 0.019278
2 0.812443 0.756719 0.221888 0.019153
2 0.741331 0.777440 0.348548 0.020099
2 0.746049 0.798726 0.358548 0.020173
2 0.740767 0.819938 0.348548 0.020099
2 0.740486 0.841186 0.348548 0.020099
2 0.676873 0.861963 0.221888 0.019153
0 0.565272 0.888006 0.074412 0.019303
1 0.630686 0.888494 0.043580 0.019072
