0 0.26666666666666666 0.096875 0.4 0.04375
0 0.26666666666666666 0.181875 0.4 0.09125
0 0.26666666666666666 0.3025 0.4 0.115
0 0.26666666666666666 0.3875 0.4 0.02
0 0.26666666666666666 0.425 0.4 0.02
0 0.26666666666666666 0.474375 0.4 0.04375
0 0.26666666666666666 0.535625 0.4 0.04375
0 0.26666666666666666 0.596875 0.4 0.04375
0 0.26666666666666666 0.69375 0.4 0.115
0 0.26666666666666666 0.790625 0.4 0.04375
0 0.26666666666666666 0.851875 0.4 0.04375
0 0.7333333333333333 0.096875 0.4 0.04375
0 0.7333333333333333 0.17 0.4 0.0675
0 0.7333333333333333 0.27875 0.4 0.115
0 0.7333333333333333 0.375625 0.4 0.04375
0 0.7333333333333333 0.460625 0.4 0.09125
0 0.7333333333333333 0.53375 0.4 0.02
0 0.7333333333333333 0.583125 0.4 0.04375
0 0.7333333333333333 0.691875 0.4 0.13875
0 0.7333333333333333 0.83625 0.4 0.115
