3 0.493339 0.035111 0.986678 0.041406
0 0.096300 0.090903 0.083860 0.020113
1 0.187529 0.089405 0.086360 0.020154
2 0.344176 0.087459 0.206295 0.020874
2 0.124432 0.112321 0.063829 0.018535
0 0.097759 0.140891 0.083860 0.020113
1 0.190654 0.139366 0.089692 0.020209
2 0.348967 0.137392 0.206295 0.020874
2 0.268357 0.159970 0.348761 0.023213
2 0.268977 0.181215 0.348761 0.023213
2 0.269597 0.202460 0.348761 0.023213
2 0.198984 0.224874 0.206295 0.020874
0 0.101151 0.257113 0.083860 0.020113
1 0.172384 0.255943 0.046369 0.019498
2 0.301121 0.254455 0.190465 0.020614
0 0.091667 0.289151 0.063032 0.019771
1 0.154985 0.288112 0.051368 0.019580
0 0.103066 0.322722 0.083860 0.020113
1 0.185130 0.321375 0.068031 0.019853
2 0.340527 0.319449 0.222124 0.021134
2 0.131197 0.344141 0.063829 0.018535
0 0.094056 0.371007 0.063032 0.019771
1 0.167788 0.369796 0.072197 0.019922
2 0.325269 0.367836 0.222124 0.021134
0 0.105509 0.406452 0.083860 0.020113
1 0.196321 0.404961 0.085527 0.020141
2 0.352552 0.403022 0.206295 0.020874
0 0.096098 0.440990 0.063032 0.019771
1 0.154834 0.440026 0.042204 0.019429
2 0.289403 0.438442 0.206295 0.020874
0 0.086723 0.476777 0.042204 0.019429
1 0.165455 0.475485 0.103023 0.020428
2 0.346263 0.473142 0.237954 0.021394
2 0.278149 0.495515 0.348761 0.023213
2 0.278769 0.516760 0.348761 0.023213
2 0.228985 0.538832 0.247951 0.021558
0 0.089368 0.567380 0.042204 0.019429
1 0.137273 0.566594 0.041371 0.019416
2 0.310999 0.564367 0.285442 0.022173
2 0.130413 0.588587 0.047999 0.018275
0 0.101332 0.620322 0.063032 0.019771
1 0.177147 0.619077 0.076362 0.019990
2 0.341709 0.617001 0.232122 0.021298
2 0.219025 0.640270 0.222124 0.021134
0 0.113278 0.672638 0.083860 0.020113
1 0.193675 0.671318 0.064698 0.019799
0 0.103830 0.705926 0.063032 0.019771
1 0.172564 0.704798 0.062199 0.019758
2 0.309216 0.703180 0.190465 0.020614
0 0.094455 0.741714 0.042204 0.019429
1 0.154441 0.740729 0.065532 0.019812
2 0.332333 0.738434 0.269613 0.021913
2 0.175074 0.762271 0.127147 0.019575
0 0.116943 0.798233 0.083860 0.020113
1 0.205672 0.796777 0.081361 0.020072
0 0.117928 0.831975 0.083860 0.020113
1 0.192493 0.830751 0.053034 0.019607
2 0.350390 0.828784 0.242119 0.021462
2 0.288525 0.851055 0.348761 0.023213
2 0.289145 0.872300 0.348761 0.023213
2 0.289765 0.893545 0.348761 0.023213
2 0.290385 0.914790 0.348761 0.023213
2 0.291006 0.936034 0.348761 0.023213
2 0.291626 0.957279 0.348761 0.023213
2 0.213098 0.979824 0.190465 0.020614
0 0.542027 0.083586 0.042204 0.019429
1 0.601179 0.082614 0.063865 0.019785
0 0.553298 0.112783 0.063032 0.019771
1 0.627864 0.111558 0.073863 0.019949
2 0.794092 0.109455 0.237954 0.021394
2 0.734310 0.131691 0.348761 0.023213
2 0.734930 0.152936 0.348761 0.023213
2 0.735550 0.174181 0.348761 0.023213
2 0.617448 0.197375 0.111317 0.019315
0 0.556763 0.231504 0.063032 0.019771
1 0.624663 0.230389 0.060533 0.019730
2 0.792142 0.228265 0.253783 0.021654
2 0.721945 0.250673 0.317101 0.022693
0 0.558295 0.283992 0.063032 0.019771
1 0.627445 0.282856 0.063032 0.019771
2 0.796173 0.280712 0.253783 0.021654
2 0.707647 0.303420 0.285442 0.022173
0 0.559681 0.331480 0.063032 0.019771
1 0.622166 0.330454 0.049702 0.019552
0 0.560629 0.363972 0.063032 0.019771
1 0.634778 0.362755 0.073030 0.019935
2 0.800590 0.360658 0.237954 0.021394
2 0.599175 0.385220 0.063829 0.018535
0 0.562288 0.420834 0.063032 0.019771
1 0.638937 0.419575 0.078029 0.020017
2 0.736015 0.418607 0.095488 0.019055
0 0.573468 0.446907 0.083860 0.020113
1 0.662197 0.445450 0.081361 0.020072
2 0.792601 0.443934 0.158806 0.020094
0 0.559493 0.482144 0.053868 0.019621
1 0.633642 0.480927 0.082194 0.020086
2 0.804036 0.478755 0.237954 0.021394
2 0.602621 0.503317 0.063829 0.018535
0 0.561025 0.534632 0.053868 0.019621
1 0.624343 0.533592 0.060533 0.019730
2 0.799736 0.531338 0.269613 0.021913
2 0.619983 0.555544 0.095488 0.019055
0 0.577681 0.591247 0.083860 0.020113
1 0.672242 0.589695 0.093025 0.020264
2 0.832222 0.587694 0.206295 0.020874
2 0.748278 0.610327 0.348761 0.023213
2 0.748898 0.631572 0.348761 0.023213
2 0.749518 0.652816 0.348761 0.023213
2 0.750139 0.674061 0.348761 0.023213
2 0.750759 0.695306 0.348761 0.023213
2 0.680146 0.717721 0.206295 0.020874
0 0.582240 0.747460 0.083860 0.020113
1 0.671802 0.745989 0.083027 0.020100
2 0.826783 0.744070 0.206295 0.020874
2 0.586627 0.769268 0.016340 0.017756
0 0.562943 0.800289 0.042204 0.019429
1 0.617930 0.799386 0.055534 0.019648
0 0.574324 0.833235 0.063032 0.019771
1 0.653472 0.831936 0.083027 0.020100
0 0.585559 0.861182 0.083860 0.020113
1 0.683452 0.859575 0.099690 0.020373
2 0.838850 0.857649 0.190465 0.020614
2 0.589946 0.882991 0.016340 0.017756
