3 0.500210 0.033125 0.999580 0.025520
0 0.087885 0.084160 0.041684 0.018772
1 0.154135 0.084195 0.077517 0.018790
0 0.098272 0.116041 0.062517 0.018783
1 0.177438 0.116082 0.082517 0.018793
2 0.316604 0.116779 0.174183 0.017591
0 0.098241 0.149166 0.062517 0.018783
1 0.155324 0.149196 0.038351 0.018770
2 0.319907 0.149906 0.269183 0.017640
2 0.283637 0.171137 0.358349 0.017686
2 0.278618 0.192385 0.348349 0.017681
2 0.254848 0.213622 0.300849 0.017657
0 0.108569 0.245421 0.083351 0.018793
1 0.191485 0.245464 0.069184 0.018786
2 0.347735 0.246171 0.221683 0.017615
0 0.087706 0.277285 0.041684 0.018772
1 0.162706 0.277324 0.095017 0.018799
2 0.339789 0.278042 0.237516 0.017624
0 0.093515 0.303538 0.053351 0.018778
1 0.173098 0.303580 0.092517 0.018798
2 0.341014 0.304292 0.221683 0.017615
2 0.278495 0.325510 0.348349 0.017681
2 0.278475 0.346760 0.348349 0.017681
2 0.278455 0.368010 0.348349 0.017681
2 0.183436 0.389210 0.158349 0.017582
0 0.097995 0.414791 0.062517 0.018783
1 0.166745 0.414827 0.061684 0.018782
0 0.108382 0.447296 0.083351 0.018793
1 0.185049 0.447336 0.056684 0.018779
2 0.342965 0.448043 0.237516 0.017624
2 0.262528 0.469251 0.316683 0.017665
0 0.087496 0.504160 0.041684 0.018772
1 0.157496 0.504197 0.085017 0.018794
0 0.097885 0.534166 0.062517 0.018783
1 0.163718 0.534200 0.055851 0.018779
0 0.097853 0.568541 0.062517 0.018783
1 0.174103 0.568580 0.076684 0.018790
0 0.108243 0.597921 0.083351 0.018793
1 0.197826 0.597968 0.082517 0.018793
2 0.352825 0.598673 0.205849 0.017607
2 0.278222 0.619885 0.348349 0.017681
2 0.283203 0.641137 0.358349 0.017686
2 0.278183 0.662385 0.348349 0.017681
2 0.135663 0.683560 0.063350 0.017533
0 0.087304 0.711660 0.041684 0.018772
1 0.146887 0.711691 0.064184 0.018783
2 0.292720 0.712392 0.205849 0.017607
0 0.108105 0.747296 0.083351 0.018793
1 0.191021 0.747339 0.069184 0.018786
0 0.108077 0.777296 0.083351 0.018793
1 0.199743 0.777344 0.086684 0.018795
2 0.356826 0.778051 0.205849 0.017607
2 0.278056 0.799260 0.348349 0.017681
2 0.278037 0.820510 0.348349 0.017681
2 0.278017 0.841760 0.348349 0.017681
2 0.277998 0.863010 0.348349 0.017681
2 0.143395 0.884190 0.079183 0.017541
0 0.564968 0.084409 0.062517 0.018783
1 0.627051 0.084441 0.048351 0.018775
2 0.796634 0.085154 0.269183 0.017640
2 0.750364 0.106380 0.358349 0.017686
2 0.745344 0.127628 0.348349 0.017681
2 0.750325 0.148880 0.358349 0.017686
2 0.745305 0.170128 0.348349 0.017681
2 0.634452 0.191320 0.126683 0.017566
0 0.554423 0.223153 0.041684 0.018772
1 0.611506 0.223183 0.059184 0.018781
2 0.786505 0.223899 0.269183 0.017640
2 0.747319 0.245129 0.352516 0.017683
2 0.745216 0.266378 0.348349 0.017681
2 0.745196 0.287628 0.348349 0.017681
2 0.750177 0.308880 0.358349 0.017686
2 0.745157 0.330128 0.348349 0.017681
2 0.642221 0.351324 0.142516 0.017574
0 0.575107 0.384414 0.083351 0.018793
1 0.653024 0.384455 0.059184 0.018781
0 0.554245 0.415653 0.041684 0.018772
1 0.603828 0.415679 0.044184 0.018773
2 0.747577 0.416379 0.221683 0.017615
0 0.564629 0.450659 0.062517 0.018783
1 0.641296 0.450699 0.077517 0.018790
0 0.575016 0.482539 0.083351 0.018793
1 0.653766 0.482580 0.060851 0.018782
2 0.813766 0.483288 0.237516 0.017624
2 0.744996 0.504502 0.348349 0.017681
2 0.586643 0.525670 0.031683 0.017516
0 0.554112 0.559403 0.041684 0.018772
1 0.623278 0.559439 0.083351 0.018793
0 0.564501 0.588784 0.062517 0.018783
1 0.643668 0.588825 0.082517 0.018793
2 0.814501 0.589539 0.237516 0.017624
2 0.744898 0.610752 0.348349 0.017681
2 0.746961 0.632004 0.352516 0.017683
2 0.744858 0.653252 0.348349 0.017681
2 0.744839 0.674502 0.348349 0.017681
2 0.683569 0.695721 0.225849 0.017617
0 0.553954 0.730028 0.041684 0.018772
1 0.613954 0.730059 0.065017 0.018784
2 0.791870 0.730777 0.269183 0.017640
2 0.744767 0.752002 0.348349 0.017681
2 0.744747 0.773252 0.348349 0.017681
2 0.744728 0.794502 0.348349 0.017681
2 0.751791 0.815756 0.362516 0.017689
2 0.594272 0.836924 0.047516 0.017525
0 0.574663 0.864414 0.083351 0.018793
1 0.667996 0.864462 0.090017 0.018797
2 0.826746 0.865170 0.205849 0.017607
2 0.744643 0.886377 0.348349 0.017681
2 0.744623 0.907627 0.348349 0.017681
2 0.705020 0.928857 0.269183 0.017640
