1 0.097516 0.084593 0.062518 0.018784
2 0.173766 0.084552 0.076685 0.018792
3 0.338767 0.085087 0.231683 0.017626
3 0.111704 0.106460 0.015850 0.017509
0 0.266277 0.095752 0.406709 0.043970
1 0.107979 0.132712 0.083351 0.018795
2 0.185063 0.132671 0.057518 0.018781
3 0.277147 0.133246 0.105017 0.017557
0 0.266313 0.133252 0.406688 0.022720
1 0.087179 0.167099 0.041685 0.018773
2 0.149679 0.167065 0.070018 0.018788
3 0.330096 0.167592 0.269183 0.017646
3 0.111784 0.188960 0.015850 0.017509
0 0.266357 0.178252 0.406709 0.043970
1 0.087230 0.220224 0.041685 0.018773
2 0.141814 0.220194 0.054185 0.018779
3 0.322231 0.220721 0.285017 0.017654
3 0.278085 0.241995 0.348350 0.017689
3 0.278105 0.263245 0.348350 0.017689
3 0.283126 0.284492 0.358350 0.017694
3 0.278146 0.305745 0.348350 0.017689
3 0.278167 0.326995 0.348350 0.017689
3 0.278187 0.348245 0.348350 0.017689
3 0.222791 0.369525 0.237517 0.017629
0 0.266469 0.295127 0.406832 0.171470
1 0.097822 0.402093 0.062518 0.018784
2 0.159489 0.402060 0.047518 0.018776
3 0.328656 0.402593 0.269183 0.017646
3 0.278260 0.423870 0.348350 0.017689
3 0.278280 0.445120 0.348350 0.017689
3 0.278301 0.466370 0.348350 0.017689
3 0.214988 0.487654 0.221683 0.017620
0 0.266614 0.445126 0.406770 0.107720
1 0.097935 0.519593 0.062518 0.018784
2 0.173352 0.519552 0.075018 0.018791
0 0.266686 0.520126 0.406688 0.022720
1 0.087545 0.546474 0.041685 0.018773
2 0.152128 0.546439 0.074185 0.018790
3 0.326712 0.546969 0.253350 0.017637
3 0.120066 0.568331 0.031684 0.017517
0 0.266722 0.557626 0.406709 0.043970
1 0.108433 0.603337 0.083351 0.018795
2 0.179266 0.603299 0.045018 0.018774
3 0.339267 0.603837 0.253350 0.017637
3 0.283454 0.625117 0.358350 0.017694
3 0.278474 0.646370 0.348350 0.017689
3 0.278495 0.667620 0.348350 0.017689
3 0.278515 0.688870 0.348350 0.017689
3 0.183536 0.710172 0.158350 0.017586
0 0.266818 0.657001 0.406791 0.128970
1 0.108569 0.744587 0.083351 0.018795
2 0.186069 0.744545 0.058351 0.018782
3 0.344819 0.745084 0.237517 0.017629
3 0.239007 0.766392 0.269183 0.017646
0 0.266913 0.755751 0.406709 0.043970
1 0.098199 0.793343 0.062518 0.018784
2 0.161949 0.793308 0.051685 0.018778
3 0.325283 0.793845 0.253350 0.017637
3 0.283637 0.815117 0.358350 0.017694
3 0.283657 0.836367 0.358350 0.017694
3 0.283678 0.857617 0.358350 0.017694
3 0.278698 0.878870 0.348350 0.017689
3 0.278719 0.900120 0.348350 0.017689
3 0.278739 0.921370 0.348350 0.017689
3 0.199593 0.942663 0.190017 0.017603
0 0.267021 0.868251 0.406832 0.171470
1 0.553766 0.084346 0.041685 0.018773
2 0.610850 0.084315 0.059185 0.018782
3 0.785850 0.084845 0.269183 0.017646
3 0.744621 0.106117 0.348350 0.017689
3 0.744641 0.127367 0.348350 0.017689
3 0.744662 0.148617 0.348350 0.017689
3 0.649682 0.169919 0.158350 0.017586
0 0.732974 0.127374 0.406770 0.107720
1 0.553876 0.198721 0.041685 0.018773
2 0.618876 0.198686 0.075018 0.018791
3 0.793877 0.199216 0.253350 0.017637
3 0.689314 0.220522 0.237517 0.017629
0 0.733054 0.209874 0.406709 0.043970
1 0.574763 0.253709 0.083351 0.018795
2 0.653096 0.253667 0.060018 0.018783
3 0.812680 0.254205 0.237517 0.017629
3 0.594367 0.275574 0.047517 0.017526
0 0.733107 0.264874 0.406709 0.043970
1 0.553981 0.306846 0.041685 0.018773
2 0.609814 0.306815 0.056685 0.018781
0 0.733148 0.307374 0.406688 0.022720
1 0.564428 0.338715 0.062518 0.018784
2 0.638595 0.338675 0.072518 0.018789
3 0.804429 0.339210 0.237517 0.017629
3 0.634032 0.360552 0.126683 0.017569
0 0.733189 0.349874 0.406709 0.043970
1 0.564483 0.395590 0.062518 0.018784
2 0.648233 0.395545 0.091685 0.018800
0 0.733233 0.396124 0.406688 0.022720
1 0.554100 0.430596 0.041685 0.018773
2 0.606600 0.430567 0.050018 0.018777
3 0.784934 0.431096 0.285017 0.017654
3 0.744954 0.452367 0.348350 0.017689
3 0.747058 0.473616 0.352517 0.017691
3 0.744995 0.494867 0.348350 0.017689
3 0.745016 0.516117 0.348350 0.017689
3 0.681703 0.537402 0.221683 0.017620
0 0.733318 0.484249 0.406791 0.128970
1 0.564645 0.564340 0.062518 0.018784
2 0.644229 0.564297 0.083351 0.018795
3 0.807563 0.564833 0.221683 0.017620
3 0.750083 0.586114 0.358350 0.017694
3 0.747187 0.607366 0.352517 0.017691
3 0.745124 0.628617 0.348350 0.017689
3 0.618478 0.649936 0.095017 0.017551
0 0.733437 0.607374 0.406770 0.107720
1 0.554344 0.684346 0.041685 0.018773
2 0.608094 0.684316 0.052518 0.018778
0 0.733512 0.684874 0.406688 0.022720
1 0.575207 0.714334 0.083351 0.018795
2 0.656873 0.714290 0.066685 0.018786
3 0.811874 0.714831 0.221683 0.017620
3 0.610644 0.736190 0.079184 0.017543
0 0.733551 0.725498 0.406709 0.043970
1 0.554426 0.768721 0.041685 0.018773
2 0.609426 0.768691 0.055018 0.018780
0 0.733593 0.769248 0.406688 0.022720
1 0.575284 0.794959 0.083351 0.018795
2 0.648201 0.794920 0.049185 0.018777
0 0.733618 0.795498 0.406688 0.022720
1 0.564902 0.830590 0.062518 0.018784
2 0.633235 0.830553 0.060851 0.018783
0 0.733652 0.831123 0.406688 0.022720
1 0.554512 0.858721 0.041685 0.018773
2 0.614512 0.858688 0.065018 0.018785
3 0.768679 0.859229 0.221683 0.017620
0 0.733679 0.859248 0.406688 0.022720
1 0.554544 0.891221 0.041685 0.018773
2 0.602877 0.891194 0.041685 0.018773
3 0.777044 0.891725 0.285017 0.017654
3 0.587065 0.913078 0.031684 0.017517
0 0.733721 0.902373 0.406709 0.043970
