1 0.120052 0.078301 0.083840 0.020058
2 0.201284 0.079580 0.066344 0.019782
3 0.355816 0.082638 0.222108 0.020986
3 0.131104 0.100354 0.032149 0.017995
0 0.278036 0.092041 0.407802 0.050143
1 0.118723 0.125790 0.083840 0.020058
2 0.195789 0.127004 0.058012 0.019651
3 0.338240 0.129872 0.206278 0.020737
0 0.277004 0.128908 0.407207 0.028897
1 0.097072 0.154831 0.042182 0.019402
2 0.161641 0.155847 0.074675 0.019913
3 0.288679 0.158473 0.158788 0.019989
0 0.276181 0.158276 0.407207 0.028897
1 0.106489 0.190612 0.063011 0.019730
2 0.166059 0.191550 0.043849 0.019428
3 0.333088 0.194805 0.269597 0.021734
0 0.275184 0.193893 0.407207 0.028897
1 0.095305 0.217942 0.042182 0.019402
2 0.166956 0.219070 0.088839 0.020137
3 0.340650 0.222430 0.237937 0.021235
3 0.237995 0.242068 0.253767 0.021484
0 0.274117 0.232010 0.407802 0.050143
1 0.104372 0.266220 0.063011 0.019730
2 0.169358 0.267243 0.054680 0.019599
3 0.333888 0.270459 0.253767 0.021484
3 0.189158 0.289435 0.158788 0.019989
0 0.272770 0.280124 0.407802 0.050143
1 0.092524 0.317295 0.042182 0.019402
2 0.157926 0.318325 0.076341 0.019940
3 0.333287 0.321711 0.253767 0.021484
3 0.140234 0.339926 0.063809 0.018493
0 0.271336 0.331363 0.407802 0.050143
1 0.101381 0.373072 0.063011 0.019730
2 0.180947 0.374324 0.083840 0.020058
3 0.344227 0.377521 0.222108 0.020986
3 0.209912 0.396660 0.206278 0.020737
0 0.269779 0.386976 0.407802 0.050143
1 0.099877 0.426810 0.063011 0.019730
2 0.165279 0.427840 0.055513 0.019612
3 0.258991 0.429940 0.111299 0.019241
0 0.268572 0.430091 0.407207 0.028897
1 0.109557 0.453218 0.083840 0.020058
2 0.192872 0.454530 0.070509 0.019848
3 0.349486 0.457621 0.222108 0.020986
3 0.199758 0.476518 0.190448 0.020487
0 0.267540 0.466958 0.407802 0.050143
1 0.107982 0.509455 0.083840 0.020058
2 0.182966 0.510636 0.053846 0.019586
3 0.339164 0.513721 0.237937 0.021235
3 0.158609 0.532133 0.111299 0.019241
0 0.265966 0.523196 0.407802 0.050143
1 0.085649 0.562866 0.042182 0.019402
2 0.138554 0.563699 0.051347 0.019546
3 0.317247 0.567138 0.285427 0.021983
3 0.280827 0.587819 0.358744 0.023137
3 0.275234 0.608985 0.348746 0.022980
3 0.124255 0.627863 0.047979 0.018244
0 0.263867 0.598179 0.408991 0.092633
1 0.083060 0.655345 0.042182 0.019402
2 0.153045 0.656447 0.085506 0.020084
3 0.330072 0.659860 0.247935 0.021393
3 0.130771 0.677976 0.063809 0.018493
0 0.261873 0.669413 0.407802 0.050143
1 0.092075 0.705498 0.063011 0.019730
2 0.163310 0.706620 0.067177 0.019795
3 0.302428 0.709436 0.190448 0.020487
0 0.260771 0.708780 0.407207 0.028897
1 0.091113 0.739866 0.063011 0.019730
2 0.159015 0.740935 0.060512 0.019690
3 0.326461 0.744197 0.253767 0.021484
3 0.270878 0.764576 0.348746 0.022980
3 0.222794 0.785074 0.253767 0.021484
0 0.259214 0.764393 0.408396 0.071388
1 0.078635 0.813435 0.042182 0.019402
2 0.134039 0.814308 0.056346 0.019625
3 0.315232 0.817786 0.285427 0.021983
3 0.268814 0.838310 0.348746 0.022980
3 0.268219 0.859555 0.348746 0.022980
3 0.125156 0.878557 0.063809 0.018493
0 0.256852 0.848749 0.408991 0.092633
1 0.586616 0.085647 0.083840 0.020058
2 0.669931 0.086959 0.070509 0.019848
3 0.823630 0.090005 0.216276 0.020894
3 0.755966 0.110194 0.348746 0.022980
3 0.755371 0.131439 0.348746 0.022980
3 0.761859 0.152796 0.362910 0.023203
3 0.754182 0.173930 0.348746 0.022980
3 0.698183 0.194303 0.237937 0.021235
0 0.743410 0.141878 0.410180 0.135124
1 0.562044 0.219040 0.042182 0.019402
2 0.624113 0.220017 0.069676 0.019835
3 0.796141 0.223351 0.253767 0.021484
0 0.741154 0.222485 0.407207 0.028897
1 0.581910 0.253735 0.083840 0.020058
2 0.671474 0.255146 0.083007 0.020045
3 0.826422 0.258211 0.206278 0.020737
3 0.751261 0.278282 0.348746 0.022980
3 0.750666 0.299527 0.348746 0.022980
3 0.752154 0.320805 0.352912 0.023046
3 0.630753 0.340148 0.111299 0.019241
0 0.739002 0.299343 0.409586 0.113879
1 0.568190 0.371670 0.063011 0.019730
2 0.644007 0.372864 0.076341 0.019940
3 0.811452 0.376126 0.237937 0.021235
3 0.747955 0.396381 0.348746 0.022980
3 0.747360 0.417626 0.348746 0.022980
3 0.746765 0.438871 0.348746 0.022980
3 0.746170 0.460117 0.348746 0.022980
3 0.682256 0.480365 0.222108 0.020986
0 0.735399 0.428065 0.410180 0.135124
1 0.574686 0.511803 0.083840 0.020058
2 0.663417 0.513201 0.081340 0.020018
3 0.822531 0.516331 0.216276 0.020894
3 0.728207 0.536101 0.317087 0.022481
0 0.732670 0.525544 0.407802 0.050143
1 0.562837 0.562878 0.063011 0.019730
2 0.636155 0.564033 0.071342 0.019861
3 0.801101 0.567255 0.237937 0.021235
3 0.742602 0.587589 0.348746 0.022980
3 0.742007 0.608834 0.348746 0.022980
3 0.746411 0.630158 0.358744 0.023137
0 0.730641 0.598028 0.408991 0.092633
1 0.549852 0.654569 0.042182 0.019402
2 0.613171 0.655566 0.072176 0.019874
3 0.791448 0.658998 0.263765 0.021642
3 0.676711 0.678446 0.222108 0.020986
0 0.728664 0.668637 0.407802 0.050143
1 0.569246 0.706136 0.083840 0.020058
2 0.641730 0.707277 0.048847 0.019507
3 0.800428 0.710401 0.247935 0.021393
3 0.738596 0.730682 0.348746 0.022980
3 0.738002 0.751927 0.348746 0.022980
3 0.737407 0.773173 0.348746 0.022980
3 0.736812 0.794418 0.348746 0.022980
3 0.625408 0.813918 0.127129 0.019490
0 0.726040 0.762366 0.410180 0.135124
1 0.554878 0.847190 0.063011 0.019730
2 0.628612 0.848352 0.072176 0.019874
3 0.730655 0.850583 0.111299 0.019241
0 0.723574 0.850472 0.407207 0.028897
1 0.564383 0.879847 0.083840 0.020058
2 0.636451 0.880982 0.048014 0.019494
3 0.710583 0.882775 0.079639 0.018742
0 0.722664 0.882965 0.407207 0.028897
