1 0.113938 0.081436 0.083581 0.019379
2 0.190600 0.082015 0.056916 0.019177
3 0.348501 0.083834 0.237723 0.019294
0 0.272254 0.083258 0.406948 0.025572
1 0.113526 0.112059 0.083581 0.019379
2 0.192689 0.112658 0.061915 0.019215
3 0.353089 0.114495 0.237723 0.019294
3 0.219893 0.134739 0.221891 0.019174
0 0.271700 0.124505 0.407234 0.046821
1 0.092056 0.159400 0.041916 0.019064
2 0.167885 0.159973 0.096914 0.019480
3 0.347868 0.161958 0.241890 0.019326
3 0.282585 0.182716 0.348551 0.020132
3 0.282300 0.203965 0.348551 0.020132
3 0.155354 0.224256 0.095230 0.018217
0 0.270777 0.193252 0.407805 0.089319
1 0.090754 0.256270 0.041916 0.019064
2 0.141585 0.256654 0.046916 0.019102
3 0.239071 0.258016 0.126895 0.018456
0 0.269903 0.258249 0.406948 0.025572
1 0.111234 0.282676 0.083581 0.019379
2 0.184980 0.283233 0.051083 0.019133
0 0.269550 0.284497 0.406948 0.025572
1 0.100347 0.317595 0.062749 0.019221
2 0.161594 0.318058 0.046916 0.019102
3 0.330327 0.319959 0.269388 0.019533
3 0.240879 0.340534 0.269388 0.019533
0 0.268937 0.330120 0.407234 0.046821
1 0.089242 0.368764 0.041916 0.019064
2 0.163822 0.369328 0.094414 0.019461
3 0.340471 0.371288 0.237723 0.019294
3 0.279772 0.392080 0.348551 0.020132
3 0.284486 0.413367 0.358550 0.020207
3 0.284201 0.434616 0.358550 0.020207
3 0.278916 0.455827 0.348551 0.020132
3 0.283630 0.477114 0.358550 0.020207
3 0.262512 0.498205 0.316886 0.019892
0 0.267535 0.434490 0.408661 0.153066
1 0.087067 0.530631 0.041916 0.019064
2 0.134565 0.530990 0.040250 0.019051
0 0.266217 0.532610 0.406948 0.025572
1 0.097089 0.560083 0.062749 0.019221
2 0.155003 0.560521 0.040250 0.019051
0 0.265822 0.561983 0.406948 0.025572
1 0.107077 0.592035 0.083581 0.019379
2 0.187073 0.592640 0.063582 0.019228
0 0.265394 0.593857 0.406948 0.025572
1 0.085858 0.620626 0.041916 0.019064
2 0.146688 0.621086 0.066915 0.019253
3 0.301672 0.622882 0.221891 0.019174
0 0.265007 0.622605 0.406948 0.025572
1 0.095863 0.651328 0.062749 0.019221
2 0.171276 0.651898 0.075248 0.019316
3 0.338342 0.653786 0.237723 0.019294
3 0.173065 0.673788 0.142728 0.018576
0 0.264453 0.663853 0.407234 0.046821
1 0.084809 0.698747 0.041916 0.019064
2 0.136889 0.699141 0.049416 0.019121
3 0.314788 0.701110 0.285221 0.019653
3 0.275338 0.722063 0.348551 0.020132
3 0.275053 0.743312 0.348551 0.020132
3 0.274767 0.764561 0.348551 0.020132
3 0.231984 0.785489 0.263555 0.019489
0 0.263387 0.743224 0.408090 0.110568
1 0.083272 0.813116 0.041916 0.019064
2 0.154518 0.813655 0.087747 0.019410
3 0.335751 0.815650 0.253556 0.019414
3 0.144225 0.835453 0.089397 0.018173
0 0.262278 0.825720 0.407234 0.046821
1 0.082634 0.860614 0.041916 0.019064
2 0.138464 0.861036 0.056916 0.019177
3 0.312197 0.862974 0.269388 0.019533
3 0.130671 0.882853 0.063565 0.017978
0 0.261640 0.873217 0.407234 0.046821
1 0.570164 0.084884 0.062749 0.019221
2 0.651827 0.085501 0.087747 0.019410
0 0.738897 0.086785 0.406948 0.025572
1 0.580186 0.114336 0.083581 0.019379
2 0.670181 0.115017 0.083581 0.019379
0 0.738503 0.116158 0.406948 0.025572
1 0.558967 0.142928 0.041916 0.019064
2 0.621047 0.143397 0.069415 0.019272
0 0.738116 0.144907 0.406948 0.025572
1 0.569014 0.170505 0.062749 0.019221
2 0.633594 0.170993 0.053583 0.019152
3 0.773995 0.172679 0.206058 0.019055
0 0.737747 0.172405 0.406948 0.025572
1 0.579077 0.196832 0.083581 0.019379
2 0.661157 0.197453 0.067748 0.019259
3 0.816557 0.199252 0.221891 0.019174
3 0.748775 0.219991 0.348551 0.020132
3 0.748489 0.241240 0.348551 0.020132
3 0.748204 0.262489 0.348551 0.020132
3 0.747918 0.283738 0.348551 0.020132
3 0.747633 0.304987 0.348551 0.020132
3 0.747347 0.326236 0.348551 0.020132
3 0.752061 0.347522 0.358550 0.020207
3 0.588451 0.367537 0.031900 0.017738
0 0.736252 0.283650 0.409232 0.195564
1 0.576390 0.396822 0.083581 0.019379
2 0.661803 0.397468 0.074415 0.019310
3 0.820536 0.399292 0.221891 0.019174
3 0.635260 0.419143 0.126895 0.018456
0 0.734564 0.409268 0.407234 0.046821
1 0.565269 0.449241 0.062749 0.019221
2 0.631515 0.449741 0.056916 0.019177
3 0.797332 0.451620 0.253556 0.019414
3 0.682052 0.471999 0.221891 0.019174
0 0.733859 0.461766 0.407234 0.046821
1 0.574921 0.506192 0.083581 0.019379
2 0.652417 0.506777 0.058582 0.019190
3 0.811150 0.508602 0.237723 0.019294
3 0.646706 0.528610 0.152727 0.018652
0 0.733095 0.518638 0.407234 0.046821
1 0.574274 0.554314 0.083581 0.019379
2 0.647604 0.554868 0.050249 0.019127
0 0.732591 0.556136 0.406948 0.025572
1 0.553055 0.582905 0.041916 0.019064
2 0.604303 0.583293 0.047750 0.019108
3 0.781369 0.585256 0.285221 0.019653
3 0.637757 0.605421 0.136895 0.018532
0 0.732062 0.595509 0.407234 0.046821
1 0.562724 0.638606 0.062749 0.019221
2 0.639387 0.639186 0.077748 0.019335
0 0.731457 0.640506 0.406948 0.025572
1 0.572762 0.666808 0.083581 0.019379
2 0.651508 0.667404 0.061082 0.019209
3 0.811492 0.669238 0.237723 0.019294
3 0.742460 0.689967 0.348551 0.020132
3 0.663012 0.710618 0.190225 0.018935
0 0.730794 0.689879 0.407519 0.068070
1 0.571755 0.741805 0.083581 0.019379
2 0.639251 0.742315 0.038583 0.019039
3 0.756320 0.743825 0.174393 0.018815
0 0.730072 0.743626 0.406948 0.025572
1 0.550536 0.770396 0.041916 0.019064
2 0.603450 0.770796 0.051083 0.019133
3 0.782183 0.772772 0.285221 0.019653
3 0.630238 0.792874 0.126895 0.018456
0 0.729543 0.782999 0.407234 0.046821
1 0.570688 0.821176 0.083581 0.019379
2 0.652351 0.821793 0.066915 0.019253
3 0.751921 0.823170 0.111063 0.018337
0 0.729005 0.822997 0.406948 0.025572
1 0.549461 0.850392 0.041916 0.019064
2 0.606958 0.850826 0.060249 0.019203
3 0.782358 0.852777 0.269388 0.019533
3 0.739991 0.873708 0.348551 0.020132
3 0.739706 0.894957 0.348551 0.020132
3 0.744420 0.916243 0.358550 0.020207
3 0.739134 0.937455 0.348551 0.020132
3 0.651770 0.958045 0.174393 0.018815
0 0.727897 0.905493 0.408376 0.131817
