1 0.210000 0.085938 0.138333 0.021875
0 0.266667 0.095312 0.400000 0.040625
1 0.179167 0.134063 0.076667 0.021875
0 0.266667 0.162188 0.400000 0.078125
1 0.140833 0.221562 0.046667 0.021875
0 0.266667 0.268437 0.400000 0.115625
1 0.226250 0.344687 0.124167 0.021875
0 0.266667 0.391562 0.400000 0.115625
1 0.217917 0.467187 0.107500 0.021875
0 0.266667 0.476562 0.400000 0.040625
1 0.175833 0.517188 0.070000 0.021875
0 0.266667 0.517188 0.400000 0.021875
1 0.170833 0.548438 0.106667 0.021875
0 0.266667 0.548438 0.400000 0.021875
1 0.184167 0.579063 0.086667 0.021875
0 0.266667 0.597812 0.400000 0.059375
1 0.199167 0.645312 0.070000 0.021875
0 0.266667 0.654687 0.400000 0.040625
1 0.177083 0.697187 0.072500 0.021875
0 0.266667 0.697187 0.400000 0.021875
1 0.192500 0.726562 0.056667 0.021875
0 0.266667 0.726562 0.400000 0.021875
1 0.175833 0.755313 0.070000 0.021875
0 0.266667 0.792813 0.400000 0.096875
1 0.162083 0.860938 0.089167 0.021875
0 0.266667 0.870313 0.400000 0.040625
1 0.214167 0.907813 0.100000 0.021875
0 0.266667 0.907813 0.400000 0.021875
1 0.695417 0.085938 0.129167 0.021875
0 0.733333 0.095312 0.400000 0.040625
1 0.619167 0.134063 0.070000 0.021875
0 0.733333 0.134063 0.400000 0.021875
1 0.640417 0.164687 0.065833 0.021875
0 0.733333 0.164687 0.400000 0.021875
1 0.676250 0.192812 0.137500 0.021875
0 0.733333 0.202187 0.400000 0.040625
1 0.641250 0.239687 0.067500 0.021875
0 0.733333 0.249062 0.400000 0.040625
1 0.678750 0.292187 0.095833 0.021875
0 0.733333 0.292187 0.400000 0.021875
1 0.685000 0.322813 0.108333 0.021875
0 0.733333 0.332188 0.400000 0.040625
1 0.625000 0.374063 0.081667 0.021875
0 0.733333 0.374063 0.400000 0.021875
1 0.611250 0.403438 0.054167 0.021875
0 0.733333 0.412813 0.400000 0.040625
1 0.670833 0.450937 0.080000 0.021875
0 0.733333 0.460313 0.400000 0.040625
1 0.665000 0.501563 0.115000 0.021875
0 0.733333 0.501563 0.400000 0.021875
1 0.713333 0.534687 0.165000 0.021875
0 0.733333 0.544063 0.400000 0.040625
1 0.647917 0.582812 0.080833 0.021875
0 0.733333 0.592187 0.400000 0.040625
1 0.681250 0.633437 0.147500 0.021875
0 0.733333 0.680312 0.400000 0.115625
1 0.664583 0.761563 0.067500 0.021875
0 0.733333 0.780312 0.400000 0.059375
1 0.667083 0.827187 0.072500 0.021875
0 0.733333 0.836562 0.400000 0.040625
1 0.660000 0.879687 0.151667 0.021875
0 0.733333 0.879687 0.400000 0.021875
1 0.642500 0.912188 0.070000 0.021875
0 0.733333 0.912188 0.400000 0.021875
