1 0.218750 0.085938 0.109167 0.021875
0 0.266667 0.132812 0.400000 0.115625
1 0.219167 0.210938 0.110000 0.021875
0 0.266667 0.229687 0.400000 0.059375
1 0.172083 0.282813 0.062500 0.021875
0 0.266667 0.310937 0.400000 0.078125
1 0.147500 0.373437 0.060000 0.021875
0 0.266667 0.373437 0.400000 0.021875
1 0.182500 0.401562 0.083333 0.021875
0 0.266667 0.410938 0.400000 0.040625
1 0.222917 0.449688 0.117500 0.021875
0 0.266667 0.505938 0.400000 0.134375
1 0.174583 0.590938 0.114167 0.021875
0 0.266667 0.590938 0.400000 0.021875
1 0.172083 0.624062 0.062500 0.021875
0 0.266667 0.670937 0.400000 0.115625
1 0.190833 0.747188 0.100000 0.021875
0 0.266667 0.775312 0.400000 0.078125
1 0.150833 0.834063 0.066667 0.021875
0 0.266667 0.843437 0.400000 0.040625
1 0.199167 0.880938 0.116667 0.021875
0 0.266667 0.890312 0.400000 0.040625
1 0.617917 0.085938 0.067500 0.021875
0 0.733333 0.123438 0.400000 0.096875
1 0.667083 0.193438 0.119167 0.021875
0 0.733333 0.202813 0.400000 0.040625
1 0.617500 0.244688 0.066667 0.021875
0 0.733333 0.282187 0.400000 0.096875
1 0.695417 0.351562 0.129167 0.021875
0 0.733333 0.351562 0.400000 0.021875
1 0.662917 0.384062 0.110833 0.021875
0 0.733333 0.384062 0.400000 0.021875
1 0.625000 0.417812 0.081667 0.021875
0 0.733333 0.417812 0.400000 0.021875
1 0.663333 0.448437 0.111667 0.021875
0 0.733333 0.476562 0.400000 0.078125
1 0.660000 0.539062 0.105000 0.021875
0 0.733333 0.539062 0.400000 0.021875
1 0.641250 0.568438 0.067500 0.021875
0 0.733333 0.568438 0.400000 0.021875
1 0.687083 0.602812 0.112500 0.021875
0 0.733333 0.602812 0.400000 0.021875
1 0.647083 0.633437 0.125833 0.021875
0 0.733333 0.680312 0.400000 0.115625
1 0.667083 0.757812 0.119167 0.021875
0 0.733333 0.767188 0.400000 0.040625
1 0.663333 0.809688 0.111667 0.021875
0 0.733333 0.819063 0.400000 0.040625
1 0.638750 0.862812 0.109167 0.021875
0 0.733333 0.928438 0.400000 0.153125
