0 0.26666666666666666 0.1325 0.4 0.115
0 0.26666666666666666 0.229375 0.4 0.04375
0 0.26666666666666666 0.290625 0.4 0.04375
0 0.26666666666666666 0.351875 0.4 0.04375
0 0.26666666666666666 0.425 0.4 0.0675
0 0.26666666666666666 0.498125 0.4 0.04375
0 0.26666666666666666 0.595 0.4 0.115
0 0.26666666666666666 0.739375 0.4 0.13875
0 0.26666666666666666 0.83625 0.4 0.02
0 0.26666666666666666 0.909375 0.4 0.09125
0 0.7333333333333333 0.096875 0.4 0.04375
0 0.7333333333333333 0.19375 0.4 0.115
0 0.7333333333333333 0.32625 0.4 0.115
0 0.7333333333333333 0.435 0.4 0.0675
0 0.7333333333333333 0.531875 0.4 0.09125
0 0.7333333333333333 0.616875 0.4 0.04375
0 0.7333333333333333 0.701875 0.4 0.09125
0 0.7333333333333333 0.775 0.4 0.02
0 0.7333333333333333 0.824375 0.4 0.04375
0 0.7333333333333333 0.885625 0.4 0.04375
