0 0.26666666666666666 0.10875 0.4 0.0675
0 0.26666666666666666 0.19375 0.4 0.0675
0 0.26666666666666666 0.266875 0.4 0.04375
0 0.26666666666666666 0.375625 0.4 0.13875
0 0.26666666666666666 0.484375 0.4 0.04375
0 0.26666666666666666 0.53375 0.4 0.02
0 0.26666666666666666 0.583125 0.4 0.04375
0 0.26666666666666666 0.6325 0.4 0.02
0 0.26666666666666666 0.69375 0.4 0.0675
0 0.26666666666666666 0.8025 0.4 0.115
0 0.26666666666666666 0.946875 0.4 0.13875
0 0.7333333333333333 0.096875 0.4 0.04375
0 0.7333333333333333 0.181875 0.4 0.09125
0 0.7333333333333333 0.266875 0.4 0.04375
0 0.7333333333333333 0.351875 0.4 0.09125
0 0.7333333333333333 0.460625 0.4 0.09125
0 0.7333333333333333 0.545625 0.4 0.04375
0 0.7333333333333333 0.606875 0.4 0.04375
0 0.7333333333333333 0.668125 0.4 0.04375
0 0.7333333333333333 0.753125 0.4 0.09125
0 0.7333333333333333 0.838125 0.4 0.04375
0 0.7333333333333333 0.899375 0.4 0.04375
