0 0.100062 0.077525 0.042218 0.019448
1 0.169211 0.078691 0.083874 0.020150
0 0.119972 0.108494 0.083874 0.020150
1 0.194120 0.109744 0.052216 0.019616
2 0.349479 0.112989 0.237965 0.021500
2 0.178468 0.131361 0.127159 0.019631
0 0.118398 0.160981 0.083874 0.020150
1 0.192130 0.162224 0.051382 0.019602
2 0.347072 0.165462 0.237965 0.021500
2 0.287700 0.185716 0.348770 0.023368
2 0.207916 0.205626 0.190477 0.020699
0 0.095435 0.231861 0.042218 0.019448
1 0.158752 0.232929 0.072211 0.019954
2 0.339938 0.236610 0.269623 0.022034
2 0.151015 0.254679 0.079671 0.018830
0 0.093880 0.283723 0.042218 0.019448
1 0.160113 0.284840 0.078042 0.020052
2 0.336300 0.288437 0.253794 0.021767
2 0.289008 0.308894 0.358767 0.023537
2 0.288371 0.330139 0.358767 0.023537
2 0.282735 0.351299 0.348770 0.023368
2 0.282099 0.372544 0.348770 0.023368
2 0.146912 0.391520 0.079671 0.018830
0 0.110512 0.424039 0.083874 0.020150
1 0.188409 0.425353 0.059714 0.019743
2 0.331687 0.428394 0.206306 0.020966
0 0.099142 0.455730 0.063046 0.019799
1 0.170374 0.456932 0.067212 0.019869
2 0.298656 0.459720 0.168815 0.020334
0 0.098112 0.490097 0.063046 0.019799
1 0.163512 0.491200 0.055548 0.019673
2 0.328452 0.494606 0.253794 0.021767
2 0.167022 0.513139 0.127159 0.019631
0 0.106934 0.543384 0.083874 0.020150
1 0.194412 0.544859 0.078876 0.020066
2 0.347271 0.548062 0.206306 0.020966
2 0.276235 0.568120 0.348770 0.023368
2 0.275598 0.589364 0.348770 0.023368
2 0.274961 0.610609 0.348770 0.023368
2 0.274324 0.631853 0.348770 0.023368
2 0.273687 0.653098 0.348770 0.023368
2 0.193904 0.673008 0.190477 0.020699
0 0.091911 0.696919 0.063046 0.019799
1 0.148147 0.697868 0.037219 0.019363
2 0.311837 0.701253 0.269623 0.022034
2 0.271627 0.721831 0.348770 0.023368
2 0.270990 0.743075 0.348770 0.023368
2 0.275352 0.764404 0.358767 0.023537
2 0.274715 0.785649 0.358767 0.023537
2 0.102871 0.804006 0.016354 0.017763
0 0.087715 0.836884 0.063046 0.019799
1 0.150199 0.837938 0.049716 0.019574
2 0.320138 0.841429 0.269623 0.022034
2 0.272429 0.861880 0.358767 0.023537
2 0.148074 0.881038 0.111330 0.019364
0 0.577025 0.085569 0.063046 0.019799
1 0.636593 0.086573 0.043884 0.019476
2 0.803615 0.090015 0.269623 0.022034
2 0.756740 0.110480 0.348770 0.023368
2 0.756103 0.131725 0.348770 0.023368
2 0.755466 0.152969 0.348770 0.023368
2 0.672767 0.172830 0.184645 0.020601
0 0.583936 0.202590 0.083874 0.020150
1 0.658917 0.203854 0.053882 0.019644
2 0.815108 0.207114 0.237965 0.021500
2 0.753237 0.227326 0.348770 0.023368
2 0.752600 0.248570 0.348770 0.023368
2 0.751963 0.269815 0.348770 0.023368
2 0.751326 0.291060 0.348770 0.023368
2 0.671543 0.310969 0.190477 0.020699
0 0.558911 0.342203 0.042218 0.019448
1 0.627644 0.343362 0.083041 0.020136
0 0.568351 0.374871 0.063046 0.019799
1 0.647914 0.376213 0.083874 0.020150
2 0.811188 0.379591 0.222135 0.021233
2 0.668920 0.398447 0.190477 0.020699
0 0.556457 0.424058 0.042218 0.019448
1 0.611027 0.424978 0.054715 0.019659
2 0.791379 0.428645 0.285453 0.022301
2 0.746587 0.449145 0.348770 0.023368
2 0.745950 0.470389 0.348770 0.023368
2 0.658251 0.490166 0.174647 0.020432
0 0.553554 0.520908 0.042218 0.019448
1 0.613538 0.521920 0.065546 0.019841
0 0.562993 0.553576 0.063046 0.019799
1 0.622562 0.554580 0.043884 0.019476
2 0.786668 0.557973 0.263791 0.021935
2 0.592330 0.575951 0.048013 0.018296
0 0.561476 0.604188 0.063046 0.019799
1 0.620211 0.605178 0.042218 0.019448
2 0.786400 0.608606 0.269623 0.022034
2 0.590813 0.626563 0.048013 0.018296
0 0.570354 0.655600 0.083874 0.020150
1 0.644085 0.656844 0.051382 0.019602
0 0.548496 0.689616 0.042218 0.019448
1 0.617228 0.690775 0.083041 0.020136
0 0.547540 0.721482 0.042218 0.019448
1 0.604193 0.722438 0.058881 0.019729
2 0.778713 0.726006 0.269623 0.022034
2 0.618950 0.744567 0.111330 0.019364
0 0.545910 0.775844 0.042218 0.019448
1 0.601313 0.776778 0.056381 0.019687
2 0.782499 0.780459 0.285453 0.022301
2 0.741039 0.801015 0.358767 0.023537
2 0.740402 0.822260 0.358767 0.023537
2 0.734766 0.843420 0.348770 0.023368
2 0.734129 0.864665 0.348770 0.023368
2 0.733492 0.885909 0.348770 0.023368
2 0.693282 0.906486 0.269623 0.022034
