1 0.117158 0.079776 0.083719 0.019737
2 0.211729 0.080899 0.092884 0.019846
0 0.275458 0.082281 0.407091 0.027327
1 0.105990 0.115272 0.062888 0.019490
2 0.180148 0.116153 0.072887 0.019609
3 0.345947 0.118748 0.237840 0.020318
3 0.127609 0.137407 0.032032 0.017874
0 0.274482 0.128525 0.407539 0.048574
1 0.094453 0.168267 0.042057 0.019242
2 0.145697 0.168876 0.047890 0.019312
3 0.322745 0.171604 0.285334 0.020883
3 0.284801 0.192406 0.348659 0.021635
3 0.284352 0.213653 0.348659 0.021635
3 0.133506 0.233114 0.047864 0.018062
0 0.272911 0.202891 0.408437 0.091069
1 0.092513 0.260130 0.042057 0.019242
2 0.145007 0.260754 0.050390 0.019341
3 0.323305 0.263497 0.285334 0.020883
3 0.156210 0.282765 0.095358 0.018626
0 0.271420 0.273507 0.407539 0.048574
1 0.091365 0.314499 0.042057 0.019242
2 0.159690 0.315310 0.082052 0.019718
3 0.337988 0.318053 0.253671 0.020506
3 0.123399 0.336757 0.032032 0.017874
0 0.270272 0.327875 0.407539 0.048574
1 0.111180 0.362865 0.083719 0.019737
2 0.183254 0.363721 0.047890 0.019312
3 0.336555 0.366167 0.237840 0.020318
3 0.280697 0.386756 0.348659 0.021635
3 0.280248 0.408004 0.348659 0.021635
3 0.279799 0.429251 0.348659 0.021635
3 0.239772 0.450028 0.269502 0.020695
0 0.268583 0.407865 0.408885 0.112316
1 0.087974 0.475103 0.042057 0.019242
2 0.146717 0.475801 0.062888 0.019490
3 0.323348 0.478524 0.269502 0.020695
3 0.172501 0.497985 0.137019 0.019121
0 0.266881 0.488480 0.407539 0.048574
1 0.107749 0.525345 0.083719 0.019737
2 0.189822 0.526320 0.067887 0.019549
0 0.266049 0.527850 0.407091 0.027327
1 0.107142 0.554091 0.083719 0.019737
2 0.197131 0.555160 0.083719 0.019737
3 0.352515 0.557631 0.206177 0.019942
3 0.276659 0.577982 0.348659 0.021635
3 0.276210 0.599230 0.348659 0.021635
3 0.275762 0.620477 0.348659 0.021635
3 0.275313 0.641724 0.348659 0.021635
3 0.274864 0.662972 0.348659 0.021635
3 0.187343 0.683185 0.174514 0.019566
0 0.264096 0.620338 0.409783 0.154811
1 0.103724 0.715946 0.083719 0.019737
2 0.177048 0.716817 0.050390 0.019341
3 0.331599 0.719277 0.237840 0.020318
3 0.273241 0.739837 0.348659 0.021635
3 0.272792 0.761084 0.348659 0.021635
3 0.272344 0.782332 0.348659 0.021635
3 0.184823 0.802545 0.174514 0.019566
0 0.261127 0.760946 0.408885 0.112316
1 0.090802 0.834557 0.062888 0.019490
2 0.150794 0.835270 0.044557 0.019272
3 0.315344 0.837849 0.263670 0.020625
3 0.254902 0.858384 0.316996 0.021259
0 0.259293 0.847810 0.407539 0.048574
1 0.100201 0.882800 0.083719 0.019737
2 0.181024 0.883760 0.065388 0.019520
0 0.258501 0.885305 0.407091 0.027327
1 0.583766 0.085318 0.083719 0.019737
2 0.658340 0.086204 0.052889 0.019371
3 0.806225 0.088585 0.222008 0.020130
0 0.742066 0.087823 0.407091 0.027327
1 0.562341 0.113192 0.042057 0.019242
2 0.609835 0.113756 0.040391 0.019223
0 0.741472 0.115945 0.407091 0.027327
1 0.572071 0.145812 0.062888 0.019490
2 0.642478 0.146648 0.065388 0.019520
3 0.812444 0.149292 0.253671 0.020506
3 0.617436 0.168228 0.079526 0.018438
0 0.740562 0.159064 0.407539 0.048574
1 0.581417 0.196554 0.083719 0.019737
2 0.662657 0.197519 0.066221 0.019530
3 0.817208 0.199980 0.222008 0.020130
3 0.592620 0.218565 0.032032 0.017874
0 0.739493 0.209683 0.407539 0.048574
1 0.580348 0.247173 0.083719 0.019737
2 0.673253 0.248276 0.089551 0.019807
0 0.738648 0.249678 0.407091 0.027327
1 0.558818 0.280046 0.042057 0.019242
2 0.620060 0.280773 0.067887 0.019549
0 0.737949 0.282799 0.407091 0.027327
1 0.579042 0.309040 0.083719 0.019737
2 0.665281 0.310064 0.076220 0.019648
3 0.824831 0.312584 0.222008 0.020130
3 0.621908 0.331427 0.095358 0.018626
0 0.737118 0.322169 0.407539 0.048574
1 0.557089 0.361911 0.042057 0.019242
2 0.618748 0.362643 0.068721 0.019559
3 0.782465 0.365213 0.237840 0.020318
0 0.736220 0.364663 0.407091 0.027327
1 0.566885 0.391406 0.062888 0.019490
2 0.630627 0.392163 0.052056 0.019361
0 0.735600 0.394035 0.407091 0.027327
1 0.576666 0.421526 0.083719 0.019737
2 0.667905 0.422609 0.086218 0.019767
3 0.824539 0.425095 0.206177 0.019942
3 0.722436 0.445135 0.301165 0.021071
0 0.734742 0.434655 0.407539 0.048574
1 0.554635 0.478146 0.042057 0.019242
2 0.612961 0.478839 0.062055 0.019480
3 0.765429 0.481275 0.222008 0.020130
0 0.733766 0.480899 0.407091 0.027327
1 0.554015 0.507517 0.042057 0.019242
2 0.629422 0.508413 0.096217 0.019886
3 0.806886 0.511146 0.237840 0.020318
3 0.688953 0.530998 0.237840 0.020318
0 0.732921 0.520894 0.407539 0.048574
1 0.552972 0.556886 0.042057 0.019242
2 0.609215 0.557554 0.057889 0.019431
3 0.767515 0.560060 0.237840 0.020318
0 0.732103 0.559639 0.407091 0.027327
1 0.562781 0.585756 0.062888 0.019490
2 0.632355 0.586583 0.063721 0.019500
3 0.777740 0.588935 0.206177 0.019942
0 0.731496 0.588385 0.407091 0.027327
1 0.572642 0.612127 0.083719 0.019737
2 0.640550 0.612933 0.039558 0.019213
3 0.797600 0.615424 0.253671 0.020506
3 0.647170 0.634890 0.158683 0.019378
0 0.730718 0.625256 0.407539 0.048574
1 0.561157 0.662622 0.062888 0.019490
2 0.624483 0.663374 0.051223 0.019351
3 0.795282 0.666028 0.269502 0.020695
3 0.741090 0.686637 0.348659 0.021635
3 0.740641 0.707884 0.348659 0.021635
3 0.740192 0.729131 0.348659 0.021635
3 0.589346 0.748592 0.047864 0.018062
0 0.728976 0.707745 0.408885 0.112316
1 0.548235 0.781233 0.042057 0.019242
2 0.608644 0.781951 0.066221 0.019530
0 0.727366 0.783986 0.407091 0.027327
1 0.568419 0.812102 0.083719 0.019737
2 0.642576 0.812983 0.052056 0.019361
3 0.797960 0.815453 0.237840 0.020318
3 0.737936 0.835993 0.348659 0.021635
3 0.737487 0.857240 0.348659 0.021635
3 0.737038 0.878488 0.348659 0.021635
3 0.741589 0.899794 0.358658 0.021754
3 0.696563 0.920512 0.269502 0.020695
0 0.725598 0.867725 0.409334 0.133564
