1 0.206667 0.085938 0.085000 0.021875
0 0.266667 0.095312 0.400000 0.040625
1 0.229167 0.137813 0.130000 0.021875
0 0.266667 0.184688 0.400000 0.115625
1 0.236250 0.259688 0.144167 0.021875
0 0.266667 0.269062 0.400000 0.040625
1 0.204167 0.307188 0.126667 0.021875
0 0.266667 0.307188 0.400000 0.021875
1 0.153750 0.340938 0.072500 0.021875
0 0.266667 0.340938 0.400000 0.021875
1 0.216250 0.369688 0.104167 0.021875
0 0.266667 0.425938 0.400000 0.134375
1 0.174167 0.514062 0.113333 0.021875
0 0.266667 0.570312 0.400000 0.134375
1 0.194167 0.654687 0.060000 0.021875
0 0.266667 0.682813 0.400000 0.078125
1 0.195417 0.745313 0.062500 0.021875
0 0.266667 0.745313 0.400000 0.021875
1 0.204583 0.777813 0.127500 0.021875
0 0.266667 0.805937 0.400000 0.078125
1 0.176250 0.865938 0.117500 0.021875
0 0.266667 0.865938 0.400000 0.021875
1 0.203333 0.894687 0.125000 0.021875
0 0.266667 0.922813 0.400000 0.078125
1 0.683333 0.085938 0.105000 0.021875
0 0.733333 0.123438 0.400000 0.096875
1 0.667083 0.189062 0.119167 0.021875
0 0.733333 0.198437 0.400000 0.040625
1 0.640417 0.239687 0.065833 0.021875
0 0.733333 0.305312 0.400000 0.153125
1 0.645000 0.402813 0.075000 0.021875
0 0.733333 0.477812 0.400000 0.171875
1 0.652917 0.583438 0.090833 0.021875
0 0.733333 0.592812 0.400000 0.040625
1 0.627917 0.633437 0.087500 0.021875
0 0.733333 0.633437 0.400000 0.021875
1 0.618750 0.662813 0.069167 0.021875
0 0.733333 0.672188 0.400000 0.040625
1 0.660833 0.711562 0.060000 0.021875
0 0.733333 0.711562 0.400000 0.021875
1 0.649167 0.741563 0.083333 0.021875
0 0.733333 0.779062 0.400000 0.096875
1 0.615000 0.847187 0.061667 0.021875
0 0.733333 0.847187 0.400000 0.021875
1 0.632500 0.881563 0.096667 0.021875
0 0.733333 0.890938 0.400000 0.040625
