1 0.088538 0.089571 0.062917 0.019546
2 0.153529 0.088740 0.054585 0.019439
3 0.318102 0.087263 0.253694 0.020733
3 0.269425 0.109138 0.348680 0.021946
3 0.269908 0.130385 0.348680 0.021946
3 0.270390 0.151632 0.348680 0.021946
3 0.275872 0.172815 0.358679 0.022074
3 0.184285 0.195238 0.174539 0.019722
0 0.258484 0.141158 0.409531 0.133925
1 0.102160 0.230667 0.083747 0.019812
2 0.185482 0.229603 0.070416 0.019641
3 0.310478 0.228631 0.158708 0.019520
0 0.260485 0.229270 0.407119 0.027691
1 0.082068 0.263428 0.042086 0.019279
2 0.135394 0.262747 0.052085 0.019407
0 0.261223 0.261765 0.407119 0.027691
1 0.103551 0.291908 0.083747 0.019812
2 0.187706 0.290833 0.072082 0.019663
3 0.345197 0.289447 0.222032 0.020328
3 0.131544 0.313429 0.063721 0.018306
0 0.262117 0.301134 0.407601 0.048937
1 0.104743 0.344400 0.083747 0.019812
2 0.172650 0.343533 0.039587 0.019248
3 0.329725 0.342152 0.253694 0.020733
3 0.196060 0.365112 0.190370 0.019924
0 0.263309 0.353627 0.407601 0.048937
1 0.105822 0.391894 0.083747 0.019812
2 0.177061 0.390984 0.046252 0.019333
3 0.337469 0.389560 0.253694 0.020733
3 0.276294 0.411594 0.348680 0.021946
3 0.181790 0.434054 0.158708 0.019520
0 0.264629 0.411743 0.408084 0.070184
1 0.086694 0.467149 0.042086 0.019279
2 0.143769 0.466420 0.059584 0.019503
3 0.323757 0.464746 0.279524 0.021063
3 0.277997 0.486583 0.348680 0.021946
3 0.278479 0.507830 0.348680 0.021946
3 0.278961 0.529077 0.348680 0.021946
3 0.279444 0.550324 0.348680 0.021946
3 0.137447 0.573391 0.063721 0.018306
0 0.267055 0.518603 0.409531 0.133925
1 0.100288 0.606995 0.062917 0.019546
2 0.164445 0.606176 0.052918 0.019418
3 0.309439 0.604949 0.216199 0.020254
0 0.269028 0.605465 0.407119 0.027691
1 0.101012 0.638866 0.062917 0.019546
2 0.175584 0.637913 0.073748 0.019684
3 0.341824 0.636415 0.237863 0.020531
3 0.226490 0.659141 0.237863 0.020531
0 0.269993 0.647959 0.407601 0.048937
1 0.091732 0.688992 0.042086 0.019279
2 0.150473 0.688241 0.062917 0.019546
3 0.327129 0.686610 0.269525 0.020935
3 0.285117 0.708400 0.352846 0.021999
3 0.283517 0.729673 0.348680 0.021946
3 0.283999 0.750920 0.348680 0.021946
3 0.289481 0.772103 0.358679 0.022074
3 0.250386 0.793856 0.279524 0.021063
0 0.272093 0.740446 0.409531 0.133925
1 0.094840 0.825847 0.042086 0.019279
2 0.158580 0.825033 0.072915 0.019673
3 0.332319 0.823438 0.253694 0.020733
3 0.188239 0.846532 0.152875 0.019445
0 0.274236 0.834807 0.407601 0.048937
1 0.106404 0.876331 0.062917 0.019546
2 0.164729 0.875586 0.041253 0.019269
3 0.330553 0.874093 0.269525 0.020935
3 0.184390 0.897213 0.142877 0.019317
0 0.275385 0.885425 0.407601 0.048937
1 0.555137 0.083610 0.062917 0.019546
2 0.630543 0.082647 0.075415 0.019705
3 0.797616 0.081138 0.237863 0.020531
3 0.736024 0.103178 0.348680 0.021946
3 0.704845 0.124829 0.285356 0.021137
0 0.724359 0.103327 0.408084 0.070184
1 0.567184 0.155342 0.083747 0.019812
2 0.641757 0.154389 0.052918 0.019418
3 0.797582 0.153024 0.237863 0.020531
3 0.737656 0.175043 0.348680 0.021946
3 0.738139 0.196290 0.348680 0.021946
3 0.738621 0.217536 0.348680 0.021946
3 0.744103 0.238720 0.358679 0.022074
3 0.581276 0.262052 0.032059 0.017902
0 0.726715 0.207062 0.409531 0.133925
1 0.555280 0.291764 0.053751 0.019428
2 0.616105 0.290987 0.055418 0.019450
3 0.789010 0.289403 0.269525 0.020935
3 0.598271 0.313093 0.063721 0.018306
0 0.728844 0.300798 0.407601 0.048937
1 0.571569 0.348439 0.083747 0.019812
2 0.653641 0.347391 0.067916 0.019609
3 0.753640 0.346738 0.111215 0.018913
0 0.729894 0.347042 0.407119 0.027691
1 0.572364 0.383434 0.083747 0.019812
2 0.654019 0.382391 0.067083 0.019599
3 0.809010 0.381036 0.222032 0.020328
3 0.742836 0.403135 0.348680 0.021946
3 0.743318 0.424381 0.348680 0.021946
3 0.743801 0.445628 0.348680 0.021946
3 0.744283 0.466875 0.348680 0.021946
3 0.699356 0.488702 0.257860 0.020786
0 0.731895 0.435154 0.409531 0.133925
1 0.554585 0.518055 0.042086 0.019279
2 0.614992 0.517284 0.066250 0.019588
3 0.793314 0.515631 0.269525 0.020935
3 0.745887 0.537490 0.348680 0.021946
3 0.751369 0.558673 0.358679 0.022074
3 0.746852 0.579984 0.348680 0.021946
3 0.625685 0.602785 0.105382 0.018838
0 0.734704 0.558886 0.409048 0.112678
1 0.577941 0.629023 0.083747 0.019812
2 0.660845 0.627964 0.069582 0.019631
3 0.817087 0.626594 0.222032 0.020328
3 0.621765 0.650342 0.095384 0.018711
0 0.736507 0.638249 0.407601 0.048937
1 0.579190 0.684015 0.083747 0.019812
2 0.662927 0.682946 0.071249 0.019652
3 0.788340 0.681969 0.158708 0.019520
0 0.737514 0.682618 0.407119 0.027691
1 0.569484 0.715394 0.062917 0.019546
2 0.634891 0.714558 0.055418 0.019450
0 0.738224 0.713864 0.407119 0.027691
1 0.570279 0.750389 0.062917 0.019546
2 0.643185 0.749457 0.070416 0.019641
3 0.799843 0.748082 0.222032 0.020328
0 0.739018 0.748858 0.407119 0.027691
1 0.581432 0.782751 0.083747 0.019812
2 0.673918 0.781570 0.088746 0.019875
3 0.815995 0.780380 0.174539 0.019722
0 0.739756 0.781354 0.407119 0.027691
1 0.561212 0.809888 0.042086 0.019279
2 0.612038 0.809239 0.047086 0.019343
0 0.740366 0.808225 0.407119 0.027691
1 0.561850 0.838009 0.042086 0.019279
2 0.620592 0.837259 0.062917 0.019546
3 0.797247 0.835627 0.269525 0.020935
3 0.753152 0.857444 0.348680 0.021946
3 0.753635 0.878691 0.348680 0.021946
3 0.754117 0.899938 0.348680 0.021946
3 0.754600 0.921184 0.348680 0.021946
3 0.755082 0.942431 0.348680 0.021946
0 0.742211 0.889463 0.409531 0.133925
