1 0.218750 0.085938 0.109167 0.021875
0 0.266667 0.123438 0.400000 0.096875
1 0.173333 0.195312 0.065000 0.021875
0 0.266667 0.270313 0.400000 0.171875
1 0.192083 0.377812 0.102500 0.021875
0 0.266667 0.434063 0.400000 0.134375
1 0.150833 0.520312 0.066667 0.021875
0 0.266667 0.520312 0.400000 0.021875
1 0.205000 0.549687 0.081667 0.021875
0 0.266667 0.596562 0.400000 0.115625
1 0.222500 0.671562 0.116667 0.021875
0 0.266667 0.671562 0.400000 0.021875
1 0.197500 0.700937 0.113333 0.021875
0 0.266667 0.710313 0.400000 0.040625
1 0.185417 0.752188 0.135833 0.021875
0 0.266667 0.817813 0.400000 0.153125
1 0.173333 0.911563 0.065000 0.021875
0 0.266667 0.958438 0.400000 0.115625
1 0.665833 0.085938 0.116667 0.021875
0 0.733333 0.095312 0.400000 0.040625
1 0.660833 0.137813 0.106667 0.021875
0 0.733333 0.147187 0.400000 0.040625
1 0.640833 0.189688 0.066667 0.021875
0 0.733333 0.236563 0.400000 0.115625
1 0.634167 0.317812 0.100000 0.021875
0 0.733333 0.317812 0.400000 0.021875
1 0.614167 0.349687 0.060000 0.021875
0 0.733333 0.349687 0.400000 0.021875
1 0.659167 0.380937 0.056667 0.021875
0 0.733333 0.380937 0.400000 0.021875
1 0.669167 0.409062 0.076667 0.021875
0 0.733333 0.409062 0.400000 0.021875
1 0.667500 0.442188 0.120000 0.021875
0 0.733333 0.442188 0.400000 0.021875
1 0.680833 0.472187 0.146667 0.021875
0 0.733333 0.509687 0.400000 0.096875
1 0.632500 0.580313 0.096667 0.021875
0 0.733333 0.589688 0.400000 0.040625
1 0.688750 0.632812 0.115833 0.021875
0 0.733333 0.642188 0.400000 0.040625
1 0.671250 0.682187 0.174167 0.021875
0 0.733333 0.691562 0.400000 0.040625
1 0.662083 0.730938 0.062500 0.021875
0 0.733333 0.730938 0.400000 0.021875
1 0.677083 0.764687 0.092500 0.021875
0 0.733333 0.783438 0.400000 0.059375
1 0.658333 0.832812 0.101667 0.021875
0 0.733333 0.832812 0.400000 0.021875
1 0.696250 0.866563 0.130833 0.021875
0 0.733333 0.875938 0.400000 0.040625
