0 0.115207 0.075268 0.063242 0.020187
1 0.183924 0.076859 0.062409 0.020168
2 0.344238 0.081196 0.238107 0.022988
0 0.103664 0.102514 0.042418 0.019705
1 0.165301 0.103941 0.069072 0.020322
2 0.344773 0.108722 0.269758 0.023720
2 0.295588 0.128843 0.353052 0.025649
2 0.276806 0.149668 0.317236 0.024820
0 0.121427 0.177336 0.084065 0.020669
1 0.194726 0.179033 0.050748 0.019898
2 0.333384 0.182868 0.206455 0.022255
0 0.120090 0.209820 0.084065 0.020669
1 0.211713 0.211942 0.087397 0.020747
2 0.368696 0.216201 0.206455 0.022255
2 0.289109 0.235619 0.348887 0.025552
2 0.288235 0.256859 0.348887 0.025552
2 0.287361 0.278099 0.348887 0.025552
2 0.286487 0.299339 0.348887 0.025552
2 0.222309 0.319113 0.222281 0.022621
0 0.114434 0.347255 0.084065 0.020669
1 0.200643 0.349251 0.076569 0.020496
2 0.349296 0.353318 0.200625 0.022120
0 0.087718 0.378527 0.033256 0.019493
1 0.137277 0.379674 0.054079 0.019975
2 0.317166 0.384464 0.285584 0.024087
2 0.282141 0.404913 0.348887 0.025552
2 0.281267 0.426153 0.348887 0.025552
2 0.280393 0.447393 0.348887 0.025552
2 0.137087 0.465335 0.064023 0.018957
0 0.108237 0.497808 0.084065 0.020669
1 0.186117 0.499611 0.059910 0.020110
2 0.345182 0.503919 0.238107 0.022988
2 0.126911 0.520126 0.048197 0.018591
0 0.095794 0.546919 0.063242 0.020187
1 0.163678 0.548490 0.060743 0.020130
2 0.283596 0.551892 0.158978 0.021156
0 0.094457 0.579403 0.063242 0.020187
1 0.156094 0.580830 0.048249 0.019840
2 0.325155 0.585370 0.269758 0.023720
2 0.115630 0.601779 0.032372 0.018224
0 0.102760 0.630870 0.084065 0.020669
1 0.191052 0.632914 0.080733 0.020592
2 0.344703 0.637097 0.206455 0.022255
2 0.168912 0.654287 0.143152 0.020789
0 0.100678 0.681471 0.084065 0.020669
1 0.180640 0.683322 0.064075 0.020207
2 0.333874 0.687495 0.222281 0.022621
2 0.119352 0.703789 0.048197 0.018591
0 0.098466 0.735195 0.084065 0.020669
1 0.170515 0.736863 0.048249 0.019840
0 0.097335 0.762682 0.084065 0.020669
1 0.168968 0.764340 0.047416 0.019821
2 0.321786 0.768504 0.238107 0.022988
2 0.108096 0.784817 0.032372 0.018224
0 0.074198 0.818423 0.042418 0.019705
1 0.128755 0.819686 0.054912 0.019995
2 0.306145 0.824418 0.279754 0.023952
2 0.264040 0.844704 0.348887 0.025552
2 0.263166 0.865944 0.348887 0.025552
2 0.267289 0.887299 0.358883 0.025784
2 0.261417 0.908423 0.348887 0.025552
2 0.260543 0.929663 0.348887 0.025552
2 0.204279 0.949621 0.238107 0.022988
0 0.592063 0.086308 0.084065 0.020669
1 0.673691 0.088198 0.067406 0.020284
2 0.828591 0.092410 0.222281 0.022621
2 0.761082 0.112107 0.348887 0.025552
2 0.760208 0.133347 0.348887 0.025552
2 0.743508 0.154220 0.317236 0.024820
0 0.567228 0.183280 0.042418 0.019705
1 0.620953 0.184524 0.053246 0.019956
2 0.800425 0.189304 0.285584 0.024087
2 0.733332 0.209011 0.301410 0.024453
0 0.565248 0.231382 0.042418 0.019705
1 0.633966 0.232973 0.083232 0.020650
0 0.574400 0.262233 0.063242 0.020187
1 0.631873 0.263564 0.039919 0.019647
0 0.583706 0.289337 0.084065 0.020669
1 0.656588 0.291024 0.049915 0.019879
2 0.810656 0.295216 0.238107 0.022988
2 0.618206 0.312021 0.079849 0.019324
0 0.571161 0.340946 0.063242 0.020187
1 0.646541 0.342691 0.075736 0.020477
2 0.805607 0.346999 0.222281 0.022621
0 0.580261 0.373047 0.084065 0.020669
1 0.654392 0.374763 0.052413 0.019937
2 0.809709 0.378984 0.238107 0.022988
2 0.749280 0.398845 0.348887 0.025552
2 0.748406 0.420085 0.348887 0.025552
2 0.684229 0.439860 0.222281 0.022621
0 0.576507 0.464253 0.084065 0.020669
1 0.653554 0.466037 0.058244 0.020072
2 0.780134 0.469593 0.174804 0.021522
0 0.554244 0.498755 0.042418 0.019705
1 0.611300 0.500076 0.059910 0.020110
2 0.786191 0.504750 0.269758 0.023720
2 0.744086 0.525035 0.348887 0.025552
2 0.640344 0.543894 0.143152 0.020789
0 0.551055 0.576218 0.042418 0.019705
1 0.609361 0.577568 0.062409 0.020168
2 0.785501 0.582271 0.269758 0.023720
2 0.740898 0.602498 0.348887 0.025552
2 0.740024 0.623738 0.348887 0.025552
2 0.739150 0.644978 0.348887 0.025552
2 0.738275 0.666218 0.348887 0.025552
2 0.579143 0.683794 0.032372 0.018224
0 0.555759 0.715143 0.063242 0.020187
1 0.635721 0.716994 0.084898 0.020689
2 0.775629 0.720858 0.174804 0.021522
0 0.564782 0.749118 0.084065 0.020669
1 0.646827 0.751017 0.068239 0.020303
2 0.802144 0.755238 0.222281 0.022621
2 0.733801 0.774916 0.348887 0.025552
2 0.732927 0.796156 0.348887 0.025552
2 0.737051 0.817512 0.358883 0.025784
2 0.683701 0.837537 0.253933 0.023354
0 0.560077 0.863438 0.084065 0.020669
1 0.641705 0.865328 0.067406 0.020284
2 0.796605 0.869540 0.222281 0.022621
2 0.734094 0.889353 0.358883 0.025784
2 0.728222 0.910477 0.348887 0.025552
2 0.727348 0.931717 0.348887 0.025552
2 0.726474 0.952956 0.348887 0.025552
2 0.717686 0.974013 0.333062 0.025186
