0 0.26666666666666666 0.096875 0.4 0.04375
0 0.26666666666666666 0.181875 0.4 0.09125
0 0.26666666666666666 0.290625 0.4 0.09125
0 0.26666666666666666 0.375625 0.4 0.04375
0 0.26666666666666666 0.436875 0.4 0.04375
0 0.26666666666666666 0.498125 0.4 0.04375
0 0.26666666666666666 0.559375 0.4 0.04375
0 0.26666666666666666 0.620625 0.4 0.04375
0 0.26666666666666666 0.705625 0.4 0.09125
0 0.26666666666666666 0.790625 0.4 0.04375
0 0.26666666666666666 0.8875 0.4 0.115
0 0.7333333333333333 0.085 0.4 0.02
0 0.7333333333333333 0.17 0.4 0.115
0 0.7333333333333333 0.266875 0.4 0.04375
0 0.7333333333333333 0.328125 0.4 0.04375
0 0.7333333333333333 0.389375 0.4 0.04375
0 0.7333333333333333 0.474375 0.4 0.09125
0 0.7333333333333333 0.559375 0.4 0.04375
0 0.7333333333333333 0.620625 0.4 0.04375
0 0.7333333333333333 0.74125 0.4 0.1625
0 0.7333333333333333 0.885625 0.4 0.09125
