0 0.26666666666666666 0.1325 0.4 0.115
0 0.26666666666666666 0.229375 0.4 0.04375
0 0.26666666666666666 0.314375 0.4 0.09125
0 0.26666666666666666 0.399375 0.4 0.04375
0 0.26666666666666666 0.460625 0.4 0.04375
0 0.26666666666666666 0.545625 0.4 0.09125
0 0.26666666666666666 0.66625 0.4 0.115
0 0.26666666666666666 0.763125 0.4 0.04375
0 0.26666666666666666 0.8125 0.4 0.02
0 0.26666666666666666 0.861875 0.4 0.04375
0 0.7333333333333333 0.096875 0.4 0.04375
0 0.7333333333333333 0.19375 0.4 0.115
0 0.7333333333333333 0.314375 0.4 0.09125
0 0.7333333333333333 0.399375 0.4 0.04375
0 0.7333333333333333 0.460625 0.4 0.04375
0 0.7333333333333333 0.569375 0.4 0.13875
0 0.7333333333333333 0.71375 0.4 0.115
0 0.7333333333333333 0.810625 0.4 0.04375
0 0.7333333333333333 0.86 0.4 0.02
