0 0.104613 0.086361 0.083500 0.019170
1 0.192944 0.085915 0.080166 0.019153
2 0.346696 0.085764 0.205986 0.018539
2 0.279805 0.107353 0.358482 0.019308
2 0.274996 0.128627 0.348482 0.019258
2 0.280186 0.149852 0.358482 0.019308
2 0.275377 0.171126 0.348482 0.019258
2 0.275568 0.192376 0.348482 0.019258
2 0.280758 0.213600 0.358482 0.019308
2 0.196784 0.235274 0.190153 0.018459
0 0.095851 0.270785 0.062667 0.019065
1 0.171682 0.270402 0.076000 0.019132
2 0.339184 0.270181 0.237652 0.018698
2 0.276460 0.291749 0.348482 0.019258
2 0.281650 0.312973 0.358482 0.019308
2 0.276841 0.334248 0.348482 0.019258
2 0.213700 0.355817 0.221819 0.018618
0 0.096922 0.390157 0.062667 0.019065
1 0.158171 0.389848 0.046834 0.018985
2 0.326922 0.389621 0.269318 0.018858
2 0.174616 0.411640 0.142654 0.018219
0 0.107832 0.445103 0.083500 0.019170
1 0.206996 0.444603 0.101833 0.019263
2 0.363665 0.444437 0.190153 0.018459
2 0.143444 0.466799 0.079322 0.017899
0 0.097926 0.502029 0.062667 0.019065
1 0.155424 0.501739 0.039334 0.018947
0 0.098201 0.532654 0.062667 0.019065
1 0.164032 0.532321 0.056000 0.019031
2 0.313618 0.532191 0.221819 0.018618
0 0.108875 0.561351 0.083500 0.019170
1 0.196790 0.560907 0.079333 0.019149
2 0.350125 0.560758 0.205986 0.018539
2 0.152404 0.583006 0.095155 0.017979
0 0.109352 0.614474 0.083500 0.019170
1 0.186850 0.614083 0.058500 0.019044
2 0.345602 0.613907 0.237652 0.018698
0 0.099199 0.643901 0.062667 0.019065
1 0.180030 0.643493 0.086000 0.019183
2 0.344616 0.643288 0.221819 0.018618
2 0.176893 0.665385 0.142654 0.018219
0 0.110098 0.697597 0.083500 0.019170
1 0.180513 0.697242 0.044334 0.018972
0 0.089523 0.726452 0.041834 0.018960
1 0.142438 0.726185 0.051000 0.019006
2 0.321190 0.725908 0.285151 0.018938
2 0.285548 0.747338 0.358482 0.019308
2 0.280739 0.768613 0.348482 0.019258
2 0.280929 0.789862 0.348482 0.019258
2 0.281120 0.811112 0.348482 0.019258
2 0.115064 0.833200 0.015990 0.017580
0 0.101207 0.867646 0.062667 0.019065
1 0.167872 0.867310 0.057667 0.019040
2 0.331207 0.867110 0.247651 0.018749
2 0.202651 0.889010 0.190153 0.018459
0 0.571269 0.084006 0.083500 0.019170
1 0.645017 0.083634 0.051000 0.019006
2 0.760437 0.083676 0.158487 0.018299
0 0.566921 0.110278 0.074333 0.019124
1 0.633586 0.109942 0.046001 0.018981
2 0.794005 0.109757 0.253485 0.018778
2 0.741697 0.131272 0.348482 0.019258
2 0.741888 0.152521 0.348482 0.019258
2 0.742078 0.173771 0.348482 0.019258
2 0.742269 0.195020 0.348482 0.019258
2 0.615796 0.216909 0.095155 0.017979
0 0.562277 0.242805 0.062667 0.019065
1 0.630192 0.242462 0.060167 0.019052
2 0.773944 0.242361 0.205986 0.018539
0 0.562541 0.272179 0.062667 0.019065
1 0.631289 0.271832 0.061834 0.019061
2 0.799624 0.271608 0.253485 0.018778
2 0.592736 0.293902 0.047656 0.017739
0 0.552634 0.329105 0.041834 0.018960
1 0.624299 0.328744 0.088500 0.019195
2 0.798051 0.328492 0.237652 0.018698
2 0.585330 0.350816 0.031823 0.017659
0 0.563494 0.378427 0.062667 0.019065
1 0.619743 0.378143 0.036834 0.018935
2 0.751829 0.378101 0.205986 0.018539
0 0.563752 0.407176 0.062667 0.019065
1 0.621251 0.406886 0.039334 0.018947
0 0.574482 0.442123 0.083500 0.019170
1 0.654897 0.441717 0.064333 0.019073
0 0.553885 0.468477 0.041834 0.018960
1 0.607217 0.468208 0.051834 0.019010
2 0.786385 0.467929 0.285151 0.018938
2 0.594497 0.490148 0.047656 0.017739
0 0.564773 0.520924 0.062667 0.019065
1 0.634771 0.520570 0.064333 0.019073
2 0.804356 0.520339 0.253485 0.018778
2 0.610801 0.542567 0.079322 0.017899
0 0.554833 0.574100 0.041834 0.018960
1 0.620248 0.573770 0.076000 0.019132
2 0.795666 0.573509 0.253485 0.018778
2 0.745858 0.595011 0.348482 0.019258
2 0.746049 0.616261 0.348482 0.019258
2 0.746239 0.637510 0.348482 0.019258
2 0.746430 0.658760 0.348482 0.019258
2 0.746621 0.680009 0.348482 0.019258
2 0.715146 0.701419 0.285151 0.018938
0 0.556212 0.727846 0.041834 0.018960
1 0.616211 0.727544 0.065167 0.019078
2 0.794129 0.727271 0.269318 0.018858
2 0.747238 0.748758 0.348482 0.019258
0 0.567066 0.776543 0.062667 0.019065
1 0.656231 0.776093 0.102666 0.019267
0 0.577746 0.805865 0.083500 0.019170
1 0.660244 0.805448 0.068500 0.019094
2 0.816080 0.805287 0.221819 0.018618
2 0.621275 0.827520 0.095155 0.017979
0 0.557351 0.854719 0.041834 0.018960
1 0.616516 0.854420 0.063500 0.019069
2 0.793601 0.854151 0.269318 0.018858
2 0.685044 0.875950 0.221819 0.018618
