3 0.510043 0.031499 0.979914 0.049423
0 0.105775 0.074516 0.042459 0.019758
1 0.174072 0.076185 0.082438 0.020736
0 0.104227 0.110122 0.042459 0.019758
1 0.168776 0.111700 0.074942 0.020552
2 0.295765 0.115430 0.159010 0.021360
0 0.123638 0.143114 0.084104 0.020776
1 0.197765 0.144926 0.052454 0.020003
2 0.358069 0.149471 0.248129 0.023539
0 0.101648 0.169465 0.042459 0.019758
1 0.175775 0.171278 0.094098 0.021021
2 0.320255 0.175435 0.174834 0.021747
0 0.100100 0.205071 0.042459 0.019758
1 0.163816 0.206629 0.073276 0.020512
2 0.337447 0.211500 0.253959 0.023681
2 0.131633 0.227729 0.032410 0.018265
0 0.108176 0.259047 0.063281 0.020267
1 0.193548 0.261135 0.095764 0.021062
2 0.362597 0.265893 0.222309 0.022907
2 0.287547 0.285319 0.348909 0.026003
2 0.286624 0.306558 0.348909 0.026003
2 0.285701 0.327797 0.348909 0.026003
2 0.166090 0.346134 0.111535 0.020199
0 0.092796 0.373107 0.042459 0.019758
1 0.159428 0.374736 0.079106 0.020654
2 0.335973 0.379678 0.253959 0.023681
2 0.195541 0.397506 0.174834 0.021747
0 0.100954 0.425209 0.063281 0.020267
1 0.177580 0.427082 0.078273 0.020634
2 0.345797 0.431821 0.238134 0.023294
2 0.193287 0.449353 0.174834 0.021747
0 0.088235 0.478051 0.042459 0.019758
1 0.156116 0.479711 0.081605 0.020715
0 0.107727 0.509169 0.084104 0.020776
1 0.203926 0.511521 0.096597 0.021082
0 0.085628 0.538019 0.042459 0.019758
1 0.144347 0.539455 0.063281 0.020267
2 0.320893 0.544397 0.269784 0.024068
2 0.275410 0.564546 0.348909 0.026003
2 0.274487 0.585785 0.348909 0.026003
2 0.273564 0.607024 0.348909 0.026003
2 0.233078 0.627295 0.269784 0.024068
0 0.101292 0.657215 0.084104 0.020776
1 0.169589 0.658885 0.040793 0.019718
2 0.326978 0.663359 0.253959 0.023681
2 0.270251 0.683233 0.348909 0.026003
2 0.269328 0.704472 0.348909 0.026003
2 0.220930 0.724550 0.253959 0.023681
0 0.097192 0.751540 0.084104 0.020776
1 0.189226 0.753791 0.088268 0.020878
2 0.346616 0.758264 0.206484 0.022521
2 0.107902 0.773689 0.032410 0.018265
0 0.074170 0.801629 0.042459 0.019758
1 0.128308 0.802953 0.054120 0.020043
2 0.308186 0.807976 0.285609 0.024455
2 0.263952 0.828156 0.348909 0.026003
2 0.268026 0.849517 0.358903 0.026247
2 0.182981 0.868699 0.190659 0.022134
0 0.572194 0.085919 0.042459 0.019758
1 0.636326 0.087487 0.074109 0.020532
2 0.810373 0.092368 0.253959 0.023681
2 0.761975 0.112446 0.348909 0.026003
2 0.761052 0.133685 0.348909 0.026003
2 0.760129 0.154923 0.348909 0.026003
2 0.759206 0.176162 0.348909 0.026003
2 0.758283 0.197401 0.348909 0.026003
2 0.607023 0.214964 0.048235 0.018651
0 0.565433 0.241462 0.042459 0.019758
1 0.612075 0.242602 0.039128 0.019677
2 0.792369 0.247635 0.301434 0.024842
2 0.612790 0.264506 0.064060 0.019038
0 0.584056 0.292569 0.084104 0.020776
1 0.660682 0.294442 0.057451 0.020125
2 0.818488 0.298926 0.238134 0.023294
2 0.594766 0.314717 0.032410 0.018265
0 0.571201 0.348534 0.063281 0.020267
1 0.640748 0.350235 0.064114 0.020288
2 0.809797 0.354993 0.253959 0.023681
2 0.671447 0.372872 0.190659 0.022134
0 0.558645 0.397629 0.042459 0.019758
1 0.624027 0.399227 0.076608 0.020593
2 0.764758 0.403293 0.184829 0.021991
0 0.578055 0.430621 0.084104 0.020776
1 0.647602 0.432321 0.043292 0.019779
2 0.806240 0.436825 0.253959 0.023681
2 0.747015 0.456638 0.348909 0.026003
2 0.746092 0.477877 0.348909 0.026003
2 0.689781 0.497761 0.238134 0.023294
0 0.573847 0.527444 0.084104 0.020776
1 0.645892 0.529206 0.048289 0.019901
2 0.799117 0.533577 0.238134 0.023294
2 0.742806 0.553462 0.348909 0.026003
2 0.741883 0.574700 0.348909 0.026003
2 0.740960 0.595939 0.348909 0.026003
2 0.740037 0.617178 0.348909 0.026003
2 0.739114 0.638417 0.348909 0.026003
2 0.700711 0.658739 0.273948 0.024170
0 0.567005 0.684861 0.084104 0.020776
1 0.659456 0.687121 0.089101 0.020899
2 0.817261 0.691604 0.206484 0.022521
2 0.609365 0.707783 0.095710 0.019812
0 0.543712 0.741196 0.042459 0.019758
1 0.592436 0.742388 0.043292 0.019779
0 0.542191 0.776178 0.042459 0.019758
1 0.610488 0.777847 0.082438 0.020736
2 0.788700 0.782830 0.253959 0.023681
2 0.731973 0.802704 0.348909 0.026003
2 0.731050 0.823943 0.348909 0.026003
2 0.730127 0.845182 0.348909 0.026003
2 0.594692 0.863132 0.079885 0.019425
0 0.547525 0.893245 0.063281 0.020267
1 0.624984 0.895139 0.079939 0.020675
2 0.762384 0.899124 0.174834 0.021747
