1 0.099126 0.089343 0.083740 0.019792
2 0.194112 0.088152 0.093738 0.019917
3 0.354520 0.086766 0.206195 0.020078
3 0.111278 0.111069 0.032052 0.017895
0 0.257687 0.098606 0.407585 0.048842
1 0.100212 0.138086 0.083740 0.019792
2 0.186867 0.137000 0.077074 0.019708
3 0.346858 0.135619 0.222026 0.020276
3 0.175689 0.159018 0.158701 0.019482
0 0.258774 0.147350 0.407585 0.048842
1 0.101298 0.186829 0.083740 0.019792
2 0.183787 0.185795 0.068742 0.019604
3 0.339612 0.184467 0.222026 0.020276
3 0.160944 0.207960 0.127039 0.019085
0 0.259860 0.196093 0.407585 0.048842
1 0.081666 0.240833 0.042079 0.019270
2 0.140824 0.240091 0.063742 0.019541
0 0.260821 0.239212 0.407111 0.027595
1 0.092708 0.268823 0.062909 0.019531
2 0.154782 0.268045 0.048744 0.019353
3 0.324356 0.266544 0.269519 0.020872
3 0.273587 0.288434 0.348675 0.021864
3 0.279060 0.309618 0.358673 0.021990
3 0.274534 0.330928 0.348675 0.021864
3 0.251261 0.352473 0.301181 0.021269
0 0.262395 0.309827 0.409006 0.112583
1 0.084800 0.381438 0.042079 0.019270
2 0.143958 0.380697 0.063742 0.019541
3 0.321031 0.379102 0.269519 0.020872
0 0.263955 0.379817 0.407111 0.027595
1 0.085440 0.410184 0.042079 0.019270
2 0.140433 0.409495 0.055410 0.019437
0 0.264596 0.408563 0.407111 0.027595
1 0.086039 0.437056 0.042079 0.019270
2 0.154780 0.436194 0.082906 0.019782
3 0.333519 0.434578 0.253688 0.020673
3 0.277334 0.456535 0.348675 0.021864
3 0.277807 0.477782 0.348675 0.021864
3 0.278281 0.499029 0.348675 0.021864
3 0.283754 0.520214 0.358673 0.021990
3 0.160494 0.543012 0.111208 0.018887
0 0.266379 0.488552 0.409479 0.133830
1 0.109878 0.571775 0.083740 0.019792
2 0.183618 0.570851 0.051244 0.019385
3 0.338610 0.569533 0.237857 0.020475
3 0.285341 0.591454 0.358673 0.021990
3 0.285815 0.612701 0.358673 0.021990
3 0.281289 0.634010 0.348675 0.021864
3 0.281763 0.655257 0.348675 0.021864
3 0.282236 0.676504 0.348675 0.021864
3 0.287709 0.697689 0.358673 0.021990
3 0.201112 0.720028 0.184531 0.019806
0 0.269861 0.644780 0.410426 0.176324
1 0.103489 0.752506 0.062909 0.019531
2 0.178478 0.751566 0.074574 0.019677
3 0.345135 0.750101 0.237857 0.020475
3 0.284368 0.772116 0.348675 0.021864
3 0.289840 0.793300 0.358673 0.021990
3 0.221990 0.815404 0.222026 0.020276
0 0.272939 0.782886 0.408532 0.091336
1 0.105620 0.848117 0.062909 0.019531
2 0.188108 0.847083 0.089572 0.019865
3 0.354349 0.845624 0.222026 0.020276
3 0.286499 0.867728 0.348675 0.021864
3 0.286972 0.888975 0.348675 0.021864
3 0.287446 0.910222 0.348675 0.021864
3 0.287919 0.931469 0.348675 0.021864
3 0.288393 0.952716 0.348675 0.021864
3 0.288866 0.973963 0.348675 0.021864
3 0.294339 0.995147 0.358673 0.021990
3 0.131502 1.000000 0.032052 0.017895
0 0.276254 0.931615 0.410900 0.197571
1 0.555312 0.083623 0.062909 0.019531
2 0.614887 0.082877 0.043745 0.019291
3 0.781961 0.081407 0.269519 0.020872
3 0.609542 0.104822 0.095377 0.018688
0 0.724289 0.092756 0.407585 0.048842
1 0.556426 0.133616 0.062909 0.019531
2 0.629333 0.132702 0.070408 0.019625
3 0.798906 0.131201 0.247855 0.020600
3 0.737305 0.153227 0.348675 0.021864
3 0.737779 0.174474 0.348675 0.021864
3 0.743251 0.195658 0.358673 0.021990
3 0.738726 0.216968 0.348675 0.021864
3 0.744199 0.238152 0.358673 0.021990
3 0.739673 0.259462 0.348675 0.021864
3 0.621413 0.282198 0.111208 0.018887
0 0.726824 0.206491 0.410426 0.176324
1 0.570881 0.314711 0.083740 0.019792
2 0.655869 0.313645 0.073741 0.019667
3 0.814194 0.312285 0.222026 0.020276
3 0.698850 0.334984 0.263687 0.020799
0 0.729443 0.323974 0.407585 0.048842
1 0.571967 0.363454 0.083740 0.019792
2 0.641541 0.362581 0.042912 0.019280
3 0.800282 0.361216 0.253688 0.020673
3 0.702853 0.383691 0.269519 0.020872
0 0.730529 0.372717 0.407585 0.048842
1 0.562624 0.411703 0.062909 0.019531
2 0.632198 0.410830 0.063742 0.019541
3 0.801355 0.409335 0.253688 0.020673
0 0.731365 0.410212 0.407111 0.027595
1 0.563279 0.441074 0.062909 0.019531
2 0.634936 0.440175 0.067908 0.019594
3 0.798260 0.438753 0.237857 0.020475
3 0.744158 0.460684 0.348675 0.021864
3 0.744631 0.481931 0.348675 0.021864
3 0.745105 0.503178 0.348675 0.021864
3 0.745579 0.524425 0.348675 0.021864
3 0.619403 0.547260 0.095377 0.018688
0 0.733203 0.492701 0.409479 0.133830
1 0.576856 0.582798 0.083740 0.019792
2 0.646846 0.581921 0.043745 0.019291
3 0.806005 0.580550 0.253688 0.020673
3 0.747320 0.602539 0.348675 0.021864
3 0.747793 0.623786 0.348675 0.021864
3 0.748267 0.645033 0.348675 0.021864
3 0.748740 0.666280 0.348675 0.021864
3 0.749214 0.687527 0.348675 0.021864
3 0.749688 0.708774 0.348675 0.021864
3 0.750161 0.730021 0.348675 0.021864
0 0.736839 0.655803 0.410426 0.176324
1 0.580756 0.757774 0.083740 0.019792
2 0.664494 0.756724 0.071241 0.019635
3 0.821570 0.755380 0.222026 0.020276
3 0.751220 0.777515 0.348675 0.021864
3 0.585467 0.800846 0.016221 0.017696
0 0.739555 0.777661 0.408058 0.070089
1 0.571887 0.827270 0.062909 0.019531
2 0.650626 0.826282 0.082073 0.019771
3 0.821033 0.824771 0.237857 0.020475
3 0.594455 0.848865 0.032052 0.017895
0 0.740864 0.836403 0.407585 0.048842
1 0.583556 0.883381 0.083740 0.019792
2 0.676876 0.882211 0.090405 0.019876
3 0.835618 0.880846 0.206195 0.020078
3 0.754019 0.903122 0.348675 0.021864
3 0.754493 0.924369 0.348675 0.021864
3 0.754967 0.945616 0.348675 0.021864
3 0.597129 0.968848 0.032052 0.017895
0 0.742828 0.924515 0.409006 0.112583
