3 0.497101 0.035021 0.994201 0.032179
0 0.082214 0.087356 0.041904 0.019048
1 0.134295 0.086982 0.049404 0.019102
2 0.296379 0.086443 0.253545 0.019318
0 0.103477 0.120955 0.083569 0.019347
1 0.195973 0.120290 0.088569 0.019383
2 0.353890 0.119782 0.206047 0.018977
2 0.147087 0.142517 0.095219 0.018181
0 0.093707 0.171652 0.062736 0.019198
1 0.153704 0.171221 0.044404 0.019066
2 0.273707 0.170985 0.174382 0.018750
0 0.094114 0.203526 0.062736 0.019198
1 0.176193 0.202936 0.088569 0.019383
2 0.342027 0.202371 0.221880 0.019091
2 0.274801 0.224104 0.348541 0.020000
2 0.275073 0.245353 0.348541 0.020000
2 0.275344 0.266602 0.348541 0.020000
2 0.251866 0.288022 0.301043 0.019659
0 0.085197 0.321095 0.041904 0.019048
1 0.133112 0.320751 0.041071 0.019042
2 0.306862 0.320128 0.285210 0.019545
2 0.276301 0.341599 0.348541 0.020000
2 0.276572 0.362848 0.348541 0.020000
2 0.281843 0.384061 0.358540 0.020072
2 0.277115 0.405346 0.348541 0.020000
2 0.111144 0.427789 0.016056 0.017613
0 0.086968 0.459839 0.041904 0.019048
1 0.154049 0.459357 0.079402 0.019318
2 0.331132 0.458711 0.253545 0.019318
2 0.278072 0.480343 0.348541 0.020000
2 0.278343 0.501592 0.348541 0.020000
2 0.254866 0.523011 0.301043 0.019659
0 0.098613 0.556009 0.062736 0.019198
1 0.171110 0.555489 0.069403 0.019246
2 0.311528 0.555106 0.190215 0.018863
0 0.098988 0.585383 0.062736 0.019198
1 0.162319 0.584928 0.051070 0.019114
2 0.333152 0.584327 0.269378 0.019432
2 0.279676 0.605962 0.348541 0.020000
2 0.282030 0.627196 0.352707 0.020030
2 0.280218 0.648460 0.348541 0.020000
2 0.161745 0.670561 0.111052 0.018295
0 0.110936 0.705303 0.083569 0.019347
1 0.189266 0.704740 0.060237 0.019180
2 0.348850 0.704220 0.237712 0.019204
2 0.281207 0.725956 0.348541 0.020000
0 0.090790 0.759200 0.041904 0.019048
1 0.148287 0.758787 0.060237 0.019180
2 0.323704 0.758153 0.269378 0.019432
2 0.123567 0.780841 0.031889 0.017727
0 0.091516 0.816072 0.041904 0.019048
1 0.145263 0.815686 0.052737 0.019126
2 0.324846 0.815022 0.285210 0.019545
2 0.287619 0.836540 0.358540 0.020072
2 0.282891 0.857825 0.348541 0.020000
2 0.283162 0.879074 0.348541 0.020000
2 0.283433 0.900323 0.348541 0.020000
2 0.188709 0.922254 0.158549 0.018636
0 0.559275 0.083930 0.062736 0.019198
1 0.641355 0.083341 0.088569 0.019383
0 0.549202 0.110879 0.041904 0.019048
1 0.604616 0.110481 0.056070 0.019150
2 0.785866 0.109805 0.285210 0.019545
2 0.740306 0.131383 0.348541 0.020000
2 0.740577 0.152632 0.348541 0.020000
2 0.745848 0.173845 0.358540 0.020072
2 0.741120 0.195130 0.348541 0.020000
2 0.701809 0.216663 0.269378 0.019432
0 0.571742 0.244473 0.083569 0.019347
1 0.662154 0.243824 0.084402 0.019353
2 0.817988 0.243330 0.206047 0.018977
2 0.710348 0.265354 0.285210 0.019545
0 0.572452 0.300096 0.083569 0.019347
1 0.646198 0.299566 0.051070 0.019114
2 0.801199 0.299078 0.237712 0.019204
2 0.742723 0.320749 0.348541 0.020000
2 0.742994 0.341998 0.348541 0.020000
2 0.743266 0.363247 0.348541 0.020000
2 0.743537 0.384496 0.348541 0.020000
2 0.743808 0.405745 0.348541 0.020000
2 0.744079 0.426994 0.348541 0.020000
2 0.744351 0.448243 0.348541 0.020000
2 0.610045 0.470459 0.079386 0.018068
0 0.575036 0.502586 0.083569 0.019347
1 0.645033 0.502084 0.043571 0.019060
2 0.804201 0.501566 0.253545 0.019318
2 0.745308 0.523240 0.348541 0.020000
2 0.745579 0.544489 0.348541 0.020000
2 0.745850 0.565738 0.348541 0.020000
2 0.746122 0.586987 0.348541 0.020000
2 0.746393 0.608236 0.348541 0.020000
2 0.612087 0.630451 0.079386 0.018068
0 0.566591 0.657029 0.062736 0.019198
1 0.635754 0.656532 0.062736 0.019198
0 0.556565 0.687727 0.041904 0.019048
1 0.623229 0.687249 0.078569 0.019312
2 0.799896 0.686605 0.253545 0.019318
2 0.752669 0.708195 0.358540 0.020072
2 0.747941 0.729480 0.348541 0.020000
2 0.753212 0.750693 0.358540 0.020072
2 0.748483 0.771978 0.348541 0.020000
2 0.748754 0.793227 0.348541 0.020000
2 0.646114 0.815215 0.142717 0.018522
0 0.568992 0.845145 0.062736 0.019198
1 0.636072 0.844664 0.058570 0.019168
2 0.802739 0.844092 0.253545 0.019318
2 0.754679 0.865688 0.358540 0.020072
2 0.749951 0.886973 0.348541 0.020000
2 0.755222 0.908186 0.358540 0.020072
2 0.750493 0.929471 0.348541 0.020000
2 0.600355 0.951800 0.047721 0.017840
