1 0.080803 0.088161 0.041967 0.019128
2 0.151214 0.087520 0.086131 0.019530
3 0.328711 0.086529 0.247765 0.019752
3 0.153235 0.109378 0.111108 0.018508
0 0.260139 0.097779 0.407345 0.047449
1 0.081663 0.141282 0.041967 0.019128
2 0.151241 0.140649 0.084464 0.019515
3 0.330821 0.139639 0.253598 0.019805
3 0.246172 0.161661 0.295262 0.020185
0 0.260998 0.150900 0.407345 0.047449
1 0.103284 0.189839 0.083631 0.019507
2 0.192027 0.189031 0.081131 0.019485
3 0.346193 0.188252 0.206101 0.019373
3 0.162800 0.211174 0.126941 0.018652
0 0.261788 0.199647 0.407345 0.047449
1 0.104123 0.241710 0.083631 0.019507
2 0.194533 0.240887 0.084464 0.019515
3 0.350365 0.240093 0.206101 0.019373
3 0.155724 0.263117 0.111108 0.018508
0 0.262627 0.251518 0.407345 0.047449
1 0.094537 0.293051 0.062799 0.019318
2 0.169948 0.292365 0.075298 0.019431
0 0.263285 0.292140 0.407001 0.026201
1 0.094962 0.319299 0.062799 0.019318
2 0.165790 0.318655 0.066132 0.019348
3 0.336204 0.317728 0.253598 0.019805
3 0.156978 0.340611 0.111108 0.018508
0 0.263882 0.329012 0.407345 0.047449
1 0.085396 0.371890 0.041967 0.019128
2 0.135809 0.371431 0.046133 0.019166
3 0.312056 0.370452 0.285262 0.020094
3 0.276569 0.392026 0.348591 0.020670
3 0.276913 0.413275 0.348591 0.020670
3 0.277257 0.434523 0.348591 0.020670
3 0.277601 0.455772 0.348591 0.020670
3 0.277945 0.477020 0.348591 0.020670
3 0.135799 0.499566 0.063612 0.018075
0 0.265591 0.434629 0.409065 0.153692
1 0.087965 0.530629 0.041967 0.019128
2 0.161710 0.529957 0.092797 0.019591
3 0.342540 0.528936 0.247765 0.019752
3 0.184146 0.551630 0.158605 0.018940
0 0.267301 0.540247 0.407345 0.047449
1 0.099170 0.579280 0.062799 0.019318
2 0.172498 0.578613 0.071132 0.019394
3 0.337496 0.577735 0.237766 0.019661
3 0.279928 0.599511 0.348591 0.020670
3 0.280272 0.620759 0.348591 0.020670
3 0.280616 0.642008 0.348591 0.020670
3 0.280960 0.663256 0.348591 0.020670
3 0.281304 0.684505 0.348591 0.020670
3 0.115410 0.707267 0.016115 0.017643
0 0.268950 0.642114 0.409065 0.153692
1 0.112146 0.737299 0.083631 0.019507
2 0.200473 0.736495 0.080298 0.019477
3 0.354221 0.735720 0.206101 0.019373
3 0.121249 0.759093 0.026115 0.017734
0 0.270649 0.747106 0.407345 0.047449
1 0.102630 0.793015 0.062799 0.019318
2 0.190124 0.792218 0.099463 0.019652
0 0.271378 0.792103 0.407001 0.026201
1 0.113582 0.826042 0.083631 0.019507
2 0.185660 0.825386 0.047800 0.019181
0 0.271914 0.825226 0.407001 0.026201
1 0.114098 0.857915 0.083631 0.019507
2 0.189926 0.857224 0.055299 0.019249
0 0.272430 0.857098 0.407001 0.026201
1 0.093701 0.884978 0.041967 0.019128
2 0.154530 0.884424 0.066965 0.019356
3 0.285781 0.883854 0.174437 0.019084
0 0.272865 0.883971 0.407001 0.026201
1 0.568267 0.083723 0.083631 0.019507
2 0.642012 0.083051 0.051133 0.019211
3 0.797010 0.082265 0.237766 0.019661
3 0.738609 0.104048 0.348591 0.020670
3 0.738953 0.125297 0.348591 0.020670
3 0.744296 0.146500 0.358590 0.020761
3 0.739640 0.167794 0.348591 0.020670
3 0.597495 0.190340 0.063612 0.018075
0 0.727459 0.136027 0.408721 0.132443
1 0.570472 0.219963 0.083631 0.019507
2 0.647550 0.219261 0.057799 0.019272
3 0.805882 0.218444 0.237766 0.019661
3 0.590408 0.241658 0.047780 0.017931
0 0.728976 0.229770 0.407345 0.047449
1 0.560977 0.276928 0.062799 0.019318
2 0.620973 0.276382 0.044467 0.019151
0 0.729725 0.276017 0.407001 0.026201
1 0.571970 0.312456 0.083631 0.019507
2 0.665296 0.311606 0.090297 0.019568
3 0.824045 0.310786 0.206101 0.019373
3 0.620654 0.333889 0.105276 0.018455
0 0.730473 0.322263 0.407345 0.047449
1 0.572860 0.367452 0.083631 0.019507
2 0.656604 0.366689 0.071132 0.019394
3 0.813686 0.365884 0.221934 0.019517
3 0.745285 0.387758 0.352757 0.020708
3 0.748545 0.408980 0.358590 0.020761
3 0.712225 0.430563 0.285262 0.020094
0 0.731708 0.398508 0.408033 0.089946
1 0.563921 0.458790 0.062799 0.019318
2 0.646832 0.458035 0.090297 0.019568
3 0.813496 0.457143 0.221934 0.019517
3 0.633853 0.480030 0.126941 0.018652
0 0.732841 0.468503 0.407345 0.047449
1 0.564761 0.510661 0.062799 0.019318
2 0.630173 0.510066 0.055299 0.019249
3 0.787254 0.509260 0.237766 0.019661
0 0.733508 0.509750 0.407001 0.026201
1 0.565307 0.544409 0.062799 0.019318
2 0.641135 0.543718 0.076131 0.019439
3 0.808632 0.542818 0.237766 0.019661
3 0.658987 0.565432 0.174437 0.019084
0 0.734227 0.554121 0.407345 0.047449
1 0.576643 0.601185 0.083631 0.019507
2 0.652055 0.600498 0.054466 0.019242
3 0.808720 0.599697 0.237766 0.019661
3 0.620328 0.622663 0.095276 0.018364
0 0.735147 0.610992 0.407345 0.047449
1 0.577453 0.651181 0.083631 0.019507
2 0.658697 0.650441 0.066132 0.019348
0 0.735785 0.650364 0.407001 0.026201
1 0.557056 0.678244 0.041967 0.019128
2 0.623301 0.677640 0.077798 0.019454
3 0.799548 0.676661 0.253598 0.019805
3 0.748229 0.698380 0.348591 0.020670
3 0.740657 0.719700 0.332759 0.020526
0 0.736564 0.698486 0.407689 0.068698
1 0.579082 0.751799 0.083631 0.019507
2 0.656159 0.751097 0.057799 0.019272
3 0.814491 0.750280 0.237766 0.019661
3 0.749423 0.772124 0.348591 0.020670
3 0.749767 0.793373 0.348591 0.020670
3 0.750111 0.814621 0.348591 0.020670
3 0.750455 0.835869 0.348591 0.020670
3 0.750799 0.857118 0.348591 0.020670
3 0.751143 0.878366 0.348591 0.020670
3 0.696074 0.900119 0.237766 0.019661
0 0.738617 0.825351 0.409409 0.174940
