3 0.508499 0.032679 0.983003 0.045766
0 0.103009 0.075965 0.042343 0.019608
1 0.172566 0.077410 0.084827 0.020491
2 0.352057 0.081766 0.253882 0.022756
2 0.182171 0.099493 0.127264 0.020125
0 0.111414 0.130535 0.063169 0.020041
1 0.178055 0.131920 0.058170 0.019937
2 0.344218 0.135999 0.253882 0.022756
2 0.293036 0.156193 0.353011 0.024817
2 0.290168 0.177392 0.348846 0.024730
2 0.265642 0.198140 0.301364 0.023743
0 0.097677 0.220284 0.042343 0.019608
1 0.171398 0.221816 0.093157 0.020665
0 0.117325 0.252580 0.083994 0.020474
1 0.211039 0.254527 0.091491 0.020630
2 0.370121 0.258459 0.206401 0.021770
2 0.262711 0.277485 0.301364 0.023743
0 0.100368 0.305373 0.054005 0.019851
1 0.158679 0.306585 0.050673 0.019782
2 0.329008 0.310750 0.269710 0.023085
2 0.284489 0.331083 0.348846 0.024730
2 0.288703 0.352429 0.358842 0.024938
2 0.282920 0.373567 0.348846 0.024730
2 0.282135 0.394808 0.348846 0.024730
2 0.138905 0.413090 0.063955 0.018809
0 0.110330 0.441882 0.083994 0.020474
1 0.188217 0.443501 0.059836 0.019972
2 0.344384 0.447372 0.232224 0.022306
2 0.184494 0.465307 0.158919 0.020783
0 0.087728 0.489556 0.042343 0.019608
1 0.135209 0.490543 0.040677 0.019574
0 0.107376 0.521851 0.083994 0.020474
1 0.203589 0.523851 0.096489 0.020734
2 0.357257 0.527670 0.190573 0.021441
2 0.221107 0.546099 0.238055 0.022427
0 0.084634 0.573274 0.042343 0.019608
1 0.147943 0.574589 0.072332 0.020232
2 0.329101 0.578980 0.269710 0.023085
2 0.274586 0.599105 0.348846 0.024730
2 0.231318 0.619464 0.263879 0.022964
0 0.102713 0.648053 0.083994 0.020474
1 0.186014 0.649784 0.070666 0.020197
2 0.342597 0.653664 0.222228 0.022099
2 0.271839 0.673451 0.348846 0.024730
2 0.271055 0.694693 0.348846 0.024730
2 0.270270 0.715935 0.348846 0.024730
2 0.269485 0.737177 0.348846 0.024730
2 0.268700 0.758419 0.348846 0.024730
2 0.133383 0.776865 0.079783 0.019138
0 0.086390 0.807775 0.063169 0.020041
1 0.166776 0.809446 0.085660 0.020509
2 0.335855 0.813585 0.232224 0.022306
2 0.270928 0.833494 0.358842 0.024938
2 0.265145 0.854632 0.348846 0.024730
2 0.264360 0.875874 0.348846 0.024730
2 0.263575 0.897116 0.348846 0.024730
2 0.262791 0.918357 0.348846 0.024730
2 0.127474 0.936803 0.079783 0.019138
0 0.579909 0.085876 0.063169 0.020041
1 0.647800 0.087287 0.060669 0.019989
2 0.815213 0.091392 0.253882 0.022756
2 0.759449 0.111491 0.348846 0.024730
2 0.758664 0.132733 0.348846 0.024730
2 0.757879 0.153975 0.348846 0.024730
2 0.757094 0.175217 0.348846 0.024730
2 0.756309 0.196459 0.348846 0.024730
2 0.723870 0.217042 0.285537 0.023414
0 0.584390 0.246656 0.083994 0.020474
1 0.654363 0.248110 0.044009 0.019643
2 0.750136 0.250726 0.127264 0.020125
0 0.562364 0.278711 0.042343 0.019608
1 0.620675 0.279923 0.062336 0.020024
2 0.788920 0.284045 0.253882 0.022756
0 0.561210 0.309949 0.042343 0.019608
1 0.620354 0.311178 0.064002 0.020059
2 0.794430 0.315421 0.263879 0.022964
2 0.695766 0.334629 0.238055 0.022427
0 0.569776 0.360146 0.063169 0.020041
1 0.627253 0.361341 0.039844 0.019557
2 0.792167 0.365393 0.269710 0.023085
2 0.749315 0.385761 0.348846 0.024730
2 0.748530 0.407003 0.348846 0.024730
2 0.752743 0.428348 0.358842 0.024938
2 0.746960 0.449486 0.348846 0.024730
2 0.746176 0.470728 0.348846 0.024730
2 0.587118 0.488681 0.032301 0.018151
0 0.574394 0.517177 0.083994 0.020474
1 0.663110 0.519021 0.081495 0.020422
2 0.817194 0.522849 0.206401 0.021770
2 0.743521 0.542576 0.348846 0.024730
2 0.608204 0.561021 0.079783 0.019138
0 0.550753 0.592965 0.042343 0.019608
1 0.614062 0.594281 0.072332 0.020232
2 0.731910 0.597355 0.143092 0.020454
0 0.559849 0.628793 0.063169 0.020041
1 0.625241 0.630152 0.055671 0.019885
2 0.790155 0.634205 0.253882 0.022756
2 0.612771 0.651776 0.095610 0.019467
0 0.558072 0.676899 0.063169 0.020041
1 0.628045 0.678354 0.064835 0.020076
2 0.797540 0.682502 0.253882 0.022756
0 0.567238 0.710853 0.083994 0.020474
1 0.639710 0.712359 0.049007 0.019747
0 0.555671 0.741874 0.063169 0.020041
1 0.625228 0.743320 0.064002 0.020059
2 0.794306 0.747459 0.253882 0.022756
2 0.735211 0.767489 0.348846 0.024730
2 0.694858 0.787909 0.269710 0.023085
0 0.563291 0.817687 0.083994 0.020474
1 0.652423 0.819539 0.082328 0.020439
0 0.562298 0.844552 0.083994 0.020474
1 0.646016 0.846291 0.071499 0.020214
2 0.803016 0.850180 0.222228 0.022099
0 0.561329 0.870791 0.083994 0.020474
1 0.632135 0.872263 0.045675 0.019678
