1 0.102567 0.087466 0.083590 0.019402
2 0.182562 0.086839 0.063591 0.019245
3 0.335896 0.086263 0.221898 0.019235
3 0.146202 0.109000 0.095239 0.018243
0 0.261048 0.097475 0.407254 0.046933
1 0.082405 0.135751 0.041926 0.019075
2 0.141568 0.135288 0.063591 0.019245
3 0.318650 0.134526 0.269396 0.019608
0 0.261570 0.134973 0.406958 0.025684
1 0.103707 0.169336 0.083590 0.019402
2 0.177453 0.168759 0.051092 0.019147
3 0.332453 0.168169 0.237731 0.019359
3 0.171091 0.190685 0.142736 0.018615
0 0.262188 0.179345 0.407254 0.046933
1 0.104429 0.221208 0.083590 0.019402
2 0.175259 0.220654 0.045259 0.019101
3 0.335259 0.220025 0.253563 0.019484
3 0.279724 0.241711 0.358557 0.020306
3 0.275021 0.262999 0.348558 0.020228
3 0.275316 0.284248 0.348558 0.020228
3 0.275612 0.305497 0.348558 0.020228
0 0.263355 0.263091 0.408142 0.110680
1 0.085260 0.340740 0.041926 0.019075
2 0.136090 0.340342 0.046925 0.019115
3 0.312756 0.339583 0.285228 0.019732
3 0.189308 0.361801 0.174401 0.018863
0 0.264573 0.350586 0.407254 0.046933
1 0.106840 0.394324 0.083590 0.019402
2 0.175586 0.393785 0.041092 0.019069
3 0.333503 0.393173 0.253563 0.019484
3 0.118811 0.416106 0.031909 0.017747
0 0.265322 0.404333 0.407254 0.046933
1 0.097164 0.447528 0.062758 0.019239
2 0.160494 0.447032 0.051092 0.019147
3 0.331327 0.446318 0.269396 0.019608
3 0.190797 0.468670 0.174401 0.018863
0 0.266061 0.457455 0.407254 0.046933
1 0.108311 0.499943 0.083590 0.019402
2 0.208306 0.499160 0.103589 0.019558
3 0.365806 0.498551 0.190233 0.018987
3 0.191528 0.521168 0.174401 0.018863
0 0.266793 0.509952 0.407254 0.046933
1 0.109077 0.554940 0.083590 0.019402
2 0.201572 0.554216 0.088590 0.019441
3 0.359489 0.553604 0.206066 0.019111
3 0.113132 0.576785 0.016076 0.017623
0 0.267558 0.564949 0.407254 0.046933
1 0.109773 0.604938 0.083590 0.019402
2 0.189769 0.604311 0.063591 0.019245
0 0.268107 0.604322 0.406958 0.025684
1 0.110148 0.631811 0.083590 0.019402
2 0.199726 0.631109 0.082757 0.019395
3 0.354726 0.630520 0.206066 0.019111
3 0.169616 0.653221 0.126903 0.018491
0 0.268629 0.641820 0.407254 0.046933
1 0.110844 0.681808 0.083590 0.019402
2 0.200839 0.681103 0.083590 0.019402
3 0.348340 0.680573 0.190233 0.018987
0 0.269177 0.681193 0.406958 0.025684
1 0.111297 0.714307 0.083590 0.019402
2 0.195042 0.713651 0.071091 0.019304
3 0.352125 0.713045 0.221898 0.019235
3 0.210346 0.735407 0.206066 0.019111
0 0.269778 0.724316 0.407254 0.046933
1 0.112089 0.771178 0.083590 0.019402
2 0.181668 0.770633 0.042759 0.019082
3 0.340418 0.770015 0.253563 0.019484
3 0.282384 0.791721 0.348558 0.020228
3 0.282680 0.812969 0.348558 0.020228
3 0.287976 0.834179 0.358557 0.020306
3 0.259523 0.855653 0.301061 0.019856
0 0.271014 0.813061 0.408142 0.110680
1 0.092867 0.886960 0.041926 0.019075
2 0.158696 0.886445 0.076924 0.019350
3 0.334529 0.885692 0.253563 0.019484
3 0.125670 0.908580 0.031909 0.017747
0 0.272180 0.896806 0.407254 0.046933
1 0.569208 0.083810 0.083590 0.019402
2 0.645454 0.083213 0.056091 0.019186
3 0.802954 0.082604 0.237731 0.019359
3 0.589095 0.105531 0.047741 0.017871
0 0.727689 0.093819 0.407254 0.046933
1 0.559488 0.133889 0.062758 0.019239
2 0.626984 0.133360 0.059425 0.019212
3 0.794067 0.132676 0.253563 0.019484
3 0.732283 0.154412 0.332726 0.020104
0 0.728386 0.143817 0.407254 0.046933
1 0.560176 0.183261 0.062758 0.019239
2 0.630172 0.182713 0.064424 0.019252
3 0.796838 0.182032 0.247730 0.019438
3 0.582562 0.204962 0.031909 0.017747
0 0.729073 0.193189 0.407254 0.046933
1 0.550438 0.232090 0.041926 0.019075
2 0.613352 0.231597 0.071091 0.019304
0 0.729604 0.231312 0.406958 0.025684
1 0.561307 0.264507 0.062758 0.019239
2 0.635470 0.263926 0.072757 0.019317
3 0.801303 0.263252 0.237731 0.019359
3 0.742019 0.284967 0.348558 0.020228
3 0.742315 0.306216 0.348558 0.020228
3 0.742610 0.327465 0.348558 0.020228
3 0.742906 0.348714 0.348558 0.020228
3 0.743202 0.369963 0.348558 0.020228
3 0.743498 0.391212 0.348558 0.020228
3 0.609218 0.413515 0.079406 0.018119
0 0.731092 0.338181 0.409029 0.174426
1 0.563875 0.448872 0.062758 0.019239
2 0.631788 0.448340 0.060258 0.019219
3 0.720125 0.448273 0.095239 0.018243
0 0.732624 0.448175 0.406958 0.025684
1 0.564354 0.483245 0.062758 0.019239
2 0.633933 0.482700 0.063591 0.019245
0 0.733103 0.482548 0.406958 0.025684
1 0.554416 0.517700 0.041926 0.019075
2 0.606497 0.517292 0.049425 0.019134
3 0.781496 0.516546 0.279395 0.019686
3 0.745544 0.538079 0.348558 0.020228
3 0.745840 0.559327 0.348558 0.020228
3 0.746136 0.580576 0.348558 0.020228
3 0.746431 0.601825 0.348558 0.020228
3 0.746727 0.623074 0.348558 0.020228
0 0.734322 0.570043 0.408437 0.131929
1 0.556331 0.655192 0.041926 0.019075
2 0.620077 0.654693 0.072757 0.019317
3 0.793827 0.653957 0.253563 0.019484
3 0.676212 0.676129 0.206066 0.019111
0 0.735645 0.665038 0.407254 0.046933
1 0.577903 0.708151 0.083590 0.019402
2 0.664148 0.707475 0.076090 0.019343
3 0.823732 0.706850 0.221898 0.019235
3 0.653204 0.729437 0.158568 0.018739
0 0.736384 0.718160 0.407254 0.046933
1 0.557845 0.763936 0.041926 0.019075
2 0.609093 0.763535 0.047759 0.019121
3 0.786175 0.762773 0.285228 0.019732
3 0.748973 0.784315 0.348558 0.020228
3 0.749269 0.805564 0.348558 0.020228
3 0.754565 0.826774 0.358557 0.020306
3 0.749861 0.848062 0.348558 0.020228
3 0.750157 0.869311 0.348558 0.020228
3 0.750453 0.890559 0.348558 0.020228
3 0.750749 0.911808 0.348558 0.020228
3 0.751045 0.933057 0.348558 0.020228
3 0.616764 0.955360 0.079406 0.018119
0 0.738343 0.858778 0.409621 0.216924
