1 0.166250 0.085938 0.097500 0.021875
0 0.266667 0.085938 0.400000 0.021875
1 0.205000 0.120313 0.128333 0.021875
0 0.266667 0.157812 0.400000 0.096875
1 0.162083 0.229063 0.089167 0.021875
0 0.266667 0.247812 0.400000 0.059375
1 0.191667 0.294687 0.055000 0.021875
0 0.266667 0.304063 0.400000 0.040625
1 0.186250 0.345938 0.137500 0.021875
0 0.266667 0.392813 0.400000 0.115625
1 0.167917 0.473438 0.054167 0.021875
0 0.266667 0.529687 0.400000 0.134375
1 0.183333 0.620313 0.038333 0.021875
0 0.266667 0.620313 0.400000 0.021875
1 0.194167 0.654062 0.060000 0.021875
0 0.266667 0.663438 0.400000 0.040625
1 0.201250 0.705313 0.074167 0.021875
0 0.266667 0.714688 0.400000 0.040625
1 0.165417 0.752812 0.049167 0.021875
0 0.266667 0.752812 0.400000 0.021875
1 0.226667 0.783438 0.125000 0.021875
0 0.266667 0.802188 0.400000 0.059375
1 0.172917 0.853437 0.110833 0.021875
0 0.266667 0.919063 0.400000 0.153125
1 0.637500 0.085938 0.060000 0.021875
0 0.733333 0.085938 0.400000 0.021875
1 0.621667 0.119688 0.075000 0.021875
0 0.733333 0.157188 0.400000 0.096875
1 0.697500 0.225938 0.133333 0.021875
0 0.733333 0.235313 0.400000 0.040625
1 0.669167 0.277813 0.076667 0.021875
0 0.733333 0.324688 0.400000 0.115625
1 0.646250 0.402187 0.077500 0.021875
0 0.733333 0.402187 0.400000 0.021875
1 0.615417 0.434063 0.062500 0.021875
0 0.733333 0.434063 0.400000 0.021875
1 0.644167 0.466562 0.073333 0.021875
0 0.733333 0.475938 0.400000 0.040625
1 0.635417 0.516563 0.102500 0.021875
0 0.733333 0.525937 0.400000 0.040625
1 0.655417 0.565312 0.095833 0.021875
0 0.733333 0.630938 0.400000 0.153125
1 0.666250 0.725938 0.070833 0.021875
0 0.733333 0.725938 0.400000 0.021875
1 0.681250 0.757812 0.100833 0.021875
0 0.733333 0.823438 0.400000 0.153125
