1 0.181250 0.085938 0.080833 0.021875
0 0.266667 0.085938 0.400000 0.021875
1 0.182083 0.117188 0.082500 0.021875
0 0.266667 0.145313 0.400000 0.078125
1 0.195833 0.206563 0.110000 0.021875
0 0.266667 0.215938 0.400000 0.040625
1 0.197083 0.259688 0.065833 0.021875
0 0.266667 0.259688 0.400000 0.021875
1 0.202500 0.289687 0.076667 0.021875
0 0.266667 0.289687 0.400000 0.021875
1 0.147500 0.319688 0.060000 0.021875
0 0.266667 0.366563 0.400000 0.115625
1 0.160833 0.441563 0.086667 0.021875
0 0.266667 0.450937 0.400000 0.040625
1 0.205417 0.489687 0.082500 0.021875
0 0.266667 0.555312 0.400000 0.153125
1 0.162083 0.653438 0.089167 0.021875
0 0.266667 0.653438 0.400000 0.021875
1 0.186250 0.682187 0.090833 0.021875
0 0.266667 0.700937 0.400000 0.059375
1 0.205417 0.749687 0.129167 0.021875
0 0.266667 0.759062 0.400000 0.040625
1 0.195833 0.797813 0.110000 0.021875
0 0.266667 0.825937 0.400000 0.078125
1 0.192500 0.887813 0.056667 0.021875
0 0.266667 0.887813 0.400000 0.021875
1 0.175000 0.916562 0.068333 0.021875
0 0.266667 0.925937 0.400000 0.040625
1 0.681667 0.085938 0.101667 0.021875
0 0.733333 0.114062 0.400000 0.078125
1 0.630000 0.176563 0.091667 0.021875
0 0.733333 0.185938 0.400000 0.040625
1 0.677083 0.223438 0.092500 0.021875
0 0.733333 0.232813 0.400000 0.040625
1 0.661250 0.274687 0.107500 0.021875
0 0.733333 0.274687 0.400000 0.021875
1 0.615000 0.308437 0.061667 0.021875
0 0.733333 0.308437 0.400000 0.021875
1 0.691250 0.342187 0.120833 0.021875
0 0.733333 0.351562 0.400000 0.040625
1 0.625000 0.393437 0.081667 0.021875
0 0.733333 0.393437 0.400000 0.021875
1 0.643333 0.422812 0.118333 0.021875
0 0.733333 0.441563 0.400000 0.059375
1 0.639167 0.494688 0.063333 0.021875
0 0.733333 0.504062 0.400000 0.040625
1 0.612500 0.547813 0.056667 0.021875
0 0.733333 0.557187 0.400000 0.040625
1 0.681250 0.599688 0.100833 0.021875
0 0.733333 0.599688 0.400000 0.021875
1 0.684583 0.627812 0.107500 0.021875
0 0.733333 0.627812 0.400000 0.021875
1 0.659583 0.662188 0.150833 0.021875
0 0.733333 0.671562 0.400000 0.040625
1 0.669167 0.715313 0.076667 0.021875
0 0.733333 0.715313 0.400000 0.021875
1 0.667917 0.748437 0.074167 0.021875
0 0.733333 0.757812 0.400000 0.040625
1 0.628750 0.800937 0.089167 0.021875
0 0.733333 0.810312 0.400000 0.040625
1 0.627083 0.849688 0.085833 0.021875
0 0.733333 0.859062 0.400000 0.040625
1 0.655000 0.900937 0.095000 0.021875
0 0.733333 0.900937 0.400000 0.021875
