3 0.494720 0.032570 0.989440 0.037959
0 0.098814 0.089514 0.083753 0.019827
1 0.168803 0.088607 0.043759 0.019309
2 0.327961 0.087168 0.253699 0.020781
2 0.269293 0.109182 0.348685 0.022013
2 0.274781 0.130364 0.358683 0.022142
2 0.275271 0.151611 0.358683 0.022142
2 0.270762 0.172923 0.348685 0.022013
2 0.271251 0.194170 0.348685 0.022013
2 0.271741 0.215416 0.348685 0.022013
2 0.272231 0.236663 0.348685 0.022013
2 0.264805 0.258013 0.332854 0.021807
0 0.088339 0.285929 0.053757 0.019439
1 0.147496 0.285162 0.052091 0.019417
0 0.104100 0.318855 0.083753 0.019827
1 0.183671 0.317823 0.062923 0.019557
2 0.336579 0.316466 0.222037 0.020371
0 0.094304 0.345861 0.062923 0.019557
1 0.173042 0.344840 0.082087 0.019806
2 0.343448 0.343256 0.237868 0.020576
2 0.164381 0.366831 0.127051 0.019139
0 0.105958 0.399468 0.083753 0.019827
1 0.183030 0.398469 0.057924 0.019493
2 0.341354 0.397041 0.237868 0.020576
2 0.126042 0.421086 0.047896 0.018113
0 0.107067 0.447586 0.083753 0.019827
1 0.195804 0.446435 0.081253 0.019795
2 0.349962 0.445062 0.206206 0.020166
2 0.269630 0.467356 0.332854 0.021807
0 0.087547 0.504722 0.042093 0.019287
1 0.146705 0.503955 0.063756 0.019568
2 0.307945 0.502490 0.237868 0.020576
0 0.109040 0.533198 0.083753 0.019827
1 0.185279 0.532209 0.056257 0.019471
2 0.334854 0.530895 0.222037 0.020371
0 0.088858 0.561589 0.042093 0.019287
1 0.156348 0.560714 0.080420 0.019784
0 0.110307 0.588190 0.083753 0.019827
1 0.186963 0.587196 0.057090 0.019482
2 0.344870 0.585774 0.237868 0.020576
2 0.280786 0.607858 0.348685 0.022013
2 0.286275 0.629040 0.358683 0.022142
2 0.186780 0.651583 0.158713 0.019550
0 0.102038 0.681436 0.062923 0.019557
1 0.174111 0.680501 0.068755 0.019633
2 0.337851 0.679004 0.237868 0.020576
2 0.203777 0.701995 0.190375 0.019960
0 0.092732 0.729689 0.042093 0.019287
1 0.148141 0.728970 0.056257 0.019471
0 0.103911 0.762674 0.062923 0.019557
1 0.180566 0.761680 0.077921 0.019752
2 0.348889 0.760123 0.237868 0.020576
2 0.144409 0.784027 0.067893 0.018372
0 0.115622 0.818780 0.083753 0.019827
1 0.205609 0.817614 0.083753 0.019827
0 0.116342 0.850026 0.083753 0.019827
1 0.215494 0.848740 0.102084 0.020065
2 0.372152 0.847334 0.190375 0.019960
2 0.286821 0.869694 0.348685 0.022013
2 0.287311 0.890940 0.348685 0.022013
2 0.287800 0.912187 0.348685 0.022013
2 0.209135 0.934460 0.190375 0.019960
0 0.565411 0.083465 0.083753 0.019827
1 0.637483 0.082530 0.047925 0.019363
2 0.790808 0.081168 0.237868 0.020576
2 0.735889 0.103133 0.348685 0.022013
0 0.545877 0.139977 0.042093 0.019287
1 0.611700 0.139123 0.077087 0.019741
2 0.787522 0.137469 0.253699 0.020781
2 0.634284 0.160709 0.142882 0.019345
0 0.547101 0.193094 0.042093 0.019287
1 0.604592 0.192348 0.060423 0.019525
2 0.784997 0.190634 0.279528 0.021116
2 0.635509 0.213826 0.142882 0.019345
0 0.548311 0.245586 0.042093 0.019287
1 0.610802 0.244776 0.070422 0.019655
2 0.791206 0.243062 0.269530 0.020987
2 0.633802 0.266356 0.137050 0.019269
0 0.570409 0.300307 0.083753 0.019827
1 0.662062 0.299119 0.087086 0.019871
2 0.803305 0.297913 0.174544 0.019755
0 0.571186 0.334052 0.083753 0.019827
1 0.667005 0.332810 0.095418 0.019979
2 0.780753 0.331961 0.111220 0.018934
0 0.571806 0.360923 0.083753 0.019827
1 0.645128 0.359973 0.050425 0.019395
2 0.804702 0.358529 0.247866 0.020706
2 0.742284 0.380591 0.348685 0.022013
2 0.747773 0.401774 0.358683 0.022142
2 0.743264 0.423085 0.348685 0.022013
2 0.743754 0.444332 0.348685 0.022013
2 0.744243 0.465579 0.348685 0.022013
2 0.744733 0.486826 0.348685 0.022013
2 0.594828 0.510022 0.047896 0.018113
0 0.555138 0.541792 0.042093 0.019287
1 0.625961 0.540873 0.087086 0.019871
2 0.806781 0.539154 0.253699 0.020781
2 0.627715 0.562729 0.111220 0.018934
0 0.556305 0.592409 0.042093 0.019287
1 0.630877 0.591442 0.094585 0.019968
2 0.807532 0.589777 0.237868 0.020576
2 0.747614 0.611807 0.348685 0.022013
2 0.753103 0.632989 0.358683 0.022142
2 0.748593 0.654301 0.348685 0.022013
2 0.646181 0.676882 0.142882 0.019345
0 0.579814 0.708372 0.083753 0.019827
1 0.667301 0.707237 0.078754 0.019763
2 0.772716 0.706496 0.111220 0.018934
0 0.580606 0.742741 0.083753 0.019827
1 0.664760 0.741650 0.072088 0.019676
0 0.560381 0.769258 0.042093 0.019287
1 0.621205 0.768469 0.067089 0.019611
2 0.799943 0.766777 0.269530 0.020987
2 0.751690 0.788656 0.348685 0.022013
2 0.752179 0.809902 0.348685 0.022013
2 0.752669 0.831149 0.348685 0.022013
2 0.753159 0.852396 0.348685 0.022013
2 0.753648 0.873643 0.348685 0.022013
