1 0.099314 0.083617 0.062563 0.018868
2 0.160147 0.083732 0.045896 0.018837
3 0.325561 0.084669 0.263391 0.017997
3 0.152990 0.105593 0.095058 0.017679
0 0.268026 0.095185 0.406812 0.044518
1 0.099148 0.132991 0.062563 0.018868
2 0.176648 0.133138 0.079229 0.018900
3 0.345812 0.134083 0.237558 0.017949
3 0.173658 0.155007 0.136725 0.017758
0 0.267860 0.144560 0.406812 0.044518
1 0.088557 0.184847 0.041730 0.018829
2 0.142724 0.184949 0.053396 0.018851
3 0.322721 0.185914 0.285058 0.018038
0 0.267721 0.185810 0.406741 0.023268
1 0.098867 0.216741 0.062563 0.018868
2 0.172617 0.216881 0.071729 0.018885
3 0.338031 0.217818 0.237558 0.017949
3 0.152543 0.238718 0.095058 0.017679
0 0.267579 0.228310 0.406812 0.044518
1 0.098691 0.269241 0.062563 0.018868
2 0.171190 0.269378 0.069229 0.018881
0 0.267438 0.270185 0.406741 0.023268
1 0.088184 0.296096 0.041730 0.018829
2 0.142350 0.296199 0.053396 0.018851
3 0.298597 0.297119 0.237558 0.017949
0 0.267348 0.297060 0.406741 0.023268
1 0.108916 0.326136 0.083396 0.018907
2 0.205166 0.326317 0.095896 0.018931
3 0.358913 0.327233 0.190058 0.017859
3 0.278842 0.348332 0.348391 0.018158
3 0.278771 0.369582 0.348391 0.018158
3 0.278699 0.390832 0.348391 0.018158
3 0.159878 0.411857 0.110892 0.017709
0 0.267104 0.369560 0.407026 0.108268
1 0.108519 0.444260 0.083396 0.018907
2 0.183102 0.444401 0.052563 0.018849
3 0.338933 0.445321 0.237558 0.017949
3 0.151779 0.466217 0.095058 0.017679
0 0.266814 0.455809 0.406812 0.044518
1 0.108341 0.497385 0.083396 0.018907
2 0.191257 0.497542 0.069229 0.018881
0 0.266672 0.498309 0.406741 0.023268
1 0.087417 0.524221 0.041730 0.018829
2 0.149500 0.524338 0.069229 0.018881
3 0.326581 0.525297 0.263391 0.017997
3 0.278177 0.546456 0.348391 0.018158
3 0.283105 0.567715 0.358391 0.018177
3 0.278034 0.588956 0.348391 0.018158
3 0.135463 0.609937 0.063392 0.017620
0 0.266439 0.567684 0.407026 0.108268
1 0.107869 0.638010 0.083396 0.018907
2 0.183702 0.638153 0.055063 0.018854
3 0.340782 0.639075 0.237558 0.017949
3 0.277795 0.660206 0.348391 0.018158
3 0.277723 0.681456 0.348391 0.018158
3 0.277652 0.702706 0.348391 0.018158
3 0.277580 0.723955 0.348391 0.018158
3 0.135009 0.744936 0.063392 0.017620
0 0.266021 0.692059 0.407098 0.129518
1 0.096992 0.774864 0.062563 0.018868
2 0.154492 0.774973 0.039230 0.018824
3 0.319489 0.775910 0.269225 0.018009
3 0.277335 0.797080 0.348391 0.018158
3 0.277263 0.818330 0.348391 0.018158
3 0.277192 0.839580 0.348391 0.018158
3 0.134621 0.860561 0.063392 0.017620
0 0.265597 0.818308 0.407026 0.108268
1 0.096610 0.888614 0.062563 0.018868
2 0.170776 0.888754 0.072563 0.018887
3 0.317857 0.889657 0.200058 0.017878
0 0.265357 0.889558 0.406741 0.023268
1 0.565979 0.084498 0.062563 0.018868
2 0.630562 0.084620 0.053396 0.018851
3 0.794726 0.085556 0.253391 0.017979
3 0.580072 0.106400 0.015892 0.017530
0 0.734691 0.096067 0.406812 0.044518
1 0.576213 0.138893 0.083396 0.018907
2 0.664130 0.139059 0.079229 0.018900
3 0.809544 0.139959 0.190058 0.017859
0 0.734544 0.139817 0.406741 0.023268
1 0.565700 0.167623 0.062563 0.018868
2 0.639866 0.167763 0.072563 0.018887
3 0.810697 0.168711 0.247558 0.017968
3 0.746043 0.189839 0.348391 0.018158
3 0.750971 0.211098 0.358391 0.018177
3 0.745900 0.232339 0.348391 0.018158
3 0.722079 0.253544 0.300891 0.018068
0 0.734305 0.211067 0.407026 0.108268
1 0.575718 0.286392 0.083396 0.018907
2 0.670717 0.286572 0.093396 0.018926
0 0.734048 0.287317 0.406741 0.023268
1 0.565198 0.316998 0.062563 0.018868
2 0.652698 0.317163 0.099229 0.018937
3 0.776445 0.318022 0.126725 0.017739
0 0.733946 0.317941 0.406741 0.023268
1 0.575499 0.351392 0.083396 0.018907
2 0.649249 0.351532 0.050896 0.018846
3 0.772580 0.352390 0.174225 0.017829
0 0.733830 0.352316 0.406741 0.023268
1 0.564965 0.386372 0.062563 0.018868
2 0.637048 0.386509 0.068396 0.018879
3 0.800796 0.387443 0.237558 0.017949
3 0.745308 0.408588 0.348391 0.018158
3 0.745236 0.429838 0.348391 0.018158
3 0.745165 0.451088 0.348391 0.018158
3 0.745094 0.472338 0.348391 0.018158
3 0.750022 0.493597 0.358391 0.018177
3 0.689534 0.514733 0.237558 0.017949
0 0.733498 0.451066 0.407169 0.150768
1 0.564436 0.543872 0.062563 0.018868
2 0.636103 0.544007 0.067563 0.018877
3 0.799433 0.544941 0.237558 0.017949
3 0.705196 0.566013 0.269225 0.018009
0 0.733148 0.555441 0.406812 0.044518
1 0.574681 0.595141 0.083396 0.018907
2 0.656764 0.595296 0.067563 0.018877
3 0.812178 0.596215 0.221725 0.017919
3 0.617940 0.617098 0.095058 0.017679
0 0.732976 0.606691 0.406812 0.044518
1 0.574511 0.645766 0.083396 0.018907
2 0.649510 0.645908 0.053396 0.018851
3 0.805758 0.646828 0.237558 0.017949
3 0.744437 0.667962 0.348391 0.018158
3 0.744365 0.689212 0.348391 0.018158
3 0.749294 0.710472 0.358391 0.018177
3 0.744222 0.731712 0.348391 0.018158
3 0.744151 0.752962 0.348391 0.018158
3 0.649080 0.774033 0.158392 0.017799
0 0.732627 0.710440 0.407169 0.150768
1 0.563563 0.803871 0.062563 0.018868
2 0.640229 0.804016 0.077563 0.018896
0 0.732310 0.804815 0.406741 0.023268
1 0.553045 0.833851 0.041730 0.018829
2 0.610962 0.833961 0.060896 0.018865
3 0.786793 0.834918 0.269225 0.018009
3 0.743805 0.856087 0.348391 0.018158
3 0.743733 0.877337 0.348391 0.018158
3 0.743662 0.898587 0.348391 0.018158
3 0.664424 0.919687 0.190058 0.017859
0 0.732067 0.877315 0.407026 0.108268
