3 0.493109 0.033244 0.986218 0.041897
0 0.095943 0.091101 0.083876 0.020154
1 0.170924 0.089833 0.053883 0.019647
2 0.327153 0.087817 0.237966 0.021510
2 0.211154 0.111034 0.237966 0.021510
0 0.097427 0.140464 0.083876 0.020154
1 0.193652 0.138837 0.096372 0.020365
2 0.347382 0.136863 0.190478 0.020707
2 0.109748 0.162136 0.032185 0.018031
0 0.098873 0.188576 0.083876 0.020154
1 0.179269 0.187217 0.064714 0.019830
2 0.332999 0.185243 0.222136 0.021243
2 0.103279 0.210383 0.016355 0.017763
0 0.090149 0.244988 0.063048 0.019802
1 0.177627 0.243509 0.099705 0.020422
0 0.101577 0.278554 0.083876 0.020154
1 0.173226 0.277342 0.047218 0.019534
0 0.081538 0.305149 0.042220 0.019450
1 0.152354 0.303952 0.087208 0.020210
2 0.333160 0.301520 0.253795 0.021778
2 0.275063 0.323758 0.352936 0.023454
2 0.273619 0.345037 0.348771 0.023384
2 0.274258 0.366282 0.348771 0.023384
2 0.274896 0.387527 0.348771 0.023384
2 0.259705 0.409039 0.317112 0.022848
0 0.085651 0.441989 0.042220 0.019450
1 0.137722 0.441109 0.049718 0.019576
2 0.315612 0.438726 0.285453 0.022313
2 0.110886 0.463443 0.016355 0.017763
0 0.087323 0.497600 0.042220 0.019450
1 0.156889 0.496424 0.084709 0.020168
2 0.336445 0.494013 0.253795 0.021778
2 0.278765 0.516244 0.348771 0.023384
2 0.279404 0.537488 0.348771 0.023384
2 0.285041 0.558649 0.358768 0.023553
2 0.285680 0.579893 0.358768 0.023553
0 0.111738 0.616593 0.083876 0.020154
1 0.201299 0.615078 0.083043 0.020140
2 0.300876 0.614020 0.095502 0.019101
0 0.102339 0.650510 0.063048 0.019802
1 0.168572 0.649390 0.057216 0.019703
2 0.302723 0.647747 0.190478 0.020707
0 0.103372 0.684876 0.063048 0.019802
1 0.160441 0.683912 0.038887 0.019393
2 0.325001 0.681754 0.269624 0.022045
2 0.157765 0.705837 0.095502 0.019101
0 0.094441 0.734415 0.042220 0.019450
1 0.159841 0.733309 0.076378 0.020027
2 0.335232 0.730969 0.253795 0.021778
2 0.285884 0.753059 0.348771 0.023384
2 0.286522 0.774303 0.348771 0.023384
2 0.287161 0.795548 0.348771 0.023384
2 0.287799 0.816792 0.348771 0.023384
2 0.288438 0.838037 0.348771 0.023384
2 0.289077 0.859282 0.348771 0.023384
2 0.265971 0.880928 0.301283 0.022581
0 0.541663 0.083565 0.042220 0.019450
1 0.611229 0.082389 0.084709 0.020168
2 0.790785 0.079978 0.253795 0.021778
2 0.733105 0.102209 0.348771 0.023384
2 0.738742 0.123369 0.358768 0.023553
2 0.739381 0.144613 0.358768 0.023553
2 0.671704 0.167013 0.222136 0.021243
0 0.565909 0.196934 0.083876 0.020154
1 0.644223 0.195610 0.060548 0.019759
0 0.556547 0.232101 0.063048 0.019802
1 0.631945 0.230826 0.075544 0.020013
2 0.799004 0.228627 0.237966 0.021510
2 0.737575 0.250921 0.348771 0.023384
2 0.743213 0.272081 0.358768 0.023553
2 0.738852 0.293410 0.348771 0.023384
2 0.668259 0.315859 0.206307 0.020975
0 0.549533 0.345373 0.042220 0.019450
1 0.606601 0.344409 0.059715 0.019745
2 0.781576 0.342075 0.269624 0.022045
2 0.598511 0.366426 0.063843 0.018566
0 0.572013 0.400007 0.083876 0.020154
1 0.651577 0.398662 0.063048 0.019802
2 0.804473 0.396702 0.222136 0.021243
2 0.742628 0.419003 0.348771 0.023384
2 0.743266 0.440248 0.348771 0.023384
2 0.743905 0.461492 0.348771 0.023384
2 0.749542 0.482652 0.358768 0.023553
2 0.745182 0.503982 0.348771 0.023384
2 0.619186 0.527367 0.095502 0.019101
0 0.555862 0.555945 0.042220 0.019450
1 0.607099 0.555079 0.048051 0.019548
0 0.577573 0.584960 0.083876 0.020154
1 0.650054 0.583735 0.048885 0.019562
2 0.803784 0.581761 0.237966 0.021510
0 0.557797 0.620304 0.042220 0.019450
1 0.609867 0.619423 0.049718 0.019576
0 0.575000 0.651896 0.074711 0.019999
1 0.639984 0.650797 0.043053 0.019464
0 0.570126 0.683861 0.063048 0.019802
1 0.637609 0.682720 0.059715 0.019745
2 0.804669 0.680521 0.253795 0.021778
2 0.724495 0.703132 0.295451 0.022482
0 0.582043 0.733673 0.083876 0.020154
1 0.664939 0.732271 0.069713 0.019914
2 0.821168 0.730255 0.222136 0.021243
0 0.572606 0.766340 0.063048 0.019802
1 0.651752 0.765002 0.083043 0.020140
2 0.822561 0.762739 0.237966 0.021510
2 0.626999 0.787301 0.095502 0.019101
0 0.559037 0.814082 0.033055 0.019295
1 0.625270 0.812962 0.087208 0.020210
0 0.574878 0.841946 0.063048 0.019802
1 0.656108 0.840573 0.087208 0.020210
2 0.821084 0.838408 0.222136 0.021243
2 0.760905 0.860681 0.358768 0.023553
2 0.756545 0.882010 0.348771 0.023384
2 0.757184 0.903255 0.348771 0.023384
2 0.615358 0.926908 0.063843 0.018566
