1 0.209167 0.085938 0.136667 0.021875
0 0.266667 0.095312 0.400000 0.040625
1 0.197500 0.138437 0.113333 0.021875
0 0.266667 0.147813 0.400000 0.040625
1 0.177083 0.189062 0.072500 0.021875
0 0.266667 0.189062 0.400000 0.021875
1 0.212917 0.217188 0.097500 0.021875
0 0.266667 0.282813 0.400000 0.153125
1 0.172500 0.379063 0.110000 0.021875
0 0.266667 0.388437 0.400000 0.040625
1 0.183750 0.432188 0.132500 0.021875
0 0.266667 0.488438 0.400000 0.134375
1 0.232917 0.577187 0.137500 0.021875
0 0.266667 0.577187 0.400000 0.021875
1 0.175417 0.609688 0.069167 0.021875
0 0.266667 0.609688 0.400000 0.021875
1 0.226250 0.638437 0.124167 0.021875
0 0.266667 0.675937 0.400000 0.096875
1 0.210417 0.741563 0.092500 0.021875
0 0.266667 0.779062 0.400000 0.096875
1 0.200833 0.850938 0.073333 0.021875
0 0.266667 0.897813 0.400000 0.115625
1 0.645417 0.085938 0.075833 0.021875
0 0.733333 0.085938 0.400000 0.021875
1 0.677500 0.115312 0.140000 0.021875
0 0.733333 0.115312 0.400000 0.021875
1 0.642917 0.144063 0.070833 0.021875
0 0.733333 0.181562 0.400000 0.096875
1 0.653750 0.247188 0.092500 0.021875
0 0.733333 0.256563 0.400000 0.040625
1 0.644167 0.297187 0.073333 0.021875
0 0.733333 0.297187 0.400000 0.021875
1 0.676667 0.325313 0.091667 0.021875
0 0.733333 0.334688 0.400000 0.040625
1 0.620000 0.376563 0.071667 0.021875
0 0.733333 0.414062 0.400000 0.096875
1 0.633333 0.481563 0.098333 0.021875
0 0.733333 0.500313 0.400000 0.059375
1 0.682917 0.552813 0.150833 0.021875
0 0.733333 0.590313 0.400000 0.096875
1 0.651250 0.660312 0.134167 0.021875
0 0.733333 0.669687 0.400000 0.040625
1 0.649583 0.713437 0.130833 0.021875
0 0.733333 0.713437 0.400000 0.021875
1 0.675417 0.742188 0.089167 0.021875
0 0.733333 0.760938 0.400000 0.059375
1 0.645833 0.807813 0.076667 0.021875
0 0.733333 0.807813 0.400000 0.021875
1 0.649583 0.839063 0.084167 0.021875
0 0.733333 0.839063 0.400000 0.021875
1 0.653750 0.872812 0.092500 0.021875
0 0.733333 0.882188 0.400000 0.040625
