1 0.097214 0.079050 0.042096 0.019291
2 0.156788 0.079828 0.064592 0.019585
3 0.326331 0.082668 0.253701 0.020806
0 0.276339 0.082015 0.407127 0.027808
1 0.117275 0.112442 0.083756 0.019836
2 0.215176 0.113721 0.099587 0.020042
3 0.370555 0.116376 0.190378 0.019979
3 0.286741 0.136534 0.348687 0.022047
3 0.127938 0.155713 0.032068 0.017911
0 0.275076 0.136382 0.408114 0.070302
1 0.094630 0.190283 0.042096 0.019291
2 0.157954 0.191110 0.072091 0.019683
3 0.339162 0.194103 0.269532 0.021013
3 0.284927 0.214648 0.348687 0.022047
3 0.149870 0.234136 0.079561 0.018531
0 0.273262 0.214495 0.408114 0.070302
1 0.092816 0.268396 0.042096 0.019291
2 0.157390 0.269240 0.074591 0.019716
0 0.271941 0.271361 0.407127 0.027808
1 0.087450 0.302081 0.032930 0.019172
2 0.135359 0.302707 0.050428 0.019400
3 0.305736 0.305558 0.269532 0.021013
0 0.271158 0.305106 0.407127 0.027808
1 0.112065 0.336783 0.083756 0.019836
2 0.186637 0.337757 0.052927 0.019433
3 0.302854 0.339901 0.158716 0.019565
0 0.270359 0.339476 0.407127 0.027808
1 0.090494 0.368381 0.042096 0.019291
2 0.140070 0.369029 0.044595 0.019324
3 0.315446 0.371945 0.285363 0.021220
3 0.193720 0.391608 0.174547 0.019772
0 0.269372 0.381970 0.407621 0.049055
1 0.110192 0.417396 0.083756 0.019836
2 0.181432 0.418327 0.046262 0.019346
3 0.341809 0.421047 0.253701 0.020806
3 0.281742 0.441515 0.352853 0.022102
3 0.279165 0.462735 0.348687 0.022047
3 0.278672 0.483982 0.348687 0.022047
3 0.175277 0.503884 0.142885 0.019359
0 0.267500 0.462582 0.409101 0.112795
1 0.097005 0.536617 0.062926 0.019564
2 0.169078 0.537558 0.068758 0.019640
3 0.332788 0.540322 0.237870 0.020599
3 0.134408 0.558984 0.063730 0.018325
0 0.265468 0.550069 0.407621 0.049055
1 0.095743 0.590984 0.062926 0.019564
2 0.151984 0.591718 0.037096 0.019226
3 0.315695 0.594482 0.269532 0.021013
3 0.275624 0.615212 0.348687 0.022047
3 0.275131 0.636459 0.348687 0.022047
3 0.274637 0.657705 0.348687 0.022047
3 0.274144 0.678952 0.348687 0.022047
3 0.278649 0.700264 0.358685 0.022178
3 0.201918 0.720515 0.206208 0.020186
0 0.262972 0.657553 0.410088 0.155289
1 0.102559 0.746096 0.083756 0.019836
2 0.178380 0.747087 0.055427 0.019466
3 0.335425 0.749763 0.237870 0.020599
3 0.277024 0.770254 0.358685 0.022178
3 0.271531 0.791435 0.348687 0.022047
3 0.271038 0.812682 0.348687 0.022047
3 0.270544 0.833929 0.348687 0.022047
3 0.270051 0.855175 0.348687 0.022047
3 0.134995 0.874664 0.079561 0.018531
0 0.259373 0.812529 0.410088 0.155289
1 0.574225 0.085282 0.062926 0.019564
2 0.644631 0.086201 0.065426 0.019596
3 0.798759 0.088840 0.222039 0.020393
0 0.742935 0.088111 0.407127 0.027808
1 0.562982 0.120765 0.042096 0.019291
2 0.624223 0.121565 0.067925 0.019629
3 0.732109 0.123600 0.127054 0.019152
0 0.742107 0.123730 0.407127 0.027808
1 0.583159 0.149158 0.083756 0.019836
2 0.655648 0.150105 0.048761 0.019378
3 0.785614 0.152428 0.190378 0.019979
0 0.741454 0.151851 0.407127 0.027808
1 0.571917 0.184642 0.062926 0.019564
2 0.636907 0.185491 0.054594 0.019455
3 0.801451 0.188265 0.253701 0.020806
3 0.753881 0.208897 0.352853 0.022102
3 0.751305 0.230117 0.348687 0.022047
3 0.632080 0.249812 0.111223 0.018945
0 0.739887 0.219341 0.408608 0.091549
1 0.580184 0.277264 0.083756 0.019836
2 0.653506 0.278221 0.050428 0.019400
3 0.808052 0.280865 0.237870 0.020599
3 0.686327 0.300528 0.222039 0.020393
0 0.738232 0.290580 0.407621 0.049055
1 0.558193 0.326984 0.042096 0.019291
2 0.626933 0.327882 0.082923 0.019825
0 0.737318 0.329949 0.407127 0.027808
1 0.578254 0.360376 0.083756 0.019836
2 0.657409 0.361410 0.062093 0.019553
3 0.817787 0.364130 0.237870 0.020599
3 0.644819 0.383124 0.142885 0.019359
0 0.736302 0.373692 0.407621 0.049055
1 0.566736 0.407733 0.062926 0.019564
2 0.637142 0.408652 0.065426 0.019596
3 0.807102 0.411498 0.253701 0.020806
3 0.746617 0.431961 0.348687 0.022047
3 0.746124 0.453208 0.348687 0.022047
3 0.626898 0.472903 0.111223 0.018945
0 0.734706 0.442432 0.408608 0.091549
1 0.554057 0.505082 0.042096 0.019291
2 0.614881 0.505876 0.067092 0.019618
3 0.793589 0.508836 0.269532 0.021013
3 0.641452 0.528102 0.142885 0.019359
0 0.732935 0.518670 0.407621 0.049055
1 0.552910 0.554449 0.042096 0.019291
2 0.623733 0.555375 0.087089 0.019879
3 0.801608 0.558323 0.247869 0.020730
3 0.743207 0.578814 0.348687 0.022047
3 0.747713 0.600126 0.358685 0.022178
3 0.623488 0.619756 0.111223 0.018945
0 0.731295 0.589285 0.408608 0.091549
1 0.571506 0.650957 0.083756 0.019836
2 0.659825 0.652111 0.080423 0.019792
3 0.813538 0.654744 0.206208 0.020186
3 0.740972 0.675049 0.348687 0.022047
3 0.740478 0.696296 0.348687 0.022047
3 0.613337 0.715888 0.095392 0.018738
0 0.729060 0.685520 0.408608 0.091549
1 0.569300 0.745942 0.083756 0.019836
2 0.663452 0.747172 0.092088 0.019944
3 0.807166 0.749675 0.174547 0.019772
0 0.727594 0.748635 0.407127 0.027808
1 0.547686 0.779415 0.042096 0.019291
2 0.598095 0.780074 0.046262 0.019346
3 0.703064 0.782070 0.142885 0.019359
0 0.726811 0.782380 0.407127 0.027808
1 0.557303 0.813921 0.062926 0.019564
2 0.622293 0.814770 0.054594 0.019455
3 0.786837 0.817545 0.253701 0.020806
3 0.737184 0.838149 0.348687 0.022047
3 0.736690 0.859396 0.348687 0.022047
3 0.736197 0.880643 0.348687 0.022047
3 0.735704 0.901890 0.348687 0.022047
3 0.735210 0.923136 0.348687 0.022047
3 0.734717 0.944383 0.348687 0.022047
3 0.726308 0.965527 0.332856 0.021840
0 0.724285 0.891114 0.410582 0.176536
