1 0.120538 0.078054 0.083860 0.020111
2 0.208434 0.079495 0.079694 0.020043
3 0.361712 0.082634 0.206294 0.020870
3 0.242371 0.101932 0.253783 0.021648
0 0.278506 0.091897 0.407844 0.050405
1 0.108521 0.132871 0.063031 0.019770
2 0.186836 0.134155 0.081360 0.020070
0 0.277213 0.136261 0.407225 0.029160
1 0.118007 0.164909 0.083860 0.020111
2 0.194655 0.166165 0.057200 0.019674
3 0.352516 0.169379 0.237953 0.021389
3 0.287329 0.189565 0.348760 0.023205
3 0.291708 0.210892 0.358758 0.023369
3 0.291089 0.232137 0.358758 0.023369
3 0.285471 0.253300 0.348760 0.023205
3 0.189874 0.272987 0.158805 0.020091
0 0.274736 0.221241 0.410321 0.135385
1 0.109527 0.298552 0.074695 0.019961
2 0.187842 0.299836 0.069697 0.019879
3 0.351951 0.303151 0.237953 0.021389
3 0.283431 0.323283 0.348760 0.023205
3 0.282812 0.344528 0.348760 0.023205
3 0.282193 0.365773 0.348760 0.023205
3 0.281573 0.387018 0.348760 0.023205
3 0.280954 0.408263 0.348760 0.023205
3 0.209102 0.428340 0.206294 0.020870
0 0.270529 0.365582 0.410940 0.156630
1 0.099069 0.457168 0.063031 0.019770
2 0.177800 0.458459 0.082194 0.020084
3 0.348158 0.461877 0.237953 0.021389
3 0.215487 0.480957 0.222124 0.021129
0 0.267451 0.471181 0.407844 0.050405
1 0.107844 0.513575 0.083860 0.020111
2 0.197406 0.515044 0.083027 0.020098
3 0.349435 0.518161 0.200462 0.020774
0 0.266121 0.516795 0.407225 0.029160
1 0.096574 0.542773 0.063031 0.019770
2 0.166141 0.543913 0.063865 0.019784
3 0.335249 0.547311 0.253783 0.021648
3 0.118015 0.565004 0.032169 0.018015
0 0.264956 0.556786 0.407844 0.050405
1 0.095044 0.595260 0.063031 0.019770
2 0.157113 0.596278 0.048868 0.019538
3 0.326637 0.599682 0.269612 0.021908
3 0.274780 0.620087 0.348760 0.023205
3 0.279160 0.641414 0.358758 0.023369
3 0.278541 0.662659 0.358758 0.023369
3 0.265008 0.683692 0.332931 0.022946
0 0.262497 0.641141 0.409702 0.114140
1 0.081133 0.715061 0.042203 0.019428
2 0.135287 0.715949 0.053867 0.019620
3 0.315226 0.719524 0.285442 0.022167
3 0.271283 0.740058 0.348760 0.023205
3 0.270664 0.761303 0.348760 0.023205
3 0.270045 0.782548 0.348760 0.023205
3 0.269426 0.803793 0.348760 0.023205
3 0.229233 0.824389 0.269612 0.021908
0 0.258691 0.771735 0.410321 0.135385
1 0.087595 0.850824 0.063031 0.019770
2 0.174658 0.852251 0.098856 0.020357
3 0.345432 0.855676 0.222124 0.021129
3 0.267331 0.875651 0.348760 0.023205
3 0.266712 0.896896 0.348760 0.023205
3 0.155286 0.916324 0.127146 0.019572
0 0.255358 0.886082 0.409083 0.092895
1 0.566265 0.085362 0.042203 0.019428
2 0.634165 0.086475 0.081360 0.020070
3 0.812021 0.090016 0.253783 0.021648
3 0.677267 0.109062 0.190465 0.020610
0 0.745061 0.099546 0.407844 0.050405
1 0.564735 0.137850 0.042203 0.019428
2 0.628470 0.138895 0.073029 0.019934
3 0.802160 0.142367 0.253783 0.021648
3 0.699482 0.161939 0.237953 0.021389
0 0.743531 0.152034 0.407844 0.050405
1 0.563205 0.190337 0.042203 0.019428
2 0.629856 0.191430 0.078861 0.020029
3 0.743144 0.193912 0.127146 0.019572
0 0.742311 0.193899 0.407225 0.029160
1 0.583159 0.220671 0.083860 0.020111
2 0.657725 0.221894 0.053034 0.019606
3 0.813503 0.225073 0.237953 0.021389
3 0.752481 0.245328 0.348760 0.023205
3 0.751862 0.266573 0.348760 0.023205
3 0.751243 0.287817 0.348760 0.023205
3 0.750624 0.309062 0.348760 0.023205
3 0.639198 0.328491 0.127146 0.019572
0 0.739889 0.277004 0.410321 0.135385
1 0.579062 0.361263 0.083860 0.020111
2 0.649461 0.362417 0.044702 0.019469
3 0.808988 0.365658 0.253783 0.021648
3 0.748384 0.385919 0.348760 0.023205
3 0.665701 0.405819 0.184633 0.020515
0 0.736720 0.385728 0.408464 0.071650
1 0.576894 0.435620 0.083860 0.020111
2 0.657708 0.436945 0.065531 0.019811
3 0.811820 0.440097 0.222124 0.021129
3 0.746216 0.460276 0.348760 0.023205
3 0.745597 0.481521 0.348760 0.023205
3 0.744978 0.502766 0.348760 0.023205
3 0.696870 0.523232 0.253783 0.021648
0 0.733933 0.481330 0.409702 0.114140
1 0.563202 0.547922 0.063031 0.019770
2 0.641100 0.549200 0.080527 0.020057
3 0.810625 0.552604 0.237953 0.021389
3 0.742938 0.572749 0.348760 0.023205
3 0.742319 0.593994 0.348760 0.023205
3 0.746698 0.615321 0.358758 0.023369
3 0.741080 0.636484 0.348760 0.023205
3 0.745460 0.657811 0.358758 0.023369
3 0.641949 0.677369 0.152974 0.019995
0 0.730036 0.615048 0.410940 0.156630
1 0.548217 0.704589 0.042203 0.019428
2 0.599454 0.705429 0.048035 0.019524
3 0.768562 0.708827 0.269612 0.021908
0 0.727322 0.708151 0.407225 0.029160
1 0.547306 0.735832 0.042203 0.019428
2 0.596461 0.736638 0.043869 0.019456
3 0.776400 0.740213 0.295439 0.022331
3 0.737456 0.760829 0.348760 0.023205
3 0.736837 0.782074 0.348760 0.023205
3 0.736218 0.803319 0.348760 0.023205
3 0.740597 0.824646 0.358758 0.023369
3 0.671661 0.844771 0.222124 0.021129
0 0.724864 0.792506 0.410321 0.135385
1 0.564146 0.873016 0.083860 0.020111
2 0.650792 0.874436 0.077195 0.020002
3 0.810735 0.877683 0.222124 0.021129
3 0.733468 0.897672 0.348760 0.023205
3 0.566638 0.916192 0.016339 0.017755
0 0.721804 0.897481 0.408464 0.071650
