1 0.207917 0.085938 0.087500 0.021875
0 0.266667 0.085938 0.400000 0.021875
1 0.171250 0.119063 0.107500 0.021875
0 0.266667 0.137813 0.400000 0.059375
1 0.172917 0.185312 0.110833 0.021875
0 0.266667 0.232187 0.400000 0.115625
1 0.203333 0.307188 0.078333 0.021875
0 0.266667 0.316563 0.400000 0.040625
1 0.204167 0.354687 0.080000 0.021875
0 0.266667 0.364063 0.400000 0.040625
1 0.240000 0.405313 0.151667 0.021875
0 0.266667 0.414687 0.400000 0.040625
1 0.219583 0.455937 0.110833 0.021875
0 0.266667 0.455937 0.400000 0.021875
1 0.170000 0.484063 0.105000 0.021875
0 0.266667 0.512188 0.400000 0.078125
1 0.165417 0.572812 0.095833 0.021875
0 0.266667 0.572812 0.400000 0.021875
1 0.185417 0.604062 0.089167 0.021875
0 0.266667 0.613437 0.400000 0.040625
1 0.228750 0.656563 0.129167 0.021875
0 0.266667 0.665937 0.400000 0.040625
1 0.173750 0.707812 0.065833 0.021875
0 0.266667 0.707812 0.400000 0.021875
1 0.169583 0.740938 0.104167 0.021875
0 0.266667 0.740938 0.400000 0.021875
1 0.198750 0.773438 0.115833 0.021875
0 0.266667 0.773438 0.400000 0.021875
1 0.202917 0.807187 0.124167 0.021875
0 0.266667 0.807187 0.400000 0.021875
1 0.157083 0.841562 0.079167 0.021875
0 0.266667 0.850938 0.400000 0.040625
1 0.201667 0.894062 0.121667 0.021875
0 0.266667 0.894062 0.400000 0.021875
1 0.660000 0.085938 0.151667 0.021875
0 0.733333 0.085938 0.400000 0.021875
1 0.682083 0.115312 0.149167 0.021875
0 0.733333 0.115312 0.400000 0.021875
1 0.656250 0.149688 0.097500 0.021875
0 0.733333 0.159062 0.400000 0.040625
1 0.635417 0.197813 0.102500 0.021875
0 0.733333 0.225938 0.400000 0.078125
1 0.645000 0.285313 0.121667 0.021875
0 0.733333 0.341562 0.400000 0.134375
1 0.672500 0.430937 0.083333 0.021875
0 0.733333 0.430937 0.400000 0.021875
1 0.642917 0.459688 0.070833 0.021875
0 0.733333 0.487812 0.400000 0.078125
1 0.663333 0.549687 0.111667 0.021875
0 0.733333 0.549687 0.400000 0.021875
1 0.672917 0.580937 0.130833 0.021875
0 0.733333 0.580937 0.400000 0.021875
1 0.618750 0.615313 0.069167 0.021875
0 0.733333 0.643437 0.400000 0.078125
1 0.630417 0.703438 0.092500 0.021875
0 0.733333 0.703438 0.400000 0.021875
1 0.647083 0.732187 0.079167 0.021875
0 0.733333 0.741563 0.400000 0.040625
1 0.682917 0.779687 0.104167 0.021875
0 0.733333 0.798438 0.400000 0.059375
1 0.649167 0.850938 0.083333 0.021875
0 0.733333 0.916562 0.400000 0.153125
