0 0.088260 0.083952 0.041701 0.018793
1 0.142843 0.084008 0.054201 0.018806
2 0.320342 0.084815 0.279198 0.017787
2 0.279053 0.106023 0.348365 0.017858
2 0.279014 0.127273 0.348365 0.017858
2 0.278975 0.148523 0.348365 0.017858
2 0.278936 0.169773 0.348365 0.017858
2 0.263064 0.191006 0.316698 0.017825
0 0.108835 0.225223 0.083368 0.018836
1 0.180502 0.225296 0.046701 0.018798
0 0.108776 0.257723 0.083368 0.018836
1 0.192525 0.257809 0.070868 0.018823
2 0.349608 0.258595 0.221698 0.017728
2 0.191652 0.279683 0.174198 0.017679
0 0.108684 0.307723 0.083368 0.018836
1 0.187017 0.307803 0.060034 0.018812
2 0.343683 0.308589 0.231698 0.017738
2 0.151978 0.329642 0.095032 0.017598
0 0.098176 0.357712 0.062534 0.018814
1 0.172759 0.357789 0.073368 0.018825
2 0.339008 0.358584 0.237532 0.017744
2 0.278553 0.379772 0.348365 0.017858
2 0.278514 0.401022 0.348365 0.017858
2 0.278475 0.422272 0.348365 0.017858
2 0.278436 0.443522 0.348365 0.017858
2 0.238814 0.464732 0.269198 0.017777
0 0.097930 0.492712 0.062534 0.018814
1 0.174180 0.492790 0.076701 0.018829
2 0.294595 0.493539 0.142532 0.017646
0 0.108283 0.527098 0.083368 0.018836
1 0.196200 0.527188 0.079201 0.018831
2 0.349532 0.527970 0.205865 0.017711
2 0.278243 0.549147 0.348365 0.017858
2 0.283205 0.570402 0.358365 0.017868
2 0.278166 0.591647 0.348365 0.017858
2 0.278127 0.612897 0.348365 0.017858
2 0.278088 0.634147 0.348365 0.017858
2 0.278049 0.655397 0.348365 0.017858
2 0.111761 0.676476 0.015865 0.017516
0 0.087124 0.705826 0.041701 0.018793
1 0.161290 0.705902 0.093367 0.018846
2 0.337539 0.706708 0.237532 0.017744
2 0.277917 0.727897 0.348365 0.017858
2 0.277878 0.749147 0.348365 0.017858
2 0.277839 0.770397 0.348365 0.017858
2 0.195717 0.791563 0.184198 0.017689
0 0.086915 0.820201 0.041701 0.018793
1 0.151498 0.820267 0.074201 0.018826
2 0.326080 0.821072 0.253365 0.017760
2 0.282708 0.842277 0.358365 0.017868
2 0.277669 0.863522 0.348365 0.017858
2 0.279714 0.884774 0.352532 0.017862
2 0.269675 0.906014 0.332532 0.017842
0 0.575759 0.084452 0.083368 0.018836
1 0.656176 0.084535 0.064201 0.018816
2 0.809924 0.085318 0.221698 0.017728
2 0.745719 0.106502 0.348365 0.017858
2 0.745680 0.127752 0.348365 0.017858
2 0.698141 0.148953 0.253365 0.017760
0 0.554752 0.179431 0.041701 0.018793
1 0.619336 0.179497 0.074201 0.018826
2 0.793918 0.180302 0.253365 0.017760
2 0.745546 0.201502 0.348365 0.017858
2 0.745507 0.222752 0.348365 0.017858
2 0.721718 0.243978 0.300865 0.017809
0 0.554578 0.275056 0.041701 0.018793
1 0.614994 0.275118 0.065868 0.018818
2 0.793326 0.275926 0.269198 0.017777
2 0.602871 0.296981 0.063365 0.017565
0 0.554482 0.327556 0.041701 0.018793
1 0.627398 0.327631 0.090868 0.018843
2 0.802397 0.328436 0.237532 0.017744
2 0.745275 0.349627 0.348365 0.017858
2 0.745236 0.370877 0.348365 0.017858
2 0.689781 0.392070 0.237532 0.017744
0 0.575135 0.426327 0.083368 0.018836
1 0.666385 0.426421 0.085868 0.018838
2 0.823050 0.427207 0.205865 0.017711
0 0.554242 0.458806 0.041701 0.018793
1 0.609242 0.458862 0.055034 0.018806
2 0.790074 0.459673 0.285032 0.017793
2 0.745035 0.480877 0.348365 0.017858
2 0.744996 0.502127 0.348365 0.017858
2 0.642041 0.523271 0.142532 0.017646
0 0.574909 0.550077 0.083368 0.018836
1 0.666575 0.550171 0.086701 0.018839
2 0.823657 0.550958 0.205865 0.017711
0 0.554023 0.578806 0.041701 0.018793
1 0.612773 0.578866 0.062534 0.018814
2 0.789438 0.579672 0.269198 0.017777
2 0.744816 0.600877 0.348365 0.017858
2 0.744777 0.622127 0.348365 0.017858
2 0.749738 0.643382 0.358365 0.017868
2 0.705116 0.664586 0.269198 0.017777
0 0.574643 0.695702 0.083368 0.018836
1 0.646309 0.695776 0.046701 0.018798
2 0.799225 0.696558 0.237532 0.017744
2 0.744602 0.717752 0.348365 0.017858
2 0.744564 0.739002 0.348365 0.017858
2 0.744525 0.760252 0.348365 0.017858
2 0.704903 0.781461 0.269198 0.017777
0 0.564010 0.813816 0.062534 0.018814
1 0.633177 0.813887 0.062534 0.018814
2 0.794009 0.814677 0.237532 0.017744
0 0.574370 0.845077 0.083368 0.018836
1 0.650203 0.845155 0.055034 0.018806
2 0.807285 0.845941 0.237532 0.017744
2 0.601830 0.866980 0.063365 0.017565
0 0.553450 0.892555 0.041701 0.018793
1 0.615950 0.892620 0.070034 0.018822
2 0.764698 0.893397 0.205865 0.017711
