0 0.109682 0.078113 0.063013 0.019733
1 0.185498 0.079312 0.076343 0.019944
2 0.352944 0.082584 0.237939 0.021249
2 0.202380 0.101458 0.174620 0.020248
0 0.108154 0.132476 0.063013 0.019733
1 0.187720 0.133734 0.083842 0.020063
0 0.117744 0.162009 0.083842 0.020063
1 0.205224 0.163392 0.078843 0.019984
2 0.358089 0.166433 0.206279 0.020749
2 0.207942 0.185315 0.190449 0.020499
0 0.095440 0.214169 0.042184 0.019404
1 0.172090 0.215380 0.098838 0.020300
2 0.327038 0.218454 0.190449 0.020499
0 0.094597 0.244162 0.042184 0.019404
1 0.156667 0.245143 0.069678 0.019839
0 0.093614 0.279154 0.042184 0.019404
1 0.146519 0.279990 0.051349 0.019549
0 0.092613 0.314771 0.042184 0.019404
1 0.166763 0.315943 0.093839 0.020221
2 0.342957 0.319353 0.237939 0.021249
2 0.287788 0.339736 0.358745 0.023159
2 0.282193 0.360902 0.348748 0.023001
2 0.281596 0.382148 0.348748 0.023001
2 0.280999 0.403393 0.348748 0.023001
2 0.280402 0.424638 0.348748 0.023001
2 0.161081 0.444007 0.111300 0.019248
0 0.088241 0.470362 0.042184 0.019404
1 0.138647 0.471158 0.046350 0.019470
2 0.314840 0.474568 0.285428 0.022000
2 0.283417 0.495326 0.358745 0.023159
2 0.277821 0.516493 0.348748 0.023001
2 0.282223 0.537817 0.358745 0.023159
2 0.221222 0.558108 0.237939 0.021249
0 0.085063 0.583462 0.042184 0.019404
1 0.150465 0.584495 0.076343 0.019944
2 0.330824 0.587971 0.263767 0.021657
2 0.156516 0.606471 0.111300 0.019248
0 0.083501 0.639074 0.042184 0.019404
1 0.139738 0.639963 0.058014 0.019654
2 0.313849 0.643340 0.269599 0.021750
2 0.273677 0.663960 0.348748 0.023001
2 0.273080 0.685205 0.348748 0.023001
2 0.272483 0.706451 0.348748 0.023001
2 0.271886 0.727696 0.348748 0.023001
2 0.271289 0.748941 0.348748 0.023001
2 0.104479 0.767559 0.016321 0.017746
0 0.078935 0.801538 0.042184 0.019404
1 0.137672 0.802467 0.063013 0.019733
2 0.314282 0.805883 0.269599 0.021750
0 0.098974 0.829986 0.083842 0.020063
1 0.168959 0.831092 0.043850 0.019431
2 0.304328 0.833857 0.206279 0.020749
0 0.087822 0.856066 0.063013 0.019733
1 0.155724 0.857139 0.060513 0.019694
2 0.315254 0.860286 0.237939 0.021249
0 0.087050 0.883560 0.063013 0.019733
1 0.169115 0.884857 0.088840 0.020142
2 0.334894 0.888102 0.222109 0.020999
2 0.195578 0.907155 0.206279 0.020749
0 0.576245 0.085488 0.063013 0.019733
1 0.642897 0.086541 0.058014 0.019654
2 0.809092 0.089793 0.253769 0.021499
2 0.605624 0.107832 0.047981 0.018247
0 0.574753 0.138601 0.063013 0.019733
1 0.637655 0.139595 0.050516 0.019536
2 0.808017 0.142913 0.269599 0.021750
2 0.651621 0.161696 0.142960 0.019748
0 0.562916 0.189050 0.042184 0.019404
1 0.630401 0.190117 0.080509 0.020010
2 0.807844 0.193547 0.253769 0.021499
2 0.610624 0.211684 0.063811 0.018497
0 0.571820 0.242953 0.063013 0.019733
1 0.650553 0.244197 0.082175 0.020036
2 0.820914 0.247515 0.237939 0.021249
2 0.751583 0.267674 0.348748 0.023001
2 0.750986 0.288919 0.348748 0.023001
2 0.707898 0.309493 0.263767 0.021657
0 0.558755 0.337142 0.042184 0.019404
1 0.606661 0.337899 0.041351 0.019391
2 0.785354 0.341349 0.295426 0.022158
2 0.748931 0.362028 0.348748 0.023001
2 0.753333 0.383352 0.358745 0.023159
2 0.747737 0.404519 0.348748 0.023001
0 0.576985 0.429951 0.083842 0.020063
1 0.644887 0.431024 0.039685 0.019365
2 0.801917 0.434131 0.253769 0.021499
2 0.746333 0.454508 0.348748 0.023001
2 0.750735 0.475832 0.358745 0.023159
2 0.745139 0.496998 0.348748 0.023001
2 0.728712 0.517993 0.317088 0.022500
0 0.563199 0.549760 0.063013 0.019733
1 0.654429 0.551202 0.107170 0.020431
2 0.813543 0.554342 0.190449 0.020499
0 0.551925 0.580213 0.042184 0.019404
1 0.611495 0.581155 0.064679 0.019760
2 0.786022 0.584539 0.263767 0.021657
2 0.662952 0.603848 0.190449 0.020499
0 0.550327 0.637076 0.042184 0.019404
1 0.605315 0.637945 0.055515 0.019615
2 0.786090 0.641427 0.285428 0.022000
2 0.677184 0.660961 0.222109 0.020999
0 0.559302 0.688479 0.063013 0.019733
1 0.635118 0.689677 0.076343 0.019944
2 0.802563 0.692949 0.237939 0.021249
2 0.739064 0.713200 0.348748 0.023001
2 0.738467 0.734445 0.348748 0.023001
2 0.737870 0.755691 0.348748 0.023001
2 0.737273 0.776936 0.348748 0.023001
2 0.736676 0.798181 0.348748 0.023001
2 0.617355 0.817550 0.111300 0.019248
0 0.554824 0.847819 0.063013 0.019733
1 0.638556 0.849142 0.092173 0.020194
2 0.806001 0.852414 0.222109 0.020999
2 0.623778 0.870788 0.127130 0.019498
