1 0.082761 0.087044 0.041880 0.019017
2 0.146092 0.086637 0.071879 0.019210
0 0.261928 0.086517 0.406909 0.025116
1 0.093535 0.118226 0.062712 0.019151
2 0.160199 0.117797 0.057712 0.019119
3 0.326450 0.117353 0.253524 0.019129
3 0.274195 0.138940 0.348521 0.019741
3 0.274438 0.160189 0.348521 0.019741
3 0.274681 0.181438 0.348521 0.019741
3 0.274924 0.202687 0.348521 0.019741
3 0.108923 0.225006 0.016033 0.017601
0 0.262893 0.170889 0.408124 0.131362
1 0.105560 0.258779 0.083545 0.019286
2 0.184307 0.258272 0.061046 0.019141
3 0.344308 0.257868 0.237691 0.019028
3 0.244138 0.279763 0.285190 0.019333
0 0.264016 0.269010 0.407152 0.046365
1 0.085285 0.307661 0.041880 0.019017
2 0.159449 0.307184 0.093544 0.019350
3 0.335699 0.306675 0.237691 0.019028
3 0.157616 0.329072 0.111029 0.018212
0 0.264573 0.317758 0.407152 0.046365
1 0.085885 0.360159 0.041880 0.019017
2 0.134633 0.359846 0.042713 0.019023
0 0.265052 0.359632 0.406909 0.025116
1 0.096673 0.392591 0.062712 0.019151
2 0.175420 0.392084 0.081878 0.019275
0 0.265424 0.392130 0.406909 0.025116
1 0.086571 0.420157 0.041880 0.019017
2 0.140736 0.419809 0.053546 0.019092
3 0.320737 0.419275 0.285190 0.019333
3 0.277648 0.440804 0.348521 0.019741
3 0.277891 0.462053 0.348521 0.019741
3 0.278134 0.483302 0.348521 0.019741
3 0.278377 0.504551 0.348521 0.019741
3 0.278620 0.525800 0.348521 0.019741
3 0.128452 0.548017 0.047698 0.017805
0 0.266468 0.483377 0.408368 0.152611
1 0.088373 0.577651 0.041880 0.019017
2 0.157954 0.577204 0.084378 0.019291
3 0.337538 0.576673 0.253524 0.019129
3 0.136955 0.599215 0.063531 0.017907
0 0.267662 0.587748 0.407152 0.046365
1 0.088966 0.629524 0.041880 0.019017
2 0.149381 0.629136 0.066045 0.019173
3 0.303966 0.628766 0.221859 0.018926
0 0.268134 0.628997 0.406909 0.025116
1 0.110164 0.661264 0.083545 0.019286
2 0.188077 0.660763 0.059379 0.019130
3 0.344329 0.660383 0.231858 0.018990
3 0.237909 0.682318 0.263524 0.019194
0 0.268620 0.671495 0.407152 0.046365
1 0.100305 0.710079 0.062712 0.019151
2 0.172802 0.709613 0.069379 0.019194
3 0.336970 0.709182 0.237691 0.019028
3 0.280965 0.730793 0.348521 0.019741
3 0.281208 0.752042 0.348521 0.019741
3 0.226037 0.773648 0.237691 0.019028
0 0.269421 0.741493 0.407638 0.088863
1 0.091004 0.807643 0.041880 0.019017
2 0.146002 0.807289 0.055212 0.019103
3 0.326836 0.806750 0.285190 0.019333
3 0.282081 0.828289 0.348521 0.019741
3 0.282324 0.849538 0.348521 0.019741
3 0.274650 0.870839 0.332688 0.019639
0 0.270536 0.838989 0.407638 0.088863
1 0.559827 0.083975 0.062712 0.019151
2 0.638990 0.083465 0.082711 0.019280
3 0.809825 0.082991 0.237691 0.019028
3 0.740487 0.104688 0.348521 0.019741
0 0.728699 0.094139 0.407152 0.046365
1 0.570808 0.133281 0.083545 0.019286
2 0.663721 0.132683 0.089378 0.019323
3 0.822056 0.132289 0.206026 0.018824
3 0.698553 0.154335 0.263524 0.019194
0 0.729264 0.143512 0.407152 0.046365
1 0.571394 0.184529 0.083545 0.019286
2 0.643475 0.184065 0.047713 0.019055
3 0.796810 0.183704 0.237691 0.019028
3 0.741638 0.205309 0.348521 0.019741
3 0.741881 0.226559 0.348521 0.019741
3 0.747124 0.247776 0.358520 0.019805
3 0.747367 0.269025 0.358520 0.019805
3 0.742610 0.290306 0.348521 0.019741
3 0.584526 0.312574 0.031866 0.017703
0 0.730458 0.247883 0.408368 0.152611
1 0.552356 0.341532 0.041880 0.019017
2 0.603187 0.341205 0.046879 0.019050
3 0.779855 0.340693 0.285190 0.019333
3 0.616770 0.362994 0.095197 0.018111
0 0.731645 0.351629 0.407152 0.046365
1 0.573753 0.390771 0.083545 0.019286
2 0.649584 0.390283 0.055212 0.019103
3 0.790836 0.390000 0.206026 0.018824
0 0.732088 0.390378 0.406909 0.025116
1 0.563652 0.418337 0.062712 0.019151
2 0.634899 0.417879 0.066879 0.019178
3 0.805733 0.417405 0.253524 0.019129
3 0.646399 0.439681 0.152695 0.018481
0 0.732524 0.428501 0.407152 0.046365
1 0.574654 0.469519 0.083545 0.019286
2 0.665067 0.468937 0.084378 0.019291
3 0.820902 0.468559 0.206026 0.018824
3 0.749898 0.490267 0.358520 0.019805
3 0.750141 0.511516 0.358520 0.019805
3 0.745384 0.532797 0.348521 0.019741
3 0.745627 0.554047 0.348521 0.019741
3 0.611292 0.576162 0.079364 0.018009
0 0.733596 0.522248 0.408124 0.131362
1 0.555401 0.607772 0.041880 0.019017
2 0.610816 0.607416 0.056046 0.019109
0 0.734569 0.607245 0.406909 0.025116
1 0.555723 0.635896 0.041880 0.019017
2 0.619054 0.635489 0.071879 0.019210
3 0.800305 0.634948 0.269357 0.019231
3 0.723051 0.656696 0.301022 0.019435
0 0.735012 0.645993 0.407152 0.046365
1 0.577113 0.684511 0.083545 0.019286
2 0.644611 0.684076 0.038546 0.018996
3 0.782530 0.683814 0.216026 0.018888
0 0.735448 0.684117 0.406909 0.025116
1 0.556588 0.711519 0.041880 0.019017
2 0.629086 0.711052 0.090211 0.019328
3 0.803670 0.710554 0.237691 0.019028
3 0.747665 0.732165 0.348521 0.019741
3 0.747908 0.753414 0.348521 0.019741
3 0.676904 0.775122 0.206026 0.018824
0 0.736120 0.742865 0.407638 0.088863
1 0.578486 0.804506 0.083545 0.019286
2 0.645984 0.804072 0.038546 0.018996
3 0.763070 0.803944 0.174360 0.018620
0 0.736821 0.804112 0.406909 0.025116
1 0.558040 0.838389 0.041880 0.019017
2 0.627204 0.837944 0.083545 0.019286
0 0.737207 0.837861 0.406909 0.025116
1 0.579272 0.873254 0.083545 0.019286
2 0.652603 0.872782 0.050213 0.019071
3 0.807188 0.872412 0.237691 0.019028
3 0.662436 0.894594 0.174360 0.018620
0 0.737729 0.883484 0.407152 0.046365
