0 0.26666666666666666 0.096875 0.4 0.04375
0 0.26666666666666666 0.158125 0.4 0.04375
0 0.26666666666666666 0.23125 0.4 0.0675
0 0.26666666666666666 0.328125 0.4 0.09125
0 0.26666666666666666 0.413125 0.4 0.04375
0 0.26666666666666666 0.474375 0.4 0.04375
0 0.26666666666666666 0.5475 0.4 0.0675
0 0.26666666666666666 0.620625 0.4 0.04375
0 0.26666666666666666 0.69375 0.4 0.0675
0 0.26666666666666666 0.766875 0.4 0.04375
0 0.26666666666666666 0.828125 0.4 0.04375
0 0.26666666666666666 0.8775 0.4 0.02
0 0.7333333333333333 0.085 0.4 0.02
0 0.7333333333333333 0.19375 0.4 0.1625
0 0.7333333333333333 0.35 0.4 0.115
0 0.7333333333333333 0.446875 0.4 0.04375
0 0.7333333333333333 0.508125 0.4 0.04375
0 0.7333333333333333 0.605 0.4 0.115
0 0.7333333333333333 0.701875 0.4 0.04375
0 0.7333333333333333 0.79875 0.4 0.115
0 0.7333333333333333 0.895625 0.4 0.04375
