3 0.493785 0.031971 0.987569 0.040215
0 0.097168 0.090422 0.083823 0.020014
1 0.175069 0.089236 0.059662 0.019647
2 0.334220 0.087438 0.237925 0.021111
2 0.267725 0.109705 0.348735 0.022798
2 0.228725 0.131553 0.269585 0.021593
0 0.078352 0.165098 0.042165 0.019380
1 0.136673 0.164211 0.062161 0.019685
2 0.312904 0.162153 0.269585 0.021593
2 0.269738 0.184064 0.348735 0.022798
2 0.270312 0.205310 0.348735 0.022798
2 0.270887 0.226556 0.348735 0.022798
2 0.152737 0.249609 0.111284 0.019183
0 0.102444 0.285382 0.083823 0.020014
1 0.185761 0.284113 0.070493 0.019812
0 0.092774 0.313034 0.062994 0.019697
1 0.150679 0.312153 0.040499 0.019355
2 0.260673 0.311104 0.158774 0.019906
0 0.083290 0.347561 0.042165 0.019380
1 0.156608 0.346445 0.092155 0.020141
2 0.332005 0.344400 0.237925 0.021111
2 0.258845 0.366768 0.317075 0.022316
0 0.084626 0.396926 0.042165 0.019380
1 0.148779 0.395949 0.073826 0.019862
2 0.322927 0.393923 0.253755 0.021352
2 0.276011 0.415892 0.348735 0.022798
2 0.276586 0.437137 0.348735 0.022798
2 0.277161 0.458383 0.348735 0.022798
2 0.190671 0.480954 0.174604 0.020147
0 0.108532 0.510335 0.083823 0.020014
1 0.187266 0.509137 0.061328 0.019672
2 0.347250 0.507326 0.237925 0.021111
2 0.128704 0.531908 0.047964 0.018219
0 0.099623 0.566107 0.062994 0.019697
1 0.164193 0.565124 0.053830 0.019558
2 0.328343 0.563251 0.253755 0.021352
2 0.280594 0.585232 0.348735 0.022798
2 0.281169 0.606477 0.348735 0.022798
2 0.281744 0.627723 0.348735 0.022798
2 0.184423 0.650459 0.152942 0.019817
0 0.092472 0.686866 0.042165 0.019380
1 0.145795 0.686054 0.052163 0.019532
2 0.322025 0.683997 0.279583 0.021745
2 0.283858 0.705832 0.348735 0.022798
2 0.284433 0.727078 0.348735 0.022798
2 0.290007 0.748247 0.358733 0.022950
2 0.285583 0.769569 0.348735 0.022798
2 0.286158 0.790815 0.348735 0.022798
0 0.096243 0.826212 0.042165 0.019380
1 0.143317 0.825496 0.039666 0.019342
2 0.244980 0.824573 0.142944 0.019665
0 0.107588 0.860422 0.062994 0.019697
1 0.171741 0.859445 0.052997 0.019545
2 0.335475 0.857578 0.253755 0.021352
2 0.264814 0.879908 0.301245 0.022075
0 0.553324 0.083478 0.062994 0.019697
1 0.624560 0.082393 0.067160 0.019761
2 0.732054 0.081382 0.127114 0.019424
0 0.543772 0.115505 0.042165 0.019380
1 0.605426 0.114566 0.068827 0.019786
2 0.705839 0.113663 0.111284 0.019183
0 0.565345 0.142682 0.083823 0.020014
1 0.651994 0.141363 0.077158 0.019913
2 0.809062 0.139597 0.216262 0.020781
2 0.727987 0.162085 0.332905 0.022557
0 0.546038 0.199237 0.042165 0.019380
1 0.607692 0.198299 0.068827 0.019786
2 0.731850 0.197034 0.158774 0.019906
0 0.567594 0.225790 0.083823 0.020014
1 0.642162 0.224655 0.052997 0.019545
2 0.797981 0.222908 0.237925 0.021111
2 0.738151 0.245073 0.348735 0.022798
2 0.738726 0.266319 0.348735 0.022798
2 0.744300 0.287488 0.358733 0.022950
2 0.739876 0.308810 0.348735 0.022798
2 0.740451 0.330055 0.348735 0.022798
2 0.638131 0.352867 0.142944 0.019665
0 0.571822 0.382008 0.083823 0.020014
1 0.659721 0.380670 0.079658 0.019951
2 0.813039 0.378961 0.206264 0.020629
2 0.726549 0.401532 0.317075 0.022316
0 0.562862 0.435905 0.062994 0.019697
1 0.642846 0.434687 0.084657 0.020027
0 0.563708 0.467149 0.062994 0.019697
1 0.630777 0.466128 0.058829 0.019634
2 0.797426 0.464216 0.253755 0.021352
2 0.744679 0.486273 0.348735 0.022798
2 0.745254 0.507519 0.348735 0.022798
2 0.750828 0.528688 0.358733 0.022950
2 0.746404 0.550010 0.348735 0.022798
2 0.746979 0.571256 0.348735 0.022798
2 0.747554 0.592501 0.348735 0.022798
2 0.708554 0.614349 0.269585 0.021593
0 0.579043 0.648828 0.083823 0.020014
1 0.646113 0.647807 0.038000 0.019317
2 0.802347 0.646053 0.253755 0.021352
2 0.749600 0.668111 0.348735 0.022798
2 0.755174 0.689280 0.358733 0.022950
2 0.750750 0.710602 0.348735 0.022798
0 0.560717 0.741626 0.042165 0.019380
1 0.626953 0.740617 0.077991 0.019926
2 0.803184 0.738560 0.253755 0.021352
2 0.617547 0.762640 0.079624 0.018701
0 0.562104 0.792865 0.042165 0.019380
1 0.606678 0.792187 0.034667 0.019266
2 0.784991 0.790097 0.301245 0.022075
2 0.753490 0.811831 0.348735 0.022798
2 0.754065 0.833077 0.348735 0.022798
2 0.754639 0.854322 0.348735 0.022798
2 0.755214 0.875568 0.348735 0.022798
2 0.755789 0.896814 0.348735 0.022798
2 0.756364 0.918059 0.348735 0.022798
2 0.669874 0.940630 0.174604 0.020147
