3 0.507314 0.033258 0.985373 0.042924
0 0.121694 0.077471 0.083907 0.020239
1 0.197506 0.078831 0.055582 0.019731
2 0.314952 0.081562 0.158846 0.020334
0 0.120698 0.108712 0.083907 0.020239
1 0.215254 0.110408 0.093071 0.020403
2 0.375189 0.113902 0.206332 0.021186
2 0.139578 0.130932 0.048044 0.018347
0 0.098157 0.162073 0.042252 0.019492
1 0.151059 0.163022 0.051416 0.019656
2 0.313909 0.166568 0.253819 0.022037
0 0.097201 0.192064 0.042252 0.019492
1 0.148436 0.192983 0.048084 0.019596
2 0.270048 0.195790 0.174675 0.020618
0 0.106678 0.221618 0.063080 0.019865
1 0.184156 0.223007 0.079742 0.020164
2 0.353254 0.226666 0.237990 0.021754
2 0.291345 0.246811 0.358789 0.023920
2 0.285669 0.267966 0.348792 0.023741
2 0.229590 0.288216 0.237990 0.021754
0 0.093296 0.314529 0.042252 0.019492
1 0.155778 0.315650 0.070578 0.020000
2 0.336123 0.319510 0.269648 0.022321
2 0.288376 0.339910 0.358789 0.023920
2 0.287699 0.361154 0.358789 0.023920
2 0.282023 0.382308 0.348792 0.023741
2 0.281345 0.403552 0.348792 0.023741
2 0.280668 0.424796 0.348792 0.023741
2 0.121702 0.443201 0.032215 0.018063
0 0.098570 0.475920 0.063080 0.019865
1 0.177297 0.477332 0.082241 0.020209
2 0.347645 0.481013 0.237990 0.021754
0 0.108107 0.503599 0.083907 0.020239
1 0.179336 0.504877 0.046418 0.019566
2 0.284286 0.507384 0.143017 0.020050
0 0.086343 0.532592 0.042252 0.019492
1 0.147575 0.533690 0.068078 0.019955
2 0.279184 0.536676 0.174675 0.020618
0 0.095681 0.566519 0.063080 0.019865
1 0.168160 0.567819 0.069745 0.019985
0 0.084171 0.600698 0.042252 0.019492
1 0.149986 0.601878 0.077242 0.020119
0 0.093589 0.632125 0.063080 0.019865
1 0.170650 0.633508 0.078909 0.020149
2 0.339332 0.637158 0.237990 0.021754
2 0.209941 0.656094 0.222161 0.021470
0 0.081442 0.686298 0.042252 0.019492
1 0.146007 0.687456 0.074743 0.020075
2 0.320520 0.691211 0.253819 0.022037
2 0.271523 0.711589 0.348792 0.023741
2 0.270846 0.732833 0.348792 0.023741
2 0.270168 0.754077 0.348792 0.023741
2 0.166604 0.773475 0.143017 0.020050
0 0.098524 0.804138 0.083907 0.020239
1 0.165588 0.805341 0.038087 0.019417
2 0.298030 0.808342 0.206332 0.021186
0 0.086974 0.839566 0.063080 0.019865
1 0.151956 0.840732 0.054749 0.019716
2 0.316472 0.844308 0.253819 0.022037
2 0.132097 0.862257 0.079702 0.018915
0 0.567400 0.085465 0.042252 0.019492
1 0.624051 0.086481 0.058914 0.019791
2 0.798564 0.090236 0.269648 0.022321
2 0.757482 0.110756 0.348792 0.023741
2 0.756804 0.132000 0.348792 0.023741
2 0.756127 0.153243 0.348792 0.023741
2 0.755449 0.174487 0.348792 0.023741
2 0.659799 0.194028 0.158846 0.020334
0 0.573331 0.226237 0.063080 0.019865
1 0.640812 0.227447 0.059747 0.019806
2 0.807827 0.231068 0.253819 0.022037
2 0.618454 0.248927 0.079702 0.018915
0 0.561264 0.277910 0.042252 0.019492
1 0.621663 0.278993 0.066412 0.019925
2 0.760354 0.282106 0.190504 0.020902
0 0.581175 0.307025 0.083907 0.020239
1 0.651988 0.308295 0.045585 0.019552
2 0.811922 0.311789 0.253819 0.022037
2 0.755427 0.332032 0.358789 0.023920
2 0.749751 0.353186 0.348792 0.023741
2 0.749074 0.374430 0.348792 0.023741
2 0.605937 0.393119 0.063873 0.018631
0 0.577329 0.427616 0.083907 0.020239
1 0.659806 0.429095 0.068911 0.019970
2 0.815575 0.432514 0.222161 0.021470
2 0.751582 0.452623 0.358789 0.023920
2 0.745906 0.473777 0.348792 0.023741
2 0.745229 0.495021 0.348792 0.023741
2 0.749550 0.516354 0.358789 0.023920
2 0.609329 0.535095 0.079702 0.018915
0 0.552059 0.566577 0.042252 0.019492
1 0.623289 0.567855 0.088073 0.020314
2 0.804467 0.571730 0.253819 0.022037
2 0.583853 0.589029 0.032215 0.018063
0 0.550326 0.620937 0.042252 0.019492
1 0.603227 0.621886 0.051416 0.019656
2 0.781906 0.625716 0.285476 0.022605
2 0.629606 0.644240 0.127188 0.019766
0 0.548712 0.671547 0.042252 0.019492
1 0.612444 0.672691 0.073077 0.020045
2 0.770296 0.676147 0.222161 0.021470
0 0.547696 0.703413 0.042252 0.019492
1 0.614344 0.704609 0.078909 0.020149
2 0.743454 0.707550 0.158846 0.020334
0 0.567587 0.733154 0.083907 0.020239
1 0.646315 0.734566 0.061414 0.019835
2 0.803333 0.738007 0.232158 0.021649
2 0.694353 0.757308 0.263816 0.022217
0 0.565973 0.783764 0.083907 0.020239
1 0.653032 0.785326 0.078076 0.020134
0 0.554583 0.814194 0.063080 0.019865
1 0.615816 0.815292 0.047251 0.019581
0 0.553527 0.847309 0.063080 0.019865
1 0.608928 0.848303 0.035588 0.019372
2 0.740121 0.851281 0.206332 0.021186
0 0.563065 0.874988 0.083907 0.020239
1 0.656788 0.876669 0.091405 0.020373
2 0.815889 0.880148 0.206332 0.021186
2 0.732319 0.899905 0.348792 0.023741
2 0.736640 0.921239 0.358789 0.023920
2 0.730964 0.942393 0.348792 0.023741
2 0.706543 0.963211 0.301305 0.022889
