1 0.102575 0.081862 0.062707 0.019142
2 0.174239 0.082313 0.067707 0.019174
3 0.337560 0.083964 0.237687 0.018992
3 0.282741 0.104871 0.348517 0.019689
3 0.282504 0.126120 0.348517 0.019689
3 0.287266 0.147400 0.358516 0.019752
0 0.270956 0.115422 0.407616 0.088803
1 0.091083 0.178043 0.041875 0.019011
2 0.151914 0.178426 0.066874 0.019168
3 0.322735 0.180125 0.253520 0.019092
0 0.270237 0.179795 0.406904 0.025055
1 0.090720 0.210542 0.041875 0.019011
2 0.158634 0.210969 0.081040 0.019257
3 0.336538 0.212712 0.253520 0.019092
3 0.138807 0.232720 0.063527 0.017897
0 0.269755 0.222918 0.407141 0.046305
1 0.100522 0.265606 0.062707 0.019142
2 0.170519 0.266046 0.064374 0.019153
3 0.340090 0.267737 0.253520 0.019092
3 0.177775 0.287967 0.142691 0.018395
0 0.269140 0.277916 0.407141 0.046305
1 0.110303 0.322544 0.083540 0.019273
2 0.179883 0.322982 0.042708 0.019016
3 0.338621 0.324604 0.253520 0.019092
3 0.280052 0.345487 0.348517 0.019689
3 0.279815 0.366736 0.348517 0.019689
3 0.284577 0.388017 0.358516 0.019752
3 0.284340 0.409266 0.358516 0.019752
3 0.223688 0.430136 0.237687 0.018992
0 0.268030 0.377288 0.408091 0.131302
1 0.098308 0.463724 0.062707 0.019142
2 0.159139 0.464106 0.046041 0.019037
3 0.327460 0.465789 0.269353 0.019191
3 0.278474 0.486732 0.348517 0.019689
3 0.278236 0.507981 0.348517 0.019689
3 0.277999 0.529231 0.348517 0.019689
3 0.277761 0.550480 0.348517 0.019689
3 0.158778 0.570983 0.111025 0.018196
0 0.266451 0.518533 0.408091 0.131302
1 0.086348 0.601779 0.041875 0.019011
2 0.157179 0.602224 0.086873 0.019294
3 0.337999 0.603985 0.253520 0.019092
3 0.276930 0.624852 0.348517 0.019689
3 0.276693 0.646102 0.348517 0.019689
3 0.276455 0.667351 0.348517 0.019689
3 0.276218 0.688600 0.348517 0.019689
0 0.265027 0.646028 0.407854 0.110052
1 0.095424 0.721840 0.062707 0.019142
2 0.155005 0.722214 0.043541 0.019022
3 0.290410 0.723690 0.206022 0.018793
0 0.264161 0.723525 0.406904 0.025055
1 0.095039 0.756214 0.062707 0.019142
2 0.167537 0.756669 0.069374 0.019184
3 0.331691 0.758326 0.237687 0.018992
3 0.180209 0.778625 0.158523 0.018495
0 0.263658 0.768524 0.407141 0.046305
1 0.084023 0.809896 0.041875 0.019011
2 0.147354 0.810294 0.071874 0.019200
3 0.328590 0.812059 0.269353 0.019191
3 0.274605 0.832970 0.348517 0.019689
3 0.274367 0.854219 0.348517 0.019689
3 0.218715 0.875120 0.237687 0.018992
0 0.262820 0.843521 0.407616 0.088803
1 0.579642 0.084861 0.083540 0.019273
2 0.657556 0.085351 0.059374 0.019121
3 0.816710 0.086976 0.237687 0.018992
3 0.654395 0.107207 0.158523 0.018495
0 0.737844 0.097106 0.407141 0.046305
1 0.568695 0.132294 0.062707 0.019142
2 0.630776 0.132684 0.048541 0.019053
3 0.800346 0.134375 0.269353 0.019191
0 0.737432 0.133980 0.406904 0.025055
1 0.557880 0.167852 0.041875 0.019011
2 0.622045 0.168255 0.073540 0.019210
3 0.796198 0.169975 0.253520 0.019092
3 0.605967 0.190030 0.063527 0.017897
0 0.736915 0.180228 0.407141 0.046305
1 0.557273 0.222225 0.041875 0.019011
2 0.629353 0.222678 0.089373 0.019310
3 0.803507 0.224398 0.237687 0.018992
3 0.660775 0.244752 0.174356 0.018594
0 0.736307 0.234601 0.407141 0.046305
1 0.577505 0.276104 0.083540 0.019273
2 0.666668 0.276665 0.081873 0.019263
3 0.821239 0.278261 0.206022 0.018793
3 0.747254 0.299047 0.348517 0.019689
3 0.604522 0.319401 0.063527 0.017897
0 0.735588 0.298974 0.407379 0.067554
1 0.576722 0.346102 0.083540 0.019273
2 0.656303 0.346602 0.062707 0.019142
3 0.809207 0.348188 0.221854 0.018893
3 0.627726 0.368298 0.111025 0.018196
0 0.734924 0.358347 0.407141 0.046305
1 0.576122 0.399850 0.083540 0.019273
2 0.672785 0.400458 0.096873 0.019357
0 0.734443 0.401470 0.406904 0.025055
1 0.565356 0.431033 0.062707 0.019142
2 0.626604 0.431418 0.046875 0.019043
0 0.734093 0.432719 0.406904 0.025055
1 0.554640 0.457842 0.041875 0.019011
2 0.610054 0.458190 0.056041 0.019100
3 0.791291 0.459955 0.285186 0.019291
3 0.745222 0.480916 0.348517 0.019689
3 0.744984 0.502165 0.348517 0.019689
3 0.744747 0.523414 0.348517 0.019689
3 0.649513 0.544066 0.158523 0.018495
0 0.733318 0.502092 0.407854 0.110052
1 0.553327 0.575338 0.041875 0.019011
2 0.608741 0.575686 0.056041 0.019100
3 0.782062 0.577401 0.269353 0.019191
0 0.732480 0.577089 0.406904 0.025055
1 0.563373 0.608527 0.062707 0.019142
2 0.620038 0.608883 0.037708 0.018985
0 0.732110 0.610213 0.406904 0.025055
1 0.573398 0.643591 0.083540 0.019273
2 0.652562 0.644089 0.061874 0.019137
3 0.810049 0.645704 0.231854 0.018956
3 0.743148 0.666534 0.348517 0.019689
3 0.742910 0.687783 0.348517 0.019689
3 0.742673 0.709033 0.348517 0.019689
3 0.742435 0.730282 0.348517 0.019689
3 0.742198 0.751531 0.348517 0.019689
3 0.741960 0.772780 0.348517 0.019689
3 0.575479 0.792985 0.016028 0.017599
0 0.730888 0.719584 0.408566 0.173800
1 0.550512 0.827204 0.041875 0.019011
2 0.598427 0.827505 0.041041 0.019006
3 0.772164 0.829222 0.285186 0.019291
3 0.614432 0.849482 0.095192 0.018097
0 0.729547 0.839580 0.407141 0.046305
1 0.560370 0.877268 0.062707 0.019142
2 0.618701 0.877634 0.041041 0.019006
3 0.784522 0.879302 0.269353 0.019191
3 0.621790 0.899530 0.111025 0.018196
0 0.728988 0.889578 0.407141 0.046305
