3 0.493438 0.040734 0.986876 0.041364
0 0.085917 0.091056 0.063031 0.019769
1 0.163815 0.089781 0.080527 0.020055
2 0.333376 0.087629 0.237953 0.021384
2 0.266927 0.109972 0.348760 0.023198
2 0.267546 0.131217 0.348760 0.023198
2 0.268164 0.152462 0.348760 0.023198
2 0.268783 0.173707 0.348760 0.023198
2 0.229827 0.195600 0.269612 0.021902
0 0.079577 0.231193 0.042202 0.019428
1 0.138313 0.230231 0.063031 0.019769
2 0.299126 0.228224 0.237953 0.021384
0 0.090973 0.264765 0.063031 0.019769
1 0.168872 0.263489 0.080527 0.020055
2 0.338433 0.261338 0.237953 0.021384
2 0.271984 0.283681 0.348760 0.023198
2 0.272602 0.304926 0.348760 0.023198
2 0.273221 0.326171 0.348760 0.023198
2 0.194691 0.348712 0.190464 0.020606
0 0.083924 0.380533 0.042202 0.019428
1 0.144326 0.379544 0.066363 0.019823
2 0.314721 0.377379 0.253782 0.021643
0 0.105589 0.408935 0.083859 0.020110
1 0.194318 0.407482 0.081360 0.020069
2 0.348466 0.405583 0.206294 0.020865
2 0.244526 0.428540 0.285441 0.022161
0 0.086361 0.464263 0.042202 0.019428
1 0.154678 0.463144 0.082193 0.020082
0 0.108099 0.495164 0.083859 0.020110
1 0.195578 0.493732 0.078860 0.020028
2 0.348477 0.491853 0.206294 0.020865
2 0.262866 0.514510 0.317101 0.022680
0 0.099249 0.549072 0.063031 0.019769
1 0.165067 0.547994 0.056366 0.019660
2 0.330462 0.545911 0.253782 0.021643
2 0.280260 0.567988 0.348760 0.023198
2 0.280878 0.589233 0.348760 0.023198
2 0.286495 0.610396 0.358757 0.023362
2 0.282115 0.631723 0.348760 0.023198
2 0.282733 0.652968 0.348760 0.023198
2 0.283352 0.674213 0.348760 0.023198
2 0.283970 0.695458 0.348760 0.023198
2 0.197526 0.718128 0.174634 0.020347
0 0.094655 0.749195 0.042202 0.019428
1 0.148393 0.748315 0.053033 0.019605
2 0.327951 0.746000 0.285441 0.022161
2 0.286080 0.767941 0.348760 0.023198
2 0.286698 0.789186 0.348760 0.023198
2 0.287317 0.810431 0.348760 0.023198
2 0.287935 0.831675 0.348760 0.023198
2 0.209406 0.854216 0.190464 0.020606
0 0.119522 0.887571 0.083859 0.020110
1 0.196587 0.886309 0.058032 0.019687
0 0.562887 0.083246 0.083859 0.020110
1 0.643284 0.081930 0.064697 0.019796
2 0.789101 0.080167 0.206294 0.020865
0 0.559141 0.112064 0.074695 0.019960
1 0.650369 0.110571 0.095523 0.020301
2 0.811599 0.108556 0.206294 0.020865
2 0.615598 0.133020 0.111316 0.019310
0 0.544277 0.159819 0.042202 0.019428
1 0.597181 0.158953 0.051367 0.019578
0 0.565924 0.187596 0.083859 0.020110
1 0.652987 0.186171 0.078027 0.020014
2 0.781724 0.184688 0.158805 0.020088
0 0.556529 0.222759 0.063031 0.019769
1 0.621513 0.221695 0.054699 0.019632
0 0.567798 0.251956 0.083859 0.020110
1 0.647362 0.250653 0.063031 0.019769
2 0.800260 0.248775 0.222123 0.021124
2 0.738394 0.271043 0.348760 0.023198
2 0.739012 0.292288 0.348760 0.023198
2 0.731716 0.313662 0.332930 0.022939
0 0.570690 0.351307 0.083859 0.020110
1 0.637757 0.350209 0.038037 0.019359
2 0.793988 0.348276 0.253782 0.021643
2 0.741286 0.370394 0.348760 0.023198
2 0.741904 0.391639 0.348760 0.023198
2 0.747521 0.412802 0.358757 0.023362
2 0.592760 0.436591 0.047998 0.018273
0 0.563786 0.472074 0.063031 0.019769
1 0.635019 0.470908 0.067196 0.019837
2 0.805830 0.468736 0.253782 0.021643
2 0.744796 0.490991 0.348760 0.023198
2 0.745415 0.512236 0.348760 0.023198
2 0.600651 0.535861 0.057996 0.018437
0 0.566514 0.565802 0.063031 0.019769
1 0.630249 0.564758 0.052200 0.019591
2 0.769817 0.563098 0.206294 0.020865
0 0.557137 0.601589 0.042202 0.019428
1 0.618372 0.600586 0.068030 0.019850
0 0.558046 0.632831 0.042202 0.019428
1 0.623864 0.631754 0.077194 0.020001
2 0.799673 0.629500 0.253782 0.021643
2 0.614919 0.653780 0.079657 0.018792
0 0.559519 0.683444 0.042202 0.019428
1 0.634918 0.682210 0.096356 0.020314
2 0.788650 0.680318 0.190464 0.020606
0 0.581294 0.715596 0.083859 0.020110
1 0.667523 0.714184 0.076361 0.019987
0 0.561356 0.746554 0.042202 0.019428
1 0.642171 0.745231 0.107187 0.020492
2 0.817147 0.742991 0.222123 0.021124
2 0.602400 0.767763 0.047998 0.018273
0 0.573244 0.796997 0.063031 0.019769
1 0.650725 0.795728 0.079693 0.020041
2 0.819870 0.793584 0.237953 0.021384
2 0.754254 0.815913 0.348760 0.023198
0 0.570044 0.844560 0.053866 0.019619
1 0.622531 0.843701 0.038870 0.019373
2 0.731690 0.842539 0.158805 0.020088
0 0.585823 0.871184 0.083859 0.020110
1 0.674551 0.869731 0.081360 0.020069
2 0.828700 0.867832 0.206294 0.020865
2 0.761417 0.890189 0.358757 0.023362
2 0.757037 0.911515 0.348760 0.023198
2 0.762654 0.932678 0.358757 0.023362
2 0.758274 0.954005 0.348760 0.023198
2 0.758892 0.975250 0.348760 0.023198
2 0.759511 0.992448 0.348760 0.015104
