0 0.26666666666666666 0.096875 0.4 0.04375
0 0.26666666666666666 0.19375 0.4 0.115
0 0.26666666666666666 0.3025 0.4 0.0675
0 0.26666666666666666 0.375625 0.4 0.04375
0 0.26666666666666666 0.4725 0.4 0.115
0 0.26666666666666666 0.58125 0.4 0.0675
0 0.26666666666666666 0.69 0.4 0.115
0 0.26666666666666666 0.810625 0.4 0.09125
0 0.26666666666666666 0.9075 0.4 0.0675
0 0.7333333333333333 0.096875 0.4 0.04375
0 0.7333333333333333 0.19375 0.4 0.115
0 0.7333333333333333 0.32625 0.4 0.115
0 0.7333333333333333 0.470625 0.4 0.13875
0 0.7333333333333333 0.579375 0.4 0.04375
0 0.7333333333333333 0.640625 0.4 0.04375
0 0.7333333333333333 0.725625 0.4 0.09125
0 0.7333333333333333 0.84625 0.4 0.115
