3 0.509170 0.035210 0.981660 0.047507
0 0.125148 0.075743 0.084046 0.020618
1 0.203863 0.077516 0.061557 0.020111
2 0.360850 0.081678 0.232263 0.022709
0 0.123947 0.105729 0.084046 0.020618
1 0.200163 0.107446 0.056559 0.019999
2 0.357567 0.111618 0.238093 0.022840
2 0.292995 0.131423 0.348877 0.025336
2 0.292144 0.152663 0.348877 0.025336
2 0.291293 0.173903 0.348877 0.025336
2 0.290443 0.195144 0.348877 0.025336
2 0.289592 0.216384 0.348877 0.025336
2 0.233350 0.236377 0.238093 0.022840
0 0.107305 0.261050 0.063222 0.020149
1 0.178107 0.262645 0.066554 0.020224
2 0.348421 0.267107 0.253920 0.023197
2 0.128503 0.283412 0.032353 0.018205
0 0.094917 0.310168 0.042398 0.019680
1 0.147393 0.311350 0.050728 0.019867
2 0.325621 0.315990 0.285572 0.023910
2 0.289786 0.336443 0.358872 0.025561
2 0.283938 0.357571 0.348877 0.025336
2 0.283087 0.378811 0.348877 0.025336
2 0.282236 0.400051 0.348877 0.025336
2 0.223079 0.419978 0.232263 0.022709
0 0.110236 0.448075 0.084046 0.020618
1 0.196864 0.450027 0.077383 0.020468
2 0.348854 0.454076 0.206441 0.022127
0 0.108810 0.483684 0.084046 0.020618
1 0.192939 0.485579 0.072385 0.020355
0 0.097247 0.512186 0.063222 0.020149
1 0.160136 0.513603 0.050728 0.019867
2 0.322537 0.517887 0.253920 0.023197
0 0.085559 0.543812 0.042398 0.019680
1 0.148864 0.545239 0.072385 0.020355
0 0.105332 0.570520 0.084046 0.020618
1 0.172385 0.572030 0.038234 0.019586
2 0.328540 0.576173 0.253920 0.023197
2 0.274380 0.596213 0.348877 0.025336
2 0.278527 0.617566 0.358872 0.025561
2 0.193548 0.636911 0.190615 0.021770
0 0.091318 0.660245 0.063222 0.020149
1 0.163368 0.661868 0.069053 0.020280
2 0.303280 0.665645 0.190615 0.021770
0 0.100378 0.694214 0.084046 0.020618
1 0.187839 0.696184 0.079049 0.020505
2 0.340662 0.700252 0.206441 0.022127
2 0.182382 0.717946 0.174789 0.021414
0 0.098152 0.749814 0.084046 0.020618
1 0.193942 0.751972 0.095708 0.020881
2 0.347181 0.756049 0.190615 0.021770
2 0.267199 0.775507 0.348877 0.025336
2 0.266349 0.796747 0.348877 0.025336
2 0.265498 0.817988 0.348877 0.025336
2 0.138038 0.836376 0.095658 0.019631
0 0.093598 0.863513 0.084046 0.020618
1 0.180226 0.865464 0.077383 0.020468
0 0.570780 0.085782 0.042398 0.019680
1 0.646580 0.087490 0.097374 0.020918
2 0.824391 0.092121 0.238093 0.022840
2 0.760652 0.111944 0.348877 0.025336
2 0.759801 0.133185 0.348877 0.025336
2 0.758951 0.154425 0.348877 0.025336
2 0.763098 0.175778 0.358872 0.025561
2 0.757249 0.196906 0.348877 0.025336
2 0.693094 0.216720 0.222267 0.022484
0 0.574737 0.247194 0.063222 0.020149
1 0.649287 0.248873 0.074051 0.020393
0 0.563274 0.273198 0.042398 0.019680
1 0.623664 0.274558 0.066554 0.020224
2 0.801892 0.279198 0.269746 0.023553
2 0.689841 0.297934 0.222267 0.022484
0 0.561348 0.321301 0.042398 0.019680
1 0.616323 0.322539 0.055726 0.019980
0 0.560197 0.350038 0.042398 0.019680
1 0.609758 0.351154 0.044897 0.019736
2 0.785071 0.355729 0.285572 0.023910
2 0.607633 0.372991 0.064005 0.018918
0 0.568457 0.403998 0.063222 0.020149
1 0.636760 0.405537 0.061557 0.020111
2 0.804576 0.409943 0.253920 0.023197
2 0.613394 0.426895 0.079832 0.019275
0 0.566481 0.453351 0.063222 0.020149
1 0.636449 0.454927 0.064888 0.020186
2 0.798018 0.459192 0.238093 0.022840
0 0.565055 0.488960 0.063222 0.020149
1 0.642520 0.490705 0.079882 0.020524
2 0.803672 0.494961 0.222267 0.022484
0 0.553442 0.518712 0.042398 0.019680
1 0.605918 0.519894 0.050728 0.019867
0 0.562628 0.549558 0.063222 0.020149
1 0.643425 0.551378 0.086545 0.020674
2 0.807909 0.555709 0.222267 0.022484
2 0.742087 0.575485 0.348877 0.025336
2 0.741237 0.596726 0.348877 0.025336
2 0.700821 0.617075 0.269746 0.023553
0 0.558675 0.648263 0.063222 0.020149
1 0.620730 0.649661 0.049062 0.019830
2 0.790212 0.654104 0.269746 0.023553
2 0.624435 0.671629 0.121479 0.020213
0 0.546311 0.696757 0.042398 0.019680
1 0.600453 0.697976 0.054060 0.019942
2 0.780347 0.702654 0.285572 0.023910
2 0.736183 0.722919 0.348877 0.025336
2 0.711593 0.743624 0.301398 0.024266
0 0.553721 0.771957 0.063222 0.020149
1 0.612861 0.773290 0.043231 0.019699
2 0.779427 0.777667 0.269746 0.023553
2 0.579916 0.794432 0.042348 0.018430
0 0.551694 0.822559 0.063222 0.020149
1 0.621662 0.824136 0.064888 0.020186
2 0.712013 0.826796 0.095658 0.019631
0 0.540031 0.853561 0.042398 0.019680
1 0.590842 0.854705 0.047396 0.019792
2 0.764488 0.859243 0.279741 0.023778
2 0.698250 0.879010 0.285572 0.023910
