1 0.097243 0.084742 0.062530 0.018807
2 0.165576 0.084680 0.060864 0.018805
3 0.333494 0.085152 0.253362 0.017731
3 0.166862 0.106554 0.126695 0.017616
0 0.266011 0.095838 0.406737 0.044121
1 0.097332 0.139742 0.062530 0.018807
2 0.168999 0.139677 0.067530 0.018812
3 0.332333 0.140153 0.237528 0.017717
0 0.266083 0.140213 0.406703 0.022871
1 0.097381 0.169742 0.062530 0.018807
2 0.164047 0.169681 0.057530 0.018802
3 0.330298 0.170155 0.253362 0.017731
3 0.206583 0.191517 0.205862 0.017688
0 0.266149 0.180838 0.406737 0.044121
1 0.087042 0.217876 0.041697 0.018788
2 0.137876 0.217830 0.046697 0.018793
0 0.266210 0.218338 0.406703 0.022871
1 0.097517 0.253492 0.062530 0.018807
2 0.168350 0.253427 0.065864 0.018810
0 0.266268 0.253963 0.406703 0.022871
1 0.107982 0.283482 0.083364 0.018826
2 0.184232 0.283413 0.055864 0.018801
3 0.341733 0.283894 0.237528 0.017717
3 0.143434 0.305325 0.079195 0.017572
0 0.266333 0.294588 0.406737 0.044121
1 0.103476 0.330987 0.074197 0.018818
2 0.181809 0.330915 0.069197 0.018813
3 0.345976 0.331390 0.237528 0.017717
3 0.283094 0.352698 0.358361 0.017827
3 0.278129 0.373952 0.348361 0.017818
3 0.278163 0.395202 0.348361 0.017818
3 0.278198 0.416452 0.348361 0.017818
3 0.235732 0.437741 0.263362 0.017740
0 0.266479 0.384588 0.406875 0.129121
1 0.087453 0.471001 0.041697 0.018788
2 0.151203 0.470943 0.072530 0.018816
3 0.317037 0.471417 0.237528 0.017717
0 0.266620 0.471463 0.406703 0.022871
1 0.097924 0.504742 0.062530 0.018807
2 0.160424 0.504685 0.049197 0.018795
3 0.330425 0.505155 0.269195 0.017745
3 0.167543 0.526553 0.126695 0.017616
0 0.266692 0.515838 0.406737 0.044121
1 0.087595 0.558501 0.041697 0.018788
2 0.163844 0.558432 0.097530 0.018839
3 0.294679 0.558937 0.142528 0.017630
0 0.266762 0.558963 0.406703 0.022871
1 0.108470 0.584732 0.083364 0.018826
2 0.180970 0.584666 0.048364 0.018794
3 0.334721 0.585151 0.237528 0.017717
3 0.278506 0.606452 0.348361 0.017818
3 0.278540 0.627702 0.348361 0.017818
3 0.283575 0.648948 0.358361 0.017827
3 0.278609 0.670202 0.348361 0.017818
3 0.278644 0.691452 0.348361 0.017818
3 0.278678 0.712702 0.348361 0.017818
3 0.278713 0.733952 0.348361 0.017818
3 0.152080 0.755318 0.095028 0.017587
0 0.266942 0.670213 0.406979 0.192871
1 0.098385 0.789117 0.062530 0.018807
2 0.165052 0.789056 0.057530 0.018802
3 0.331303 0.789529 0.253362 0.017731
3 0.136337 0.810957 0.063362 0.017558
0 0.267153 0.800213 0.406737 0.044121
1 0.098470 0.841616 0.062530 0.018807
2 0.166387 0.841555 0.060030 0.018805
3 0.333888 0.842027 0.253362 0.017731
3 0.278922 0.863327 0.348361 0.017818
0 0.267238 0.852713 0.406737 0.044121
1 0.098553 0.892866 0.062530 0.018807
2 0.163137 0.892808 0.053364 0.018799
3 0.287721 0.893319 0.174195 0.017659
0 0.267304 0.893338 0.406703 0.022871
1 0.563909 0.084316 0.062530 0.018807
2 0.634326 0.084252 0.065030 0.018809
3 0.804327 0.084722 0.253362 0.017731
3 0.578111 0.106178 0.015862 0.017514
0 0.732677 0.095412 0.406737 0.044121
1 0.574409 0.135557 0.083364 0.018826
2 0.663576 0.135476 0.081697 0.018824
3 0.818160 0.135960 0.205862 0.017688
3 0.594028 0.157414 0.047528 0.017543
0 0.732761 0.146662 0.406737 0.044121
1 0.569903 0.183061 0.074197 0.018818
2 0.646569 0.182991 0.065864 0.018810
3 0.785320 0.183490 0.190028 0.017673
0 0.732820 0.183537 0.406703 0.022871
1 0.564121 0.214941 0.062530 0.018807
2 0.632038 0.214879 0.060030 0.018805
3 0.799539 0.215352 0.253362 0.017731
3 0.609990 0.236774 0.079195 0.017572
0 0.732889 0.226037 0.406737 0.044121
1 0.564212 0.271191 0.062530 0.018807
2 0.649629 0.271113 0.095030 0.018837
3 0.818797 0.271584 0.221695 0.017702
3 0.744664 0.292902 0.348361 0.017818
3 0.744699 0.314152 0.348361 0.017818
3 0.744733 0.335402 0.348361 0.017818
3 0.736851 0.356659 0.332528 0.017803
0 0.733032 0.314162 0.406841 0.107871
1 0.564401 0.387441 0.062530 0.018807
2 0.629401 0.387382 0.054197 0.018799
3 0.762318 0.387886 0.190028 0.017673
0 0.733152 0.387912 0.406703 0.022871
1 0.564446 0.415566 0.062530 0.018807
2 0.632780 0.415504 0.060864 0.018805
3 0.784864 0.415990 0.221695 0.017702
0 0.733197 0.416037 0.406703 0.022871
1 0.574911 0.444932 0.083364 0.018826
2 0.661161 0.444853 0.075864 0.018819
3 0.820745 0.445332 0.221695 0.017702
3 0.697446 0.466695 0.253362 0.017731
0 0.733262 0.456037 0.406737 0.044121
1 0.574990 0.493682 0.083364 0.018826
2 0.665406 0.493599 0.084197 0.018827
3 0.821241 0.494082 0.205862 0.017688
3 0.657942 0.515481 0.174195 0.017659
0 0.733341 0.504787 0.406737 0.044121
1 0.554237 0.543076 0.041697 0.018788
2 0.620070 0.543016 0.076697 0.018820
3 0.795904 0.543480 0.253362 0.017731
0 0.733404 0.543537 0.406703 0.022871
1 0.564703 0.573691 0.062530 0.018807
2 0.638453 0.573624 0.071697 0.018815
3 0.803870 0.574098 0.237528 0.017717
0 0.733454 0.574162 0.406703 0.022871
1 0.575163 0.600557 0.083364 0.018826
2 0.667663 0.600472 0.088364 0.018831
3 0.825581 0.600953 0.205862 0.017688
3 0.745198 0.622276 0.348361 0.017818
3 0.666066 0.643599 0.190028 0.017673
0 0.733532 0.622287 0.406772 0.065371
1 0.564873 0.678691 0.062530 0.018807
2 0.629873 0.678632 0.054197 0.018799
3 0.794457 0.679107 0.253362 0.017731
3 0.726575 0.700418 0.310861 0.017784
0 0.733641 0.689787 0.406737 0.044121
1 0.554538 0.728700 0.041697 0.018788
2 0.608704 0.728651 0.053364 0.018799
0 0.733705 0.729162 0.406703 0.022871
1 0.554591 0.761825 0.041697 0.018788
2 0.617925 0.761768 0.071697 0.018815
0 0.733759 0.762287 0.406703 0.022871
1 0.565054 0.789941 0.062530 0.018807
2 0.641720 0.789871 0.077530 0.018821
0 0.733804 0.790412 0.406703 0.022871
1 0.565097 0.816816 0.062530 0.018807
2 0.624680 0.816762 0.043364 0.018790
3 0.783848 0.817241 0.253362 0.017731
0 0.733848 0.817287 0.406703 0.022871
1 0.565146 0.846816 0.062530 0.018807
2 0.633896 0.846753 0.061697 0.018806
3 0.802230 0.847225 0.253362 0.017731
3 0.745598 0.868526 0.348361 0.017818
3 0.745632 0.889776 0.348361 0.017818
3 0.595250 0.911163 0.047528 0.017543
0 0.733948 0.879162 0.406806 0.086621
