1 0.090177 0.088649 0.062845 0.019406
2 0.161420 0.087899 0.067011 0.019450
0 0.258922 0.087498 0.407048 0.026779
1 0.090832 0.123646 0.062845 0.019406
2 0.150409 0.123019 0.043680 0.019204
3 0.317488 0.121884 0.269468 0.020332
3 0.121238 0.145203 0.047823 0.017998
0 0.259776 0.133118 0.407445 0.048027
1 0.091756 0.173016 0.062845 0.019406
2 0.162582 0.172270 0.066178 0.019441
3 0.332994 0.171101 0.253636 0.020166
3 0.272564 0.192989 0.348627 0.021166
3 0.272962 0.214237 0.348627 0.021166
3 0.215032 0.236099 0.231971 0.019937
0 0.261098 0.203736 0.408241 0.090523
1 0.103997 0.270397 0.083676 0.019626
2 0.185239 0.269541 0.066178 0.019441
3 0.339819 0.268539 0.221972 0.019832
3 0.139819 0.291897 0.079486 0.018332
0 0.262525 0.279979 0.407445 0.048027
1 0.084207 0.326236 0.042014 0.019187
2 0.159199 0.325446 0.095342 0.019748
3 0.336277 0.324206 0.237804 0.019999
3 0.125029 0.347683 0.047823 0.017998
0 0.263566 0.335598 0.407445 0.048027
1 0.085096 0.373731 0.042014 0.019187
2 0.148839 0.373060 0.072844 0.019511
3 0.322584 0.371855 0.253636 0.020166
3 0.170497 0.394709 0.136981 0.018937
0 0.264455 0.383093 0.407445 0.048027
1 0.086149 0.429975 0.042014 0.019187
2 0.151559 0.429287 0.076177 0.019547
3 0.271559 0.428648 0.142814 0.018999
0 0.265309 0.428714 0.407048 0.026779
1 0.107471 0.456003 0.083676 0.019626
2 0.175381 0.455288 0.039514 0.019161
3 0.332461 0.454259 0.253636 0.020166
3 0.119546 0.477753 0.031991 0.017832
0 0.265999 0.465585 0.407445 0.048027
1 0.087646 0.509967 0.042014 0.019187
2 0.143890 0.509375 0.057845 0.019354
3 0.318052 0.508166 0.269468 0.020332
3 0.278870 0.529831 0.348627 0.021166
3 0.168445 0.552246 0.126982 0.018832
0 0.267204 0.529954 0.407843 0.069275
1 0.099419 0.582351 0.062845 0.019406
2 0.171078 0.581596 0.067844 0.019459
3 0.339407 0.580449 0.247803 0.020104
3 0.285226 0.602271 0.358626 0.021271
3 0.280625 0.623572 0.348627 0.021166
3 0.281022 0.644820 0.348627 0.021166
3 0.178514 0.667151 0.142814 0.018999
0 0.268959 0.623695 0.408639 0.111771
1 0.101618 0.699839 0.062845 0.019406
2 0.198692 0.698817 0.118673 0.019994
3 0.363687 0.697705 0.190309 0.019499
3 0.203267 0.720646 0.190309 0.019499
0 0.270562 0.709311 0.407445 0.048027
1 0.102624 0.753584 0.062845 0.019406
2 0.165951 0.752917 0.051179 0.019283
3 0.336779 0.751743 0.269468 0.020332
3 0.133030 0.775141 0.047823 0.017998
0 0.271568 0.763056 0.407445 0.048027
1 0.093168 0.804938 0.042014 0.019187
2 0.166910 0.804162 0.092842 0.019722
3 0.311074 0.803269 0.174477 0.019332
0 0.272328 0.803677 0.407048 0.026779
1 0.114525 0.832841 0.083676 0.019626
2 0.190351 0.832043 0.055346 0.019327
3 0.347431 0.831014 0.237804 0.019999
3 0.126600 0.854591 0.031991 0.017832
0 0.273054 0.842423 0.407445 0.048027
1 0.105022 0.881696 0.062845 0.019406
2 0.177515 0.880933 0.069511 0.019476
3 0.341677 0.879829 0.237804 0.019999
3 0.285830 0.901669 0.348627 0.021166
3 0.291228 0.922865 0.358626 0.021271
3 0.167888 0.945416 0.111150 0.018665
0 0.274364 0.912416 0.408241 0.090523
1 0.556798 0.083736 0.062845 0.019406
2 0.627207 0.082995 0.065345 0.019433
3 0.797202 0.081830 0.253636 0.020166
3 0.742605 0.103657 0.358626 0.021271
3 0.743003 0.124905 0.358626 0.021271
3 0.651327 0.147122 0.174477 0.019332
0 0.726139 0.114456 0.408241 0.090523
1 0.558587 0.179352 0.062845 0.019406
2 0.622331 0.178680 0.052013 0.019292
3 0.790660 0.177533 0.263635 0.020271
3 0.739396 0.199325 0.348627 0.021166
3 0.739793 0.220573 0.348627 0.021166
3 0.740191 0.241821 0.348627 0.021166
3 0.742672 0.263047 0.352793 0.021210
3 0.638080 0.285400 0.142814 0.018999
0 0.728327 0.231320 0.409036 0.133019
1 0.561091 0.313088 0.062845 0.019406
2 0.637750 0.312281 0.077843 0.019564
3 0.806078 0.311134 0.237804 0.019999
3 0.741899 0.333062 0.348627 0.021166
3 0.742297 0.354310 0.348627 0.021166
3 0.742695 0.375558 0.348627 0.021166
3 0.743092 0.396805 0.348627 0.021166
3 0.743490 0.418053 0.348627 0.021166
3 0.577654 0.441052 0.016159 0.017665
0 0.731029 0.375680 0.409434 0.154267
1 0.563969 0.466823 0.062845 0.019406
2 0.639378 0.466029 0.075344 0.019538
3 0.806456 0.464895 0.237804 0.019999
3 0.744777 0.486797 0.348627 0.021166
3 0.745175 0.508044 0.348627 0.021166
3 0.745572 0.529292 0.348627 0.021166
0 0.733310 0.497543 0.408241 0.090523
1 0.576104 0.558580 0.083676 0.019626
2 0.650263 0.557799 0.052013 0.019292
0 0.734433 0.557537 0.407048 0.026779
1 0.555776 0.585671 0.042014 0.019187
2 0.619936 0.584996 0.073677 0.019520
3 0.794097 0.583787 0.253636 0.020166
0 0.734936 0.584410 0.407048 0.026779
1 0.556443 0.621293 0.042014 0.019187
2 0.603938 0.620793 0.040347 0.019169
3 0.785182 0.619509 0.301131 0.020666
3 0.597265 0.642740 0.047823 0.017998
0 0.735802 0.630655 0.407445 0.048027
1 0.578175 0.669194 0.083676 0.019626
2 0.658583 0.668347 0.064511 0.019424
0 0.736504 0.668152 0.407048 0.026779
1 0.578736 0.699191 0.083676 0.019626
2 0.658728 0.698348 0.063678 0.019415
3 0.812058 0.697359 0.221972 0.019832
3 0.598727 0.720857 0.047823 0.017998
0 0.737264 0.708773 0.407445 0.048027
1 0.579730 0.752310 0.083676 0.019626
2 0.661389 0.751451 0.067011 0.019450
3 0.816386 0.750444 0.221972 0.019832
3 0.670964 0.773227 0.190309 0.019499
0 0.738259 0.761892 0.407445 0.048027
1 0.570262 0.803040 0.062845 0.019406
2 0.649838 0.802202 0.083676 0.019626
3 0.813167 0.801107 0.221972 0.019832
3 0.751071 0.823013 0.348627 0.021166
3 0.751468 0.844261 0.348627 0.021166
3 0.751866 0.865509 0.348627 0.021166
3 0.688937 0.887424 0.221972 0.019832
0 0.739803 0.844384 0.408639 0.111771
