1 0.084207 0.092033 0.063105 0.019914
2 0.164182 0.090535 0.084765 0.020320
3 0.327902 0.088094 0.222180 0.021645
3 0.265296 0.110523 0.348807 0.024017
3 0.266003 0.131767 0.348807 0.024017
3 0.266710 0.153010 0.348807 0.024017
3 0.267418 0.174253 0.348807 0.024017
3 0.268125 0.195497 0.348807 0.024017
3 0.237176 0.217333 0.285494 0.022831
0 0.255047 0.153228 0.411533 0.157568
1 0.078912 0.245930 0.042278 0.019524
2 0.150556 0.244588 0.088930 0.020398
3 0.324273 0.241960 0.238008 0.021941
3 0.270414 0.264225 0.348807 0.024017
3 0.276119 0.285375 0.358804 0.024204
3 0.248086 0.307157 0.301322 0.023127
0 0.259104 0.275065 0.409411 0.093838
1 0.092529 0.341955 0.063105 0.019914
2 0.165839 0.340582 0.071435 0.020070
3 0.330809 0.338117 0.238008 0.021941
3 0.265703 0.360594 0.332979 0.023720
0 0.261601 0.350042 0.407996 0.051351
1 0.083905 0.395883 0.042278 0.019524
2 0.137221 0.394885 0.052275 0.019712
3 0.313437 0.392210 0.279662 0.022722
3 0.275407 0.414179 0.348807 0.024017
3 0.281112 0.435328 0.358804 0.024204
3 0.276821 0.456665 0.348807 0.024017
3 0.282527 0.477815 0.358804 0.024204
3 0.278236 0.499152 0.348807 0.024017
3 0.136488 0.523064 0.063896 0.018680
0 0.265158 0.456884 0.411533 0.157568
1 0.110016 0.554194 0.083931 0.020304
2 0.194989 0.552602 0.073935 0.020117
3 0.353294 0.550263 0.222180 0.021645
3 0.282774 0.572840 0.352973 0.024095
3 0.281398 0.594122 0.348807 0.024017
3 0.287104 0.615272 0.358804 0.024204
3 0.282813 0.636609 0.348807 0.024017
3 0.288519 0.657759 0.358804 0.024204
3 0.286310 0.679057 0.352973 0.024095
3 0.261192 0.700784 0.301322 0.023127
0 0.270796 0.626206 0.412240 0.178811
1 0.105490 0.731209 0.063105 0.019914
2 0.167137 0.730054 0.048109 0.019634
3 0.336272 0.727512 0.269665 0.022534
3 0.152037 0.752219 0.079725 0.018977
0 0.274562 0.739296 0.407996 0.051351
1 0.096845 0.784512 0.042278 0.019524
2 0.166407 0.783209 0.084765 0.020320
3 0.345955 0.780472 0.253837 0.022238
3 0.288347 0.802807 0.348807 0.024017
3 0.289054 0.824051 0.348807 0.024017
3 0.289762 0.845294 0.348807 0.024017
3 0.203413 0.868168 0.174695 0.020756
0 0.277391 0.824269 0.410118 0.115081
1 0.100756 0.901976 0.042278 0.019524
2 0.151574 0.901024 0.047276 0.019618
3 0.328206 0.898341 0.285494 0.022831
3 0.292258 0.920271 0.348807 0.024017
3 0.292965 0.941514 0.348807 0.024017
3 0.293673 0.962757 0.348807 0.024017
3 0.294380 0.984001 0.348807 0.024017
3 0.295088 1.000000 0.348807 0.024017
3 0.295795 1.000000 0.348807 0.024017
3 0.296502 1.000000 0.348807 0.024017
3 0.162668 1.000000 0.079725 0.018977
0 0.282717 0.984219 0.412948 0.200054
1 0.550728 0.083295 0.063105 0.019914
2 0.622373 0.081953 0.068103 0.020008
0 0.719447 0.080760 0.407289 0.030107
1 0.541376 0.115355 0.042278 0.019524
2 0.609688 0.114076 0.082265 0.020273
3 0.787986 0.111362 0.253837 0.022238
3 0.732878 0.133650 0.348807 0.024017
3 0.733585 0.154894 0.348807 0.024017
3 0.739291 0.176044 0.358804 0.024204
3 0.735000 0.197381 0.348807 0.024017
3 0.735707 0.218624 0.348807 0.024017
3 0.736415 0.239867 0.348807 0.024017
3 0.586752 0.263927 0.048068 0.018384
0 0.722983 0.186977 0.412240 0.178811
1 0.547451 0.297799 0.042278 0.019524
2 0.607432 0.296675 0.065604 0.019961
3 0.782398 0.294023 0.263834 0.022425
0 0.726582 0.295069 0.407289 0.030107
1 0.558759 0.324470 0.063105 0.019914
2 0.632902 0.323081 0.073102 0.020102
3 0.798705 0.320601 0.238008 0.021941
3 0.744846 0.342867 0.358804 0.024204
3 0.740555 0.364204 0.348807 0.024017
3 0.741262 0.385447 0.348807 0.024017
3 0.639085 0.408617 0.143038 0.020163
0 0.728892 0.364422 0.410118 0.115081
1 0.573146 0.443613 0.083931 0.020304
2 0.656037 0.442060 0.069769 0.020039
0 0.731451 0.441273 0.407289 0.030107
1 0.563835 0.476923 0.063105 0.019914
2 0.646309 0.475378 0.089763 0.020414
3 0.812528 0.472890 0.222180 0.021645
3 0.610382 0.497933 0.079725 0.018977
0 0.732907 0.485009 0.407996 0.051351
1 0.565624 0.530656 0.063105 0.019914
2 0.628521 0.529478 0.050609 0.019680
3 0.798906 0.526912 0.269665 0.022534
3 0.580515 0.552259 0.016411 0.017791
0 0.734696 0.538743 0.407996 0.051351
1 0.577827 0.584194 0.083931 0.020304
2 0.651554 0.582813 0.051442 0.019696
3 0.806526 0.580536 0.238008 0.021941
3 0.748502 0.602879 0.348807 0.024017
3 0.749209 0.624123 0.348807 0.024017
3 0.749917 0.645366 0.348807 0.024017
3 0.631911 0.668833 0.111381 0.019570
0 0.737546 0.624341 0.410118 0.115081
1 0.577031 0.697994 0.074768 0.020133
2 0.637846 0.696855 0.034780 0.019384
3 0.800316 0.694438 0.269665 0.022534
3 0.752288 0.716594 0.348807 0.024017
3 0.752996 0.737837 0.348807 0.024017
3 0.753703 0.759080 0.348807 0.024017
3 0.754410 0.780324 0.348807 0.024017
3 0.755118 0.801567 0.348807 0.024017
3 0.684597 0.824145 0.206352 0.021349
0 0.742040 0.759299 0.411533 0.157568
1 0.586731 0.851611 0.083931 0.020304
2 0.673787 0.849980 0.078100 0.020195
3 0.834175 0.847601 0.222180 0.021645
3 0.686178 0.871630 0.206352 0.021349
0 0.745390 0.859893 0.407996 0.051351
