1 0.106167 0.079955 0.062863 0.019442
2 0.170327 0.080668 0.052864 0.019331
3 0.339046 0.083167 0.263650 0.020423
3 0.222806 0.103128 0.221988 0.019960
0 0.274676 0.093078 0.407486 0.048262
1 0.105081 0.134949 0.062863 0.019442
2 0.187572 0.135865 0.089527 0.019738
3 0.353791 0.138337 0.221988 0.019960
3 0.150477 0.157331 0.079504 0.018377
0 0.273590 0.148072 0.407486 0.048262
1 0.104106 0.184319 0.062863 0.019442
2 0.181181 0.185175 0.078695 0.019618
0 0.272825 0.186818 0.407066 0.027014
1 0.093012 0.218574 0.042032 0.019211
2 0.151755 0.219227 0.062863 0.019442
3 0.296727 0.221462 0.206156 0.019784
0 0.272147 0.221189 0.407066 0.027014
1 0.092370 0.251070 0.042032 0.019211
2 0.169445 0.251927 0.099526 0.019849
0 0.271505 0.253685 0.407066 0.027014
1 0.102255 0.278058 0.062863 0.019442
2 0.172664 0.278840 0.065363 0.019470
3 0.342633 0.281353 0.253651 0.020312
3 0.131820 0.300264 0.047840 0.018026
0 0.270765 0.291181 0.407486 0.048262
1 0.090766 0.332312 0.042032 0.019211
2 0.153259 0.333006 0.070363 0.019525
3 0.294065 0.335195 0.190325 0.019608
0 0.269901 0.334926 0.407066 0.027014
1 0.110943 0.365664 0.083694 0.019673
2 0.188018 0.366520 0.057864 0.019387
0 0.269247 0.368048 0.407066 0.027014
1 0.089532 0.394805 0.042032 0.019211
2 0.162441 0.395615 0.091194 0.019757
3 0.337409 0.398183 0.237819 0.020136
3 0.224502 0.418181 0.237819 0.020136
0 0.268457 0.408043 0.407486 0.048262
1 0.098948 0.445540 0.062863 0.019442
2 0.178523 0.446424 0.083694 0.019673
3 0.341826 0.448863 0.221988 0.019960
3 0.223502 0.468801 0.237819 0.020136
0 0.267457 0.458663 0.407486 0.048262
1 0.108315 0.498775 0.083694 0.019673
2 0.192472 0.499710 0.072029 0.019544
3 0.312447 0.501667 0.146996 0.019127
0 0.266618 0.501158 0.407066 0.027014
1 0.107772 0.526272 0.083694 0.019673
2 0.183597 0.527114 0.055364 0.019359
3 0.340650 0.529483 0.237819 0.020136
3 0.166500 0.548801 0.126998 0.018905
0 0.265865 0.539279 0.407486 0.048262
1 0.096307 0.579275 0.062863 0.019442
2 0.180048 0.580205 0.092027 0.019766
3 0.347517 0.582691 0.221988 0.019960
3 0.141704 0.601657 0.079504 0.018377
0 0.264817 0.592398 0.407486 0.048262
1 0.105624 0.635010 0.083694 0.019673
2 0.181449 0.635852 0.055364 0.019359
3 0.338503 0.638222 0.237819 0.020136
3 0.275174 0.658770 0.348641 0.021367
3 0.274754 0.680018 0.348641 0.021367
3 0.274335 0.701266 0.348641 0.021367
3 0.278915 0.722569 0.358640 0.021478
3 0.154759 0.742442 0.111167 0.018729
0 0.262879 0.690512 0.409164 0.133252
1 0.102823 0.776869 0.083694 0.019673
2 0.183648 0.777767 0.065363 0.019470
3 0.337785 0.780104 0.221988 0.019960
3 0.185299 0.799663 0.174493 0.019432
0 0.260917 0.789876 0.407486 0.048262
1 0.080931 0.830382 0.042032 0.019211
2 0.150923 0.831159 0.085361 0.019692
3 0.330891 0.833783 0.253651 0.020312
3 0.247564 0.854110 0.301146 0.020839
0 0.259856 0.843621 0.407486 0.048262
1 0.079870 0.884126 0.042032 0.019211
2 0.141530 0.884811 0.068696 0.019507
3 0.321081 0.887430 0.269483 0.020487
3 0.270250 0.908118 0.348641 0.021367
3 0.214420 0.928750 0.237819 0.020136
0 0.258585 0.907989 0.407905 0.069509
1 0.572782 0.085138 0.062863 0.019442
2 0.647774 0.085971 0.074529 0.019572
3 0.814410 0.088447 0.237819 0.020136
3 0.586516 0.107168 0.016177 0.017674
0 0.741292 0.098261 0.407486 0.048262
1 0.567101 0.140706 0.053698 0.019340
2 0.622512 0.141321 0.044532 0.019238
3 0.766234 0.143543 0.221988 0.019960
0 0.740403 0.143256 0.407066 0.027014
1 0.581532 0.169619 0.083694 0.019673
2 0.660273 0.170494 0.061197 0.019424
3 0.820244 0.172896 0.237819 0.020136
3 0.756081 0.193435 0.358640 0.021478
3 0.750662 0.214628 0.348641 0.021367
3 0.750242 0.235875 0.348641 0.021367
3 0.754822 0.257178 0.358640 0.021478
3 0.622750 0.276964 0.095335 0.018553
0 0.738787 0.225122 0.409164 0.133252
1 0.557962 0.308123 0.042032 0.019211
2 0.615455 0.308761 0.060364 0.019414
3 0.790840 0.311334 0.269483 0.020487
3 0.597942 0.330444 0.047840 0.018026
0 0.736886 0.321361 0.407486 0.048262
1 0.577707 0.363348 0.083694 0.019673
2 0.662697 0.364292 0.073695 0.019562
3 0.818085 0.366643 0.216155 0.019895
3 0.747256 0.387109 0.348641 0.021367
3 0.746837 0.408356 0.348641 0.021367
3 0.751416 0.429660 0.358640 0.021478
3 0.745997 0.450852 0.348641 0.021367
0 0.735171 0.408227 0.408745 0.112005
1 0.554531 0.481854 0.042032 0.019211
2 0.616191 0.482539 0.068696 0.019507
3 0.795742 0.485158 0.269483 0.020487
3 0.744911 0.505846 0.348641 0.021367
3 0.744492 0.527093 0.348641 0.021367
3 0.641167 0.547198 0.142830 0.019081
0 0.733036 0.516340 0.408325 0.090757
1 0.573523 0.575200 0.083694 0.019673
2 0.661430 0.576176 0.079528 0.019627
3 0.814734 0.578504 0.206156 0.019784
3 0.743073 0.598960 0.348641 0.021367
3 0.742653 0.620208 0.348641 0.021367
3 0.747233 0.641511 0.358640 0.021478
3 0.741814 0.662703 0.348641 0.021367
3 0.743478 0.683974 0.352807 0.021413
3 0.740975 0.705199 0.348641 0.021367
3 0.598071 0.724864 0.063672 0.018201
0 0.730358 0.651950 0.410003 0.175748
1 0.569932 0.757055 0.083694 0.019673
2 0.652007 0.757966 0.067863 0.019498
3 0.791562 0.760142 0.190325 0.019608
0 0.728236 0.759438 0.407066 0.027014
1 0.548398 0.792445 0.042032 0.019211
2 0.616724 0.793204 0.082028 0.019655
3 0.792109 0.795777 0.247818 0.020247
3 0.738778 0.816437 0.348641 0.021367
3 0.738359 0.837684 0.348641 0.021367
3 0.737939 0.858932 0.348641 0.021367
3 0.737520 0.880180 0.348641 0.021367
3 0.737100 0.901427 0.348641 0.021367
3 0.741680 0.922730 0.358640 0.021478
3 0.625440 0.942692 0.126998 0.018905
0 0.726064 0.869426 0.410003 0.175748
