3 0.497468 0.033141 0.994935 0.031248
0 0.103730 0.086837 0.083539 0.019270
1 0.190810 0.086293 0.077706 0.019234
2 0.351228 0.085915 0.221853 0.018885
0 0.104126 0.122461 0.083539 0.019270
1 0.189123 0.121929 0.073539 0.019208
2 0.347457 0.121565 0.221853 0.018885
2 0.218948 0.143619 0.237686 0.018983
0 0.104750 0.178709 0.083539 0.019270
1 0.190581 0.178172 0.075206 0.019218
2 0.346832 0.177821 0.216020 0.018848
2 0.108743 0.200559 0.016027 0.017598
0 0.094876 0.227522 0.062706 0.019140
1 0.167790 0.227066 0.070206 0.019187
2 0.332374 0.226663 0.237686 0.018983
2 0.220114 0.248615 0.237686 0.018983
0 0.095466 0.280645 0.062706 0.019140
1 0.170047 0.280179 0.073539 0.019208
2 0.336298 0.279765 0.237686 0.018983
2 0.196955 0.301887 0.190188 0.018687
0 0.085605 0.330709 0.041874 0.019010
1 0.148103 0.330318 0.070206 0.019187
2 0.328520 0.329816 0.269352 0.019181
2 0.213344 0.351786 0.221853 0.018885
0 0.096591 0.381892 0.062706 0.019140
1 0.159088 0.381501 0.049373 0.019057
2 0.329089 0.381064 0.269352 0.019181
2 0.282244 0.402607 0.358515 0.019739
2 0.277480 0.423888 0.348516 0.019676
2 0.282716 0.445106 0.358515 0.019739
2 0.277952 0.466386 0.348516 0.019676
2 0.278188 0.487636 0.348516 0.019676
2 0.278424 0.508885 0.348516 0.019676
2 0.112416 0.531173 0.016027 0.017598
0 0.098639 0.566260 0.062706 0.019140
1 0.184886 0.565721 0.096872 0.019353
2 0.354887 0.565284 0.221853 0.018885
2 0.120964 0.587997 0.031860 0.017697
0 0.099194 0.616259 0.062706 0.019140
1 0.177525 0.615769 0.081039 0.019254
2 0.347526 0.615332 0.237686 0.018983
0 0.099583 0.651257 0.062706 0.019140
1 0.178747 0.650763 0.082705 0.019265
2 0.302083 0.650617 0.142689 0.018390
0 0.099937 0.683131 0.062706 0.019140
1 0.172435 0.682678 0.069373 0.019182
2 0.336603 0.682277 0.237686 0.018983
2 0.130179 0.704818 0.047693 0.017796
0 0.110964 0.738064 0.083539 0.019270
1 0.202628 0.737491 0.086872 0.019291
2 0.359713 0.737135 0.206021 0.018786
2 0.233703 0.759173 0.253519 0.019082
0 0.101097 0.787503 0.062706 0.019140
1 0.184427 0.786982 0.091038 0.019317
2 0.351512 0.786563 0.221853 0.018885
2 0.281750 0.808249 0.348516 0.019676
2 0.281986 0.829499 0.348516 0.019676
2 0.187225 0.851342 0.158522 0.018489
0 0.102180 0.884999 0.062706 0.019140
1 0.173427 0.884554 0.066873 0.019166
0 0.559964 0.083986 0.062706 0.019140
1 0.642044 0.083473 0.088539 0.019301
2 0.807879 0.083062 0.221853 0.018885
2 0.740617 0.104733 0.348516 0.019676
2 0.745853 0.125951 0.358515 0.019739
2 0.741090 0.147231 0.348516 0.019676
2 0.741326 0.168481 0.348516 0.019676
2 0.741562 0.189730 0.348516 0.019676
2 0.746798 0.210948 0.358515 0.019739
2 0.647037 0.232822 0.158522 0.018489
0 0.572387 0.264540 0.083539 0.019270
1 0.656134 0.264016 0.071039 0.019192
2 0.813219 0.263660 0.221853 0.018885
2 0.742624 0.285351 0.348516 0.019676
2 0.742860 0.306601 0.348516 0.019676
2 0.743096 0.327850 0.348516 0.019676
2 0.743332 0.349099 0.348516 0.019676
2 0.743568 0.370349 0.348516 0.019676
2 0.743804 0.391598 0.348516 0.019676
2 0.593629 0.413787 0.047693 0.017796
0 0.553526 0.442164 0.041874 0.019010
1 0.602274 0.441859 0.042707 0.019015
2 0.781858 0.441362 0.295184 0.019343
2 0.744596 0.462845 0.348516 0.019676
2 0.744832 0.484095 0.348516 0.019676
2 0.745068 0.505344 0.348516 0.019676
2 0.586976 0.527582 0.031860 0.017697
0 0.565268 0.561469 0.062706 0.019140
1 0.635266 0.561032 0.064373 0.019150
2 0.804850 0.560597 0.253519 0.019082
2 0.682591 0.582612 0.221853 0.018885
0 0.576275 0.614527 0.083539 0.019270
1 0.656689 0.614025 0.064373 0.019150
2 0.810440 0.613689 0.221853 0.018885
2 0.746512 0.635339 0.348516 0.019676
2 0.746748 0.656589 0.348516 0.019676
2 0.751984 0.677807 0.358515 0.019739
2 0.747220 0.699087 0.348516 0.019676
2 0.747456 0.720336 0.348516 0.019676
2 0.747692 0.741586 0.348516 0.019676
2 0.737095 0.762903 0.326850 0.019541
0 0.567886 0.797086 0.062706 0.019140
1 0.641217 0.796628 0.071039 0.019192
2 0.811218 0.796191 0.247686 0.019046
2 0.637710 0.818526 0.126857 0.018291
0 0.578851 0.846394 0.083539 0.019270
1 0.668848 0.845832 0.083539 0.019270
0 0.558345 0.875898 0.041874 0.019010
1 0.629175 0.875456 0.086872 0.019291
