3 0.497318 0.031893 0.994637 0.031597
0 0.093057 0.087044 0.062718 0.019162
1 0.155555 0.086632 0.049385 0.019074
2 0.325556 0.086135 0.269362 0.019275
2 0.275807 0.107714 0.352692 0.019825
2 0.273973 0.128977 0.348525 0.019798
2 0.274222 0.150226 0.348525 0.019798
2 0.234889 0.171736 0.269362 0.019275
0 0.094377 0.199540 0.062718 0.019162
1 0.180207 0.198973 0.096050 0.019382
2 0.349791 0.198479 0.221863 0.018962
2 0.203796 0.220693 0.206031 0.018857
0 0.084525 0.247731 0.041885 0.019024
1 0.152022 0.247286 0.080217 0.019277
2 0.329523 0.246740 0.253529 0.019171
2 0.236026 0.268608 0.269362 0.019275
0 0.095528 0.297661 0.062718 0.019162
1 0.158442 0.297246 0.050218 0.019079
2 0.297194 0.296955 0.206031 0.018857
0 0.085456 0.327103 0.041885 0.019024
1 0.157953 0.326625 0.090216 0.019343
2 0.332537 0.326098 0.237696 0.019066
2 0.149877 0.348554 0.095202 0.018126
0 0.106956 0.383839 0.083550 0.019299
1 0.199869 0.383226 0.089383 0.019338
0 0.096950 0.418906 0.062718 0.019162
1 0.184030 0.418332 0.098549 0.019398
2 0.354864 0.417829 0.221863 0.018962
2 0.277616 0.439590 0.348525 0.019798
2 0.277865 0.460839 0.348525 0.019798
2 0.278115 0.482088 0.348525 0.019798
2 0.278364 0.503337 0.348525 0.019798
2 0.136119 0.525527 0.063536 0.017917
0 0.098570 0.557026 0.062718 0.019162
1 0.166484 0.556578 0.060218 0.019145
2 0.331068 0.556117 0.247696 0.019132
2 0.239654 0.577971 0.269362 0.019275
0 0.109624 0.611330 0.083550 0.019299
1 0.187538 0.610816 0.059384 0.019140
2 0.346706 0.610391 0.237696 0.019066
2 0.161129 0.632866 0.111034 0.018231
0 0.110247 0.664453 0.083550 0.019299
1 0.200244 0.663859 0.083550 0.019299
2 0.355662 0.663459 0.206031 0.018857
2 0.161752 0.685989 0.111034 0.018231
0 0.090001 0.714588 0.041885 0.019024
1 0.148749 0.714201 0.062718 0.019162
2 0.325416 0.713660 0.269362 0.019275
2 0.154422 0.736039 0.095202 0.018126
0 0.111457 0.767574 0.083550 0.019299
1 0.188120 0.767068 0.056884 0.019123
2 0.346038 0.766651 0.237696 0.019066
2 0.144212 0.789234 0.073536 0.017983
0 0.112051 0.818197 0.083550 0.019299
1 0.204547 0.817587 0.088550 0.019332
2 0.362465 0.817170 0.206031 0.018857
2 0.147722 0.839837 0.079369 0.018022
0 0.112688 0.872570 0.083550 0.019299
1 0.184352 0.872097 0.046885 0.019057
2 0.337270 0.871713 0.237696 0.019066
2 0.282938 0.893322 0.348525 0.019798
2 0.283188 0.914572 0.348525 0.019798
2 0.283437 0.935821 0.348525 0.019798
2 0.283686 0.957070 0.348525 0.019798
2 0.149357 0.979207 0.079369 0.018022
0 0.549290 0.084034 0.041885 0.019024
1 0.602204 0.083685 0.051051 0.019085
2 0.780955 0.083130 0.285194 0.019380
2 0.700790 0.104910 0.269362 0.019275
0 0.560270 0.132088 0.062718 0.019162
1 0.629018 0.131635 0.061884 0.019156
0 0.571104 0.167643 0.083550 0.019299
1 0.653185 0.167101 0.067717 0.019195
2 0.808603 0.166701 0.221863 0.018962
2 0.714689 0.188571 0.295194 0.019446
0 0.561275 0.217710 0.062718 0.019162
1 0.639188 0.217196 0.080217 0.019277
2 0.808772 0.216702 0.237696 0.019066
2 0.575697 0.239490 0.016038 0.017604
0 0.561839 0.265833 0.062718 0.019162
1 0.646836 0.265272 0.094383 0.019371
2 0.815587 0.264784 0.221863 0.018962
2 0.631676 0.287248 0.126867 0.018335
0 0.572835 0.315137 0.083550 0.019299
1 0.655748 0.314590 0.069384 0.019206
2 0.811999 0.314184 0.221863 0.018962
2 0.743085 0.335890 0.348525 0.019798
2 0.743334 0.357139 0.348525 0.019798
2 0.743583 0.378388 0.348525 0.019798
2 0.743832 0.399637 0.348525 0.019798
2 0.744082 0.420887 0.348525 0.019798
2 0.749331 0.442103 0.358525 0.019864
2 0.744580 0.463385 0.348525 0.019798
2 0.744829 0.484634 0.348525 0.019798
2 0.578835 0.506980 0.016038 0.017604
0 0.565043 0.538947 0.062718 0.019162
1 0.635040 0.538486 0.064384 0.019173
2 0.804624 0.537992 0.253529 0.019171
0 0.565417 0.570821 0.062718 0.019162
1 0.638747 0.570337 0.071051 0.019217
2 0.803748 0.569874 0.237696 0.019066
2 0.666919 0.592027 0.190198 0.018753
0 0.555579 0.620263 0.041885 0.019024
1 0.613494 0.619881 0.061051 0.019151
2 0.789328 0.619346 0.269362 0.019275
2 0.746662 0.640878 0.348525 0.019798
2 0.731078 0.662232 0.316860 0.019589
0 0.566802 0.688942 0.062718 0.019162
1 0.644716 0.688427 0.080217 0.019277
2 0.782634 0.688143 0.174365 0.018648
0 0.577600 0.721372 0.083550 0.019299
1 0.663430 0.720805 0.075217 0.019244
2 0.822597 0.720380 0.221863 0.018962
2 0.747850 0.742124 0.348525 0.019798
2 0.748099 0.763373 0.348525 0.019798
2 0.748348 0.784622 0.348525 0.019798
2 0.748597 0.805872 0.348525 0.019798
2 0.748847 0.827121 0.348525 0.019798
2 0.749096 0.848370 0.348525 0.019798
2 0.749345 0.869619 0.348525 0.019798
2 0.630849 0.891652 0.111034 0.018231
