3 0.498346 0.039382 0.996692 0.029142
0 0.084445 0.086090 0.041804 0.018922
1 0.144444 0.085842 0.065137 0.019019
2 0.322363 0.085730 0.269291 0.018615
2 0.212104 0.107437 0.221792 0.018418
0 0.084827 0.137964 0.041804 0.018922
1 0.152743 0.137683 0.080970 0.019085
2 0.330661 0.137571 0.253458 0.018549
2 0.212486 0.159311 0.221792 0.018418
0 0.106015 0.186002 0.083470 0.019095
1 0.197680 0.185623 0.086803 0.019109
2 0.354766 0.185597 0.205959 0.018352
2 0.276173 0.207173 0.348457 0.018943
2 0.281330 0.228402 0.358457 0.018984
2 0.276486 0.249672 0.348457 0.018943
2 0.281643 0.270901 0.358457 0.018984
2 0.276799 0.292172 0.348457 0.018943
2 0.276956 0.313421 0.348457 0.018943
2 0.110865 0.335360 0.015962 0.017565
0 0.107317 0.362875 0.083470 0.019095
1 0.196066 0.362507 0.080970 0.019085
2 0.350235 0.362493 0.205959 0.018352
2 0.198310 0.384373 0.190126 0.018287
0 0.107718 0.417249 0.083470 0.019095
1 0.197300 0.416878 0.082637 0.019091
2 0.352302 0.416861 0.205959 0.018352
2 0.277876 0.438419 0.348457 0.018943
2 0.238450 0.459833 0.269291 0.018615
0 0.087419 0.489834 0.041804 0.018922
1 0.153668 0.489560 0.077637 0.019071
0 0.108482 0.520997 0.083470 0.019095
1 0.185981 0.520676 0.058471 0.018991
2 0.344733 0.520644 0.237625 0.018484
2 0.144059 0.542725 0.079294 0.017828
0 0.088003 0.569208 0.041804 0.018922
1 0.143003 0.568980 0.055137 0.018978
0 0.109053 0.598496 0.083470 0.019095
1 0.192802 0.598149 0.070970 0.019043
2 0.349887 0.598123 0.221792 0.018418
2 0.207962 0.619962 0.205959 0.018352
0 0.088574 0.646707 0.041804 0.018922
1 0.141073 0.646489 0.050137 0.018957
2 0.319409 0.646375 0.285125 0.018680
2 0.165817 0.668262 0.120960 0.018000
0 0.109798 0.699745 0.083470 0.019095
1 0.202714 0.699360 0.089303 0.019119
2 0.361049 0.699329 0.205959 0.018352
2 0.279957 0.720915 0.348457 0.018943
2 0.280114 0.742165 0.348457 0.018943
2 0.280270 0.763414 0.348457 0.018943
2 0.280427 0.784664 0.348457 0.018943
2 0.280583 0.805914 0.348457 0.018943
2 0.114492 0.827852 0.015962 0.017565
0 0.100528 0.855410 0.062637 0.019009
1 0.163027 0.855151 0.049304 0.018953
2 0.333029 0.855072 0.269291 0.018615
2 0.130689 0.877161 0.047628 0.017697
0 0.551105 0.084157 0.041804 0.018922
1 0.612771 0.083901 0.068470 0.019033
2 0.792356 0.083782 0.269291 0.018615
2 0.718347 0.105339 0.300958 0.018746
0 0.572343 0.139070 0.083470 0.019095
1 0.640675 0.138787 0.040137 0.018915
2 0.798177 0.138759 0.253458 0.018549
2 0.742501 0.160240 0.348457 0.018943
2 0.742658 0.181490 0.348457 0.018943
2 0.742814 0.202740 0.348457 0.018943
2 0.742971 0.223989 0.348457 0.018943
2 0.743127 0.245239 0.348457 0.018943
2 0.632452 0.266948 0.126794 0.018024
0 0.573484 0.294067 0.083470 0.019095
1 0.667650 0.293677 0.091803 0.019129
2 0.827235 0.293641 0.205959 0.018352
2 0.743643 0.315238 0.348457 0.018943
2 0.748799 0.336467 0.358457 0.018984
2 0.672707 0.358032 0.205959 0.018352
0 0.553323 0.385402 0.041804 0.018922
1 0.613739 0.385152 0.065970 0.019022
2 0.792074 0.385038 0.269291 0.018615
2 0.744315 0.406486 0.348457 0.018943
2 0.712805 0.427867 0.285125 0.018680
0 0.574700 0.459065 0.083470 0.019095
1 0.659282 0.458714 0.072637 0.019050
2 0.817201 0.458685 0.221792 0.018418
2 0.602360 0.480826 0.063461 0.017762
0 0.575100 0.513439 0.083470 0.019095
1 0.657599 0.513097 0.068470 0.019033
2 0.813434 0.513077 0.221792 0.018418
2 0.634427 0.535069 0.126794 0.018024
0 0.565070 0.565981 0.062637 0.019009
1 0.634653 0.565693 0.063470 0.019012
0 0.575740 0.600313 0.083470 0.019095
1 0.660322 0.599962 0.072637 0.019050
2 0.818241 0.599933 0.221792 0.018418
2 0.682566 0.621746 0.221792 0.018418
0 0.555317 0.656023 0.041804 0.018922
1 0.620316 0.655754 0.075137 0.019060
0 0.576380 0.687186 0.083470 0.019095
1 0.653045 0.686869 0.056804 0.018984
2 0.810964 0.686840 0.237625 0.018484
2 0.746538 0.708357 0.348457 0.018943
2 0.746695 0.729606 0.348457 0.018943
2 0.746851 0.750856 0.348457 0.018943
2 0.712425 0.772249 0.279291 0.018656
0 0.556403 0.803521 0.041804 0.018922
1 0.611402 0.803293 0.055137 0.018978
2 0.725988 0.803443 0.152627 0.018132
0 0.567022 0.830977 0.062637 0.019009
1 0.643271 0.830662 0.076804 0.019067
2 0.808273 0.830603 0.231792 0.018459
2 0.613016 0.852662 0.079294 0.017828
0 0.556969 0.880395 0.041804 0.018922
1 0.628635 0.880098 0.088470 0.019116
