1 0.115269 0.080747 0.083638 0.019527
2 0.190263 0.081448 0.053641 0.019247
0 0.273580 0.082852 0.407009 0.026299
1 0.093845 0.116174 0.041975 0.019138
2 0.163840 0.116829 0.085305 0.019543
0 0.272988 0.118474 0.407009 0.026299
1 0.114199 0.145117 0.083638 0.019527
2 0.185861 0.145787 0.046975 0.019185
0 0.272510 0.147222 0.407009 0.026299
1 0.092807 0.178670 0.041975 0.019138
2 0.139470 0.179106 0.038642 0.019107
3 0.319862 0.181417 0.301101 0.020310
3 0.148689 0.201069 0.079451 0.018238
0 0.271773 0.191593 0.407362 0.047547
1 0.091883 0.234290 0.041975 0.019138
2 0.154378 0.234874 0.070306 0.019403
3 0.334770 0.237185 0.269437 0.020014
3 0.282338 0.257947 0.348597 0.020754
3 0.281985 0.279195 0.348597 0.020754
3 0.281632 0.300444 0.348597 0.020754
3 0.178370 0.320730 0.142780 0.018830
0 0.270319 0.279086 0.408421 0.111292
1 0.110835 0.347601 0.083638 0.019527
2 0.194995 0.348388 0.071973 0.019418
3 0.349556 0.350457 0.216107 0.019516
3 0.185466 0.370175 0.158612 0.018978
0 0.268969 0.360330 0.407362 0.047547
1 0.089069 0.403652 0.041975 0.019138
2 0.148648 0.404209 0.064473 0.019348
3 0.326123 0.406493 0.269437 0.020014
3 0.279524 0.427309 0.348597 0.020754
3 0.279171 0.448557 0.348597 0.020754
3 0.283817 0.469852 0.358596 0.020847
3 0.278465 0.491054 0.348597 0.020754
3 0.278112 0.512302 0.348597 0.020754
3 0.277759 0.533551 0.348597 0.020754
3 0.245741 0.554503 0.285269 0.020162
0 0.266976 0.480321 0.409480 0.175037
1 0.106993 0.578833 0.083638 0.019527
2 0.200736 0.579709 0.091138 0.019597
3 0.359880 0.581822 0.206108 0.019422
3 0.157876 0.601186 0.111115 0.018534
0 0.265127 0.591562 0.407362 0.047547
1 0.085237 0.634259 0.041975 0.019138
2 0.137733 0.634750 0.050308 0.019216
3 0.316042 0.637041 0.285269 0.020162
3 0.275692 0.657916 0.348597 0.020754
3 0.280339 0.679211 0.358596 0.020847
3 0.274986 0.700413 0.348597 0.020754
3 0.274633 0.721661 0.348597 0.020754
3 0.115959 0.741430 0.031955 0.017795
0 0.263497 0.689679 0.408774 0.132540
1 0.082942 0.772374 0.041975 0.019138
2 0.133772 0.772849 0.046975 0.019185
3 0.239170 0.774459 0.142780 0.018830
0 0.262085 0.774673 0.407009 0.026299
1 0.092829 0.804343 0.062807 0.019333
2 0.164073 0.805009 0.066973 0.019372
3 0.334883 0.807231 0.253604 0.019866
3 0.272868 0.827903 0.348597 0.020754
3 0.272515 0.849151 0.348597 0.020754
3 0.272162 0.870400 0.348597 0.020754
3 0.137236 0.890390 0.079451 0.018238
0 0.260849 0.849042 0.408421 0.111292
1 0.561068 0.084913 0.041975 0.019138
2 0.625229 0.085513 0.073639 0.019434
3 0.799372 0.087766 0.253604 0.019866
3 0.585286 0.107017 0.016123 0.017647
0 0.740034 0.097837 0.407362 0.047547
1 0.576382 0.141311 0.074472 0.019442
2 0.653459 0.142031 0.066973 0.019372
3 0.816353 0.144179 0.237772 0.019718
3 0.616015 0.163558 0.079451 0.018238
0 0.739099 0.154083 0.407362 0.047547
1 0.559209 0.196780 0.041975 0.019138
2 0.619621 0.197344 0.066140 0.019364
0 0.738351 0.199079 0.407009 0.026299
1 0.569158 0.225000 0.062807 0.019333
2 0.652484 0.225779 0.091138 0.019597
3 0.819544 0.227965 0.221940 0.019570
3 0.693784 0.248041 0.237772 0.019718
0 0.737708 0.237826 0.407362 0.047547
1 0.578732 0.275718 0.083638 0.019527
2 0.657476 0.276454 0.061140 0.019317
0 0.737043 0.277823 0.407009 0.026299
1 0.567808 0.306244 0.062807 0.019333
2 0.647385 0.306987 0.083638 0.019527
0 0.736534 0.308446 0.407009 0.026299
1 0.556904 0.335519 0.041975 0.019138
2 0.630648 0.336208 0.092804 0.019613
3 0.806457 0.338476 0.237772 0.019718
3 0.604870 0.357844 0.063619 0.018091
0 0.735870 0.348443 0.407362 0.047547
1 0.576832 0.390084 0.083638 0.019527
2 0.663492 0.390894 0.076972 0.019465
0 0.735143 0.392189 0.407009 0.026299
1 0.576354 0.418832 0.083638 0.019527
2 0.653848 0.419557 0.058640 0.019294
3 0.812576 0.421665 0.237772 0.019718
3 0.603489 0.440963 0.063619 0.018091
0 0.734489 0.431561 0.407362 0.047547
1 0.565046 0.472481 0.062807 0.019333
2 0.644623 0.473224 0.083638 0.019527
3 0.807933 0.475376 0.221940 0.019570
3 0.586764 0.494560 0.031955 0.017795
0 0.733596 0.485307 0.407362 0.047547
1 0.564173 0.524977 0.062807 0.019333
2 0.624585 0.525541 0.045308 0.019169
0 0.732900 0.527179 0.407009 0.026299
1 0.553311 0.551752 0.041975 0.019138
2 0.623722 0.552410 0.086138 0.019551
3 0.804114 0.554721 0.253604 0.019866
3 0.617109 0.574225 0.095283 0.018386
0 0.732277 0.564676 0.407362 0.047547
1 0.552480 0.601748 0.041975 0.019138
2 0.609976 0.602286 0.060307 0.019309
3 0.785368 0.604550 0.269437 0.020014
3 0.742935 0.625405 0.348597 0.020754
3 0.671338 0.645988 0.206108 0.019422
0 0.731270 0.625296 0.407715 0.068795
1 0.561640 0.677465 0.062807 0.019333
2 0.637051 0.678170 0.075306 0.019449
0 0.730366 0.679667 0.407009 0.026299
1 0.550642 0.712365 0.041975 0.019138
2 0.611471 0.712933 0.066973 0.019372
3 0.790197 0.715229 0.269437 0.020014
3 0.606525 0.734764 0.079451 0.018238
0 0.729608 0.725288 0.407362 0.047547
1 0.560165 0.766208 0.062807 0.019333
2 0.630993 0.766870 0.066140 0.019364
3 0.798470 0.769060 0.247772 0.019812
3 0.573967 0.788214 0.016123 0.017647
0 0.728715 0.779034 0.407362 0.047547
1 0.548836 0.821106 0.041975 0.019138
2 0.611331 0.821690 0.070306 0.019403
3 0.791723 0.824001 0.269437 0.020014
3 0.739291 0.844763 0.348597 0.020754
3 0.743937 0.866058 0.358596 0.020847
3 0.738585 0.887260 0.348597 0.020754
3 0.738231 0.908508 0.348597 0.020754
3 0.729962 0.929682 0.332765 0.020606
0 0.727095 0.876527 0.408774 0.132540
