1 0.191667 0.085938 0.055000 0.021875
0 0.266667 0.095312 0.400000 0.040625
1 0.189583 0.134687 0.097500 0.021875
0 0.266667 0.144063 0.400000 0.040625
1 0.231667 0.183438 0.135000 0.021875
0 0.266667 0.183438 0.400000 0.021875
1 0.181667 0.213438 0.081667 0.021875
0 0.266667 0.213438 0.400000 0.021875
1 0.195000 0.246562 0.061667 0.021875
0 0.266667 0.246562 0.400000 0.021875
1 0.202917 0.274687 0.124167 0.021875
0 0.266667 0.284062 0.400000 0.040625
1 0.144583 0.324688 0.054167 0.021875
0 0.266667 0.324688 0.400000 0.021875
1 0.185833 0.354687 0.136667 0.021875
0 0.266667 0.354687 0.400000 0.021875
1 0.180417 0.388437 0.079167 0.021875
0 0.266667 0.397813 0.400000 0.040625
1 0.169167 0.441563 0.103333 0.021875
0 0.266667 0.450937 0.400000 0.040625
1 0.178333 0.489687 0.121667 0.021875
0 0.266667 0.499063 0.400000 0.040625
1 0.210000 0.536563 0.091667 0.021875
0 0.266667 0.545937 0.400000 0.040625
1 0.224583 0.585938 0.120833 0.021875
0 0.266667 0.595313 0.400000 0.040625
1 0.201667 0.634687 0.121667 0.021875
0 0.266667 0.681562 0.400000 0.115625
1 0.165000 0.762813 0.048333 0.021875
0 0.266667 0.772188 0.400000 0.040625
1 0.192917 0.814063 0.057500 0.021875
0 0.266667 0.814063 0.400000 0.021875
1 0.162500 0.848437 0.090000 0.021875
0 0.266667 0.848437 0.400000 0.021875
1 0.165000 0.880938 0.095000 0.021875
0 0.266667 0.880938 0.400000 0.021875
1 0.207500 0.910937 0.086667 0.021875
0 0.266667 0.920312 0.400000 0.040625
1 0.679167 0.085938 0.096667 0.021875
0 0.733333 0.085938 0.400000 0.021875
1 0.667917 0.115312 0.120833 0.021875
0 0.733333 0.124688 0.400000 0.040625
1 0.654583 0.164062 0.094167 0.021875
0 0.733333 0.164062 0.400000 0.021875
1 0.694167 0.198437 0.126667 0.021875
0 0.733333 0.207813 0.400000 0.040625
1 0.621250 0.251563 0.074167 0.021875
0 0.733333 0.251563 0.400000 0.021875
1 0.695417 0.285313 0.129167 0.021875
0 0.733333 0.285313 0.400000 0.021875
1 0.703750 0.316563 0.145833 0.021875
0 0.733333 0.325937 0.400000 0.040625
1 0.642083 0.367188 0.115833 0.021875
0 0.733333 0.376563 0.400000 0.040625
1 0.670417 0.419687 0.125833 0.021875
0 0.733333 0.457188 0.400000 0.096875
1 0.664167 0.525937 0.113333 0.021875
0 0.733333 0.535312 0.400000 0.040625
1 0.643333 0.576562 0.071667 0.021875
0 0.733333 0.604688 0.400000 0.078125
1 0.634583 0.664062 0.054167 0.021875
0 0.733333 0.692187 0.400000 0.078125
1 0.651667 0.754687 0.088333 0.021875
0 0.733333 0.764062 0.400000 0.040625
1 0.670000 0.807813 0.078333 0.021875
0 0.733333 0.807813 0.400000 0.021875
1 0.675000 0.837187 0.135000 0.021875
0 0.733333 0.837187 0.400000 0.021875
1 0.684167 0.869687 0.106667 0.021875
0 0.733333 0.869687 0.400000 0.021875
1 0.632917 0.901563 0.097500 0.021875
0 0.733333 0.939063 0.400000 0.096875
