0 0.26666666666666666 0.1325 0.4 0.115
0 0.26666666666666666 0.24125 0.4 0.0675
0 0.26666666666666666 0.314375 0.4 0.04375
0 0.26666666666666666 0.3875 0.4 0.0675
0 0.26666666666666666 0.460625 0.4 0.04375
0 0.26666666666666666 0.58125 0.4 0.1625
0 0.26666666666666666 0.725625 0.4 0.09125
0 0.26666666666666666 0.810625 0.4 0.04375
0 0.26666666666666666 0.871875 0.4 0.04375
0 0.7333333333333333 0.085 0.4 0.02
0 0.7333333333333333 0.134375 0.4 0.04375
0 0.7333333333333333 0.195625 0.4 0.04375
0 0.7333333333333333 0.256875 0.4 0.04375
0 0.7333333333333333 0.318125 0.4 0.04375
0 0.7333333333333333 0.426875 0.4 0.13875
0 0.7333333333333333 0.583125 0.4 0.13875
0 0.7333333333333333 0.70375 0.4 0.0675
0 0.7333333333333333 0.824375 0.4 0.13875
