1 0.104773 0.080692 0.062803 0.019326
2 0.175184 0.081343 0.065303 0.019349
3 0.345161 0.083538 0.253602 0.019839
3 0.284817 0.104232 0.348594 0.020716
3 0.286551 0.125500 0.352761 0.020755
3 0.284119 0.146729 0.348594 0.020716
3 0.133364 0.166588 0.047784 0.017937
0 0.272802 0.125373 0.408401 0.111248
1 0.102884 0.195683 0.062803 0.019326
2 0.180378 0.196399 0.079469 0.019480
3 0.349522 0.198587 0.237769 0.019693
3 0.227515 0.218712 0.237769 0.019693
0 0.271437 0.208491 0.407354 0.047503
1 0.102104 0.243180 0.062803 0.019326
2 0.160850 0.243723 0.041971 0.019133
3 0.311245 0.245737 0.237769 0.019693
0 0.270831 0.245364 0.407005 0.026255
1 0.112068 0.270774 0.083635 0.019518
2 0.196229 0.271552 0.071969 0.019411
3 0.353706 0.273631 0.221937 0.019546
3 0.281696 0.294218 0.348594 0.020716
3 0.286347 0.315512 0.358594 0.020809
3 0.280998 0.336715 0.348594 0.020716
3 0.280649 0.357963 0.348594 0.020716
3 0.224888 0.378699 0.237769 0.019693
0 0.269507 0.325983 0.408750 0.132497
1 0.088968 0.408696 0.041971 0.019133
2 0.140631 0.409173 0.048638 0.019195
3 0.318107 0.411438 0.285266 0.020131
3 0.279428 0.432332 0.348594 0.020716
3 0.279079 0.453581 0.348594 0.020716
3 0.283730 0.474875 0.358594 0.020809
3 0.167556 0.495054 0.126944 0.018669
0 0.267413 0.453473 0.408401 0.111248
1 0.097424 0.528158 0.062803 0.019326
2 0.175334 0.528878 0.080302 0.019488
3 0.344895 0.531070 0.237769 0.019693
3 0.174559 0.550748 0.142777 0.018815
0 0.265976 0.540966 0.407354 0.047503
1 0.086156 0.579933 0.041971 0.019133
2 0.138652 0.580418 0.050304 0.019210
3 0.237801 0.581959 0.126944 0.018669
0 0.265299 0.582213 0.407005 0.026255
1 0.085673 0.609306 0.041971 0.019133
2 0.150669 0.609906 0.075302 0.019441
0 0.264816 0.611586 0.407005 0.026255
1 0.095545 0.642525 0.062803 0.019326
2 0.176789 0.643275 0.086968 0.019549
3 0.294270 0.644986 0.126944 0.018669
0 0.264272 0.644708 0.407005 0.026255
1 0.084657 0.671176 0.041971 0.019133
2 0.140070 0.671688 0.056137 0.019264
0 0.263800 0.673456 0.407005 0.026255
1 0.104955 0.703866 0.083635 0.019518
2 0.192032 0.704671 0.077802 0.019464
3 0.352426 0.706777 0.221937 0.019546
3 0.163758 0.726286 0.126944 0.018669
0 0.263092 0.716578 0.407354 0.047503
1 0.104103 0.755737 0.083635 0.019518
2 0.182014 0.756457 0.059470 0.019295
3 0.341159 0.758552 0.237769 0.019693
3 0.139158 0.777938 0.079448 0.018230
0 0.262240 0.768449 0.407354 0.047503
1 0.092784 0.810637 0.062803 0.019326
2 0.175278 0.811399 0.089468 0.019572
3 0.341505 0.813560 0.221937 0.019546
3 0.209500 0.833592 0.221937 0.019546
0 0.261337 0.823445 0.407354 0.047503
1 0.102276 0.866979 0.083635 0.019518
2 0.181020 0.867706 0.061137 0.019311
3 0.340998 0.869809 0.237769 0.019693
3 0.271904 0.890423 0.348594 0.020716
3 0.271555 0.911671 0.348594 0.020716
3 0.197045 0.932234 0.200272 0.019346
0 0.260064 0.900939 0.408052 0.090000
1 0.581820 0.085099 0.083635 0.019518
2 0.661397 0.085835 0.062803 0.019326
3 0.814292 0.087872 0.221937 0.019546
3 0.616875 0.107300 0.079448 0.018230
0 0.739956 0.097811 0.407354 0.047503
1 0.560208 0.132403 0.041971 0.019133
2 0.607288 0.132838 0.039472 0.019110
3 0.748517 0.134768 0.221937 0.019546
0 0.739351 0.134683 0.407005 0.026255
1 0.570070 0.166247 0.062803 0.019326
2 0.635065 0.166847 0.054470 0.019249
0 0.738797 0.168431 0.407005 0.026255
1 0.569546 0.198120 0.062803 0.019326
2 0.642457 0.198793 0.070303 0.019395
3 0.807018 0.200938 0.237769 0.019693
3 0.749590 0.221660 0.348594 0.020716
3 0.749241 0.242908 0.348594 0.020716
3 0.748892 0.264156 0.348594 0.020716
3 0.748543 0.285405 0.348594 0.020716
3 0.748194 0.306653 0.348594 0.020716
3 0.747845 0.327901 0.348594 0.020716
3 0.589175 0.347687 0.031952 0.017791
0 0.737052 0.274673 0.409448 0.174994
1 0.556195 0.376760 0.041971 0.019133
2 0.608691 0.377245 0.050304 0.019210
3 0.787000 0.379517 0.285266 0.020131
3 0.751654 0.400442 0.358594 0.020809
3 0.746305 0.421644 0.348594 0.020716
3 0.745957 0.442893 0.348594 0.020716
3 0.745608 0.464141 0.348594 0.020716
3 0.694846 0.484924 0.247769 0.019785
0 0.734465 0.432161 0.408750 0.132497
1 0.564301 0.517470 0.062803 0.019326
2 0.635546 0.518129 0.066970 0.019364
3 0.790524 0.520185 0.221937 0.019546
0 0.733028 0.519654 0.407005 0.026255
1 0.553424 0.545497 0.041971 0.019133
2 0.619252 0.546105 0.076969 0.019457
0 0.732566 0.547777 0.407005 0.026255
1 0.573701 0.579437 0.083635 0.019518
2 0.665777 0.580287 0.087801 0.019557
3 0.823255 0.582367 0.206105 0.019400
3 0.640420 0.601930 0.142777 0.018815
0 0.731838 0.592149 0.407354 0.047503
1 0.572798 0.634433 0.083635 0.019518
2 0.671124 0.635341 0.100300 0.019672
3 0.826935 0.637406 0.190273 0.019254
3 0.742426 0.657876 0.348594 0.020716
3 0.591671 0.677735 0.047784 0.017937
0 0.730760 0.657769 0.407703 0.068752
1 0.567024 0.706885 0.074469 0.019434
2 0.647435 0.707628 0.073636 0.019426
3 0.805746 0.709715 0.221937 0.019546
3 0.741235 0.730371 0.348594 0.020716
3 0.725054 0.751473 0.316930 0.020424
0 0.729569 0.730263 0.407703 0.068752
1 0.549513 0.783604 0.041971 0.019133
2 0.607009 0.784135 0.060303 0.019303
3 0.782402 0.786380 0.269434 0.019985
3 0.652896 0.806436 0.174441 0.019108
0 0.728481 0.796508 0.407354 0.047503
1 0.548599 0.839225 0.041971 0.019133
2 0.606095 0.839756 0.060303 0.019303
0 0.727742 0.841505 0.407005 0.026255
1 0.568990 0.866290 0.083635 0.019518
2 0.638151 0.866929 0.041971 0.019133
3 0.748966 0.868578 0.158609 0.018961
0 0.727301 0.868378 0.407005 0.026255
