1 0.098312 0.084160 0.062518 0.018783
2 0.157062 0.084191 0.041685 0.018772
3 0.323312 0.084905 0.269183 0.017644
3 0.167875 0.106072 0.126683 0.017568
0 0.267052 0.095500 0.406708 0.043968
1 0.098261 0.138535 0.062518 0.018783
2 0.163261 0.138570 0.054184 0.018779
0 0.267010 0.139250 0.406688 0.022718
1 0.098234 0.166660 0.062518 0.018783
2 0.166567 0.166696 0.060851 0.018783
3 0.334483 0.167411 0.253350 0.017636
3 0.144046 0.188559 0.079183 0.017542
0 0.266973 0.178000 0.406708 0.043968
1 0.087768 0.218529 0.041685 0.018772
2 0.154018 0.218565 0.077518 0.018791
3 0.330267 0.219284 0.253350 0.017636
3 0.278580 0.240506 0.348350 0.017686
3 0.278560 0.261756 0.348350 0.017686
3 0.278540 0.283006 0.348350 0.017686
3 0.278520 0.304256 0.348350 0.017686
3 0.283499 0.325509 0.358350 0.017692
3 0.191396 0.346710 0.174183 0.017593
0 0.266873 0.283000 0.406809 0.150218
1 0.087620 0.373529 0.041685 0.018772
2 0.139704 0.373557 0.049184 0.018776
0 0.266786 0.374250 0.406688 0.022718
1 0.098011 0.400410 0.062518 0.018783
2 0.181761 0.400455 0.091684 0.018799
3 0.349261 0.401169 0.221683 0.017619
3 0.278407 0.422381 0.348350 0.017686
3 0.278387 0.443631 0.348350 0.017686
3 0.278367 0.464881 0.348350 0.017686
3 0.175430 0.486076 0.142517 0.017576
0 0.266720 0.443625 0.406769 0.107718
1 0.087483 0.517279 0.041685 0.018772
2 0.148317 0.517312 0.066684 0.018786
3 0.327066 0.518032 0.269183 0.017644
3 0.254546 0.539244 0.300850 0.017661
0 0.266639 0.528625 0.406708 0.043968
1 0.087431 0.572279 0.041685 0.018772
2 0.149098 0.572312 0.068351 0.018787
0 0.266597 0.573000 0.406688 0.022718
1 0.097820 0.601035 0.062518 0.018783
2 0.168654 0.601073 0.065851 0.018785
3 0.307403 0.601772 0.190017 0.017602
0 0.266570 0.601750 0.406688 0.022718
1 0.097795 0.627910 0.062518 0.018783
2 0.164045 0.627945 0.056684 0.018780
0 0.266544 0.628625 0.406688 0.022718
1 0.108179 0.661665 0.083351 0.018795
2 0.190679 0.661709 0.068351 0.018787
3 0.346512 0.662418 0.221683 0.017619
3 0.278159 0.683631 0.348350 0.017686
3 0.278138 0.704881 0.348350 0.017686
3 0.283118 0.726134 0.358350 0.017692
3 0.278098 0.747381 0.348350 0.017686
3 0.283078 0.768634 0.358350 0.017692
3 0.283057 0.789884 0.358350 0.017692
3 0.262204 0.811123 0.316683 0.017670
0 0.266441 0.736750 0.406830 0.171468
1 0.097592 0.841035 0.062518 0.018783
2 0.178009 0.841078 0.085018 0.018795
0 0.266341 0.841750 0.406688 0.022718
1 0.087146 0.871654 0.041685 0.018772
2 0.158396 0.871692 0.087518 0.018797
3 0.339646 0.872414 0.253350 0.017636
3 0.285042 0.893635 0.362517 0.017694
3 0.206688 0.914843 0.205850 0.017610
0 0.266292 0.893625 0.406728 0.065218
1 0.564979 0.084410 0.062518 0.018783
2 0.637479 0.084448 0.069184 0.018787
3 0.801645 0.085161 0.237517 0.017627
3 0.634541 0.106322 0.126683 0.017568
0 0.733718 0.095750 0.406708 0.043968
1 0.564931 0.134410 0.062518 0.018783
2 0.625348 0.134442 0.045018 0.018774
3 0.793264 0.135157 0.269183 0.017644
3 0.745327 0.156381 0.348350 0.017686
3 0.745307 0.177631 0.348350 0.017686
3 0.745287 0.198881 0.348350 0.017686
3 0.737350 0.220127 0.332517 0.017678
0 0.733640 0.177625 0.406769 0.107718
1 0.564819 0.251910 0.062518 0.018783
2 0.641486 0.251951 0.077518 0.018791
3 0.809819 0.252666 0.237517 0.017627
3 0.697715 0.273856 0.253350 0.017636
0 0.733559 0.263250 0.406708 0.043968
1 0.564774 0.300035 0.062518 0.018783
2 0.626440 0.300068 0.047518 0.018775
3 0.795606 0.300783 0.269183 0.017644
3 0.745169 0.322006 0.348350 0.017686
3 0.745149 0.343256 0.348350 0.017686
3 0.745129 0.364506 0.348350 0.017686
3 0.745109 0.385756 0.348350 0.017686
3 0.745089 0.407006 0.348350 0.017686
3 0.745068 0.428256 0.348350 0.017686
3 0.745048 0.449506 0.348350 0.017686
3 0.721278 0.470743 0.300850 0.017661
0 0.733442 0.385750 0.406850 0.192718
1 0.575001 0.499415 0.083351 0.018795
2 0.665834 0.499464 0.085018 0.018795
3 0.822083 0.500172 0.205850 0.017610
3 0.744980 0.521381 0.348350 0.017686
0 0.733323 0.510750 0.406708 0.043968
1 0.564533 0.553160 0.062518 0.018783
2 0.624116 0.553191 0.043351 0.018773
3 0.719949 0.553868 0.126683 0.017568
0 0.733282 0.553875 0.406688 0.022718
1 0.564507 0.580660 0.062518 0.018783
2 0.644090 0.580702 0.083351 0.018795
3 0.807423 0.581415 0.221683 0.017619
3 0.744902 0.602631 0.348350 0.017686
3 0.744882 0.623881 0.348350 0.017686
3 0.744862 0.645131 0.348350 0.017686
3 0.744842 0.666381 0.348350 0.017686
3 0.744821 0.687631 0.348350 0.017686
3 0.728968 0.708873 0.316683 0.017670
0 0.733195 0.645125 0.406809 0.150218
1 0.574769 0.743165 0.083351 0.018795
2 0.661435 0.743211 0.076684 0.018791
3 0.821435 0.743922 0.221683 0.017619
3 0.594331 0.765051 0.047517 0.017525
0 0.733091 0.754500 0.406708 0.043968
1 0.553888 0.793154 0.041685 0.018772
2 0.608471 0.793183 0.054184 0.018779
3 0.788887 0.793905 0.285017 0.017653
3 0.744700 0.815131 0.348350 0.017686
3 0.657597 0.836334 0.174183 0.017593
0 0.733033 0.815125 0.406728 0.065218
1 0.574651 0.866290 0.083351 0.018795
2 0.657985 0.866335 0.070018 0.018787
3 0.814651 0.867044 0.221683 0.017619
3 0.744631 0.888256 0.348350 0.017686
3 0.744610 0.909506 0.348350 0.017686
3 0.744590 0.930756 0.348350 0.017686
3 0.749570 0.952009 0.358350 0.017692
3 0.749550 0.973259 0.358350 0.017692
3 0.744529 0.994506 0.348350 0.017686
0 0.732923 0.930750 0.406809 0.150218
