1 0.104567 0.080802 0.062794 0.019309
2 0.180811 0.081485 0.076960 0.019436
3 0.290377 0.083092 0.121104 0.018582
0 0.273295 0.082939 0.406996 0.026143
1 0.114525 0.109643 0.083626 0.019495
2 0.182436 0.110251 0.039463 0.019100
3 0.299918 0.111929 0.174433 0.019059
0 0.272837 0.111687 0.406996 0.026143
1 0.103651 0.138297 0.062794 0.019309
2 0.159480 0.138798 0.036129 0.019070
3 0.322792 0.140886 0.269426 0.019911
3 0.283706 0.161788 0.348587 0.020620
3 0.288367 0.183081 0.358587 0.020710
3 0.283029 0.204285 0.348587 0.020620
3 0.282690 0.225533 0.348587 0.020620
3 0.282352 0.246782 0.348587 0.020620
3 0.282013 0.268030 0.348587 0.020620
3 0.131269 0.287931 0.047775 0.017924
0 0.271194 0.214804 0.409366 0.174882
1 0.100783 0.318285 0.062794 0.019309
2 0.166195 0.318871 0.055295 0.019242
3 0.296592 0.320664 0.184432 0.019149
0 0.269511 0.320422 0.406996 0.026143
1 0.100255 0.351407 0.062794 0.019309
2 0.175250 0.352079 0.074460 0.019413
3 0.341895 0.354198 0.237762 0.019627
3 0.280311 0.374897 0.348587 0.020620
3 0.161231 0.395082 0.111104 0.018492
0 0.268645 0.374793 0.407673 0.068640
1 0.099090 0.424527 0.062794 0.019309
2 0.164086 0.425109 0.054462 0.019234
3 0.328647 0.427209 0.253594 0.019769
3 0.112908 0.446527 0.016111 0.017641
0 0.267649 0.437288 0.407335 0.047391
1 0.098214 0.479523 0.062794 0.019309
2 0.156960 0.480050 0.041962 0.019122
3 0.323188 0.482164 0.269426 0.019911
3 0.254521 0.502800 0.301091 0.020195
0 0.266773 0.492284 0.407335 0.047391
1 0.087012 0.528801 0.041962 0.019122
2 0.145757 0.529328 0.062794 0.019309
3 0.243241 0.530826 0.111104 0.018492
0 0.266156 0.531032 0.406996 0.026143
1 0.096910 0.561392 0.062794 0.019309
2 0.162738 0.561982 0.056128 0.019249
3 0.280637 0.563664 0.158601 0.018918
0 0.265638 0.563529 0.406996 0.026143
1 0.085976 0.593797 0.041962 0.019122
2 0.153471 0.594401 0.080293 0.019466
3 0.330949 0.596617 0.253594 0.019769
0 0.265120 0.596027 0.406996 0.026143
1 0.106370 0.621481 0.083626 0.019495
2 0.197197 0.622295 0.085293 0.019510
3 0.353426 0.624320 0.206097 0.019343
3 0.276009 0.644878 0.348587 0.020620
3 0.275671 0.666127 0.348587 0.020620
3 0.275332 0.687375 0.348587 0.020620
3 0.279993 0.708668 0.358587 0.020710
3 0.108417 0.728382 0.016111 0.017641
0 0.263836 0.676646 0.408689 0.132385
1 0.093843 0.753878 0.062794 0.019309
2 0.166755 0.754532 0.070294 0.019376
3 0.331316 0.756632 0.237762 0.019627
3 0.273898 0.777369 0.348587 0.020620
3 0.273560 0.798617 0.348587 0.020620
3 0.273221 0.819866 0.348587 0.020620
3 0.272883 0.841114 0.348587 0.020620
3 0.177551 0.861511 0.158601 0.018918
0 0.261725 0.809137 0.408689 0.132385
1 0.560784 0.084890 0.041962 0.019122
2 0.617447 0.085398 0.058628 0.019271
3 0.792008 0.087587 0.269426 0.019911
3 0.664178 0.107693 0.174433 0.019059
0 0.739759 0.097745 0.407335 0.047391
1 0.580790 0.136948 0.083626 0.019495
2 0.659951 0.137657 0.061961 0.019301
3 0.796598 0.139507 0.190265 0.019201
0 0.739102 0.138992 0.406996 0.026143
1 0.580242 0.171321 0.083626 0.019495
2 0.671485 0.172138 0.086126 0.019518
3 0.809382 0.173999 0.168600 0.019007
0 0.738554 0.173364 0.406996 0.026143
1 0.579824 0.197569 0.083626 0.019495
2 0.653152 0.198226 0.050295 0.019197
3 0.807714 0.200236 0.237762 0.019627
3 0.583225 0.219476 0.016111 0.017641
0 0.737967 0.210237 0.407335 0.047391
1 0.558175 0.248628 0.041962 0.019122
2 0.622754 0.249207 0.074460 0.019413
3 0.797315 0.251397 0.253594 0.019769
3 0.748647 0.272212 0.348587 0.020620
3 0.748308 0.293460 0.348587 0.020620
3 0.747970 0.314709 0.348587 0.020620
3 0.747631 0.335957 0.348587 0.020620
3 0.747293 0.357206 0.348587 0.020620
3 0.628212 0.377390 0.111104 0.018492
0 0.736304 0.314604 0.409027 0.153634
1 0.576418 0.411303 0.083626 0.019495
2 0.667245 0.412117 0.085293 0.019510
3 0.799726 0.413930 0.158601 0.018918
0 0.734731 0.413347 0.406996 0.026143
1 0.555168 0.437365 0.041962 0.019122
2 0.610165 0.437858 0.055295 0.019242
3 0.790975 0.440103 0.285258 0.020053
3 0.745640 0.460948 0.348587 0.020620
3 0.745301 0.482197 0.348587 0.020620
3 0.634137 0.502452 0.126936 0.018634
0 0.733805 0.471468 0.408012 0.089888
1 0.553585 0.536733 0.041962 0.019122
2 0.622330 0.537349 0.082793 0.019488
0 0.732729 0.538963 0.406996 0.026143
1 0.573959 0.565667 0.083626 0.019495
2 0.656870 0.566410 0.069460 0.019368
3 0.810182 0.568409 0.216097 0.019433
3 0.656521 0.588284 0.174433 0.019059
0 0.732102 0.578336 0.407335 0.047391
1 0.562687 0.619320 0.062794 0.019309
2 0.643514 0.620045 0.086126 0.019518
0 0.731415 0.621457 0.406996 0.026143
1 0.551823 0.647350 0.041962 0.019122
2 0.616818 0.647932 0.075293 0.019421
3 0.775964 0.649984 0.221930 0.019485
0 0.730967 0.649580 0.406996 0.026143
1 0.572217 0.675035 0.083626 0.019495
2 0.646795 0.675703 0.052795 0.019219
3 0.802607 0.677724 0.237762 0.019627
3 0.741856 0.698431 0.348587 0.020620
3 0.583195 0.718261 0.031943 0.017783
0 0.730190 0.698327 0.407673 0.068640
1 0.571052 0.748154 0.083626 0.019495
2 0.648963 0.748853 0.059461 0.019279
3 0.808108 0.750904 0.237762 0.019627
3 0.677362 0.770984 0.221930 0.019485
0 0.729195 0.760822 0.407335 0.047391
1 0.570156 0.804400 0.083626 0.019495
2 0.659316 0.805199 0.081960 0.019480
3 0.813878 0.807210 0.206097 0.019343
3 0.652718 0.827017 0.174433 0.019059
0 0.728298 0.817068 0.407335 0.047391
1 0.548507 0.855460 0.041962 0.019122
2 0.617669 0.856080 0.083626 0.019495
3 0.796813 0.858310 0.253594 0.019769
0 0.727651 0.857691 0.406996 0.026143
1 0.548039 0.884833 0.041962 0.019122
2 0.608452 0.885374 0.066127 0.019339
3 0.783846 0.887571 0.263593 0.019859
3 0.738511 0.908416 0.348587 0.020620
3 0.738172 0.929665 0.348587 0.020620
3 0.737833 0.950913 0.348587 0.020620
3 0.737495 0.972162 0.348587 0.020620
3 0.610499 0.992275 0.095272 0.018350
0 0.726337 0.940185 0.408689 0.132385
