0 0.26666666666666666 0.10875 0.4 0.0675
0 0.26666666666666666 0.181875 0.4 0.04375
0 0.26666666666666666 0.266875 0.4 0.09125
0 0.26666666666666666 0.351875 0.4 0.04375
0 0.26666666666666666 0.413125 0.4 0.04375
0 0.26666666666666666 0.521875 0.4 0.13875
0 0.26666666666666666 0.630625 0.4 0.04375
0 0.26666666666666666 0.7275 0.4 0.115
0 0.26666666666666666 0.8125 0.4 0.02
0 0.26666666666666666 0.8975 0.4 0.115
0 0.7333333333333333 0.1325 0.4 0.115
0 0.7333333333333333 0.24125 0.4 0.0675
0 0.7333333333333333 0.3025 0.4 0.02
0 0.7333333333333333 0.34 0.4 0.02
0 0.7333333333333333 0.40125 0.4 0.0675
0 0.7333333333333333 0.474375 0.4 0.04375
0 0.7333333333333333 0.52375 0.4 0.02
0 0.7333333333333333 0.573125 0.4 0.04375
0 0.7333333333333333 0.634375 0.4 0.04375
0 0.7333333333333333 0.7075 0.4 0.0675
0 0.7333333333333333 0.780625 0.4 0.04375
0 0.7333333333333333 0.889375 0.4 0.13875
