1 0.074350 0.091901 0.042253 0.019493
2 0.130167 0.090899 0.057249 0.019762
3 0.303887 0.088404 0.269648 0.022328
3 0.226255 0.111054 0.269648 0.022328
0 0.253824 0.099931 0.407947 0.051040
1 0.086320 0.140450 0.063081 0.019867
2 0.165880 0.139021 0.083908 0.020241
3 0.329187 0.136713 0.222162 0.021475
3 0.101181 0.162065 0.016387 0.017779
0 0.255381 0.148667 0.407947 0.051040
1 0.098390 0.192123 0.083908 0.020241
2 0.184615 0.190575 0.076410 0.020106
3 0.344172 0.188334 0.222162 0.021475
3 0.166152 0.212788 0.143018 0.020054
0 0.257037 0.200527 0.407947 0.051040
1 0.089692 0.246045 0.063081 0.019867
2 0.158006 0.244818 0.061414 0.019837
3 0.259663 0.243617 0.121357 0.019665
0 0.258413 0.243640 0.407268 0.029796
1 0.090689 0.277286 0.063081 0.019867
2 0.161086 0.276022 0.065580 0.019912
3 0.323143 0.273736 0.237991 0.021760
0 0.259411 0.274881 0.407268 0.029796
1 0.081353 0.311214 0.042253 0.019493
2 0.155915 0.309874 0.094738 0.020436
3 0.332551 0.307327 0.237991 0.021760
3 0.225344 0.330508 0.253819 0.022044
0 0.260828 0.319243 0.407947 0.051040
1 0.103976 0.367073 0.083908 0.020241
2 0.183953 0.365637 0.063914 0.019882
3 0.337263 0.363508 0.222162 0.021475
3 0.274626 0.385889 0.348792 0.023750
3 0.275304 0.407133 0.348792 0.023750
3 0.275983 0.428377 0.348792 0.023750
3 0.276661 0.449621 0.348792 0.023750
3 0.277339 0.470865 0.348792 0.023750
3 0.283016 0.492019 0.358789 0.023930
3 0.223295 0.514348 0.237991 0.021760
0 0.264659 0.439209 0.412017 0.178503
1 0.109663 0.545147 0.083908 0.020241
2 0.187140 0.543756 0.058915 0.019792
3 0.345865 0.541530 0.237991 0.021760
3 0.280312 0.563963 0.348792 0.023750
3 0.280991 0.585207 0.348792 0.023750
3 0.286668 0.606361 0.358789 0.023930
3 0.282347 0.627695 0.348792 0.023750
3 0.203882 0.650361 0.190504 0.020907
0 0.269667 0.596039 0.410660 0.136016
1 0.103599 0.681545 0.063081 0.019867
2 0.191907 0.679959 0.101403 0.020555
3 0.356046 0.677636 0.206333 0.021191
3 0.284662 0.700174 0.348792 0.023750
3 0.285340 0.721418 0.348792 0.023750
3 0.286019 0.742662 0.348792 0.023750
3 0.175895 0.765896 0.127189 0.019770
0 0.273677 0.721628 0.409982 0.114772
1 0.117644 0.795076 0.083908 0.020241
2 0.195121 0.793684 0.058915 0.019792
3 0.353846 0.791458 0.237991 0.021760
3 0.137920 0.816593 0.048045 0.018348
0 0.276291 0.803479 0.407947 0.051040
1 0.108986 0.850247 0.063081 0.019867
2 0.194794 0.848706 0.096404 0.020466
3 0.364349 0.846285 0.222162 0.021475
3 0.195076 0.870582 0.158847 0.020338
0 0.278046 0.858463 0.407947 0.051040
1 0.110602 0.900857 0.063081 0.019867
2 0.186413 0.899496 0.076410 0.020106
0 0.279323 0.898452 0.407268 0.029796
1 0.551297 0.083334 0.063081 0.019867
2 0.630024 0.081920 0.082242 0.020211
3 0.800412 0.079485 0.237991 0.021760
3 0.732360 0.101963 0.348792 0.023750
3 0.733038 0.123207 0.348792 0.023750
3 0.733717 0.144451 0.348792 0.023750
3 0.726481 0.165837 0.332963 0.023466
0 0.721375 0.123417 0.409982 0.114772
1 0.565401 0.198739 0.083908 0.020241
2 0.646628 0.197280 0.066413 0.019927
3 0.801187 0.195129 0.222162 0.021475
3 0.736051 0.217555 0.348792 0.023750
3 0.736729 0.238799 0.348792 0.023750
3 0.737408 0.260043 0.348792 0.023750
3 0.682685 0.282282 0.237991 0.021760
0 0.725066 0.239009 0.409982 0.114772
1 0.569033 0.312457 0.083908 0.020241
2 0.669004 0.310661 0.103902 0.020600
0 0.727341 0.310238 0.407268 0.029796
1 0.570050 0.344322 0.083908 0.020241
2 0.655859 0.342781 0.075577 0.020091
3 0.815000 0.340548 0.222162 0.021475
3 0.637813 0.364987 0.143018 0.020054
0 0.728697 0.352726 0.407947 0.051040
1 0.567184 0.398139 0.074744 0.020076
2 0.640080 0.396830 0.058915 0.019792
3 0.798804 0.394604 0.237991 0.021760
3 0.742416 0.416873 0.348792 0.023750
3 0.743094 0.438117 0.348792 0.023750
3 0.743773 0.459361 0.348792 0.023750
3 0.749449 0.480515 0.358789 0.023930
3 0.745129 0.501849 0.348792 0.023750
3 0.745808 0.523093 0.348792 0.023750
3 0.651513 0.546042 0.158847 0.020338
0 0.732448 0.470192 0.412017 0.178503
1 0.556525 0.573381 0.042253 0.019493
2 0.630254 0.572057 0.093072 0.020406
3 0.806057 0.569524 0.237991 0.021760
3 0.748002 0.591823 0.348792 0.023750
3 0.748681 0.613067 0.348792 0.023750
3 0.749359 0.634311 0.348792 0.023750
3 0.750038 0.655555 0.348792 0.023750
3 0.750716 0.676799 0.348792 0.023750
3 0.751394 0.698042 0.348792 0.023750
3 0.593785 0.722130 0.032216 0.018064
0 0.738035 0.645142 0.412017 0.178503
1 0.583039 0.751081 0.083908 0.020241
2 0.660100 0.749697 0.058082 0.019777
0 0.741347 0.748862 0.407268 0.029796
1 0.573623 0.782509 0.063081 0.019867
2 0.646102 0.781207 0.069745 0.019987
3 0.810242 0.778884 0.237991 0.021760
3 0.723029 0.801707 0.285477 0.022613
0 0.742684 0.790725 0.407947 0.051040
1 0.585693 0.834182 0.083908 0.020241
2 0.675667 0.832566 0.083908 0.020241
3 0.831059 0.830400 0.206333 0.021191
3 0.756342 0.852998 0.348792 0.023750
3 0.757021 0.874242 0.348792 0.023750
3 0.757699 0.895486 0.348792 0.023750
3 0.647576 0.918720 0.127189 0.019770
0 0.745358 0.874451 0.409982 0.114772
