1 0.107721 0.084700 0.083361 0.018819
2 0.196887 0.084626 0.081694 0.018818
3 0.351471 0.085123 0.205859 0.017671
3 0.182753 0.106513 0.158359 0.017631
0 0.266070 0.095819 0.406731 0.044087
1 0.107798 0.137200 0.083361 0.018819
2 0.185298 0.137136 0.058361 0.018798
3 0.312382 0.137655 0.174192 0.017644
0 0.266132 0.137694 0.406700 0.022837
1 0.087006 0.165342 0.041694 0.018785
2 0.156590 0.165285 0.084194 0.018820
3 0.336174 0.165761 0.253359 0.017710
3 0.119538 0.187190 0.031692 0.017526
0 0.266189 0.176444 0.406731 0.044087
1 0.087089 0.221592 0.041694 0.018785
2 0.143756 0.221545 0.058361 0.018798
3 0.318340 0.222026 0.269192 0.017723
3 0.282955 0.243305 0.358359 0.017797
3 0.277986 0.264559 0.348359 0.017789
3 0.278017 0.285809 0.348359 0.017789
3 0.278049 0.307059 0.348359 0.017789
3 0.278080 0.328309 0.348359 0.017789
3 0.119778 0.349690 0.031692 0.017526
0 0.266351 0.285819 0.406888 0.150337
1 0.097736 0.377834 0.062528 0.018802
2 0.161486 0.377781 0.051694 0.018793
3 0.324820 0.378270 0.253359 0.017710
3 0.119852 0.399690 0.031692 0.017526
0 0.266503 0.388944 0.406731 0.044087
1 0.108226 0.427200 0.083361 0.018819
2 0.181559 0.427139 0.050028 0.018791
3 0.336143 0.427636 0.237526 0.017697
3 0.175341 0.449019 0.142526 0.017618
0 0.266576 0.438319 0.406731 0.044087
1 0.087467 0.477842 0.041694 0.018785
2 0.146634 0.477793 0.063361 0.018803
3 0.323718 0.478271 0.269192 0.017723
3 0.175416 0.499644 0.142526 0.017618
0 0.266650 0.488944 0.406731 0.044087
1 0.087543 0.529092 0.041694 0.018785
2 0.156293 0.529035 0.082528 0.018818
3 0.335043 0.529512 0.253359 0.017710
3 0.175492 0.550894 0.142526 0.017618
0 0.266726 0.540194 0.406731 0.044087
1 0.098043 0.585958 0.062528 0.018802
2 0.163460 0.585904 0.055028 0.018796
3 0.328461 0.586392 0.253359 0.017710
3 0.278492 0.607684 0.348359 0.017789
3 0.278523 0.628934 0.348359 0.017789
3 0.278555 0.650184 0.348359 0.017789
3 0.278586 0.671434 0.348359 0.017789
3 0.278617 0.692684 0.348359 0.017789
3 0.278649 0.713934 0.348359 0.017789
3 0.278680 0.735184 0.348359 0.017789
3 0.120378 0.756565 0.031692 0.017526
0 0.266919 0.671443 0.406950 0.192837
1 0.087920 0.784717 0.041694 0.018785
2 0.139170 0.784674 0.047528 0.018789
3 0.260837 0.785199 0.174192 0.017644
0 0.267087 0.785193 0.406700 0.022837
1 0.087972 0.820342 0.041694 0.018785
2 0.150472 0.820290 0.070028 0.018808
3 0.259640 0.820825 0.126692 0.017605
0 0.267140 0.820818 0.406700 0.022837
1 0.088018 0.851592 0.041694 0.018785
2 0.144268 0.851545 0.057528 0.018798
3 0.318436 0.852026 0.269192 0.017723
3 0.136384 0.873427 0.063359 0.017553
0 0.267201 0.862693 0.406731 0.044087
1 0.574387 0.084313 0.083361 0.018819
2 0.658554 0.084243 0.071694 0.018809
3 0.800221 0.084751 0.190026 0.017658
0 0.732721 0.084807 0.406700 0.022837
1 0.574435 0.116813 0.083361 0.018819
2 0.666518 0.116737 0.087528 0.018823
3 0.824019 0.117231 0.205859 0.017671
3 0.696967 0.138586 0.253359 0.017710
0 0.732785 0.127932 0.406731 0.044087
1 0.564098 0.170572 0.062528 0.018802
2 0.647014 0.170503 0.090028 0.018825
3 0.813682 0.170990 0.221692 0.017684
3 0.673296 0.192356 0.205859 0.017671
0 0.732864 0.181682 0.406731 0.044087
1 0.574591 0.222438 0.083361 0.018819
2 0.663341 0.222364 0.080861 0.018817
0 0.732925 0.222932 0.406700 0.022837
1 0.553803 0.253705 0.041694 0.018785
2 0.606720 0.253661 0.050861 0.018792
3 0.782554 0.254140 0.279192 0.017732
3 0.744669 0.275422 0.348359 0.017789
3 0.744700 0.296672 0.348359 0.017789
3 0.633898 0.318014 0.126692 0.017605
0 0.733018 0.286057 0.406794 0.086587
1 0.564357 0.346197 0.062528 0.018802
2 0.627273 0.346144 0.050028 0.018791
3 0.797691 0.346628 0.269192 0.017723
3 0.736889 0.367928 0.332526 0.017776
0 0.733123 0.357307 0.406731 0.044087
1 0.574849 0.397438 0.083361 0.018819
2 0.666515 0.397362 0.086694 0.018822
3 0.823600 0.397857 0.205859 0.017671
3 0.615298 0.419279 0.089192 0.017574
0 0.733199 0.408557 0.406731 0.044087
1 0.554086 0.445580 0.041694 0.018785
2 0.613253 0.445531 0.063361 0.018803
3 0.734921 0.446055 0.158359 0.017631
0 0.733254 0.446056 0.406700 0.022837
1 0.574966 0.476813 0.083361 0.018819
2 0.659132 0.476743 0.071694 0.018809
0 0.733300 0.477306 0.406700 0.022837
1 0.554180 0.508705 0.041694 0.018785
2 0.615846 0.508654 0.068361 0.018807
3 0.763764 0.509156 0.205859 0.017671
0 0.733347 0.509181 0.406700 0.022837
1 0.575052 0.534938 0.083361 0.018819
2 0.648802 0.534877 0.050861 0.018792
3 0.803802 0.535373 0.237526 0.017697
3 0.618417 0.556777 0.095026 0.017579
0 0.733401 0.546056 0.406731 0.044087
1 0.575122 0.582438 0.083361 0.018819
2 0.660955 0.582367 0.075028 0.018812
0 0.733456 0.582931 0.406700 0.022837
1 0.564752 0.614321 0.062528 0.018802
2 0.639335 0.614259 0.073361 0.018811
3 0.805586 0.614747 0.237526 0.017697
3 0.745201 0.636047 0.348359 0.017789
3 0.750232 0.657293 0.358359 0.017797
3 0.745263 0.678547 0.348359 0.017789
3 0.745295 0.699797 0.348359 0.017789
3 0.745326 0.721047 0.348359 0.017789
3 0.750357 0.742292 0.358359 0.017797
3 0.610806 0.763658 0.079192 0.017566
0 0.733612 0.689181 0.406919 0.171587
1 0.554605 0.797455 0.041694 0.018785
2 0.617522 0.797403 0.070861 0.018809
3 0.798356 0.797878 0.269192 0.017723
3 0.587138 0.819303 0.031692 0.017526
0 0.733789 0.808556 0.406731 0.044087
1 0.554683 0.849955 0.041694 0.018785
2 0.618016 0.849902 0.071694 0.018809
3 0.799267 0.850377 0.269192 0.017723
3 0.674298 0.871731 0.205859 0.017671
0 0.733866 0.861056 0.406731 0.044087
