1 0.093305 0.086907 0.062707 0.019141
2 0.162469 0.086474 0.062707 0.019141
3 0.331220 0.086042 0.253519 0.019085
3 0.273959 0.107652 0.348516 0.019680
3 0.274195 0.128901 0.348516 0.019680
3 0.279431 0.150119 0.358516 0.019743
3 0.116340 0.172391 0.031860 0.017698
0 0.262529 0.128974 0.407849 0.110042
1 0.094557 0.199403 0.062707 0.019141
2 0.155388 0.199022 0.046040 0.019036
3 0.323722 0.198593 0.269352 0.019185
3 0.219796 0.220495 0.237687 0.018986
0 0.263426 0.209596 0.407139 0.046295
1 0.105571 0.253086 0.083539 0.019271
2 0.186402 0.252580 0.065206 0.019156
3 0.340570 0.252240 0.221854 0.018887
3 0.180812 0.274491 0.158523 0.018491
0 0.264024 0.263344 0.407139 0.046295
1 0.106114 0.301834 0.083539 0.019271
2 0.182778 0.301354 0.056873 0.019104
3 0.337780 0.301009 0.231853 0.018950
3 0.133856 0.323536 0.063526 0.017896
0 0.264567 0.312092 0.407139 0.046295
1 0.106657 0.350582 0.083539 0.019271
2 0.181237 0.350115 0.052707 0.019078
3 0.321239 0.349864 0.206021 0.018788
0 0.264991 0.350216 0.406903 0.025045
1 0.086207 0.385087 0.041874 0.019010
2 0.138705 0.384758 0.050207 0.019062
3 0.317039 0.384266 0.285185 0.019284
3 0.277277 0.405766 0.348516 0.019680
3 0.277513 0.427015 0.348516 0.019680
3 0.277750 0.448265 0.348516 0.019680
0 0.265729 0.416464 0.407612 0.088793
1 0.108048 0.475578 0.083539 0.019271
2 0.177212 0.475145 0.041874 0.019010
3 0.335547 0.474779 0.253519 0.019085
3 0.278285 0.496388 0.348516 0.019680
3 0.278522 0.517637 0.348516 0.019680
3 0.283758 0.538855 0.358516 0.019743
3 0.283995 0.560104 0.358516 0.019743
3 0.279231 0.581385 0.348516 0.019680
3 0.284468 0.602603 0.358516 0.019743
3 0.248039 0.624082 0.285185 0.019284
0 0.267210 0.549584 0.408559 0.173790
1 0.110072 0.657447 0.083539 0.019271
2 0.182570 0.656993 0.048540 0.019052
3 0.336321 0.656655 0.237687 0.018986
3 0.137815 0.679149 0.063526 0.017896
0 0.268525 0.667705 0.407139 0.046295
1 0.100192 0.705635 0.062707 0.019141
2 0.184355 0.705108 0.092705 0.019328
3 0.352273 0.704682 0.221854 0.018887
3 0.201681 0.726876 0.190188 0.018689
0 0.269061 0.715828 0.407139 0.046295
1 0.111220 0.760568 0.083539 0.019271
2 0.190801 0.760070 0.062707 0.019141
0 0.269555 0.760202 0.406903 0.025045
1 0.090784 0.796322 0.041874 0.019010
2 0.147032 0.795970 0.057707 0.019109
3 0.326199 0.795473 0.279352 0.019247
3 0.281854 0.817002 0.348516 0.019680
3 0.287090 0.838220 0.358516 0.019743
3 0.282327 0.859500 0.348516 0.019680
3 0.147985 0.881592 0.079359 0.017995
0 0.270424 0.838324 0.407849 0.110042
1 0.549539 0.084050 0.041874 0.019010
2 0.616203 0.083633 0.078539 0.019240
3 0.792871 0.083152 0.253519 0.019085
3 0.590197 0.105672 0.047693 0.017797
0 0.728824 0.094178 0.407139 0.046295
1 0.570977 0.138293 0.083539 0.019271
2 0.655974 0.137761 0.073539 0.019208
3 0.814308 0.137395 0.221854 0.018887
3 0.622468 0.159846 0.111024 0.018193
0 0.729430 0.148551 0.407139 0.046295
1 0.550728 0.190922 0.041874 0.019010
2 0.609893 0.190551 0.063540 0.019146
3 0.786977 0.190067 0.269352 0.019185
3 0.741798 0.211601 0.348516 0.019680
3 0.742035 0.232850 0.348516 0.019680
3 0.742271 0.254100 0.348516 0.019680
3 0.576264 0.276390 0.016028 0.017599
0 0.730369 0.232923 0.407849 0.110042
1 0.562418 0.305227 0.062707 0.019141
2 0.644081 0.304716 0.087706 0.019297
0 0.731169 0.304796 0.406903 0.025045
1 0.573154 0.333911 0.083539 0.019271
2 0.651485 0.333421 0.060207 0.019125
3 0.811069 0.333047 0.237687 0.018986
3 0.743391 0.354721 0.348516 0.019680
0 0.731607 0.344170 0.407139 0.046295
1 0.573683 0.381410 0.083539 0.019271
2 0.654513 0.380903 0.065206 0.019156
3 0.792849 0.380662 0.190188 0.018689
0 0.732017 0.381043 0.406903 0.025045
1 0.553240 0.416539 0.041874 0.019010
2 0.622404 0.416106 0.083539 0.019271
3 0.801571 0.415609 0.253519 0.019085
3 0.617647 0.438011 0.095191 0.018094
0 0.732525 0.426667 0.407139 0.046295
1 0.564261 0.470847 0.062707 0.019141
2 0.643425 0.470351 0.082706 0.019266
3 0.814259 0.469906 0.237687 0.018986
3 0.749915 0.491560 0.358516 0.019743
3 0.618489 0.513634 0.095191 0.018094
0 0.733249 0.491664 0.407376 0.067544
1 0.575498 0.544529 0.083539 0.019271
2 0.652162 0.544049 0.056873 0.019104
3 0.810080 0.543685 0.237687 0.018986
3 0.650739 0.565934 0.158523 0.018491
0 0.733951 0.554787 0.407139 0.046295
1 0.555243 0.596532 0.041874 0.019010
2 0.612324 0.596175 0.059373 0.019120
3 0.792325 0.595673 0.279352 0.019247
3 0.746313 0.617212 0.348516 0.019680
3 0.751550 0.638430 0.358516 0.019743
3 0.746786 0.659710 0.348516 0.019680
3 0.747023 0.680960 0.348516 0.019680
3 0.747259 0.702209 0.348516 0.019680
3 0.668332 0.723954 0.190188 0.018689
0 0.735120 0.659784 0.408322 0.152541
1 0.577836 0.754522 0.083539 0.019271
2 0.651166 0.754062 0.050207 0.019062
3 0.742420 0.754116 0.111024 0.018193
0 0.736170 0.754155 0.406903 0.025045
1 0.557379 0.788401 0.041874 0.019010
2 0.634043 0.787921 0.098539 0.019365
0 0.736546 0.787904 0.406903 0.025045
1 0.578580 0.821394 0.083539 0.019271
2 0.650244 0.820946 0.046874 0.019042
3 0.803162 0.820613 0.237687 0.018986
3 0.637988 0.842898 0.126857 0.018292
0 0.737033 0.831653 0.407139 0.046295
1 0.568755 0.874583 0.062707 0.019141
2 0.643752 0.874113 0.074373 0.019214
3 0.810420 0.873695 0.237687 0.018986
3 0.701910 0.895625 0.253519 0.019085
0 0.737624 0.884776 0.407139 0.046295
