1 0.105563 0.085851 0.083457 0.019063
2 0.183479 0.085559 0.059291 0.018972
3 0.334731 0.085615 0.221781 0.018332
0 0.263899 0.085882 0.406812 0.024027
1 0.095368 0.119015 0.062624 0.018984
2 0.169534 0.118736 0.072624 0.019022
3 0.335369 0.118739 0.237614 0.018392
3 0.212596 0.140450 0.221781 0.018332
0 0.264191 0.129631 0.406954 0.045277
1 0.085306 0.172178 0.041791 0.018906
2 0.144889 0.171955 0.064291 0.018991
3 0.274891 0.172091 0.174281 0.018154
0 0.264475 0.172130 0.406812 0.024027
1 0.095956 0.207139 0.062624 0.018984
2 0.163872 0.206884 0.060124 0.018975
3 0.331374 0.206880 0.253447 0.018451
3 0.276517 0.228336 0.348446 0.018808
3 0.268742 0.249615 0.332613 0.018749
0 0.264850 0.228380 0.407096 0.066526
1 0.091878 0.282780 0.053458 0.018950
2 0.168544 0.282492 0.086791 0.019075
3 0.341462 0.282468 0.237614 0.018392
3 0.150357 0.304436 0.095116 0.017857
0 0.265284 0.293379 0.406954 0.045277
1 0.107212 0.332723 0.083457 0.019063
2 0.200127 0.332374 0.089291 0.019085
3 0.358463 0.332404 0.205948 0.018273
3 0.111108 0.354584 0.015950 0.017559
0 0.265618 0.343378 0.406954 0.045277
1 0.097116 0.380887 0.062624 0.018984
2 0.164199 0.380635 0.058458 0.018969
3 0.330868 0.380634 0.253447 0.018451
3 0.277677 0.402084 0.348446 0.018808
3 0.277819 0.423333 0.348446 0.018808
3 0.277961 0.444583 0.348446 0.018808
3 0.183104 0.466190 0.158448 0.018094
0 0.266152 0.423377 0.407379 0.109026
1 0.097892 0.497135 0.062624 0.018984
2 0.167475 0.496874 0.063458 0.018988
0 0.266645 0.497126 0.406812 0.024027
1 0.108514 0.527721 0.083457 0.019063
2 0.195179 0.527395 0.076791 0.019038
3 0.355181 0.527419 0.221781 0.018332
3 0.278657 0.548957 0.348446 0.018808
3 0.278799 0.570207 0.348446 0.018808
3 0.278941 0.591456 0.348446 0.018808
3 0.152418 0.613182 0.095116 0.017857
0 0.267133 0.570250 0.407379 0.109026
1 0.109302 0.645844 0.083457 0.019063
2 0.194718 0.645523 0.074291 0.019028
3 0.353470 0.645552 0.221781 0.018332
3 0.129031 0.667645 0.047616 0.017678
0 0.267709 0.656499 0.406954 0.045277
1 0.088820 0.698422 0.041791 0.018906
2 0.155485 0.698171 0.078458 0.019044
3 0.332154 0.698133 0.253447 0.018451
3 0.284797 0.719561 0.358446 0.018846
3 0.279939 0.740829 0.348446 0.018808
3 0.280080 0.762079 0.348446 0.018808
3 0.280222 0.783329 0.348446 0.018808
3 0.280364 0.804579 0.348446 0.018808
3 0.217173 0.826066 0.221781 0.018332
0 0.268414 0.762123 0.407663 0.151525
1 0.089909 0.861545 0.041791 0.018906
2 0.156575 0.861294 0.078458 0.019044
3 0.333243 0.861256 0.253447 0.018451
3 0.280886 0.882703 0.348446 0.018808
3 0.281028 0.903952 0.348446 0.018808
3 0.154504 0.925678 0.095116 0.017857
0 0.269290 0.893371 0.407237 0.087776
1 0.561808 0.084138 0.062624 0.018984
2 0.642640 0.083834 0.085957 0.019072
3 0.812225 0.083822 0.231781 0.018370
3 0.742368 0.105335 0.348446 0.018808
3 0.742510 0.126585 0.348446 0.018808
3 0.703069 0.147983 0.269280 0.018511
0 0.730772 0.116003 0.407237 0.087776
1 0.572863 0.179722 0.083457 0.019063
2 0.646195 0.179447 0.050125 0.018938
3 0.800781 0.179491 0.237614 0.018392
0 0.731198 0.179753 0.406812 0.024027
1 0.562680 0.214761 0.062624 0.018984
2 0.623929 0.214531 0.046791 0.018925
3 0.792681 0.214522 0.269280 0.018511
3 0.735324 0.235988 0.332613 0.018749
0 0.731503 0.225377 0.406954 0.045277
1 0.573438 0.265971 0.083457 0.019063
2 0.648021 0.265691 0.052625 0.018947
3 0.803856 0.265731 0.237614 0.018392
3 0.743582 0.287208 0.348446 0.018808
3 0.748724 0.308438 0.358446 0.018846
3 0.748866 0.329688 0.358446 0.018846
3 0.744008 0.350957 0.348446 0.018808
3 0.744150 0.372206 0.348446 0.018808
3 0.744292 0.393456 0.348446 0.018808
0 0.732200 0.329751 0.407663 0.151525
1 0.553661 0.424173 0.041791 0.018906
2 0.619494 0.423925 0.076791 0.019038
0 0.732830 0.424125 0.406812 0.024027
1 0.564282 0.454758 0.062624 0.018984
2 0.623031 0.454537 0.041791 0.018906
3 0.789283 0.454538 0.269280 0.018511
3 0.751926 0.475929 0.362612 0.018861
3 0.749984 0.497186 0.358446 0.018846
3 0.745126 0.518455 0.348446 0.018808
3 0.745268 0.539704 0.348446 0.018808
3 0.610828 0.561460 0.079283 0.017797
0 0.733389 0.507874 0.407521 0.130276
1 0.575583 0.587217 0.083457 0.019063
2 0.650166 0.586937 0.052625 0.018947
3 0.806001 0.586977 0.237614 0.018392
3 0.745727 0.608454 0.348446 0.018808
3 0.745869 0.629703 0.348446 0.018808
3 0.746011 0.650953 0.348446 0.018808
3 0.690737 0.672411 0.237614 0.018392
0 0.734203 0.629747 0.407379 0.109026
1 0.565930 0.701630 0.062624 0.018984
2 0.635513 0.701369 0.063458 0.018988
3 0.780932 0.701447 0.205948 0.018273
0 0.734682 0.701621 0.406812 0.024027
1 0.566156 0.735379 0.062624 0.018984
2 0.649488 0.735067 0.090957 0.019091
3 0.800740 0.735123 0.190114 0.018213
0 0.734908 0.735371 0.406812 0.024027
1 0.555935 0.764793 0.041791 0.018906
2 0.610935 0.764587 0.055124 0.018956
3 0.791770 0.764533 0.285113 0.018570
3 0.746912 0.785951 0.348446 0.018808
3 0.747054 0.807201 0.348446 0.018808
3 0.747196 0.828451 0.348446 0.018808
3 0.747338 0.849700 0.348446 0.018808
3 0.636648 0.871366 0.126782 0.017975
0 0.735459 0.817870 0.407521 0.130276
