1 0.098267 0.078484 0.042141 0.019349
2 0.157840 0.079346 0.064637 0.019675
0 0.277385 0.081701 0.407170 0.028380
1 0.107846 0.111129 0.062971 0.019651
2 0.192830 0.112359 0.094631 0.020109
3 0.314042 0.114738 0.127093 0.019329
0 0.276549 0.114195 0.407170 0.028380
1 0.096692 0.139723 0.042141 0.019349
2 0.158764 0.140621 0.069636 0.019747
3 0.291223 0.143163 0.174584 0.020017
0 0.275809 0.142940 0.407170 0.028380
1 0.106431 0.166119 0.062971 0.019651
2 0.171836 0.167065 0.055472 0.019542
3 0.281383 0.169275 0.142924 0.019558
0 0.275134 0.169185 0.407170 0.028380
1 0.115930 0.201888 0.083800 0.019952
2 0.195082 0.203033 0.062137 0.019639
3 0.355452 0.205979 0.237906 0.020933
3 0.285335 0.226218 0.348719 0.022537
3 0.284789 0.247464 0.348719 0.022537
3 0.284242 0.268710 0.348719 0.022537
3 0.283696 0.289956 0.348719 0.022537
3 0.180252 0.309713 0.142924 0.019558
0 0.272851 0.257918 0.409903 0.134610
1 0.101930 0.341086 0.062971 0.019651
2 0.159836 0.341924 0.040475 0.019325
3 0.325206 0.344942 0.269567 0.021391
3 0.281751 0.365567 0.348719 0.022537
3 0.138730 0.384752 0.063772 0.018413
0 0.270086 0.365398 0.408263 0.070872
1 0.110496 0.413098 0.083800 0.019952
2 0.188815 0.414232 0.060471 0.019615
3 0.348352 0.417165 0.237906 0.020933
3 0.113683 0.435024 0.016281 0.017726
0 0.268511 0.426637 0.407716 0.049626
1 0.109097 0.467463 0.083800 0.019952
2 0.189499 0.468627 0.064637 0.019675
3 0.343205 0.471476 0.222076 0.020704
3 0.278503 0.491794 0.348719 0.022537
3 0.277957 0.513040 0.348719 0.022537
3 0.282409 0.534358 0.358717 0.022681
3 0.276863 0.555532 0.348719 0.022537
3 0.118013 0.574487 0.032111 0.017955
0 0.266019 0.523494 0.409903 0.134610
1 0.095130 0.605412 0.062971 0.019651
2 0.160951 0.606364 0.056305 0.019554
3 0.302575 0.609039 0.206245 0.020475
0 0.263832 0.608478 0.407170 0.028380
1 0.104821 0.633682 0.083800 0.019952
2 0.175641 0.634707 0.045474 0.019398
3 0.335596 0.637647 0.253736 0.021162
3 0.115923 0.655722 0.032111 0.017955
0 0.262836 0.647221 0.407716 0.049626
1 0.082706 0.683372 0.042141 0.019349
2 0.138112 0.684173 0.056305 0.019554
3 0.319312 0.687421 0.285397 0.021620
3 0.272941 0.708004 0.348719 0.022537
3 0.264479 0.729135 0.332888 0.022307
0 0.261276 0.707835 0.408263 0.070872
1 0.080712 0.760857 0.042141 0.019349
2 0.144867 0.761786 0.073802 0.019808
3 0.287324 0.764472 0.190415 0.020246
0 0.259830 0.764074 0.407170 0.028380
1 0.090436 0.787878 0.062971 0.019651
2 0.166255 0.788975 0.076302 0.019844
3 0.333708 0.792023 0.237906 0.020933
3 0.275255 0.812431 0.358717 0.022681
3 0.274709 0.833677 0.358717 0.022681
3 0.229587 0.854278 0.269567 0.021391
0 0.258318 0.822813 0.408809 0.092118
1 0.098375 0.884261 0.083800 0.019952
2 0.191691 0.885611 0.090466 0.020049
3 0.350395 0.888533 0.206245 0.020475
0 0.256663 0.887176 0.407170 0.028380
1 0.564847 0.085236 0.042141 0.019349
2 0.629002 0.086164 0.073802 0.019808
3 0.808119 0.089382 0.263734 0.021307
3 0.644270 0.108264 0.127093 0.019329
0 0.743691 0.099076 0.407716 0.049626
1 0.584214 0.142402 0.083800 0.019952
2 0.670031 0.143644 0.075468 0.019832
0 0.742501 0.145318 0.407170 0.028380
1 0.572931 0.175995 0.062971 0.019651
2 0.651250 0.177128 0.081301 0.019916
3 0.821202 0.180213 0.237906 0.020933
0 0.741633 0.179061 0.407170 0.028380
1 0.572191 0.204740 0.062971 0.019651
2 0.648844 0.205849 0.077968 0.019868
3 0.817130 0.208909 0.237906 0.020933
3 0.680775 0.228190 0.206245 0.020475
0 0.740621 0.218429 0.407716 0.049626
1 0.581159 0.261130 0.083800 0.019952
2 0.660728 0.262281 0.062971 0.019651
3 0.813600 0.265119 0.222076 0.020704
3 0.750565 0.285460 0.348719 0.022537
3 0.755017 0.306779 0.358717 0.022681
3 0.749472 0.327952 0.348719 0.022537
3 0.669773 0.348053 0.190415 0.020246
0 0.738354 0.306538 0.409356 0.113364
1 0.578217 0.375484 0.083800 0.019952
2 0.664451 0.376731 0.076302 0.019844
3 0.823989 0.379665 0.222076 0.020704
3 0.747623 0.399814 0.348719 0.022537
3 0.747076 0.421060 0.348719 0.022537
3 0.746530 0.442306 0.348719 0.022537
3 0.666831 0.462407 0.190415 0.020246
0 0.735412 0.420891 0.409356 0.113364
1 0.564748 0.494061 0.062971 0.019651
2 0.645983 0.495236 0.087133 0.020000
3 0.813019 0.498279 0.226241 0.020764
3 0.744569 0.518542 0.348719 0.022537
3 0.744022 0.539788 0.348719 0.022537
3 0.711815 0.560576 0.285397 0.021620
0 0.732631 0.528996 0.408809 0.092118
1 0.551777 0.593266 0.042141 0.019349
2 0.610100 0.594110 0.062137 0.019639
3 0.730895 0.596484 0.158754 0.019788
0 0.730895 0.596484 0.407170 0.028380
1 0.571690 0.629186 0.083800 0.019952
2 0.665006 0.630537 0.090466 0.020049
3 0.823711 0.633458 0.206245 0.020475
3 0.741096 0.653517 0.348719 0.022537
3 0.740550 0.674763 0.348719 0.022537
3 0.740003 0.696009 0.348719 0.022537
3 0.739456 0.717255 0.348719 0.022537
3 0.738910 0.738501 0.348719 0.022537
3 0.603805 0.757800 0.079602 0.018642
0 0.728339 0.695840 0.410449 0.155856
1 0.546713 0.790105 0.042141 0.019349
2 0.614617 0.791088 0.081301 0.019916
3 0.752909 0.793714 0.174584 0.020017
0 0.725831 0.793322 0.407170 0.028380
1 0.556228 0.825249 0.062971 0.019651
2 0.617883 0.826141 0.047973 0.019434
3 0.787002 0.829214 0.269567 0.021391
3 0.641066 0.848356 0.158754 0.019788
0 0.724657 0.838939 0.407716 0.049626
1 0.554861 0.878364 0.062971 0.019651
2 0.640679 0.879606 0.096298 0.020133
3 0.810214 0.882685 0.222076 0.020704
3 0.739681 0.902918 0.358717 0.022681
3 0.734135 0.924091 0.348719 0.022537
3 0.733589 0.945338 0.348719 0.022537
3 0.627228 0.965052 0.137091 0.019474
0 0.722471 0.923923 0.409356 0.113364
