1 0.216667 0.085938 0.105000 0.021875
0 0.266667 0.085938 0.400000 0.021875
1 0.158333 0.120313 0.081667 0.021875
0 0.266667 0.167187 0.400000 0.115625
1 0.156667 0.244688 0.078333 0.021875
0 0.266667 0.244688 0.400000 0.021875
1 0.191250 0.274687 0.100833 0.021875
0 0.266667 0.312188 0.400000 0.096875
1 0.200833 0.382188 0.120000 0.021875
0 0.266667 0.429063 0.400000 0.115625
1 0.229583 0.504687 0.130833 0.021875
0 0.266667 0.514062 0.400000 0.040625
1 0.176667 0.557813 0.118333 0.021875
0 0.266667 0.557813 0.400000 0.021875
1 0.189167 0.590938 0.050000 0.021875
0 0.266667 0.600313 0.400000 0.040625
1 0.186250 0.644062 0.090833 0.021875
0 0.266667 0.653438 0.400000 0.040625
1 0.175000 0.694688 0.115000 0.021875
0 0.266667 0.713437 0.400000 0.059375
1 0.208750 0.763437 0.135833 0.021875
0 0.266667 0.772813 0.400000 0.040625
1 0.218750 0.813438 0.109167 0.021875
0 0.266667 0.813438 0.400000 0.021875
1 0.215000 0.844063 0.148333 0.021875
0 0.266667 0.853437 0.400000 0.040625
1 0.165000 0.893437 0.095000 0.021875
0 0.266667 0.949688 0.400000 0.134375
1 0.609583 0.085938 0.050833 0.021875
0 0.733333 0.085938 0.400000 0.021875
1 0.667083 0.114687 0.072500 0.021875
0 0.733333 0.124063 0.400000 0.040625
1 0.647083 0.164062 0.125833 0.021875
0 0.733333 0.173437 0.400000 0.040625
1 0.669167 0.213438 0.123333 0.021875
0 0.733333 0.213438 0.400000 0.021875
1 0.661250 0.246562 0.107500 0.021875
0 0.733333 0.255937 0.400000 0.040625
1 0.655833 0.299687 0.050000 0.021875
0 0.733333 0.327813 0.400000 0.078125
1 0.643750 0.389062 0.072500 0.021875
0 0.733333 0.389062 0.400000 0.021875
1 0.672917 0.418438 0.084167 0.021875
0 0.733333 0.446562 0.400000 0.078125
1 0.667917 0.503437 0.074167 0.021875
0 0.733333 0.503437 0.400000 0.021875
1 0.640000 0.535937 0.065000 0.021875
0 0.733333 0.573438 0.400000 0.096875
1 0.620417 0.640938 0.072500 0.021875
0 0.733333 0.640938 0.400000 0.021875
1 0.657500 0.672813 0.100000 0.021875
0 0.733333 0.672813 0.400000 0.021875
1 0.701250 0.704063 0.140833 0.021875
0 0.733333 0.713437 0.400000 0.040625
1 0.649583 0.756563 0.084167 0.021875
0 0.733333 0.756563 0.400000 0.021875
1 0.673750 0.785312 0.132500 0.021875
0 0.733333 0.832187 0.400000 0.115625
1 0.670000 0.911563 0.078333 0.021875
0 0.733333 0.911563 0.400000 0.021875
