1 0.104191 0.086588 0.083518 0.019218
2 0.185022 0.086134 0.065186 0.019115
3 0.315441 0.086026 0.174337 0.018479
0 0.262526 0.086323 0.406880 0.024785
1 0.083714 0.122329 0.041853 0.018984
2 0.138296 0.122023 0.054353 0.019054
3 0.318714 0.121633 0.285167 0.019102
3 0.274761 0.143131 0.348498 0.019458
3 0.274973 0.164380 0.348498 0.019458
3 0.275185 0.185630 0.348498 0.019458
3 0.275398 0.206879 0.348498 0.019458
3 0.212279 0.228485 0.221835 0.018746
0 0.263413 0.175071 0.407942 0.131032
1 0.105946 0.262208 0.083518 0.019218
2 0.180527 0.261789 0.052686 0.019045
3 0.336362 0.261538 0.237668 0.018835
3 0.109914 0.284062 0.016008 0.017589
0 0.264387 0.272568 0.407092 0.046035
1 0.096029 0.312266 0.062686 0.019101
2 0.176444 0.311813 0.085185 0.019227
0 0.264781 0.311942 0.406880 0.024785
1 0.106789 0.346581 0.083518 0.019218
2 0.181370 0.346162 0.052686 0.019045
3 0.337206 0.345911 0.237668 0.018835
3 0.245337 0.367678 0.285167 0.019102
0 0.265230 0.356941 0.407092 0.046035
1 0.096922 0.401638 0.062686 0.019101
2 0.160254 0.401282 0.051019 0.019035
3 0.325256 0.400979 0.257668 0.018947
3 0.182555 0.423032 0.158504 0.018390
0 0.265780 0.411939 0.407092 0.046035
1 0.087031 0.454195 0.041853 0.018984
2 0.143279 0.453879 0.057686 0.019073
3 0.322447 0.453497 0.279334 0.019069
3 0.278077 0.474997 0.348498 0.019458
3 0.283289 0.496218 0.358498 0.019514
3 0.278502 0.517496 0.348498 0.019458
3 0.278714 0.538745 0.348498 0.019458
3 0.128514 0.560840 0.047674 0.017767
0 0.266729 0.506936 0.407942 0.131032
1 0.109275 0.595324 0.083518 0.019218
2 0.177190 0.594942 0.039353 0.018970
0 0.267610 0.595059 0.406880 0.024785
1 0.109631 0.630948 0.083518 0.019218
2 0.183379 0.630533 0.051019 0.019035
0 0.267966 0.630683 0.406880 0.024785
1 0.099558 0.665381 0.062686 0.019101
2 0.169556 0.664987 0.064352 0.019110
3 0.339141 0.664659 0.253501 0.018924
3 0.121859 0.687131 0.031841 0.017678
0 0.268416 0.675682 0.407092 0.046035
1 0.089660 0.717313 0.041853 0.018984
2 0.168825 0.716868 0.103518 0.019330
3 0.342159 0.716518 0.221835 0.018746
0 0.268828 0.716931 0.406880 0.024785
1 0.089979 0.749187 0.041853 0.018984
2 0.151644 0.748840 0.068519 0.019134
0 0.269147 0.748805 0.406880 0.024785
1 0.090335 0.784811 0.041853 0.018984
2 0.151583 0.784466 0.067685 0.019129
0 0.269503 0.784429 0.406880 0.024785
1 0.101101 0.819751 0.062686 0.019101
2 0.181099 0.819302 0.084352 0.019223
3 0.344850 0.819006 0.221835 0.018746
3 0.186734 0.841146 0.158504 0.018390
0 0.269958 0.830052 0.407092 0.046035
1 0.101632 0.872875 0.062686 0.019101
2 0.177880 0.872446 0.076852 0.019180
3 0.345798 0.872127 0.237668 0.018835
3 0.287262 0.893707 0.358498 0.019514
3 0.282474 0.914984 0.348498 0.019458
3 0.251021 0.936412 0.285167 0.019102
0 0.270702 0.904425 0.407517 0.088534
1 0.550012 0.084082 0.041853 0.018984
2 0.609593 0.083747 0.064352 0.019110
3 0.784178 0.083391 0.263501 0.018980
3 0.606479 0.105640 0.079339 0.017945
0 0.729286 0.094325 0.407092 0.046035
1 0.550524 0.135331 0.041853 0.018984
2 0.603856 0.135031 0.051853 0.019040
3 0.783024 0.134649 0.285167 0.019102
3 0.670322 0.156533 0.206002 0.018657
0 0.729798 0.145573 0.407092 0.046035
1 0.551092 0.192204 0.041853 0.018984
2 0.624424 0.191792 0.091851 0.019265
3 0.799842 0.191431 0.237668 0.018835
3 0.678807 0.213362 0.221835 0.018746
0 0.730366 0.202447 0.407092 0.046035
1 0.562033 0.244644 0.062686 0.019101
2 0.636614 0.244225 0.073519 0.019162
0 0.730785 0.244321 0.406880 0.024785
1 0.551967 0.279702 0.041853 0.018984
2 0.605298 0.279402 0.051853 0.019040
3 0.729051 0.279331 0.174337 0.018479
0 0.731135 0.279320 0.406880 0.024785
1 0.552279 0.310951 0.041853 0.018984
2 0.618944 0.310576 0.078519 0.019190
3 0.732280 0.310564 0.126838 0.018212
0 0.731447 0.310569 0.406880 0.024785
1 0.573443 0.343958 0.083518 0.019218
2 0.641357 0.343576 0.039353 0.018970
3 0.798443 0.343318 0.253501 0.018924
3 0.609077 0.365633 0.079339 0.017945
0 0.731884 0.354317 0.407092 0.046035
1 0.553147 0.397823 0.041853 0.018984
2 0.611479 0.397495 0.061852 0.019096
0 0.732315 0.397441 0.406880 0.024785
1 0.574305 0.430205 0.083518 0.019218
2 0.658052 0.429735 0.071019 0.019148
3 0.815137 0.429477 0.221835 0.018746
3 0.744518 0.451124 0.348498 0.019458
3 0.744731 0.472374 0.348498 0.019458
3 0.594531 0.494468 0.047674 0.017767
0 0.732958 0.461814 0.407517 0.088534
1 0.554415 0.524695 0.041853 0.018984
2 0.616913 0.524343 0.070185 0.019143
3 0.797331 0.523954 0.269334 0.019013
3 0.610882 0.546253 0.079339 0.017945
0 0.733689 0.534937 0.407092 0.046035
1 0.554933 0.576568 0.041853 0.018984
2 0.615765 0.576226 0.066852 0.019124
3 0.794516 0.575847 0.269334 0.019013
3 0.690565 0.597682 0.237668 0.018835
0 0.734207 0.586811 0.407092 0.046035
1 0.576266 0.626450 0.083518 0.019218
2 0.656264 0.626000 0.063519 0.019105
3 0.809599 0.625763 0.221835 0.018746
3 0.627733 0.648036 0.111005 0.018123
0 0.734707 0.636810 0.407092 0.046035
1 0.566405 0.682132 0.062686 0.019101
2 0.644736 0.681692 0.081018 0.019204
3 0.814738 0.681361 0.237668 0.018835
3 0.747035 0.702992 0.348498 0.019458
3 0.752248 0.724213 0.358498 0.019514
3 0.747460 0.745491 0.348498 0.019458
3 0.747673 0.766740 0.348498 0.019458
3 0.708303 0.788212 0.269334 0.019013
0 0.735688 0.734932 0.407942 0.131032
1 0.557332 0.816562 0.041853 0.018984
2 0.622330 0.816196 0.075185 0.019171
0 0.736500 0.816179 0.406880 0.024785
1 0.557600 0.843436 0.041853 0.018984
2 0.613849 0.843120 0.057686 0.019073
0 0.736768 0.843054 0.406880 0.024785
1 0.578789 0.878943 0.083518 0.019218
2 0.671703 0.878420 0.089352 0.019251
3 0.830038 0.878155 0.206002 0.018657
3 0.674838 0.900278 0.200169 0.018624
0 0.737230 0.889302 0.407092 0.046035
