3 0.504051 0.035667 0.991897 0.035029
0 0.105364 0.080379 0.062829 0.019375
1 0.179941 0.081127 0.073661 0.019484
2 0.346165 0.083420 0.237791 0.019881
2 0.200382 0.103209 0.178629 0.019287
0 0.114855 0.132354 0.083660 0.019584
1 0.201931 0.133227 0.077827 0.019526
2 0.362322 0.135461 0.221959 0.019722
2 0.284450 0.155932 0.348614 0.020993
2 0.284071 0.177180 0.348614 0.020993
2 0.283692 0.198428 0.348614 0.020993
2 0.132910 0.218168 0.047808 0.017975
0 0.112782 0.248593 0.083660 0.019584
1 0.197774 0.249446 0.073661 0.019484
2 0.356082 0.251659 0.221959 0.019722
2 0.282377 0.272172 0.348614 0.020993
2 0.131595 0.291911 0.047808 0.017975
0 0.111545 0.317962 0.083660 0.019584
1 0.182372 0.318673 0.045330 0.019200
2 0.342346 0.320903 0.253623 0.020040
2 0.281140 0.341540 0.348614 0.020993
0 0.089777 0.370248 0.041997 0.019166
1 0.150605 0.370859 0.066995 0.019417
2 0.297664 0.372959 0.206127 0.019563
0 0.109984 0.405454 0.083660 0.019584
1 0.197060 0.406328 0.077827 0.019526
2 0.357451 0.408562 0.221959 0.019722
2 0.152924 0.427762 0.095304 0.018451
0 0.088284 0.453991 0.041997 0.019166
1 0.140362 0.454513 0.049497 0.019242
2 0.318252 0.456923 0.285287 0.020357
2 0.278710 0.477778 0.348614 0.020993
2 0.278331 0.499026 0.348614 0.020993
2 0.151297 0.519004 0.095304 0.018451
0 0.086668 0.544608 0.041997 0.019166
1 0.155828 0.545302 0.083660 0.019584
2 0.334968 0.547724 0.253623 0.020040
2 0.197934 0.567601 0.190295 0.019404
0 0.085709 0.598353 0.041997 0.019166
1 0.156536 0.599064 0.086993 0.019618
0 0.095534 0.631580 0.062829 0.019375
1 0.163028 0.632257 0.059496 0.019342
2 0.330085 0.634558 0.253623 0.020040
2 0.133057 0.653833 0.063640 0.018134
0 0.084149 0.685845 0.041997 0.019166
1 0.141227 0.686418 0.059496 0.019342
2 0.316200 0.688798 0.269455 0.020198
2 0.274575 0.709633 0.348614 0.020993
2 0.274196 0.730881 0.348614 0.020993
2 0.250069 0.751890 0.301119 0.020516
0 0.092848 0.782191 0.062829 0.019375
1 0.167008 0.782935 0.072828 0.019476
2 0.332815 0.785223 0.237791 0.019881
2 0.272858 0.805874 0.348614 0.020993
0 0.091834 0.839061 0.062829 0.019375
1 0.167660 0.839822 0.076161 0.019509
0 0.091321 0.867808 0.062829 0.019375
1 0.169647 0.868594 0.081160 0.019559
2 0.339621 0.870924 0.237791 0.019881
2 0.271331 0.891491 0.348614 0.020993
2 0.275952 0.912789 0.358613 0.021093
2 0.270574 0.933987 0.348614 0.020993
2 0.270195 0.955236 0.348614 0.020993
2 0.269816 0.976484 0.348614 0.020993
2 0.158613 0.993618 0.126967 0.012765
0 0.561574 0.084956 0.041997 0.019166
1 0.630317 0.085645 0.082827 0.019576
2 0.809040 0.088063 0.253623 0.020040
2 0.752000 0.108743 0.348614 0.020993
2 0.751621 0.129991 0.348614 0.020993
2 0.751242 0.151239 0.348614 0.020993
2 0.592544 0.170899 0.031976 0.017816
0 0.565400 0.197504 0.053663 0.019283
1 0.636644 0.198219 0.076161 0.019509
2 0.796202 0.200444 0.221959 0.019722
0 0.569482 0.225672 0.062829 0.019375
1 0.641142 0.226391 0.067828 0.019425
2 0.804449 0.228655 0.237791 0.019881
2 0.607005 0.247926 0.063640 0.018134
0 0.578983 0.277022 0.083660 0.019584
1 0.673975 0.277975 0.093659 0.019685
2 0.834366 0.280209 0.206127 0.019563
2 0.669419 0.299807 0.190295 0.019404
0 0.578136 0.324518 0.083660 0.019584
1 0.666045 0.325400 0.079494 0.019542
2 0.824353 0.327613 0.216126 0.019663
2 0.752731 0.348147 0.358613 0.021093
2 0.752352 0.369395 0.358613 0.021093
2 0.746973 0.390593 0.348614 0.020993
2 0.746594 0.411841 0.348614 0.020993
2 0.751215 0.433139 0.358613 0.021093
2 0.745836 0.454337 0.348614 0.020993
2 0.705878 0.475188 0.269455 0.020198
0 0.574915 0.505127 0.083660 0.019584
1 0.648659 0.505867 0.051163 0.019258
2 0.784885 0.507858 0.200294 0.019505
0 0.563998 0.533145 0.062829 0.019375
1 0.631492 0.533822 0.059496 0.019342
2 0.798549 0.536123 0.253623 0.020040
2 0.744008 0.556828 0.348614 0.020993
2 0.743629 0.578076 0.348614 0.020993
2 0.748250 0.599374 0.358613 0.021093
2 0.744955 0.620593 0.352781 0.021034
2 0.742493 0.641820 0.348614 0.020993
2 0.742114 0.663068 0.348614 0.020993
2 0.638827 0.683284 0.142799 0.018928
0 0.560777 0.713754 0.062829 0.019375
1 0.619938 0.714347 0.042831 0.019175
2 0.767831 0.716456 0.231958 0.019822
0 0.560253 0.743126 0.062829 0.019375
1 0.626497 0.743791 0.056996 0.019317
2 0.792305 0.746079 0.253623 0.020040
2 0.621524 0.765618 0.111135 0.018610
0 0.548946 0.793017 0.041997 0.019166
1 0.608524 0.793615 0.064495 0.019392
2 0.785997 0.796020 0.269455 0.020198
2 0.739372 0.816804 0.348614 0.020993
2 0.738993 0.838053 0.348614 0.020993
2 0.743614 0.859351 0.358613 0.021093
2 0.738235 0.880549 0.348614 0.020993
2 0.595369 0.900367 0.063640 0.018134
