0 0.26666666666666666 0.096875 0.4 0.04375
0 0.26666666666666666 0.158125 0.4 0.04375
0 0.26666666666666666 0.219375 0.4 0.04375
0 0.26666666666666666 0.280625 0.4 0.04375
0 0.26666666666666666 0.365625 0.4 0.09125
0 0.26666666666666666 0.474375 0.4 0.09125
0 0.26666666666666666 0.5475 0.4 0.02
0 0.26666666666666666 0.596875 0.4 0.04375
0 0.26666666666666666 0.64625 0.4 0.02
0 0.26666666666666666 0.695625 0.4 0.04375
0 0.26666666666666666 0.756875 0.4 0.04375
0 0.26666666666666666 0.85375 0.4 0.115
0 0.7333333333333333 0.144375 0.4 0.13875
0 0.7333333333333333 0.253125 0.4 0.04375
0 0.7333333333333333 0.338125 0.4 0.09125
0 0.7333333333333333 0.435 0.4 0.0675
0 0.7333333333333333 0.49625 0.4 0.02
0 0.7333333333333333 0.569375 0.4 0.09125
0 0.7333333333333333 0.69 0.4 0.115
0 0.7333333333333333 0.786875 0.4 0.04375
0 0.7333333333333333 0.848125 0.4 0.04375
