1 0.198333 0.085938 0.068333 0.021875
0 0.266667 0.095312 0.400000 0.040625
1 0.190833 0.133437 0.100000 0.021875
0 0.266667 0.133437 0.400000 0.021875
1 0.173750 0.163438 0.112500 0.021875
0 0.266667 0.172813 0.400000 0.040625
1 0.176667 0.210313 0.071667 0.021875
0 0.266667 0.210313 0.400000 0.021875
1 0.152500 0.239687 0.070000 0.021875
0 0.266667 0.239687 0.400000 0.021875
1 0.210000 0.268437 0.091667 0.021875
0 0.266667 0.277813 0.400000 0.040625
1 0.218333 0.320937 0.108333 0.021875
0 0.266667 0.395937 0.400000 0.171875
1 0.210000 0.501563 0.138333 0.021875
0 0.266667 0.510938 0.400000 0.040625
1 0.170833 0.554688 0.060000 0.021875
0 0.266667 0.564063 0.400000 0.040625
1 0.227500 0.601562 0.126667 0.021875
0 0.266667 0.610938 0.400000 0.040625
1 0.192500 0.652188 0.103333 0.021875
0 0.266667 0.661563 0.400000 0.040625
1 0.183333 0.700313 0.131667 0.021875
0 0.266667 0.700313 0.400000 0.021875
1 0.226667 0.731563 0.125000 0.021875
0 0.266667 0.731563 0.400000 0.021875
1 0.155000 0.762813 0.075000 0.021875
0 0.266667 0.809688 0.400000 0.115625
1 0.180417 0.890312 0.079167 0.021875
0 0.266667 0.899687 0.400000 0.040625
1 0.666667 0.085938 0.118333 0.021875
0 0.733333 0.095312 0.400000 0.040625
1 0.687083 0.134687 0.112500 0.021875
0 0.733333 0.162812 0.400000 0.078125
1 0.612083 0.220312 0.055833 0.021875
0 0.733333 0.229687 0.400000 0.040625
1 0.670833 0.270937 0.080000 0.021875
0 0.733333 0.280313 0.400000 0.040625
1 0.673333 0.319688 0.085000 0.021875
0 0.733333 0.329062 0.400000 0.040625
1 0.639167 0.367188 0.063333 0.021875
0 0.733333 0.404687 0.400000 0.096875
1 0.639583 0.474687 0.064167 0.021875
0 0.733333 0.484063 0.400000 0.040625
1 0.687500 0.527188 0.160000 0.021875
0 0.733333 0.555312 0.400000 0.078125
1 0.645833 0.615938 0.076667 0.021875
0 0.733333 0.615938 0.400000 0.021875
1 0.652500 0.649687 0.136667 0.021875
0 0.733333 0.649687 0.400000 0.021875
1 0.664167 0.683438 0.113333 0.021875
0 0.733333 0.683438 0.400000 0.021875
1 0.610000 0.715313 0.051667 0.021875
0 0.733333 0.724688 0.400000 0.040625
1 0.664583 0.767188 0.067500 0.021875
0 0.733333 0.767188 0.400000 0.021875
1 0.663750 0.799063 0.112500 0.021875
0 0.733333 0.799063 0.400000 0.021875
1 0.615000 0.830937 0.061667 0.021875
0 0.733333 0.830937 0.400000 0.021875
1 0.703333 0.862812 0.145000 0.021875
0 0.733333 0.919063 0.400000 0.134375
