3 0.492804 0.031379 0.985608 0.042567
0 0.095456 0.091372 0.083896 0.020209
1 0.174601 0.089981 0.062236 0.019829
2 0.311249 0.088204 0.190495 0.020834
0 0.085901 0.119048 0.063069 0.019843
1 0.165463 0.117649 0.083896 0.020209
2 0.328771 0.115404 0.222153 0.021391
2 0.266952 0.137746 0.348784 0.023617
2 0.267616 0.158990 0.348784 0.023617
2 0.268279 0.180234 0.348784 0.023617
2 0.118568 0.204122 0.048034 0.018330
0 0.099966 0.235708 0.083896 0.020209
1 0.180361 0.234294 0.064735 0.019873
0 0.080115 0.267315 0.042241 0.019477
1 0.146347 0.266151 0.078065 0.020107
2 0.275081 0.264513 0.158837 0.020278
0 0.091466 0.297124 0.063069 0.019843
1 0.150617 0.296084 0.043074 0.019492
2 0.317257 0.293780 0.269640 0.022225
2 0.161714 0.317770 0.127179 0.019721
0 0.082575 0.346043 0.042241 0.019477
1 0.152556 0.344813 0.085562 0.020239
2 0.332526 0.342275 0.253811 0.021947
2 0.226553 0.365394 0.253811 0.021947
0 0.094708 0.400845 0.063069 0.019843
1 0.171770 0.399491 0.078898 0.020121
2 0.337577 0.397201 0.232150 0.021566
2 0.275758 0.419544 0.348784 0.023617
2 0.241848 0.441396 0.279637 0.022401
0 0.107269 0.469393 0.083896 0.020209
1 0.190163 0.467936 0.069733 0.019960
2 0.346390 0.465815 0.222153 0.021391
2 0.277906 0.488275 0.348784 0.023617
2 0.278570 0.509519 0.348784 0.023617
2 0.279234 0.530763 0.348784 0.023617
2 0.197837 0.553450 0.184663 0.020732
0 0.100351 0.581421 0.063069 0.019843
1 0.168249 0.580227 0.060569 0.019799
0 0.090952 0.614095 0.042241 0.019477
1 0.148437 0.613084 0.060569 0.019799
2 0.323825 0.610626 0.269640 0.022225
2 0.234930 0.633445 0.253811 0.021947
0 0.102870 0.662024 0.063069 0.019843
1 0.168685 0.660867 0.056404 0.019726
2 0.334076 0.658584 0.253811 0.021947
2 0.117716 0.683644 0.016376 0.017773
0 0.115002 0.716825 0.083896 0.020209
1 0.200395 0.715324 0.074732 0.020048
2 0.359121 0.713159 0.222153 0.021391
2 0.285639 0.735707 0.348784 0.023617
2 0.286302 0.756951 0.348784 0.023617
2 0.286966 0.778195 0.348784 0.023617
2 0.271801 0.799718 0.317126 0.023060
0 0.097806 0.833410 0.042241 0.019477
1 0.160289 0.832311 0.070567 0.019975
2 0.340676 0.829765 0.269640 0.022225
2 0.138895 0.854568 0.048034 0.018330
0 0.120176 0.882405 0.083896 0.020209
1 0.209318 0.880838 0.082230 0.020180
2 0.363879 0.878746 0.206324 0.021112
2 0.211668 0.902678 0.190495 0.020834
0 0.561994 0.083171 0.083896 0.020209
1 0.634058 0.081904 0.048073 0.019580
2 0.771540 0.080113 0.206324 0.021112
0 0.562892 0.111913 0.083896 0.020209
1 0.643287 0.110500 0.064735 0.019873
2 0.797014 0.108423 0.222153 0.021391
2 0.614812 0.132882 0.111350 0.019443
0 0.554217 0.167706 0.063069 0.019843
1 0.618366 0.166578 0.053071 0.019667
2 0.782090 0.164325 0.253811 0.021947
2 0.735267 0.186404 0.348784 0.023617
2 0.735931 0.207649 0.348784 0.023617
2 0.736595 0.228893 0.348784 0.023617
2 0.737259 0.250137 0.348784 0.023617
2 0.737923 0.271381 0.348784 0.023617
2 0.738587 0.292625 0.348784 0.023617
2 0.739251 0.313869 0.348784 0.023617
2 0.605368 0.337479 0.079692 0.018886
0 0.571055 0.373091 0.083896 0.020209
1 0.645617 0.371781 0.053071 0.019667
2 0.798512 0.369718 0.232150 0.021566
2 0.725862 0.392251 0.317126 0.023060
0 0.572831 0.429951 0.083896 0.020209
1 0.657808 0.428457 0.073899 0.020034
2 0.816118 0.426299 0.222153 0.021391
2 0.608922 0.451197 0.079692 0.018886
0 0.553644 0.482803 0.042241 0.019477
1 0.600298 0.481982 0.038909 0.019419
2 0.777769 0.479488 0.295466 0.022679
2 0.750107 0.501230 0.358782 0.023792
2 0.745772 0.522562 0.348784 0.023617
2 0.746436 0.543806 0.348784 0.023617
2 0.580896 0.567972 0.016376 0.017773
0 0.557257 0.598396 0.042241 0.019477
1 0.621822 0.597261 0.074732 0.020048
2 0.725147 0.596070 0.111350 0.019443
0 0.558174 0.627763 0.042241 0.019477
1 0.615658 0.626752 0.060569 0.019799
2 0.796045 0.624206 0.279637 0.022401
2 0.607178 0.648782 0.063863 0.018608
0 0.580584 0.678008 0.083896 0.020209
1 0.662644 0.676565 0.068067 0.019931
2 0.818038 0.674459 0.222153 0.021391
2 0.648332 0.698698 0.143008 0.019999
0 0.577583 0.728699 0.074732 0.020048
1 0.643815 0.727535 0.045573 0.019536
2 0.803790 0.725348 0.253811 0.021947
2 0.752802 0.747500 0.348784 0.023617
2 0.753466 0.768744 0.348784 0.023617
2 0.754130 0.789989 0.348784 0.023617
2 0.759792 0.811145 0.358782 0.023792
2 0.676313 0.833868 0.190495 0.020834
0 0.586402 0.864207 0.083896 0.020209
1 0.663881 0.862845 0.058903 0.019770
2 0.822607 0.860680 0.237982 0.021669
2 0.757039 0.883088 0.348784 0.023617
2 0.757703 0.904332 0.348784 0.023617
2 0.763366 0.925488 0.358782 0.023792
2 0.695715 0.947934 0.222153 0.021391
