1 0.089093 0.089258 0.062892 0.019498
2 0.161167 0.088392 0.068725 0.019568
3 0.324909 0.087050 0.237843 0.020351
3 0.262038 0.109058 0.332831 0.021492
0 0.258061 0.098480 0.407549 0.048629
1 0.100683 0.144126 0.083723 0.019749
2 0.190255 0.143050 0.082890 0.019739
3 0.345248 0.141813 0.206181 0.019970
3 0.271128 0.163956 0.348662 0.021682
3 0.271582 0.185203 0.348662 0.021682
3 0.153301 0.207877 0.111193 0.018829
0 0.259690 0.174720 0.408456 0.091124
1 0.081947 0.242489 0.042062 0.019248
2 0.138607 0.241808 0.058726 0.019448
3 0.265687 0.240906 0.174518 0.019590
0 0.261104 0.240961 0.407095 0.027382
1 0.103525 0.277234 0.083723 0.019749
2 0.183099 0.276278 0.062892 0.019498
3 0.336009 0.275066 0.222012 0.020160
3 0.273971 0.297064 0.348662 0.021682
3 0.274425 0.318311 0.348662 0.021682
3 0.156144 0.340985 0.111193 0.018829
0 0.262533 0.307828 0.408456 0.091124
1 0.084630 0.368097 0.042062 0.019248
2 0.147539 0.367342 0.071225 0.019598
3 0.328362 0.365794 0.269506 0.020731
3 0.165087 0.389009 0.127024 0.019019
0 0.264014 0.377194 0.407549 0.048629
1 0.106515 0.417216 0.083723 0.019749
2 0.189838 0.416215 0.070391 0.019588
0 0.264841 0.415939 0.407095 0.027382
1 0.107196 0.449087 0.083723 0.019749
2 0.197184 0.448006 0.083723 0.019749
3 0.352594 0.446764 0.206181 0.019970
3 0.150991 0.470438 0.095362 0.018639
0 0.265749 0.458433 0.407549 0.048629
1 0.108250 0.498455 0.083723 0.019749
2 0.182824 0.497560 0.052894 0.019378
3 0.338651 0.496313 0.237843 0.020351
3 0.252032 0.518606 0.295336 0.021041
0 0.266803 0.507802 0.407549 0.048629
1 0.088554 0.551824 0.042062 0.019248
2 0.148963 0.551098 0.066225 0.019538
3 0.327287 0.549581 0.269506 0.020731
3 0.184842 0.572545 0.158687 0.019400
0 0.267938 0.560920 0.407549 0.048629
1 0.110466 0.602192 0.083723 0.019749
2 0.181290 0.601341 0.045395 0.019288
3 0.341283 0.600044 0.253675 0.020541
3 0.280911 0.622022 0.348662 0.021682
3 0.281365 0.643270 0.348662 0.021682
3 0.226409 0.665182 0.237843 0.020351
0 0.269473 0.632786 0.408456 0.091124
1 0.101972 0.692306 0.062892 0.019498
2 0.177796 0.691395 0.076224 0.019658
3 0.297794 0.690578 0.142855 0.019209
0 0.270714 0.690904 0.407095 0.027382
1 0.092237 0.724302 0.042062 0.019248
2 0.164728 0.723431 0.090389 0.019829
3 0.307640 0.722339 0.174518 0.019590
0 0.271395 0.722775 0.407095 0.027382
1 0.113749 0.755922 0.083723 0.019749
2 0.188739 0.755021 0.053727 0.019388
3 0.344983 0.753770 0.237843 0.020351
3 0.212953 0.776608 0.206181 0.019970
0 0.272302 0.765269 0.407549 0.048629
1 0.104388 0.805416 0.062892 0.019498
2 0.162714 0.804715 0.041228 0.019238
3 0.320623 0.803444 0.253675 0.020541
0 0.273130 0.804014 0.407095 0.027382
1 0.105149 0.841037 0.062892 0.019498
2 0.177639 0.840166 0.069558 0.019578
3 0.341798 0.838819 0.237843 0.020351
3 0.254347 0.861122 0.285337 0.020921
0 0.274117 0.850258 0.407549 0.048629
1 0.095908 0.896155 0.042062 0.019248
2 0.152151 0.895479 0.057893 0.019438
3 0.326308 0.894012 0.269506 0.020731
3 0.287184 0.915735 0.348662 0.021682
3 0.287638 0.936982 0.348662 0.021682
3 0.293091 0.958169 0.358661 0.021802
3 0.288545 0.979476 0.348662 0.021682
3 0.162348 1.000000 0.095362 0.018639
0 0.276199 0.947746 0.409364 0.133618
1 0.555700 0.083653 0.062892 0.019498
2 0.619858 0.082882 0.052894 0.019378
3 0.783600 0.081540 0.253675 0.020541
3 0.570332 0.105355 0.016205 0.017688
0 0.724668 0.092874 0.407549 0.048629
1 0.546365 0.134396 0.042062 0.019248
2 0.609691 0.133635 0.072058 0.019608
3 0.790931 0.132083 0.269506 0.020731
3 0.626822 0.155307 0.127024 0.019019
0 0.725749 0.143493 0.407549 0.048629
1 0.568304 0.186014 0.083723 0.019749
2 0.657459 0.184943 0.082057 0.019729
0 0.726630 0.184737 0.407095 0.027382
1 0.548140 0.217511 0.042062 0.019248
2 0.614799 0.216710 0.078724 0.019689
3 0.791456 0.215213 0.253675 0.020541
3 0.699838 0.237566 0.269506 0.020731
0 0.727524 0.226607 0.407549 0.048629
1 0.559583 0.265504 0.062892 0.019498
2 0.636657 0.264578 0.078724 0.019689
3 0.805399 0.263176 0.237843 0.020351
3 0.574215 0.287206 0.016205 0.017688
0 0.728552 0.274726 0.407549 0.048629
1 0.560625 0.314248 0.062892 0.019498
2 0.639364 0.313302 0.082057 0.019729
3 0.801857 0.311975 0.222012 0.020160
0 0.729366 0.312846 0.407095 0.027382
1 0.550796 0.341870 0.042062 0.019248
2 0.623287 0.340999 0.090389 0.019829
3 0.797861 0.339527 0.237843 0.020351
3 0.742072 0.361450 0.348662 0.021682
3 0.742526 0.382697 0.348662 0.021682
3 0.742980 0.403944 0.348662 0.021682
3 0.748433 0.425131 0.358661 0.021802
3 0.617237 0.447960 0.095362 0.018639
0 0.731088 0.393461 0.409364 0.133618
1 0.564228 0.482976 0.062892 0.019498
2 0.651300 0.481930 0.098721 0.019929
3 0.822125 0.480503 0.222012 0.020160
3 0.658017 0.503727 0.174518 0.019590
0 0.733197 0.492198 0.407549 0.048629
1 0.565416 0.538594 0.062892 0.019498
2 0.624158 0.537889 0.042062 0.019248
0 0.734158 0.537192 0.407095 0.027382
1 0.566043 0.567965 0.062892 0.019498
2 0.638950 0.567090 0.070391 0.019588
0 0.734785 0.566563 0.407095 0.027382
1 0.577019 0.594087 0.083723 0.019749
2 0.659508 0.593096 0.068725 0.019568
3 0.815335 0.591849 0.222012 0.020160
3 0.747464 0.613917 0.348662 0.021682
3 0.752917 0.635104 0.358661 0.021802
3 0.621721 0.657933 0.095362 0.018639
0 0.736026 0.624681 0.408456 0.091124
1 0.578994 0.686575 0.083723 0.019749
2 0.670233 0.685479 0.086223 0.019779
3 0.826893 0.684222 0.206181 0.019970
3 0.749440 0.706405 0.348662 0.021682
3 0.749893 0.727653 0.348662 0.021682
3 0.750347 0.748900 0.348662 0.021682
3 0.750801 0.770147 0.348662 0.021682
3 0.751255 0.791394 0.348662 0.021682
3 0.735877 0.812832 0.317000 0.021301
0 0.738682 0.749040 0.409818 0.154866
1 0.582384 0.845305 0.083723 0.019749
2 0.649876 0.844494 0.038729 0.019208
0 0.740711 0.844028 0.407095 0.027382
1 0.583065 0.877176 0.083723 0.019749
2 0.656805 0.876290 0.051227 0.019358
3 0.811799 0.875053 0.237843 0.020351
3 0.753510 0.897006 0.348662 0.021682
3 0.753964 0.918253 0.348662 0.021682
3 0.754418 0.939500 0.348662 0.021682
3 0.754872 0.960748 0.348662 0.021682
3 0.755325 0.981995 0.348662 0.021682
3 0.755779 1.000000 0.348662 0.021682
3 0.597920 1.000000 0.032036 0.017878
0 0.742980 0.950264 0.410271 0.176113
