0 0.26666666666666666 0.085 0.4 0.02
0 0.26666666666666666 0.158125 0.4 0.09125
0 0.26666666666666666 0.266875 0.4 0.09125
0 0.26666666666666666 0.351875 0.4 0.04375
0 0.26666666666666666 0.436875 0.4 0.09125
0 0.26666666666666666 0.53375 0.4 0.0675
0 0.26666666666666666 0.606875 0.4 0.04375
0 0.26666666666666666 0.668125 0.4 0.04375
0 0.26666666666666666 0.776875 0.4 0.13875
0 0.26666666666666666 0.87375 0.4 0.02
0 0.7333333333333333 0.1325 0.4 0.115
0 0.7333333333333333 0.253125 0.4 0.09125
0 0.7333333333333333 0.385625 0.4 0.13875
0 0.7333333333333333 0.494375 0.4 0.04375
0 0.7333333333333333 0.54375 0.4 0.02
0 0.7333333333333333 0.605 0.4 0.0675
0 0.7333333333333333 0.71375 0.4 0.115
0 0.7333333333333333 0.810625 0.4 0.04375
0 0.7333333333333333 0.871875 0.4 0.04375
