3 0.492912 0.038877 0.985824 0.042590
0 0.074611 0.091748 0.042242 0.019478
1 0.134178 0.090700 0.064736 0.019874
2 0.311649 0.088201 0.269640 0.022232
0 0.085924 0.120307 0.063069 0.019845
1 0.145491 0.119259 0.043908 0.019507
2 0.312548 0.116943 0.269640 0.022232
2 0.195745 0.140255 0.206324 0.021117
0 0.097844 0.168235 0.083897 0.020211
1 0.180321 0.166784 0.068901 0.019947
2 0.336131 0.164666 0.222153 0.021396
2 0.133935 0.189481 0.079692 0.018888
0 0.099330 0.215722 0.083897 0.020211
1 0.180557 0.214293 0.066402 0.019903
0 0.100190 0.243215 0.083897 0.020211
1 0.192248 0.241594 0.088062 0.020285
0 0.080379 0.276072 0.042242 0.019478
1 0.146194 0.274914 0.077232 0.020094
2 0.321999 0.272445 0.253811 0.021953
2 0.176870 0.296255 0.158837 0.020281
0 0.092279 0.323376 0.063069 0.019845
1 0.162260 0.322144 0.064736 0.019874
0 0.093198 0.352743 0.063069 0.019845
1 0.164012 0.351497 0.066402 0.019903
2 0.334401 0.349123 0.253811 0.021953
2 0.274249 0.371437 0.348785 0.023625
2 0.274914 0.392681 0.348785 0.023625
2 0.275579 0.413925 0.348785 0.023625
2 0.276244 0.435170 0.348785 0.023625
2 0.276908 0.456414 0.348785 0.023625
2 0.282572 0.477570 0.358782 0.023801
2 0.238666 0.499599 0.269640 0.022232
0 0.109145 0.529386 0.083897 0.020211
1 0.188706 0.527986 0.063069 0.019845
2 0.341601 0.525920 0.222153 0.021396
2 0.279783 0.548263 0.348785 0.023625
2 0.285446 0.569420 0.358782 0.023801
2 0.281112 0.590752 0.348785 0.023625
2 0.281777 0.611996 0.348785 0.023625
2 0.282442 0.633240 0.348785 0.023625
2 0.283106 0.654484 0.348785 0.023625
2 0.228370 0.676704 0.237982 0.021674
0 0.114796 0.709961 0.083897 0.020211
1 0.197273 0.708510 0.068901 0.019947
2 0.350167 0.706443 0.216321 0.021293
2 0.253775 0.729396 0.285469 0.022510
0 0.116360 0.759948 0.083897 0.020211
1 0.198837 0.758496 0.068901 0.019947
2 0.354647 0.756378 0.222153 0.021396
2 0.286997 0.778825 0.348785 0.023625
2 0.287662 0.800069 0.348785 0.023625
2 0.288327 0.821313 0.348785 0.023625
2 0.122787 0.845483 0.016376 0.017774
0 0.120016 0.876790 0.083897 0.020211
1 0.192496 0.875515 0.048907 0.019595
2 0.306651 0.874130 0.158837 0.020281
0 0.551563 0.083353 0.063069 0.019845
1 0.626959 0.082026 0.075566 0.020065
0 0.542147 0.115402 0.042242 0.019478
1 0.597965 0.114420 0.057238 0.019742
2 0.771686 0.111987 0.269640 0.022232
2 0.662381 0.135167 0.206324 0.021117
0 0.543750 0.166638 0.042242 0.019478
1 0.607482 0.165517 0.073067 0.020021
2 0.786203 0.162996 0.263808 0.022129
2 0.584840 0.187796 0.048034 0.018331
0 0.555767 0.217691 0.063069 0.019845
1 0.630746 0.216371 0.074733 0.020050
0 0.567217 0.250624 0.083897 0.020211
1 0.649278 0.249179 0.068068 0.019933
2 0.809670 0.246981 0.232150 0.021572
2 0.729940 0.269640 0.332956 0.023346
0 0.548130 0.306600 0.042242 0.019478
1 0.619777 0.305339 0.088896 0.020299
2 0.793498 0.302906 0.237982 0.021674
2 0.692108 0.325947 0.253811 0.021953
0 0.560244 0.360777 0.063069 0.019845
1 0.627309 0.359596 0.058904 0.019771
0 0.550671 0.387827 0.042242 0.019478
1 0.609822 0.386786 0.063902 0.019859
0 0.562141 0.421385 0.063069 0.019845
1 0.631289 0.420168 0.063069 0.019845
2 0.800012 0.417823 0.253811 0.021953
2 0.608646 0.442447 0.079692 0.018888
0 0.574275 0.476186 0.083897 0.020211
1 0.643840 0.474962 0.043075 0.019493
2 0.799650 0.472845 0.247979 0.021850
2 0.618281 0.497293 0.095521 0.019167
0 0.555168 0.531538 0.042242 0.019478
1 0.622233 0.530357 0.079731 0.020138
0 0.555990 0.557781 0.042242 0.019478
1 0.608475 0.556857 0.050573 0.019625
2 0.786779 0.554343 0.285469 0.022510
2 0.747455 0.576292 0.348785 0.023625
2 0.753118 0.597448 0.358782 0.023801
2 0.701297 0.619616 0.253811 0.021953
0 0.569375 0.652571 0.063069 0.019845
1 0.644771 0.651244 0.075566 0.020065
2 0.811828 0.648929 0.237982 0.021674
2 0.584223 0.674191 0.016376 0.017774
0 0.581451 0.705498 0.083897 0.020211
1 0.671426 0.703915 0.083897 0.020211
2 0.826820 0.701804 0.206324 0.021117
2 0.757087 0.724288 0.358782 0.023801
2 0.752753 0.745620 0.348785 0.023625
2 0.753418 0.766864 0.348785 0.023625
2 0.754083 0.788108 0.348785 0.023625
2 0.754748 0.809352 0.348785 0.023625
2 0.755413 0.830596 0.348785 0.023625
2 0.645275 0.853791 0.127179 0.019724
0 0.576766 0.888756 0.063069 0.019845
1 0.638416 0.887671 0.048073 0.019581
2 0.807556 0.885319 0.269640 0.022232
2 0.607442 0.910097 0.048034 0.018331
