1 0.099461 0.083537 0.062569 0.018880
2 0.171127 0.083687 0.067569 0.018891
3 0.294875 0.084570 0.158398 0.017831
0 0.268208 0.084514 0.406749 0.023349
1 0.099354 0.112287 0.062569 0.018880
2 0.172271 0.112439 0.070069 0.018896
3 0.336851 0.113408 0.237564 0.017996
3 0.176773 0.134324 0.142564 0.017797
0 0.268062 0.123889 0.406827 0.044599
1 0.105009 0.160424 0.074236 0.018905
2 0.180425 0.160581 0.063403 0.018882
3 0.341672 0.161543 0.237564 0.017996
3 0.279510 0.182663 0.348397 0.018227
3 0.279431 0.203913 0.348397 0.018227
3 0.279353 0.225163 0.348397 0.018227
3 0.284274 0.246424 0.358397 0.018248
3 0.279195 0.267663 0.348397 0.018227
3 0.136617 0.288615 0.063398 0.017632
0 0.267686 0.225139 0.407222 0.150848
1 0.088172 0.318514 0.041736 0.018837
2 0.141089 0.318625 0.050903 0.018856
3 0.319835 0.319623 0.285064 0.018095
3 0.112674 0.340441 0.015898 0.017533
0 0.267296 0.330138 0.406827 0.044599
1 0.108797 0.374808 0.083403 0.018924
2 0.188796 0.374975 0.063403 0.018882
3 0.342127 0.375920 0.221731 0.017963
3 0.120382 0.396707 0.031732 0.017566
0 0.267087 0.386388 0.406827 0.044599
1 0.098185 0.427286 0.062569 0.018880
2 0.156935 0.427408 0.041736 0.018837
3 0.323182 0.428381 0.269231 0.018062
3 0.278520 0.449537 0.348397 0.018227
3 0.278441 0.470787 0.348397 0.018227
3 0.278362 0.492037 0.348397 0.018227
3 0.222867 0.513171 0.237564 0.017996
0 0.266774 0.470763 0.407064 0.108349
1 0.108186 0.539182 0.083403 0.018924
2 0.192769 0.539359 0.072569 0.018901
3 0.326933 0.540264 0.174231 0.017864
0 0.266517 0.540138 0.406749 0.023349
1 0.097647 0.572285 0.062569 0.018880
2 0.165563 0.572427 0.060069 0.018875
3 0.333060 0.573402 0.253397 0.018029
3 0.206732 0.594388 0.205897 0.017930
0 0.266354 0.583887 0.406827 0.044599
1 0.087026 0.627263 0.041736 0.018837
2 0.155776 0.627407 0.082569 0.018922
3 0.334523 0.628405 0.253397 0.018029
3 0.214444 0.649404 0.221731 0.017963
0 0.266150 0.638887 0.406827 0.044599
1 0.107678 0.676057 0.083403 0.018924
2 0.192678 0.676234 0.073403 0.018903
3 0.351008 0.677190 0.221731 0.017963
3 0.166764 0.698055 0.126731 0.017764
0 0.265969 0.687637 0.406827 0.044599
1 0.107474 0.731056 0.083403 0.018924
2 0.182891 0.731214 0.054236 0.018863
3 0.336638 0.732160 0.231731 0.017984
3 0.158643 0.753038 0.110898 0.017731
0 0.265765 0.742637 0.406827 0.044599
1 0.096858 0.784784 0.062569 0.018880
2 0.165608 0.784928 0.061736 0.018879
3 0.331021 0.785898 0.247564 0.018017
3 0.245526 0.806970 0.285064 0.018095
0 0.265566 0.796387 0.406827 0.044599
1 0.107080 0.837306 0.083403 0.018924
2 0.193746 0.837487 0.076736 0.018910
3 0.353743 0.838446 0.221731 0.017963
3 0.276998 0.859536 0.348397 0.018227
3 0.276919 0.880786 0.348397 0.018227
3 0.181841 0.901837 0.158398 0.017831
0 0.265292 0.870136 0.406985 0.087099
1 0.555709 0.084490 0.041736 0.018837
2 0.621959 0.084628 0.077569 0.018912
3 0.798206 0.085621 0.253397 0.018029
3 0.751461 0.106773 0.358397 0.018248
3 0.746382 0.128013 0.348397 0.018227
3 0.746303 0.149263 0.348397 0.018227
3 0.746224 0.170513 0.348397 0.018227
3 0.706562 0.191680 0.269231 0.018062
0 0.734676 0.138614 0.407143 0.129599
1 0.555206 0.220114 0.041736 0.018837
2 0.610622 0.220230 0.055903 0.018867
3 0.791869 0.221233 0.285064 0.018095
3 0.745957 0.242388 0.348397 0.018227
3 0.745878 0.263637 0.348397 0.018227
3 0.745799 0.284887 0.348397 0.018227
3 0.745721 0.306137 0.348397 0.018227
3 0.682309 0.327255 0.221731 0.017963
0 0.734172 0.274238 0.407143 0.129599
1 0.565121 0.355135 0.062569 0.018880
2 0.640121 0.355292 0.074236 0.018905
3 0.806785 0.356265 0.237564 0.017996
3 0.726706 0.377348 0.310897 0.018149
0 0.733829 0.366738 0.406827 0.044599
1 0.554505 0.408863 0.041736 0.018837
2 0.605755 0.408970 0.047569 0.018849
3 0.782835 0.409965 0.285064 0.018095
3 0.586924 0.430806 0.031732 0.017566
0 0.733629 0.420487 0.406827 0.044599
1 0.575155 0.458282 0.083403 0.018924
2 0.663071 0.458465 0.079236 0.018915
3 0.816402 0.459410 0.205897 0.017930
3 0.745073 0.480512 0.348397 0.018227
3 0.749994 0.501772 0.358397 0.018248
3 0.744916 0.523011 0.348397 0.018227
3 0.744837 0.544261 0.348397 0.018227
3 0.744758 0.565511 0.348397 0.018227
3 0.744679 0.586761 0.348397 0.018227
3 0.602101 0.607714 0.063398 0.017632
0 0.733209 0.533612 0.407301 0.172098
1 0.553640 0.641988 0.041736 0.018837
2 0.612390 0.642110 0.062569 0.018880
3 0.789053 0.643104 0.269231 0.018062
3 0.744391 0.664261 0.348397 0.018227
3 0.744312 0.685511 0.348397 0.018227
3 0.749233 0.706771 0.358397 0.018248
3 0.744155 0.728011 0.348397 0.018227
3 0.720326 0.749211 0.300897 0.018128
0 0.732606 0.696111 0.407143 0.129599
1 0.573951 0.782655 0.083403 0.018924
2 0.656867 0.782829 0.069236 0.018894
3 0.813115 0.783780 0.221731 0.017963
3 0.743869 0.804885 0.348397 0.018227
3 0.743790 0.826135 0.348397 0.018227
3 0.743712 0.847385 0.348397 0.018227
3 0.743633 0.868635 0.348397 0.018227
3 0.724804 0.889846 0.310897 0.018149
0 0.732084 0.836736 0.407143 0.129599
