1 0.172917 0.085938 0.110833 0.021875
0 0.266667 0.085938 0.400000 0.021875
1 0.185833 0.114062 0.090000 0.021875
0 0.266667 0.114062 0.400000 0.021875
1 0.140000 0.142187 0.045000 0.021875
0 0.266667 0.142187 0.400000 0.021875
1 0.168750 0.170313 0.102500 0.021875
0 0.266667 0.198437 0.400000 0.078125
1 0.203333 0.258437 0.125000 0.021875
0 0.266667 0.267813 0.400000 0.040625
1 0.172917 0.307188 0.110833 0.021875
0 0.266667 0.307188 0.400000 0.021875
1 0.157500 0.337187 0.080000 0.021875
0 0.266667 0.337187 0.400000 0.021875
1 0.207917 0.369063 0.087500 0.021875
0 0.266667 0.378437 0.400000 0.040625
1 0.151667 0.415938 0.068333 0.021875
0 0.266667 0.425312 0.400000 0.040625
1 0.197500 0.464062 0.113333 0.021875
0 0.266667 0.492188 0.400000 0.078125
1 0.214583 0.551562 0.100833 0.021875
0 0.266667 0.560937 0.400000 0.040625
1 0.202917 0.600313 0.077500 0.021875
0 0.266667 0.609688 0.400000 0.040625
1 0.200417 0.649062 0.119167 0.021875
0 0.266667 0.649062 0.400000 0.021875
1 0.219583 0.679688 0.110833 0.021875
0 0.266667 0.754687 0.400000 0.171875
1 0.185417 0.864062 0.135833 0.021875
0 0.266667 0.864062 0.400000 0.021875
1 0.166250 0.892188 0.097500 0.021875
0 0.266667 0.892188 0.400000 0.021875
1 0.674167 0.085938 0.086667 0.021875
0 0.733333 0.123438 0.400000 0.096875
1 0.642500 0.190312 0.070000 0.021875
0 0.733333 0.190312 0.400000 0.021875
1 0.687083 0.218438 0.112500 0.021875
0 0.733333 0.218438 0.400000 0.021875
1 0.655833 0.248438 0.096667 0.021875
0 0.733333 0.295312 0.400000 0.115625
1 0.647083 0.372812 0.125833 0.021875
0 0.733333 0.410313 0.400000 0.096875
1 0.640000 0.482187 0.065000 0.021875
0 0.733333 0.529062 0.400000 0.115625
1 0.626667 0.609062 0.085000 0.021875
0 0.733333 0.618437 0.400000 0.040625
1 0.634583 0.660312 0.100833 0.021875
0 0.733333 0.725938 0.400000 0.153125
1 0.632500 0.825313 0.096667 0.021875
0 0.733333 0.825313 0.400000 0.021875
1 0.672500 0.854688 0.083333 0.021875
0 0.733333 0.854688 0.400000 0.021875
1 0.712083 0.883437 0.162500 0.021875
0 0.733333 0.920937 0.400000 0.096875
