1 0.088583 0.083772 0.041715 0.018811
2 0.148999 0.083860 0.065882 0.018846
0 0.267747 0.084659 0.406724 0.023095
1 0.109330 0.116927 0.083382 0.018872
2 0.200580 0.117061 0.085882 0.018876
3 0.357244 0.117915 0.205878 0.017801
3 0.279272 0.139051 0.348378 0.018010
3 0.184217 0.160162 0.158379 0.017732
0 0.267606 0.139034 0.406835 0.065595
1 0.098719 0.191287 0.062549 0.018841
2 0.179969 0.191406 0.086715 0.018877
3 0.344967 0.192272 0.221712 0.017825
3 0.279079 0.213426 0.348378 0.018010
3 0.284024 0.234683 0.358378 0.018025
3 0.191885 0.255798 0.174212 0.017755
0 0.267385 0.224034 0.406890 0.086845
1 0.108881 0.289427 0.083382 0.018872
2 0.189714 0.289545 0.065049 0.018845
3 0.343879 0.290396 0.221712 0.017825
3 0.223407 0.311470 0.237545 0.017848
0 0.267184 0.300909 0.406780 0.044345
1 0.098340 0.336912 0.062549 0.018841
2 0.174590 0.337023 0.076715 0.018862
3 0.342505 0.337894 0.237545 0.017848
3 0.283700 0.359058 0.358378 0.018025
3 0.278644 0.380301 0.348378 0.018010
3 0.262756 0.401527 0.316712 0.017964
0 0.267006 0.369659 0.406890 0.086845
1 0.108518 0.428802 0.083382 0.018872
2 0.184768 0.428913 0.055882 0.018832
3 0.310599 0.429723 0.174212 0.017755
0 0.266849 0.429658 0.406724 0.023095
1 0.087592 0.464396 0.041715 0.018811
2 0.150092 0.464488 0.070049 0.018852
0 0.266757 0.465283 0.406724 0.023095
1 0.087509 0.496271 0.041715 0.018811
2 0.149592 0.496362 0.069215 0.018851
3 0.329590 0.497250 0.269212 0.017894
3 0.119952 0.518194 0.031712 0.017546
0 0.266646 0.507783 0.406780 0.044345
1 0.097789 0.548786 0.062549 0.018841
2 0.184455 0.548913 0.097549 0.018893
3 0.354870 0.549788 0.221712 0.017825
3 0.278148 0.570925 0.348378 0.018010
3 0.283093 0.592183 0.358378 0.018025
3 0.278038 0.613425 0.348378 0.018010
3 0.159233 0.634501 0.110879 0.017662
0 0.266426 0.592158 0.406946 0.108095
1 0.097475 0.669411 0.062549 0.018841
2 0.172475 0.669521 0.074215 0.018859
3 0.339139 0.670390 0.237545 0.017848
3 0.198668 0.691434 0.190045 0.017778
0 0.266195 0.680908 0.406780 0.044345
1 0.097333 0.723786 0.062549 0.018841
2 0.168583 0.723890 0.066715 0.018848
0 0.266081 0.724658 0.406724 0.023095
1 0.107674 0.753176 0.083382 0.018872
2 0.186007 0.753291 0.060049 0.018838
3 0.345588 0.754149 0.237545 0.017848
3 0.166783 0.775138 0.126712 0.017685
0 0.265977 0.764658 0.406780 0.044345
1 0.097130 0.801911 0.062549 0.018841
2 0.168797 0.802016 0.067549 0.018849
3 0.332128 0.802880 0.237545 0.017848
3 0.229989 0.823980 0.253378 0.017871
0 0.265850 0.813408 0.406780 0.044345
1 0.086582 0.852520 0.041715 0.018811
2 0.154915 0.852620 0.081715 0.018870
3 0.333246 0.853507 0.253378 0.017871
3 0.171524 0.874520 0.136712 0.017700
0 0.265719 0.864033 0.406780 0.044345
1 0.555248 0.084455 0.041715 0.018811
2 0.624415 0.084556 0.083382 0.018872
3 0.803580 0.085444 0.253378 0.017871
3 0.671858 0.106501 0.200045 0.017793
0 0.734385 0.095967 0.406780 0.044345
1 0.565519 0.140720 0.062549 0.018841
2 0.640935 0.140831 0.075049 0.018860
3 0.808017 0.141700 0.237545 0.017848
3 0.745878 0.162859 0.348378 0.018010
3 0.745823 0.184109 0.348378 0.018010
3 0.745767 0.205359 0.348378 0.018010
3 0.666546 0.226493 0.190045 0.017778
0 0.734156 0.184092 0.406946 0.108095
1 0.554791 0.260080 0.041715 0.018811
2 0.605208 0.260154 0.045882 0.018817
3 0.781456 0.261037 0.285045 0.017917
3 0.745567 0.282234 0.348378 0.018010
3 0.626762 0.303310 0.110879 0.017662
0 0.733901 0.282217 0.406835 0.065595
1 0.570854 0.331978 0.074215 0.018859
2 0.643354 0.332085 0.057549 0.018834
3 0.793769 0.332930 0.221712 0.017825
0 0.733769 0.332842 0.406724 0.023095
1 0.560359 0.361963 0.053382 0.018828
2 0.627443 0.362061 0.067549 0.018849
3 0.798691 0.362937 0.253378 0.017871
3 0.745302 0.384109 0.348378 0.018010
3 0.750247 0.405366 0.358378 0.018025
3 0.750191 0.426616 0.358378 0.018025
3 0.713470 0.447812 0.285045 0.017917
0 0.733580 0.405342 0.406946 0.108095
1 0.554217 0.480704 0.041715 0.018811
2 0.625467 0.480809 0.087549 0.018878
3 0.806715 0.481699 0.253378 0.017871
3 0.594577 0.502638 0.047545 0.017570
0 0.733354 0.492217 0.406780 0.044345
1 0.564492 0.535094 0.062549 0.018841
2 0.649075 0.535218 0.093382 0.018887
3 0.817407 0.536090 0.221712 0.017825
3 0.744851 0.557234 0.348378 0.018010
3 0.744796 0.578484 0.348378 0.018010
3 0.744741 0.599734 0.348378 0.018010
3 0.625936 0.620810 0.110879 0.017662
0 0.733130 0.578466 0.406946 0.108095
1 0.564188 0.651969 0.062549 0.018841
2 0.643354 0.652085 0.082549 0.018871
3 0.782519 0.652914 0.174212 0.017755
0 0.732936 0.652841 0.406724 0.023095
1 0.553695 0.681329 0.041715 0.018811
2 0.614528 0.681418 0.066715 0.018848
3 0.790359 0.682300 0.263378 0.017886
3 0.689054 0.703402 0.237545 0.017848
0 0.732832 0.692841 0.406780 0.044345
1 0.553565 0.731329 0.041715 0.018811
2 0.614398 0.731418 0.066715 0.018848
3 0.793146 0.732305 0.269212 0.017894
3 0.744341 0.753483 0.348378 0.018010
3 0.744285 0.774733 0.348378 0.018010
3 0.749230 0.795990 0.358378 0.018025
3 0.657092 0.817106 0.174212 0.017755
0 0.732619 0.774716 0.406946 0.108095
1 0.553264 0.846954 0.041715 0.018811
2 0.617430 0.847048 0.073382 0.018857
3 0.775762 0.847904 0.221712 0.017825
0 0.732428 0.847841 0.406724 0.023095
1 0.563596 0.879469 0.062549 0.018841
2 0.629012 0.879565 0.055049 0.018830
3 0.799010 0.880439 0.263378 0.017886
3 0.743955 0.901608 0.348378 0.018010
3 0.743900 0.922858 0.348378 0.018010
3 0.743844 0.944108 0.348378 0.018010
3 0.743789 0.965358 0.348378 0.018010
3 0.743734 0.986608 0.348378 0.018010
3 0.680345 1.000000 0.221712 0.017825
0 0.732178 0.944091 0.407056 0.150595
