1 0.194583 0.085938 0.107500 0.021875
0 0.266667 0.085938 0.400000 0.021875
1 0.180417 0.115937 0.079167 0.021875
0 0.266667 0.125312 0.400000 0.040625
1 0.221667 0.163438 0.115000 0.021875
0 0.266667 0.200937 0.400000 0.096875
1 0.189583 0.270313 0.097500 0.021875
0 0.266667 0.270313 0.400000 0.021875
1 0.180833 0.298438 0.126667 0.021875
0 0.266667 0.307812 0.400000 0.040625
1 0.235000 0.350313 0.141667 0.021875
0 0.266667 0.350313 0.400000 0.021875
1 0.236667 0.384062 0.145000 0.021875
0 0.266667 0.393437 0.400000 0.040625
1 0.160417 0.434688 0.085833 0.021875
0 0.266667 0.444063 0.400000 0.040625
1 0.155833 0.482812 0.076667 0.021875
0 0.266667 0.482812 0.400000 0.021875
1 0.166250 0.510938 0.050833 0.021875
0 0.266667 0.510938 0.400000 0.021875
1 0.192917 0.541562 0.104167 0.021875
0 0.266667 0.541562 0.400000 0.021875
1 0.208750 0.570312 0.089167 0.021875
0 0.266667 0.579688 0.400000 0.040625
1 0.167500 0.620938 0.100000 0.021875
0 0.266667 0.620938 0.400000 0.021875
1 0.204167 0.650312 0.080000 0.021875
0 0.266667 0.650312 0.400000 0.021875
1 0.172500 0.678438 0.063333 0.021875
0 0.266667 0.715938 0.400000 0.096875
1 0.181250 0.784687 0.080833 0.021875
0 0.266667 0.784687 0.400000 0.021875
1 0.177083 0.816562 0.119167 0.021875
0 0.266667 0.872812 0.400000 0.134375
1 0.652083 0.085938 0.135833 0.021875
0 0.733333 0.085938 0.400000 0.021875
1 0.651667 0.115312 0.088333 0.021875
0 0.733333 0.134063 0.400000 0.059375
1 0.648750 0.184062 0.129167 0.021875
0 0.733333 0.193438 0.400000 0.040625
1 0.695417 0.230937 0.129167 0.021875
0 0.733333 0.268437 0.400000 0.096875
1 0.637500 0.335938 0.106667 0.021875
0 0.733333 0.364063 0.400000 0.078125
1 0.658750 0.426563 0.102500 0.021875
0 0.733333 0.426563 0.400000 0.021875
1 0.655417 0.455937 0.142500 0.021875
0 0.733333 0.484063 0.400000 0.078125
1 0.638333 0.541562 0.108333 0.021875
0 0.733333 0.579063 0.400000 0.096875
1 0.617083 0.647813 0.065833 0.021875
0 0.733333 0.657188 0.400000 0.040625
1 0.669583 0.697187 0.124167 0.021875
0 0.733333 0.697187 0.400000 0.021875
1 0.633750 0.727812 0.052500 0.021875
0 0.733333 0.727812 0.400000 0.021875
1 0.624167 0.760312 0.080000 0.021875
0 0.733333 0.760312 0.400000 0.021875
1 0.656667 0.792188 0.098333 0.021875
0 0.733333 0.792188 0.400000 0.021875
1 0.634583 0.822812 0.054167 0.021875
0 0.733333 0.832187 0.400000 0.040625
1 0.632917 0.870938 0.097500 0.021875
0 0.733333 0.870938 0.400000 0.021875
1 0.640417 0.905312 0.112500 0.021875
0 0.733333 0.933438 0.400000 0.078125
