3 0.494965 0.040690 0.989929 0.037585
0 0.088672 0.089495 0.062911 0.019534
1 0.161579 0.088577 0.070410 0.019629
2 0.286575 0.087629 0.158703 0.019491
0 0.099787 0.120609 0.083741 0.019796
1 0.186025 0.119524 0.076242 0.019702
2 0.345599 0.118140 0.222027 0.020288
2 0.262337 0.140441 0.332845 0.021683
0 0.096421 0.175035 0.074576 0.019681
1 0.173910 0.174059 0.067910 0.019597
0 0.091372 0.210103 0.062911 0.019534
1 0.167611 0.209143 0.077075 0.019712
2 0.335518 0.207654 0.237858 0.020487
2 0.272252 0.229704 0.348676 0.021882
2 0.272728 0.250951 0.348676 0.021882
2 0.278203 0.272135 0.358674 0.022008
2 0.273679 0.293445 0.348676 0.021882
2 0.107928 0.316785 0.016223 0.017697
0 0.084033 0.347715 0.042080 0.019272
1 0.141525 0.346991 0.060411 0.019503
2 0.285269 0.345806 0.206196 0.020089
0 0.105521 0.376823 0.083741 0.019796
1 0.195092 0.375696 0.082908 0.019786
2 0.350084 0.374369 0.206196 0.020089
2 0.257239 0.396791 0.311181 0.021410
0 0.106738 0.431191 0.083741 0.019796
1 0.191309 0.430126 0.072909 0.019660
2 0.349218 0.428763 0.222027 0.020288
2 0.277204 0.450923 0.348676 0.021882
2 0.127284 0.474063 0.047885 0.018095
0 0.087502 0.502693 0.042080 0.019272
1 0.143744 0.501985 0.057912 0.019471
2 0.317900 0.500417 0.269520 0.020886
2 0.262967 0.522362 0.317014 0.021484
0 0.109605 0.559298 0.083741 0.019796
1 0.198759 0.558175 0.082075 0.019775
2 0.321673 0.557253 0.142872 0.019291
0 0.089488 0.591430 0.042080 0.019272
1 0.143231 0.590754 0.052912 0.019408
0 0.100673 0.625669 0.062911 0.019534
1 0.172329 0.624767 0.067910 0.019597
2 0.335654 0.623336 0.237858 0.020487
2 0.283637 0.645244 0.352842 0.021935
2 0.282029 0.666517 0.348676 0.021882
2 0.282505 0.687764 0.348676 0.021882
2 0.287979 0.708948 0.358674 0.022008
2 0.283456 0.730258 0.348676 0.021882
2 0.286014 0.751479 0.352842 0.021935
2 0.284407 0.772752 0.348676 0.021882
2 0.269051 0.794199 0.317014 0.021484
0 0.115522 0.823635 0.083741 0.019796
1 0.208425 0.822466 0.089574 0.019870
2 0.366750 0.821098 0.206196 0.020089
2 0.167254 0.844862 0.111209 0.018893
0 0.116585 0.871129 0.083741 0.019796
1 0.183242 0.870290 0.037081 0.019209
2 0.336151 0.868990 0.247857 0.020613
2 0.292050 0.890798 0.358674 0.022008
2 0.287526 0.912108 0.348676 0.021882
2 0.288001 0.933355 0.348676 0.021882
2 0.288477 0.954602 0.348676 0.021882
2 0.288953 0.975849 0.348676 0.021882
2 0.154864 0.994771 0.079547 0.010457
0 0.555273 0.083621 0.062911 0.019534
1 0.625680 0.082734 0.065410 0.019566
2 0.795670 0.081219 0.253689 0.020687
2 0.688661 0.103819 0.253689 0.020687
0 0.556448 0.136113 0.062911 0.019534
1 0.622689 0.135279 0.057078 0.019461
2 0.788513 0.133817 0.253689 0.020687
2 0.658173 0.156711 0.190365 0.019889
0 0.557707 0.192355 0.062911 0.019534
1 0.637279 0.191353 0.083741 0.019796
2 0.800603 0.189922 0.222027 0.020288
2 0.738588 0.211956 0.348676 0.021882
2 0.739063 0.233203 0.348676 0.021882
2 0.739539 0.254450 0.348676 0.021882
2 0.740014 0.275697 0.348676 0.021882
2 0.745489 0.296881 0.358674 0.022008
2 0.685556 0.318889 0.237858 0.020487
0 0.561161 0.346709 0.062911 0.019534
1 0.624902 0.345906 0.052079 0.019398
0 0.551544 0.382460 0.042080 0.019272
1 0.606952 0.381762 0.056245 0.019450
2 0.785275 0.380142 0.279519 0.021012
2 0.734924 0.402029 0.332845 0.021683
0 0.563022 0.429822 0.062911 0.019534
1 0.646343 0.428773 0.091240 0.019891
2 0.810501 0.427331 0.216195 0.020214
2 0.641000 0.450718 0.142872 0.019291
0 0.574584 0.480933 0.083741 0.019796
1 0.650406 0.479979 0.055412 0.019440
2 0.783735 0.478925 0.190365 0.019889
0 0.554453 0.512441 0.042080 0.019272
1 0.626526 0.511534 0.089574 0.019870
2 0.800682 0.509966 0.237858 0.020487
2 0.579522 0.534004 0.016223 0.017697
0 0.576388 0.561547 0.083741 0.019796
1 0.659710 0.560498 0.070410 0.019629
2 0.816368 0.559151 0.222027 0.020288
2 0.746854 0.581279 0.348676 0.021882
2 0.747329 0.602526 0.348676 0.021882
2 0.747805 0.623773 0.348676 0.021882
2 0.748280 0.645020 0.348676 0.021882
2 0.582529 0.668360 0.016223 0.017697
0 0.569134 0.702908 0.062911 0.019534
1 0.644540 0.701959 0.075409 0.019691
2 0.811614 0.700481 0.237858 0.020487
2 0.750015 0.722509 0.348676 0.021882
2 0.750490 0.743756 0.348676 0.021882
2 0.755965 0.764940 0.358674 0.022008
2 0.751441 0.786250 0.348676 0.021882
2 0.751917 0.807497 0.348676 0.021882
2 0.594081 0.830737 0.032054 0.017896
0 0.572575 0.856637 0.062911 0.019534
1 0.637982 0.855813 0.055412 0.019440
0 0.562775 0.884264 0.042080 0.019272
1 0.626099 0.883467 0.072076 0.019650
2 0.807338 0.881810 0.269520 0.020886
2 0.754071 0.903734 0.348676 0.021882
2 0.754546 0.924981 0.348676 0.021882
2 0.755022 0.946228 0.348676 0.021882
2 0.755498 0.967475 0.348676 0.021882
2 0.665986 0.989855 0.168701 0.019617
