1 0.112146 0.076837 0.063116 0.019937
2 0.190871 0.078340 0.082276 0.020302
3 0.313726 0.081310 0.143048 0.020213
0 0.280820 0.080682 0.407298 0.030253
1 0.100546 0.111627 0.042289 0.019539
2 0.160110 0.112764 0.064782 0.019968
3 0.334615 0.116720 0.263842 0.022519
3 0.290575 0.137136 0.348814 0.024141
3 0.289854 0.158379 0.348814 0.024141
3 0.138765 0.176752 0.048078 0.018401
0 0.278552 0.147535 0.409461 0.093982
1 0.107609 0.210544 0.063116 0.019937
2 0.186333 0.212046 0.082276 0.020302
3 0.356674 0.215923 0.238017 0.022026
0 0.276283 0.214389 0.407298 0.030253
1 0.096305 0.236587 0.042289 0.019539
2 0.161701 0.237835 0.076445 0.020191
3 0.342038 0.241902 0.263842 0.022519
3 0.286335 0.262096 0.348814 0.024141
3 0.285614 0.283339 0.348814 0.024141
3 0.197838 0.302920 0.174704 0.020818
0 0.274311 0.272495 0.409461 0.093982
1 0.103411 0.334254 0.063116 0.019937
2 0.181302 0.335741 0.080610 0.020270
3 0.350810 0.339601 0.238017 0.022026
3 0.203886 0.358054 0.190532 0.021120
0 0.271725 0.348720 0.408019 0.051496
1 0.101545 0.389236 0.063116 0.019937
2 0.176937 0.390675 0.075612 0.020175
3 0.304375 0.393733 0.158876 0.020516
0 0.270219 0.393081 0.407298 0.030253
1 0.100655 0.415477 0.063116 0.019937
2 0.175214 0.416901 0.073946 0.020143
3 0.341389 0.420698 0.238017 0.022026
3 0.129903 0.437918 0.048078 0.018401
0 0.268968 0.429944 0.408019 0.051496
1 0.088376 0.470261 0.042289 0.019539
2 0.151688 0.471469 0.072280 0.020111
3 0.332859 0.475553 0.269673 0.022631
3 0.143865 0.493202 0.079735 0.019005
0 0.267103 0.484926 0.408019 0.051496
1 0.107294 0.526890 0.083942 0.020334
2 0.191433 0.528496 0.072280 0.020111
0 0.265555 0.530536 0.407298 0.030253
1 0.085513 0.554609 0.042289 0.019539
2 0.149243 0.555825 0.073113 0.020127
3 0.327914 0.559861 0.263842 0.022519
3 0.148917 0.577701 0.095563 0.019307
0 0.264240 0.569274 0.408019 0.051496
1 0.083817 0.604592 0.042289 0.019539
2 0.134218 0.605554 0.046455 0.019619
0 0.262905 0.608636 0.407298 0.030253
1 0.082821 0.633958 0.042289 0.019539
2 0.148633 0.635214 0.077278 0.020207
3 0.268989 0.638137 0.143048 0.020213
0 0.261908 0.638001 0.407298 0.030253
1 0.092216 0.664147 0.063116 0.019937
2 0.166359 0.665562 0.073113 0.020127
3 0.332117 0.669351 0.238017 0.022026
3 0.271832 0.689457 0.348814 0.024141
3 0.271112 0.710701 0.348814 0.024141
3 0.270391 0.731944 0.348814 0.024141
3 0.174701 0.751374 0.158876 0.020516
0 0.259449 0.710478 0.410182 0.115225
1 0.098813 0.776809 0.083942 0.020334
2 0.188784 0.778527 0.083942 0.020334
3 0.344129 0.782117 0.206360 0.021422
3 0.141390 0.799504 0.095563 0.019307
0 0.256714 0.791077 0.408019 0.051496
1 0.076290 0.826396 0.042289 0.019539
2 0.145435 0.827715 0.083942 0.020334
3 0.324522 0.831759 0.253845 0.022328
3 0.210921 0.850847 0.238017 0.022026
0 0.255017 0.841061 0.408019 0.051496
1 0.095209 0.883025 0.083942 0.020334
2 0.179765 0.884639 0.073113 0.020127
3 0.337609 0.888277 0.222189 0.021724
3 0.145700 0.905871 0.111391 0.019609
0 0.253109 0.897292 0.408019 0.051496
1 0.568248 0.085543 0.042289 0.019539
2 0.619898 0.086529 0.048954 0.019666
3 0.797320 0.090541 0.285501 0.022933
3 0.758278 0.111053 0.348814 0.024141
3 0.757557 0.132296 0.348814 0.024141
3 0.756836 0.153539 0.348814 0.024141
3 0.756115 0.174782 0.348814 0.024141
3 0.755394 0.196025 0.348814 0.024141
3 0.754674 0.217268 0.348814 0.024141
3 0.587757 0.235339 0.016422 0.017796
0 0.744813 0.163938 0.412344 0.178955
1 0.572556 0.265684 0.063116 0.019937
2 0.650447 0.267170 0.080610 0.020270
3 0.819954 0.271031 0.238017 0.022026
3 0.601804 0.288124 0.048078 0.018401
0 0.740869 0.280150 0.408019 0.051496
1 0.581252 0.316491 0.083942 0.020334
2 0.662059 0.318033 0.065615 0.019984
0 0.739512 0.320137 0.407298 0.030253
1 0.559259 0.350457 0.042289 0.019539
2 0.609243 0.351411 0.045621 0.019603
3 0.784998 0.355391 0.285501 0.022933
3 0.662233 0.374305 0.174704 0.020818
0 0.737986 0.365123 0.408019 0.051496
1 0.557541 0.401066 0.042289 0.019539
2 0.623770 0.402330 0.078111 0.020223
3 0.799942 0.406318 0.253845 0.022328
0 0.736629 0.405110 0.407298 0.030253
1 0.556333 0.436679 0.042289 0.019539
2 0.621728 0.437928 0.076445 0.020191
0 0.735420 0.440723 0.407298 0.030253
1 0.576078 0.468942 0.083942 0.020334
2 0.654386 0.470436 0.060617 0.019889
3 0.813897 0.474106 0.238017 0.022026
3 0.642398 0.492090 0.143048 0.020213
0 0.733979 0.483209 0.408019 0.051496
1 0.553577 0.517903 0.042289 0.019539
2 0.610225 0.518984 0.058951 0.019857
3 0.745160 0.522185 0.190532 0.021120
0 0.732664 0.521947 0.407298 0.030253
1 0.552623 0.546019 0.042289 0.019539
2 0.604689 0.547013 0.049787 0.019682
3 0.782527 0.551033 0.285501 0.022933
3 0.742652 0.571528 0.348814 0.024141
3 0.741931 0.592772 0.348814 0.024141
3 0.741210 0.614015 0.348814 0.024141
3 0.745488 0.635353 0.358811 0.024332
3 0.739769 0.656501 0.348814 0.024141
3 0.628250 0.675629 0.127219 0.019911
0 0.729547 0.613792 0.411624 0.157711
1 0.547322 0.702218 0.042289 0.019539
2 0.604387 0.703308 0.059784 0.019873
3 0.779309 0.707272 0.269673 0.022631
3 0.594898 0.725009 0.063906 0.018703
0 0.726049 0.716884 0.408019 0.051496
1 0.566389 0.754474 0.083942 0.020334
2 0.640532 0.755889 0.052286 0.019730
3 0.795877 0.759480 0.238017 0.022026
3 0.569396 0.776414 0.016422 0.017796
0 0.724289 0.768742 0.408019 0.051496
1 0.543951 0.801561 0.042289 0.019539
2 0.608513 0.802794 0.074779 0.020159
3 0.783019 0.806750 0.253845 0.022328
3 0.738979 0.827166 0.358811 0.024332
3 0.733260 0.848314 0.348814 0.024141
3 0.732539 0.869557 0.348814 0.024141
3 0.736816 0.890895 0.358811 0.024332
3 0.572815 0.909022 0.032250 0.018099
0 0.721236 0.858713 0.410903 0.136468
