1 0.160417 0.085938 0.039167 0.021875
0 0.266667 0.095312 0.400000 0.040625
1 0.191667 0.137813 0.055000 0.021875
0 0.266667 0.137813 0.400000 0.021875
1 0.197500 0.166563 0.113333 0.021875
0 0.266667 0.166563 0.400000 0.021875
1 0.185833 0.195937 0.090000 0.021875
0 0.266667 0.205313 0.400000 0.040625
1 0.201250 0.244688 0.120833 0.021875
0 0.266667 0.291563 0.400000 0.115625
1 0.155833 0.370937 0.076667 0.021875
0 0.266667 0.380312 0.400000 0.040625
1 0.172083 0.418438 0.109167 0.021875
0 0.266667 0.484063 0.400000 0.153125
1 0.140000 0.582187 0.045000 0.021875
0 0.266667 0.591562 0.400000 0.040625
1 0.178333 0.631563 0.121667 0.021875
0 0.266667 0.659687 0.400000 0.078125
1 0.199167 0.721562 0.116667 0.021875
0 0.266667 0.740313 0.400000 0.059375
1 0.175417 0.793438 0.069167 0.021875
0 0.266667 0.793438 0.400000 0.021875
1 0.190000 0.825937 0.098333 0.021875
0 0.266667 0.825937 0.400000 0.021875
1 0.232500 0.859062 0.136667 0.021875
0 0.266667 0.859062 0.400000 0.021875
1 0.227083 0.887188 0.125833 0.021875
0 0.266667 0.896563 0.400000 0.040625
1 0.668750 0.085938 0.075833 0.021875
0 0.733333 0.142187 0.400000 0.134375
1 0.651250 0.229687 0.040833 0.021875
0 0.733333 0.229687 0.400000 0.021875
1 0.677917 0.262188 0.094167 0.021875
0 0.733333 0.271562 0.400000 0.040625
1 0.665000 0.311563 0.115000 0.021875
0 0.733333 0.320937 0.400000 0.040625
1 0.656250 0.364687 0.097500 0.021875
0 0.733333 0.374063 0.400000 0.040625
1 0.700000 0.415938 0.138333 0.021875
0 0.733333 0.415938 0.400000 0.021875
1 0.684167 0.445937 0.106667 0.021875
0 0.733333 0.455313 0.400000 0.040625
1 0.622083 0.498437 0.075833 0.021875
0 0.733333 0.498437 0.400000 0.021875
1 0.624583 0.530937 0.080833 0.021875
0 0.733333 0.559063 0.400000 0.078125
1 0.671667 0.615313 0.081667 0.021875
0 0.733333 0.615313 0.400000 0.021875
1 0.652917 0.646563 0.090833 0.021875
0 0.733333 0.684063 0.400000 0.096875
1 0.660417 0.752812 0.105833 0.021875
0 0.733333 0.790312 0.400000 0.096875
1 0.652500 0.860938 0.090000 0.021875
0 0.733333 0.870313 0.400000 0.040625
1 0.682917 0.907813 0.150833 0.021875
0 0.733333 0.907813 0.400000 0.021875
