1 0.090873 0.088260 0.062814 0.019347
2 0.171700 0.087486 0.086146 0.019571
3 0.336280 0.086534 0.221947 0.019622
3 0.105411 0.109997 0.016130 0.017650
0 0.259801 0.097893 0.407378 0.047641
1 0.102193 0.141281 0.083646 0.019547
2 0.175521 0.140578 0.050315 0.019227
3 0.335102 0.139675 0.247778 0.019869
3 0.114231 0.163042 0.031962 0.017802
0 0.260705 0.151013 0.407378 0.047641
1 0.092597 0.189501 0.062814 0.019347
2 0.154258 0.188911 0.047815 0.019203
3 0.323422 0.187916 0.269443 0.020076
3 0.257539 0.209798 0.316939 0.020531
0 0.261525 0.199134 0.407378 0.047641
1 0.093459 0.240122 0.062814 0.019347
2 0.162620 0.239460 0.062814 0.019347
3 0.331367 0.238469 0.253611 0.019925
3 0.279233 0.260220 0.358602 0.020930
3 0.274595 0.281516 0.348603 0.020835
3 0.267041 0.302840 0.332771 0.020683
0 0.262748 0.271004 0.408102 0.090138
1 0.084629 0.333340 0.041983 0.019148
2 0.150456 0.332709 0.076980 0.019483
3 0.326286 0.331650 0.253611 0.019925
3 0.117498 0.354901 0.031962 0.017802
0 0.263972 0.342873 0.407378 0.047641
1 0.085469 0.382711 0.041983 0.019148
2 0.130882 0.382276 0.036150 0.019092
3 0.310045 0.381185 0.301107 0.020380
3 0.134171 0.404121 0.063626 0.018105
0 0.264813 0.392244 0.407378 0.047641
1 0.096843 0.438856 0.062814 0.019347
2 0.170170 0.438154 0.071147 0.019427
3 0.335167 0.437199 0.237779 0.019773
3 0.277617 0.459001 0.348603 0.020835
3 0.282979 0.480202 0.358602 0.020930
3 0.254593 0.501725 0.301107 0.020380
0 0.266132 0.469737 0.408102 0.090138
1 0.088087 0.536448 0.041983 0.019148
2 0.139333 0.535957 0.047815 0.019203
3 0.316412 0.534886 0.285275 0.020228
3 0.210116 0.557156 0.210281 0.019510
0 0.267431 0.545981 0.407378 0.047641
1 0.089034 0.592068 0.041983 0.019148
2 0.160695 0.591382 0.088645 0.019594
3 0.334441 0.590343 0.237779 0.019773
3 0.185232 0.613024 0.158618 0.019015
0 0.268378 0.601602 0.407378 0.047641
1 0.110823 0.648114 0.083646 0.019547
2 0.205399 0.647208 0.092812 0.019634
3 0.365397 0.646301 0.206115 0.019470
3 0.233686 0.668814 0.253611 0.019925
0 0.269335 0.657847 0.407378 0.047641
1 0.101301 0.700710 0.062814 0.019347
2 0.188378 0.699876 0.098645 0.019690
3 0.359208 0.698865 0.221947 0.019622
3 0.282076 0.720855 0.348603 0.020835
3 0.116201 0.743696 0.016130 0.017650
0 0.270410 0.720967 0.407740 0.068889
1 0.102493 0.770704 0.062814 0.019347
2 0.169988 0.770058 0.059481 0.019315
3 0.337068 0.769082 0.253611 0.019925
3 0.140779 0.792214 0.063626 0.018105
0 0.271421 0.780337 0.407378 0.047641
1 0.103462 0.827574 0.062814 0.019347
2 0.180955 0.826832 0.079479 0.019507
3 0.350119 0.825837 0.237779 0.019773
3 0.284236 0.847720 0.348603 0.020835
3 0.284598 0.868968 0.348603 0.020835
3 0.284960 0.890216 0.348603 0.020835
3 0.237825 0.911920 0.253611 0.019925
0 0.272932 0.869080 0.408464 0.111386
1 0.557502 0.083790 0.062814 0.019347
2 0.624579 0.083148 0.058648 0.019307
3 0.791243 0.082177 0.253611 0.019925
3 0.738276 0.103936 0.348603 0.020835
3 0.738638 0.125184 0.348603 0.020835
3 0.739000 0.146432 0.348603 0.020835
3 0.739361 0.167680 0.348603 0.020835
3 0.692227 0.189384 0.253611 0.019925
0 0.727153 0.135920 0.408826 0.132634
1 0.549363 0.217629 0.041983 0.019148
2 0.614774 0.217003 0.076146 0.019475
3 0.790187 0.215948 0.253611 0.019925
3 0.590149 0.239115 0.047794 0.017953
0 0.728707 0.227162 0.407378 0.047641
1 0.560651 0.268775 0.062814 0.019347
2 0.637728 0.268037 0.078646 0.019499
3 0.806475 0.267046 0.237779 0.019773
3 0.741426 0.288921 0.348603 0.020835
3 0.741788 0.310169 0.348603 0.020835
3 0.747149 0.331369 0.358602 0.020930
3 0.726679 0.352817 0.316939 0.020531
0 0.730122 0.310281 0.408464 0.111386
1 0.573089 0.387416 0.083646 0.019547
2 0.646833 0.386710 0.051148 0.019235
3 0.801831 0.385850 0.237779 0.019773
3 0.748447 0.407613 0.358602 0.020930
3 0.743809 0.428909 0.348603 0.020835
3 0.701675 0.450564 0.263610 0.020021
0 0.731963 0.418397 0.408102 0.090138
1 0.574770 0.486158 0.083646 0.019547
2 0.654347 0.485396 0.062814 0.019347
3 0.807262 0.484556 0.221947 0.019622
3 0.745129 0.506403 0.348603 0.020835
3 0.745491 0.527651 0.348603 0.020835
3 0.722105 0.549127 0.301107 0.020380
0 0.733644 0.517139 0.408102 0.090138
1 0.565951 0.580000 0.062814 0.019347
2 0.643028 0.579262 0.078646 0.019499
0 0.734698 0.579009 0.407017 0.026393
1 0.566472 0.610622 0.062814 0.019347
2 0.622718 0.610084 0.036983 0.019100
3 0.786465 0.609140 0.269443 0.020076
3 0.752246 0.630720 0.358602 0.020930
3 0.747608 0.652016 0.348603 0.020835
3 0.613398 0.674553 0.079458 0.018257
0 0.735762 0.641504 0.408102 0.090138
1 0.568005 0.700615 0.062814 0.019347
2 0.647998 0.699849 0.084479 0.019555
3 0.811745 0.698906 0.221947 0.019622
3 0.637955 0.721822 0.126954 0.018712
0 0.736932 0.710248 0.407378 0.047641
1 0.579336 0.754261 0.083646 0.019547
2 0.676411 0.753331 0.097811 0.019682
3 0.835992 0.752428 0.200282 0.019414
3 0.646786 0.775492 0.142786 0.018863
0 0.737848 0.763994 0.407378 0.047641
1 0.580155 0.802382 0.083646 0.019547
2 0.658899 0.801628 0.061148 0.019331
3 0.818896 0.800720 0.237779 0.019773
3 0.750514 0.822627 0.348603 0.020835
3 0.750875 0.843875 0.348603 0.020835
3 0.751237 0.865124 0.348603 0.020835
3 0.751599 0.886372 0.348603 0.020835
3 0.680717 0.908303 0.206115 0.019470
0 0.739391 0.854611 0.408826 0.132634
