1 0.099121 0.083721 0.062554 0.018852
2 0.179537 0.083852 0.085054 0.018888
3 0.343702 0.084745 0.221717 0.017861
3 0.136974 0.105658 0.063384 0.017603
0 0.267838 0.095246 0.406792 0.044412
1 0.088561 0.133079 0.041721 0.018818
2 0.149394 0.133178 0.066721 0.018858
3 0.328142 0.134094 0.269217 0.017938
3 0.279331 0.155265 0.348383 0.018067
3 0.279269 0.176515 0.348383 0.018067
3 0.279208 0.197765 0.348383 0.018067
3 0.144563 0.218796 0.079217 0.017629
0 0.267602 0.176496 0.406977 0.108162
1 0.098639 0.249971 0.062554 0.018852
2 0.160306 0.250071 0.047554 0.018827
0 0.267387 0.250871 0.406731 0.023162
1 0.088147 0.276204 0.041721 0.018818
2 0.150230 0.276305 0.069221 0.018863
3 0.251061 0.277094 0.110884 0.017680
0 0.267311 0.277121 0.406731 0.023162
1 0.088047 0.310579 0.041721 0.018818
2 0.150964 0.310681 0.070887 0.018865
0 0.267212 0.311496 0.406731 0.023162
1 0.098383 0.338721 0.062554 0.018852
2 0.153799 0.338811 0.035054 0.018807
3 0.305880 0.339684 0.247550 0.017903
0 0.267130 0.339620 0.406731 0.023162
1 0.098307 0.364971 0.062554 0.018852
2 0.160806 0.365072 0.049221 0.018830
3 0.327888 0.365969 0.263383 0.017929
3 0.280743 0.387143 0.352550 0.018074
3 0.278598 0.408389 0.348383 0.018067
3 0.262703 0.429614 0.316717 0.018016
0 0.266962 0.397745 0.406915 0.086912
1 0.108445 0.461237 0.083387 0.018886
2 0.193028 0.461375 0.072554 0.018868
3 0.350942 0.462257 0.221717 0.017861
3 0.278381 0.483389 0.348383 0.018067
3 0.278319 0.504639 0.348383 0.018067
3 0.278258 0.525889 0.348383 0.018067
3 0.278196 0.547139 0.348383 0.018067
3 0.278135 0.568389 0.348383 0.018067
3 0.190990 0.589497 0.174217 0.017784
0 0.266591 0.525870 0.407100 0.150662
1 0.097561 0.622470 0.062554 0.018852
2 0.177144 0.622600 0.083387 0.018886
3 0.345476 0.623499 0.231717 0.017877
3 0.277914 0.644639 0.348383 0.018067
3 0.277853 0.665889 0.348383 0.018067
3 0.269875 0.687126 0.332550 0.018041
0 0.266217 0.655245 0.406915 0.086912
1 0.086864 0.719328 0.041721 0.018818
2 0.153114 0.719436 0.077554 0.018876
3 0.329362 0.720348 0.253383 0.017912
3 0.277634 0.741514 0.348383 0.018067
0 0.265998 0.730870 0.406792 0.044412
1 0.097120 0.774970 0.062554 0.018852
2 0.158370 0.775069 0.046721 0.018826
3 0.327118 0.775969 0.269217 0.017938
3 0.229973 0.797061 0.253383 0.017912
0 0.265837 0.786494 0.406792 0.044412
1 0.107394 0.824362 0.083387 0.018886
2 0.181560 0.824482 0.051721 0.018834
3 0.336975 0.825360 0.237550 0.017887
3 0.277330 0.846513 0.348383 0.018067
3 0.277268 0.867763 0.348383 0.018067
3 0.282207 0.889021 0.358383 0.018083
3 0.277145 0.910263 0.348383 0.018067
3 0.277084 0.931513 0.348383 0.018067
3 0.277022 0.952763 0.348383 0.018067
3 0.276961 0.974013 0.348383 0.018067
3 0.221483 0.995173 0.237550 0.017887
0 0.265479 0.910244 0.407223 0.193162
1 0.576203 0.084498 0.083387 0.018886
2 0.655786 0.084628 0.062554 0.018852
0 0.734534 0.085381 0.406731 0.023162
1 0.576125 0.111373 0.083387 0.018886
2 0.660708 0.111511 0.072554 0.018868
3 0.810706 0.112380 0.205883 0.017835
0 0.734456 0.112256 0.406731 0.023162
1 0.555214 0.138214 0.041721 0.018818
2 0.604380 0.138294 0.043387 0.018821
3 0.779378 0.139204 0.285050 0.017964
0 0.734378 0.139131 0.406731 0.023162
1 0.565538 0.170106 0.062554 0.018852
2 0.640955 0.170229 0.075054 0.018872
3 0.760536 0.171048 0.142550 0.017732
0 0.734286 0.171006 0.406731 0.023162
1 0.565459 0.197606 0.062554 0.018852
2 0.634625 0.197718 0.062554 0.018852
3 0.787540 0.198592 0.221717 0.017861
0 0.734207 0.198506 0.406731 0.023162
1 0.575789 0.227623 0.083387 0.018886
2 0.652872 0.227748 0.057554 0.018844
3 0.755786 0.228541 0.126717 0.017706
0 0.734120 0.228506 0.406731 0.023162
1 0.575709 0.255123 0.083387 0.018886
2 0.667792 0.255273 0.087554 0.018892
3 0.822373 0.256149 0.200050 0.017826
3 0.721895 0.277236 0.300883 0.017990
0 0.734009 0.266630 0.406792 0.044412
1 0.570985 0.303865 0.074221 0.018871
2 0.642651 0.303982 0.055887 0.018841
3 0.800149 0.304863 0.237550 0.017887
3 0.642588 0.325857 0.142550 0.017732
0 0.733868 0.315380 0.406792 0.044412
1 0.554595 0.351964 0.041721 0.018818
2 0.613762 0.352060 0.063387 0.018853
3 0.790843 0.352973 0.269217 0.017938
3 0.658282 0.374007 0.174217 0.017784
0 0.733729 0.363505 0.406792 0.044412
1 0.554432 0.408213 0.041721 0.018818
2 0.616516 0.408314 0.069221 0.018863
0 0.733597 0.409130 0.406731 0.023162
1 0.575179 0.438247 0.083387 0.018886
2 0.671012 0.438403 0.095054 0.018905
3 0.824343 0.439278 0.190050 0.017809
3 0.745115 0.460399 0.348383 0.018067
3 0.745054 0.481649 0.348383 0.018067
3 0.744992 0.502899 0.348383 0.018067
3 0.744931 0.524149 0.348383 0.018067
3 0.602370 0.545167 0.063384 0.017603
0 0.733356 0.492255 0.407038 0.129412
1 0.564377 0.571355 0.062554 0.018852
2 0.639793 0.571478 0.075054 0.018872
3 0.806875 0.572375 0.237550 0.017887
3 0.578480 0.593253 0.015884 0.017526
0 0.733094 0.582880 0.406792 0.044412
1 0.564239 0.618855 0.062554 0.018852
2 0.627989 0.618959 0.051721 0.018834
3 0.791320 0.619850 0.253383 0.017912
3 0.586259 0.640766 0.031717 0.017552
0 0.732957 0.630380 0.406792 0.044412
1 0.564102 0.666355 0.062554 0.018852
2 0.624102 0.666452 0.044221 0.018822
3 0.696600 0.667195 0.079217 0.017629
0 0.732850 0.667254 0.406731 0.023162
1 0.553589 0.699463 0.041721 0.018818
2 0.622756 0.699575 0.083387 0.018886
3 0.738587 0.700389 0.126717 0.017706
0 0.732754 0.700379 0.406731 0.023162
1 0.569751 0.730114 0.074221 0.018871
2 0.639751 0.730228 0.052554 0.018835
3 0.800582 0.731115 0.247550 0.017903
3 0.625521 0.752080 0.110884 0.017680
0 0.732635 0.741629 0.406792 0.044412
1 0.563771 0.780729 0.062554 0.018852
2 0.640437 0.780854 0.077554 0.018876
0 0.732519 0.781629 0.406731 0.023162
1 0.563682 0.811354 0.062554 0.018852
2 0.635349 0.811471 0.067554 0.018860
0 0.732430 0.812254 0.406731 0.023162
1 0.563595 0.841354 0.062554 0.018852
2 0.623595 0.841452 0.044221 0.018822
3 0.735677 0.842260 0.158384 0.017758
0 0.732343 0.842254 0.406731 0.023162
1 0.573931 0.869496 0.083387 0.018886
2 0.654347 0.869627 0.064221 0.018854
3 0.800178 0.870490 0.205883 0.017835
0 0.732262 0.870379 0.406731 0.023162
