0 0.26666666666666666 0.120625 0.4 0.09125
0 0.26666666666666666 0.24125 0.4 0.115
0 0.26666666666666666 0.338125 0.4 0.04375
0 0.26666666666666666 0.399375 0.4 0.04375
0 0.26666666666666666 0.460625 0.4 0.04375
0 0.26666666666666666 0.521875 0.4 0.04375
0 0.26666666666666666 0.583125 0.4 0.04375
0 0.26666666666666666 0.668125 0.4 0.09125
0 0.26666666666666666 0.753125 0.4 0.04375
0 0.26666666666666666 0.85 0.4 0.115
0 0.7333333333333333 0.096875 0.4 0.04375
0 0.7333333333333333 0.158125 0.4 0.04375
0 0.7333333333333333 0.219375 0.4 0.04375
0 0.7333333333333333 0.280625 0.4 0.04375
0 0.7333333333333333 0.341875 0.4 0.04375
0 0.7333333333333333 0.403125 0.4 0.04375
0 0.7333333333333333 0.464375 0.4 0.04375
0 0.7333333333333333 0.525625 0.4 0.04375
0 0.7333333333333333 0.586875 0.4 0.04375
0 0.7333333333333333 0.671875 0.4 0.09125
0 0.7333333333333333 0.76875 0.4 0.0675
0 0.7333333333333333 0.841875 0.4 0.04375
0 0.7333333333333333 0.903125 0.4 0.04375
