1 0.100788 0.088433 0.083668 0.019603
2 0.188696 0.087531 0.079501 0.019561
3 0.342026 0.086582 0.206133 0.019611
3 0.223675 0.109049 0.253629 0.020098
0 0.259311 0.098057 0.407427 0.047919
1 0.101734 0.140303 0.083668 0.019603
2 0.191309 0.139384 0.082834 0.019595
0 0.260064 0.139303 0.407039 0.026671
1 0.102304 0.171550 0.083668 0.019603
2 0.193962 0.170610 0.087001 0.019638
3 0.351042 0.169623 0.206133 0.019611
3 0.272687 0.191679 0.348620 0.021073
3 0.273075 0.212927 0.348620 0.021073
3 0.273463 0.234175 0.348620 0.021073
3 0.136363 0.256834 0.073646 0.018251
0 0.261409 0.213047 0.408590 0.111663
1 0.083571 0.286753 0.042005 0.019176
2 0.128566 0.286292 0.035339 0.019107
3 0.304395 0.285112 0.295292 0.020526
3 0.274785 0.306668 0.348620 0.021073
3 0.275173 0.327916 0.348620 0.021073
3 0.243897 0.349489 0.285293 0.020423
0 0.263313 0.317412 0.408202 0.090415
1 0.095754 0.383512 0.062836 0.019390
2 0.154915 0.382905 0.042838 0.019184
3 0.321577 0.381820 0.269461 0.020261
3 0.260721 0.403696 0.316956 0.020748
0 0.264693 0.393030 0.407427 0.047919
1 0.096723 0.436632 0.062836 0.019390
2 0.169633 0.435884 0.070336 0.019467
3 0.294632 0.435226 0.158638 0.019123
0 0.265468 0.435526 0.407039 0.026671
1 0.097259 0.466005 0.062836 0.019390
2 0.165586 0.465303 0.061170 0.019373
3 0.309750 0.464449 0.206133 0.019611
0 0.266004 0.464898 0.407039 0.026671
1 0.097760 0.493502 0.062836 0.019390
2 0.165254 0.492809 0.059503 0.019355
3 0.332333 0.491720 0.253629 0.020098
3 0.136073 0.514986 0.063647 0.018148
0 0.266700 0.503019 0.407427 0.047919
1 0.098741 0.547247 0.062836 0.019390
2 0.156236 0.546657 0.039505 0.019150
3 0.321232 0.545589 0.269461 0.020261
3 0.137053 0.568731 0.063647 0.018148
0 0.267680 0.556764 0.407427 0.047919
1 0.089226 0.596724 0.042005 0.019176
2 0.162969 0.595968 0.092833 0.019697
3 0.299218 0.595194 0.158638 0.019123
0 0.268387 0.595511 0.407039 0.026671
1 0.100246 0.629739 0.062836 0.019390
2 0.166907 0.629055 0.057837 0.019338
3 0.333152 0.627974 0.253629 0.020098
3 0.281045 0.649761 0.348620 0.021073
3 0.281433 0.671009 0.348620 0.021073
3 0.281820 0.692257 0.348620 0.021073
3 0.123889 0.715130 0.031983 0.017823
0 0.269767 0.671129 0.408590 0.111663
1 0.112726 0.742747 0.083668 0.019603
2 0.198551 0.741866 0.075335 0.019518
3 0.357714 0.740858 0.221965 0.019773
3 0.116874 0.764581 0.016151 0.017661
0 0.271249 0.752371 0.407427 0.047919
1 0.113638 0.792742 0.083668 0.019603
2 0.184464 0.792015 0.045338 0.019210
3 0.344461 0.790998 0.253629 0.020098
3 0.125702 0.814495 0.031983 0.017823
0 0.272162 0.802366 0.407427 0.047919
1 0.104123 0.842219 0.062836 0.019390
2 0.175783 0.841484 0.067836 0.019441
3 0.339112 0.840433 0.237797 0.019936
3 0.284922 0.862241 0.348620 0.021073
3 0.285309 0.883489 0.348620 0.021073
3 0.285697 0.904737 0.348620 0.021073
3 0.286085 0.925985 0.348620 0.021073
3 0.291472 0.947182 0.358619 0.021176
3 0.176037 0.969618 0.126974 0.018798
0 0.274031 0.904857 0.409365 0.154159
1 0.541996 0.083905 0.032839 0.019082
2 0.607823 0.083230 0.086167 0.019629
3 0.788235 0.082003 0.253629 0.020098
3 0.642803 0.104748 0.158638 0.019123
0 0.725934 0.093268 0.407427 0.047919
1 0.568334 0.134265 0.083668 0.019603
2 0.650826 0.133418 0.068669 0.019449
3 0.806657 0.132444 0.221965 0.019773
3 0.738717 0.154393 0.348620 0.021073
3 0.739105 0.175641 0.348620 0.021073
3 0.739493 0.196889 0.348620 0.021073
3 0.744880 0.218086 0.358619 0.021176
3 0.692772 0.239872 0.253629 0.020098
0 0.727633 0.186385 0.408977 0.132911
1 0.570843 0.271752 0.083668 0.019603
2 0.644586 0.270995 0.051171 0.019270
3 0.799583 0.270029 0.237797 0.019936
3 0.746225 0.291829 0.358619 0.021176
3 0.741613 0.313128 0.348620 0.021073
3 0.742001 0.334376 0.348620 0.021073
3 0.742389 0.355624 0.348620 0.021073
3 0.671533 0.377603 0.206133 0.019611
0 0.730142 0.323872 0.408977 0.132911
1 0.552520 0.409453 0.042005 0.019176
2 0.625846 0.408700 0.092000 0.019689
3 0.801258 0.407525 0.237797 0.019936
3 0.672491 0.430098 0.206133 0.019611
0 0.731875 0.418863 0.407427 0.047919
1 0.574218 0.456734 0.083668 0.019603
2 0.660043 0.455854 0.075335 0.019518
3 0.819206 0.454845 0.221965 0.019773
3 0.681273 0.477513 0.221965 0.019773
0 0.732741 0.466358 0.407427 0.047919
1 0.564805 0.511836 0.062836 0.019390
2 0.626883 0.511199 0.048671 0.019244
3 0.793545 0.510114 0.263628 0.020201
3 0.745604 0.531858 0.348620 0.021073
3 0.745992 0.553106 0.348620 0.021073
3 0.746380 0.574354 0.348620 0.021073
3 0.746767 0.595602 0.348620 0.021073
3 0.747155 0.616850 0.348620 0.021073
3 0.589224 0.639722 0.031983 0.017823
0 0.734714 0.574473 0.409365 0.154159
1 0.567747 0.673071 0.062836 0.019390
2 0.625242 0.672481 0.039505 0.019150
3 0.790238 0.671413 0.269461 0.020261
3 0.748546 0.693093 0.348620 0.021073
3 0.748934 0.714341 0.348620 0.021073
3 0.749321 0.735589 0.348620 0.021073
3 0.749709 0.756837 0.348620 0.021073
3 0.686769 0.778734 0.221965 0.019773
0 0.737462 0.725084 0.408977 0.132911
1 0.570256 0.810558 0.062836 0.019390
2 0.647748 0.809763 0.079501 0.019561
3 0.816911 0.808652 0.237797 0.019936
3 0.751054 0.830580 0.348620 0.021073
3 0.703947 0.852315 0.253629 0.020098
0 0.739389 0.830699 0.407814 0.069167
1 0.571533 0.880552 0.062836 0.019390
2 0.644859 0.879799 0.071169 0.019475
3 0.809855 0.878731 0.237797 0.019936
3 0.752331 0.900573 0.348620 0.021073
3 0.752719 0.921821 0.348620 0.021073
3 0.650200 0.944125 0.142806 0.018961
0 0.740860 0.911317 0.408202 0.090415
