3 0.504438 0.039425 0.991124 0.036070
0 0.106142 0.079968 0.062862 0.019440
1 0.184050 0.080831 0.080360 0.019634
2 0.353603 0.083334 0.237819 0.020128
2 0.286108 0.103838 0.348640 0.021355
2 0.290690 0.125141 0.358639 0.021466
2 0.285272 0.146334 0.348640 0.021355
2 0.253190 0.167231 0.285313 0.020654
0 0.114294 0.195071 0.083693 0.019671
1 0.190119 0.195911 0.055363 0.019357
0 0.103337 0.222453 0.062862 0.019440
1 0.189161 0.223403 0.096192 0.019809
2 0.358713 0.225906 0.221987 0.019953
2 0.124987 0.244570 0.032008 0.017849
0 0.087391 0.270406 0.032866 0.019108
1 0.141969 0.271011 0.063696 0.019449
2 0.271526 0.273070 0.174492 0.019427
0 0.101701 0.305569 0.062862 0.019440
1 0.190441 0.306551 0.102025 0.019874
2 0.354994 0.308999 0.206155 0.019777
2 0.194593 0.328475 0.174492 0.019427
0 0.090252 0.357947 0.042031 0.019209
1 0.141913 0.358520 0.048697 0.019283
2 0.319381 0.361110 0.285313 0.020654
2 0.130233 0.380268 0.047839 0.018024
0 0.110111 0.407548 0.083693 0.019671
1 0.203434 0.408581 0.090359 0.019745
2 0.362154 0.410964 0.206155 0.019777
2 0.129261 0.429637 0.047839 0.018024
0 0.098649 0.460552 0.062862 0.019440
1 0.158226 0.461211 0.043698 0.019228
0 0.087545 0.495432 0.042031 0.019209
1 0.152954 0.496157 0.076194 0.019588
2 0.328340 0.498724 0.253650 0.020303
2 0.282926 0.519473 0.358639 0.021466
2 0.277509 0.540666 0.348640 0.021355
2 0.261259 0.561738 0.316977 0.021004
0 0.085638 0.592297 0.042031 0.019209
1 0.158963 0.593109 0.092026 0.019763
2 0.334349 0.595676 0.237819 0.020128
2 0.181030 0.615231 0.158661 0.019251
0 0.084518 0.649166 0.042031 0.019209
1 0.156594 0.649964 0.089526 0.019735
2 0.267403 0.651816 0.111166 0.018725
0 0.104771 0.678768 0.083693 0.019671
1 0.192262 0.679737 0.078694 0.019615
2 0.345149 0.682055 0.206155 0.019777
2 0.276405 0.702546 0.352806 0.021401
2 0.273904 0.723771 0.348640 0.021355
2 0.278485 0.745074 0.358639 0.021466
2 0.278067 0.766322 0.358639 0.021466
2 0.145996 0.786111 0.095334 0.018550
0 0.091600 0.818638 0.062862 0.019440
1 0.177840 0.819593 0.097025 0.019818
0 0.086340 0.852958 0.053697 0.019339
1 0.158416 0.853756 0.077861 0.019606
2 0.326718 0.856245 0.237819 0.020128
2 0.270889 0.876879 0.348640 0.021355
2 0.270471 0.898127 0.348640 0.021355
2 0.135484 0.917884 0.079503 0.018375
0 0.562342 0.085020 0.042031 0.019209
1 0.612337 0.085574 0.045364 0.019246
2 0.788139 0.088146 0.285313 0.020654
2 0.757724 0.109061 0.358639 0.021466
2 0.752306 0.130253 0.348640 0.021355
2 0.751888 0.151501 0.348640 0.021355
2 0.624817 0.171346 0.095334 0.018550
0 0.560103 0.198758 0.042031 0.019209
1 0.626346 0.199491 0.077861 0.019606
2 0.802564 0.202068 0.253650 0.020303
2 0.655495 0.221691 0.158661 0.019251
0 0.559045 0.252502 0.042031 0.019209
1 0.611123 0.253079 0.049530 0.019292
2 0.789008 0.255674 0.285313 0.020654
2 0.583195 0.274647 0.016176 0.017673
0 0.557987 0.306246 0.042031 0.019209
1 0.608815 0.306809 0.047031 0.019265
2 0.785450 0.309390 0.285313 0.020654
2 0.590053 0.328478 0.032008 0.017849
0 0.556954 0.358740 0.042031 0.019209
1 0.618614 0.359423 0.068695 0.019505
2 0.798165 0.362036 0.269482 0.020479
2 0.628598 0.381411 0.111166 0.018725
0 0.566286 0.413850 0.062862 0.019440
1 0.646278 0.414735 0.084527 0.019680
2 0.778334 0.416823 0.158661 0.019251
0 0.565671 0.445096 0.062862 0.019440
1 0.628998 0.445797 0.051197 0.019311
2 0.799800 0.448314 0.269482 0.020479
2 0.745638 0.468967 0.348640 0.021355
2 0.745219 0.490214 0.348640 0.021355
2 0.744801 0.511462 0.348640 0.021355
2 0.688972 0.532096 0.237819 0.020128
0 0.563309 0.565083 0.062862 0.019440
1 0.633301 0.565858 0.064529 0.019458
2 0.802854 0.568361 0.253650 0.020303
2 0.632454 0.587726 0.126997 0.018901
0 0.551860 0.617462 0.042031 0.019209
1 0.616436 0.618177 0.074528 0.019569
2 0.775157 0.620560 0.221987 0.019953
0 0.561685 0.647574 0.062862 0.019440
1 0.635427 0.648391 0.072028 0.019542
2 0.800813 0.650847 0.237819 0.020128
2 0.741651 0.671444 0.348640 0.021355
2 0.741233 0.692692 0.348640 0.021355
2 0.740815 0.713940 0.348640 0.021355
2 0.669154 0.734399 0.206155 0.019777
0 0.559360 0.765686 0.062862 0.019440
1 0.632685 0.766498 0.071195 0.019532
2 0.750160 0.768424 0.142829 0.019076
0 0.554211 0.794382 0.053697 0.019339
1 0.622120 0.795134 0.069528 0.019514
2 0.791256 0.797632 0.247818 0.020239
2 0.738760 0.818303 0.348640 0.021355
2 0.738342 0.839551 0.348640 0.021355
2 0.737924 0.860799 0.348640 0.021355
2 0.737505 0.882046 0.348640 0.021355
2 0.737087 0.903294 0.348640 0.021355
2 0.736669 0.924542 0.348640 0.021355
2 0.593766 0.944212 0.063671 0.018199
