1 0.100554 0.077264 0.042239 0.019475
2 0.155539 0.078227 0.055569 0.019708
3 0.336303 0.082019 0.285467 0.022487
3 0.124449 0.099563 0.016374 0.017773
0 0.279321 0.091649 0.407918 0.050861
1 0.119863 0.126365 0.083894 0.020204
2 0.207756 0.127905 0.079729 0.020131
3 0.361028 0.131215 0.206322 0.021100
3 0.294135 0.151299 0.358781 0.023771
3 0.288474 0.172456 0.348783 0.023596
3 0.161181 0.191482 0.095519 0.019159
0 0.277142 0.161629 0.409241 0.093349
1 0.106550 0.219282 0.063067 0.019840
2 0.174448 0.220472 0.060567 0.019796
0 0.275235 0.222863 0.407256 0.029616
1 0.095144 0.250966 0.042239 0.019475
2 0.163458 0.252163 0.082228 0.020175
3 0.341724 0.255911 0.253809 0.021932
3 0.214013 0.274930 0.206322 0.021100
0 0.273911 0.265351 0.407918 0.050861
1 0.099496 0.298555 0.053903 0.019679
2 0.178642 0.299942 0.092225 0.020350
0 0.272763 0.302216 0.407256 0.029616
1 0.113656 0.325686 0.083894 0.020204
2 0.189468 0.327014 0.055569 0.019708
3 0.346489 0.330390 0.237980 0.021655
3 0.287927 0.350620 0.358781 0.023771
3 0.282266 0.371777 0.348783 0.023596
3 0.281605 0.393021 0.348783 0.023596
3 0.280943 0.414265 0.348783 0.023596
3 0.256538 0.435093 0.301296 0.022764
0 0.270272 0.382194 0.410565 0.135837
1 0.098863 0.466090 0.063067 0.019840
2 0.168844 0.467316 0.064733 0.019869
0 0.267548 0.469670 0.407256 0.029616
1 0.097793 0.500456 0.063067 0.019840
2 0.169440 0.501711 0.068065 0.019927
3 0.332709 0.505196 0.237980 0.021655
3 0.277479 0.525485 0.348783 0.023596
3 0.276817 0.546729 0.348783 0.023596
3 0.276156 0.567973 0.348783 0.023596
3 0.267580 0.589079 0.332954 0.023319
0 0.265154 0.546525 0.409903 0.114593
1 0.094251 0.614175 0.063067 0.019840
2 0.167564 0.615459 0.071398 0.019985
3 0.332500 0.618974 0.237980 0.021655
3 0.131476 0.636708 0.063861 0.018604
0 0.262605 0.628377 0.407918 0.050861
1 0.102952 0.669342 0.083894 0.020204
2 0.185013 0.670780 0.068065 0.019927
3 0.340368 0.674127 0.222151 0.021378
3 0.153507 0.692109 0.111348 0.019436
0 0.260892 0.683362 0.407918 0.050861
1 0.101415 0.718704 0.083894 0.020204
2 0.178061 0.720046 0.057235 0.019737
3 0.320086 0.723160 0.206322 0.021100
0 0.259686 0.722102 0.407256 0.029616
1 0.079731 0.745831 0.042239 0.019475
2 0.145963 0.746992 0.078063 0.020102
3 0.322145 0.750703 0.253809 0.021932
3 0.119456 0.768408 0.048032 0.018327
0 0.258499 0.760216 0.407918 0.050861
1 0.094264 0.801101 0.074730 0.020044
2 0.166744 0.802371 0.058068 0.019752
3 0.301271 0.805353 0.190493 0.020823
0 0.257117 0.804579 0.407256 0.029616
1 0.087596 0.827866 0.063067 0.019840
2 0.150495 0.828968 0.050570 0.019621
3 0.320846 0.832578 0.269638 0.022210
3 0.101077 0.849984 0.016374 0.017773
0 0.255949 0.842069 0.407918 0.050861
1 0.085883 0.882851 0.063067 0.019840
2 0.165445 0.884245 0.083894 0.020204
3 0.328714 0.887731 0.222151 0.021378
3 0.115194 0.905246 0.048032 0.018327
0 0.254237 0.897054 0.407918 0.050861
1 0.567093 0.085437 0.042239 0.019475
2 0.626244 0.086473 0.063900 0.019854
3 0.803259 0.090200 0.269638 0.022210
3 0.670134 0.109123 0.174664 0.020546
0 0.745861 0.099822 0.407918 0.050861
1 0.575950 0.135606 0.063067 0.019840
2 0.638850 0.136708 0.050570 0.019621
3 0.737970 0.139069 0.127177 0.019714
0 0.744635 0.139186 0.407256 0.029616
1 0.585352 0.168279 0.083894 0.020204
2 0.663247 0.169644 0.059734 0.019781
3 0.822351 0.173057 0.237980 0.021655
3 0.754624 0.193126 0.348783 0.023596
3 0.698561 0.213400 0.237980 0.021655
0 0.742961 0.192922 0.408580 0.072105
1 0.572797 0.236828 0.063067 0.019840
2 0.641529 0.238032 0.062234 0.019825
3 0.809797 0.241605 0.253809 0.021932
3 0.649595 0.260055 0.143006 0.019991
0 0.741151 0.251031 0.407918 0.050861
1 0.571260 0.286190 0.063067 0.019840
2 0.649572 0.287562 0.081395 0.020161
0 0.739945 0.289770 0.407256 0.029616
1 0.570365 0.314932 0.063067 0.019840
2 0.649093 0.316311 0.082228 0.020175
0 0.739049 0.318512 0.407256 0.029616
1 0.579786 0.346981 0.083894 0.020204
2 0.653933 0.348280 0.052236 0.019650
3 0.809288 0.351627 0.237980 0.021655
3 0.754057 0.371915 0.358781 0.023771
3 0.748397 0.393071 0.348783 0.023596
3 0.747735 0.414316 0.348783 0.023596
3 0.747074 0.435560 0.348783 0.023596
3 0.746412 0.456804 0.348783 0.023596
3 0.750749 0.478136 0.358781 0.023771
3 0.634286 0.497351 0.127177 0.019714
0 0.735741 0.424733 0.411888 0.178326
1 0.574104 0.529431 0.083894 0.020204
2 0.663246 0.530993 0.082228 0.020175
3 0.817768 0.534325 0.206322 0.021100
3 0.585086 0.551504 0.032203 0.018050
0 0.732044 0.543451 0.407918 0.050861
1 0.562114 0.579860 0.063067 0.019840
2 0.647091 0.581348 0.094725 0.020394
3 0.815775 0.584929 0.222151 0.021378
3 0.741800 0.604889 0.348783 0.023596
3 0.741138 0.626133 0.348783 0.023596
3 0.740477 0.647377 0.348783 0.023596
3 0.744814 0.668709 0.358781 0.023771
3 0.744152 0.689953 0.358781 0.023771
3 0.683090 0.710139 0.237980 0.021655
0 0.728813 0.647173 0.411226 0.157082
1 0.567721 0.734375 0.083894 0.020204
2 0.653114 0.735871 0.074730 0.020044
3 0.811801 0.739276 0.222151 0.021378
3 0.697421 0.758528 0.269638 0.022210
0 0.725661 0.748395 0.407918 0.050861
1 0.545278 0.785871 0.042239 0.019475
2 0.605678 0.786929 0.066399 0.019898
3 0.783943 0.790677 0.269638 0.022210
3 0.569173 0.808171 0.016374 0.017773
0 0.724045 0.800256 0.407918 0.050861
1 0.554213 0.833540 0.063067 0.019840
2 0.630442 0.834876 0.077230 0.020088
3 0.750806 0.837610 0.143006 0.019991
0 0.722897 0.837121 0.407256 0.029616
1 0.542768 0.866474 0.042239 0.019475
2 0.607333 0.867605 0.074730 0.020044
3 0.786848 0.871375 0.263806 0.022107
3 0.732868 0.891685 0.348783 0.023596
3 0.566001 0.910018 0.016374 0.017773
0 0.721204 0.891481 0.408580 0.072105
