3 0.493781 0.039473 0.987562 0.040473
0 0.086565 0.090687 0.063003 0.019713
1 0.171547 0.089372 0.094663 0.020204
0 0.097943 0.125518 0.083832 0.020036
1 0.175010 0.124325 0.058004 0.019636
2 0.309582 0.122867 0.190441 0.020437
0 0.098803 0.156762 0.083832 0.020036
1 0.177120 0.155549 0.060503 0.019675
2 0.336686 0.153704 0.237931 0.021172
2 0.269369 0.176001 0.348741 0.022888
2 0.269953 0.197246 0.348741 0.022888
2 0.275537 0.218414 0.358739 0.023043
2 0.191973 0.240963 0.190441 0.020437
0 0.087074 0.275719 0.053838 0.019572
1 0.164974 0.274513 0.089664 0.020126
2 0.315376 0.272809 0.190441 0.020437
0 0.092482 0.305641 0.063003 0.019713
1 0.154135 0.304687 0.048006 0.019481
2 0.323283 0.302693 0.269591 0.021663
2 0.154737 0.326557 0.111291 0.019212
0 0.093961 0.359380 0.063003 0.019713
1 0.160197 0.358354 0.057171 0.019623
2 0.246862 0.357638 0.095461 0.018967
0 0.094821 0.390623 0.063003 0.019713
1 0.170638 0.389449 0.076333 0.019920
0 0.095560 0.417493 0.063003 0.019713
1 0.155964 0.416557 0.045506 0.019443
2 0.292202 0.415073 0.206271 0.020682
0 0.106869 0.449824 0.083832 0.020036
1 0.182686 0.448651 0.055504 0.019597
2 0.292263 0.447579 0.142951 0.019702
0 0.097280 0.479979 0.063003 0.019713
1 0.155601 0.479076 0.041341 0.019378
2 0.321416 0.477134 0.269591 0.021663
2 0.175365 0.500650 0.142951 0.019702
0 0.088241 0.530130 0.042174 0.019391
1 0.141147 0.529311 0.051338 0.019533
0 0.109879 0.559176 0.083832 0.020036
1 0.207358 0.557667 0.098828 0.020268
2 0.362342 0.555893 0.190441 0.020437
2 0.256699 0.578783 0.301251 0.022153
0 0.100960 0.613701 0.063003 0.019713
1 0.187609 0.612359 0.097995 0.020255
2 0.315515 0.611004 0.137119 0.019612
0 0.101734 0.641820 0.063003 0.019713
1 0.161722 0.640891 0.044673 0.019430
2 0.329203 0.638923 0.269591 0.021663
2 0.282715 0.660898 0.348741 0.022888
2 0.283299 0.682143 0.348741 0.022888
2 0.283884 0.703388 0.348741 0.022888
2 0.284469 0.724634 0.348741 0.022888
2 0.118839 0.748453 0.016312 0.017741
0 0.105380 0.774292 0.063003 0.019713
1 0.194528 0.772911 0.102994 0.020333
2 0.359510 0.770982 0.206271 0.020682
2 0.291360 0.793292 0.358739 0.023043
2 0.286945 0.814615 0.348741 0.022888
2 0.287530 0.835860 0.348741 0.022888
2 0.288115 0.857106 0.348741 0.022888
2 0.288700 0.878351 0.348741 0.022888
2 0.289284 0.899597 0.348741 0.022888
2 0.139484 0.923170 0.047971 0.018232
0 0.563547 0.083303 0.083832 0.020036
1 0.657694 0.081845 0.092163 0.020165
2 0.817260 0.080000 0.206271 0.020682
2 0.702453 0.103032 0.285421 0.021908
0 0.554681 0.139702 0.063003 0.019713
1 0.627582 0.138573 0.070501 0.019830
2 0.792147 0.136651 0.237931 0.021172
2 0.735661 0.158780 0.348741 0.022888
2 0.736245 0.180025 0.348741 0.022888
2 0.736830 0.201271 0.348741 0.022888
2 0.642435 0.223987 0.158781 0.019947
0 0.547482 0.256713 0.042174 0.019391
1 0.619550 0.255597 0.089664 0.020126
2 0.793697 0.253527 0.237931 0.021172
2 0.738877 0.275630 0.348741 0.022888
2 0.739462 0.296875 0.348741 0.022888
2 0.740046 0.318121 0.348741 0.022888
2 0.685226 0.340224 0.237931 0.021172
0 0.571476 0.371366 0.083832 0.020036
1 0.651459 0.370128 0.063836 0.019726
2 0.788946 0.368625 0.190441 0.020437
0 0.551489 0.402307 0.042174 0.019391
1 0.601895 0.401527 0.046340 0.019455
2 0.778125 0.399424 0.285421 0.021908
2 0.584584 0.423675 0.032141 0.017986
0 0.552917 0.454171 0.042174 0.019391
1 0.602906 0.453397 0.045506 0.019443
2 0.778719 0.451300 0.285421 0.021908
2 0.744311 0.473088 0.348741 0.022888
2 0.744896 0.494333 0.348741 0.022888
2 0.750480 0.515501 0.358739 0.023043
2 0.751065 0.536747 0.358739 0.023043
2 0.746650 0.558070 0.348741 0.022888
2 0.604766 0.581521 0.063801 0.018477
0 0.577994 0.608191 0.083832 0.020036
1 0.657560 0.606959 0.063003 0.019713
0 0.568560 0.643969 0.063003 0.019713
1 0.636462 0.642918 0.060503 0.019675
2 0.803943 0.640950 0.253761 0.021417
2 0.709965 0.663660 0.269591 0.021663
0 0.559504 0.693495 0.042174 0.019391
1 0.625323 0.692476 0.077166 0.019933
2 0.801136 0.690379 0.253761 0.021417
2 0.750898 0.712412 0.348741 0.022888
2 0.751483 0.733657 0.348741 0.022888
2 0.752068 0.754903 0.348741 0.022888
2 0.752653 0.776148 0.348741 0.022888
2 0.753237 0.797394 0.348741 0.022888
2 0.753822 0.818639 0.348741 0.022888
2 0.754407 0.839885 0.348741 0.022888
2 0.667927 0.862478 0.174611 0.020192
0 0.565024 0.894077 0.042174 0.019391
1 0.630011 0.893071 0.075500 0.019907
2 0.809990 0.890910 0.263759 0.021572
2 0.756419 0.912994 0.348741 0.022888
2 0.757004 0.934239 0.348741 0.022888
2 0.757589 0.955485 0.348741 0.022888
2 0.623619 0.978814 0.079631 0.018722
