0 0.26666666666666666 0.096875 0.4 0.04375
0 0.26666666666666666 0.158125 0.4 0.04375
0 0.26666666666666666 0.266875 0.4 0.13875
0 0.26666666666666666 0.375625 0.4 0.04375
0 0.26666666666666666 0.436875 0.4 0.04375
0 0.26666666666666666 0.498125 0.4 0.04375
0 0.26666666666666666 0.61875 0.4 0.1625
0 0.26666666666666666 0.739375 0.4 0.04375
0 0.26666666666666666 0.800625 0.4 0.04375
0 0.26666666666666666 0.8975 0.4 0.115
0 0.7333333333333333 0.096875 0.4 0.04375
0 0.7333333333333333 0.158125 0.4 0.04375
0 0.7333333333333333 0.27875 0.4 0.1625
0 0.7333333333333333 0.399375 0.4 0.04375
0 0.7333333333333333 0.484375 0.4 0.09125
0 0.7333333333333333 0.569375 0.4 0.04375
0 0.7333333333333333 0.630625 0.4 0.04375
0 0.7333333333333333 0.691875 0.4 0.04375
0 0.7333333333333333 0.753125 0.4 0.04375
0 0.7333333333333333 0.814375 0.4 0.04375
0 0.7333333333333333 0.935 0.4 0.1625
