1 0.101969 0.082187 0.062681 0.019091
2 0.179467 0.082611 0.079347 0.019183
3 0.348623 0.084161 0.237664 0.018799
3 0.282168 0.105048 0.348494 0.019405
3 0.281961 0.126297 0.348494 0.019405
3 0.281755 0.147547 0.348494 0.019405
3 0.281548 0.168796 0.348494 0.019405
3 0.146762 0.189310 0.079335 0.017933
0 0.270192 0.136858 0.407908 0.130971
1 0.090179 0.223376 0.041848 0.018977
2 0.146844 0.223686 0.058514 0.019069
3 0.321417 0.225266 0.269330 0.018972
3 0.138298 0.245515 0.063502 0.017846
0 0.269231 0.235606 0.407081 0.045973
1 0.110465 0.279739 0.083513 0.019205
2 0.197546 0.280215 0.077680 0.019173
3 0.355035 0.281701 0.215998 0.018680
3 0.285247 0.302570 0.358494 0.019459
3 0.280041 0.323792 0.348494 0.019405
3 0.279834 0.345042 0.348494 0.019405
3 0.284627 0.366318 0.358494 0.019459
3 0.129008 0.386718 0.047669 0.017759
0 0.268271 0.334353 0.407908 0.130971
1 0.088325 0.413996 0.041848 0.018977
2 0.152074 0.414345 0.072680 0.019146
3 0.325813 0.415920 0.253497 0.018885
3 0.252275 0.436768 0.295162 0.019113
0 0.267378 0.426226 0.407081 0.045973
1 0.098231 0.466552 0.062681 0.019091
2 0.168229 0.466934 0.064347 0.019100
0 0.266971 0.468100 0.406875 0.024724
1 0.097891 0.501551 0.062681 0.019091
2 0.158723 0.501883 0.046014 0.019000
3 0.327045 0.503429 0.269330 0.018972
3 0.143510 0.523676 0.079335 0.017933
0 0.266527 0.513723 0.407081 0.045973
1 0.097399 0.552174 0.062681 0.019091
2 0.162814 0.552532 0.055181 0.019050
3 0.327803 0.554060 0.253497 0.018885
3 0.277598 0.575036 0.348494 0.019405
3 0.277391 0.596285 0.348494 0.019405
3 0.277185 0.617534 0.348494 0.019405
3 0.276978 0.638784 0.348494 0.019405
3 0.281771 0.660061 0.358494 0.019459
3 0.197400 0.680850 0.190165 0.018539
0 0.265518 0.617471 0.408114 0.152220
1 0.085439 0.710863 0.041848 0.018977
2 0.153770 0.711237 0.081847 0.019196
3 0.313343 0.712735 0.215998 0.018680
0 0.264594 0.712468 0.406875 0.024724
1 0.105955 0.743476 0.083513 0.019205
2 0.194286 0.743959 0.080180 0.019187
0 0.264278 0.744967 0.406875 0.024724
1 0.090682 0.771518 0.053514 0.019041
2 0.151514 0.771851 0.055181 0.019050
3 0.324420 0.773422 0.269330 0.018972
3 0.275465 0.794405 0.348494 0.019405
3 0.280258 0.815681 0.358494 0.019459
3 0.275051 0.836904 0.348494 0.019405
3 0.235262 0.857937 0.269330 0.018972
0 0.263592 0.815590 0.407701 0.109721
1 0.083688 0.890858 0.041848 0.018977
2 0.144520 0.891191 0.066847 0.019114
3 0.323259 0.892794 0.269330 0.018972
3 0.274304 0.913777 0.348494 0.019405
3 0.274097 0.935026 0.348494 0.019405
3 0.163060 0.955669 0.126833 0.018192
0 0.262534 0.924337 0.407495 0.088472
1 0.558207 0.084682 0.041848 0.018977
2 0.624038 0.085042 0.076847 0.019169
3 0.760279 0.086413 0.174332 0.018452
0 0.737362 0.086287 0.406875 0.024724
1 0.568356 0.112239 0.062681 0.019091
2 0.642937 0.112647 0.073514 0.019151
3 0.806260 0.114165 0.231831 0.018767
3 0.645641 0.134537 0.142666 0.018279
0 0.736992 0.124411 0.407081 0.045973
1 0.557398 0.167805 0.041848 0.018977
2 0.605314 0.168067 0.041015 0.018973
3 0.784053 0.169670 0.295162 0.019113
3 0.581768 0.189814 0.016003 0.017586
0 0.736451 0.180035 0.407081 0.045973
1 0.577739 0.218543 0.083513 0.019205
2 0.662320 0.219005 0.072680 0.019146
3 0.820226 0.220494 0.221831 0.018712
3 0.605025 0.240568 0.063502 0.017846
0 0.735959 0.230658 0.407081 0.045973
1 0.556396 0.270927 0.041848 0.018977
2 0.617644 0.271262 0.067681 0.019119
3 0.796800 0.272867 0.269330 0.018972
3 0.747011 0.293846 0.348494 0.019405
3 0.746805 0.315095 0.348494 0.019405
3 0.699099 0.336085 0.253497 0.018885
0 0.735241 0.304406 0.407495 0.088472
1 0.576268 0.369789 0.083513 0.019205
2 0.648766 0.370185 0.048514 0.019014
0 0.734591 0.371280 0.406875 0.024724
1 0.565505 0.405356 0.062681 0.019091
2 0.635087 0.405736 0.063514 0.019096
3 0.804243 0.407287 0.253497 0.018885
3 0.745705 0.428217 0.348494 0.019405
3 0.745498 0.449466 0.348494 0.019405
3 0.745291 0.470716 0.348494 0.019405
3 0.745085 0.491965 0.348494 0.019405
3 0.744878 0.513215 0.348494 0.019405
3 0.744671 0.534464 0.348494 0.019405
3 0.712799 0.555540 0.285163 0.019058
0 0.733522 0.481277 0.408321 0.173470
1 0.563743 0.586601 0.062681 0.019091
2 0.629991 0.586963 0.056847 0.019059
3 0.779981 0.588409 0.221831 0.018712
0 0.732482 0.588149 0.406875 0.024724
1 0.552998 0.620293 0.041848 0.018977
2 0.605914 0.620583 0.051014 0.019028
3 0.760903 0.622055 0.237664 0.018799
0 0.732154 0.621898 0.406875 0.024724
1 0.573491 0.655406 0.083513 0.019205
2 0.658905 0.655873 0.074347 0.019155
3 0.817645 0.657367 0.221831 0.018712
3 0.748273 0.678238 0.358494 0.019459
3 0.743067 0.699460 0.348494 0.019405
3 0.742860 0.720709 0.348494 0.019405
3 0.742654 0.741959 0.348494 0.019405
3 0.747447 0.763235 0.358494 0.019459
3 0.742240 0.784458 0.348494 0.019405
3 0.599538 0.804928 0.063502 0.017846
0 0.731091 0.731270 0.408321 0.173470
1 0.550883 0.837787 0.041848 0.018977
2 0.597966 0.838045 0.039348 0.018964
0 0.730039 0.839392 0.406875 0.024724
1 0.571388 0.871650 0.083513 0.019205
2 0.648886 0.872074 0.058514 0.019069
3 0.768043 0.873351 0.158499 0.018366
0 0.729711 0.873141 0.406875 0.024724
