1 0.103379 0.081433 0.062743 0.019210
2 0.188375 0.082059 0.094408 0.019443
3 0.354192 0.083906 0.216052 0.019089
3 0.288500 0.104673 0.358545 0.020139
3 0.288222 0.125922 0.358545 0.020139
3 0.282944 0.147134 0.348546 0.020065
3 0.251001 0.168150 0.285215 0.019599
0 0.271556 0.125799 0.408055 0.110491
1 0.112330 0.193379 0.083575 0.019363
2 0.189410 0.193947 0.057743 0.019173
3 0.344811 0.195717 0.231885 0.019206
3 0.218705 0.216039 0.221885 0.019132
0 0.270509 0.205795 0.407220 0.046744
1 0.111626 0.247127 0.083575 0.019363
2 0.179123 0.247624 0.038577 0.019031
3 0.335774 0.249403 0.253550 0.019365
3 0.123006 0.269087 0.031894 0.017732
0 0.269805 0.259543 0.407220 0.046744
1 0.110980 0.296499 0.083575 0.019363
2 0.202225 0.297172 0.086075 0.019381
3 0.358876 0.298951 0.206053 0.019015
3 0.122359 0.318459 0.031894 0.017732
0 0.269158 0.308915 0.407220 0.046744
1 0.110268 0.350872 0.083575 0.019363
2 0.189430 0.351455 0.061909 0.019203
3 0.349831 0.353262 0.237718 0.019249
3 0.279973 0.373998 0.348546 0.020065
3 0.279695 0.395247 0.348546 0.020065
3 0.216086 0.416029 0.221885 0.019132
0 0.268168 0.384537 0.407777 0.089242
1 0.088257 0.440714 0.041910 0.019056
2 0.145754 0.441138 0.060243 0.019191
3 0.265740 0.442647 0.158555 0.018666
0 0.267406 0.442659 0.406942 0.025495
1 0.087839 0.472587 0.041910 0.019056
2 0.138253 0.472959 0.046077 0.019087
0 0.266989 0.474532 0.406942 0.025495
1 0.097838 0.504538 0.062743 0.019210
2 0.169084 0.505062 0.066909 0.019240
3 0.339901 0.506946 0.253550 0.019365
3 0.282959 0.527777 0.358545 0.020139
3 0.277681 0.548990 0.348546 0.020065
3 0.166575 0.569422 0.126890 0.018432
0 0.266154 0.538279 0.407777 0.089242
1 0.086169 0.600081 0.041910 0.019056
2 0.152416 0.600569 0.077742 0.019320
3 0.328649 0.602493 0.253550 0.019365
3 0.276707 0.623361 0.348546 0.020065
3 0.268512 0.644552 0.332713 0.019949
0 0.265041 0.623275 0.407498 0.067993
1 0.106003 0.676481 0.083575 0.019363
2 0.185583 0.677067 0.062743 0.019210
3 0.338484 0.678819 0.221885 0.019132
3 0.133215 0.698558 0.063559 0.017966
0 0.264181 0.688897 0.407220 0.046744
1 0.084540 0.724450 0.041910 0.019056
2 0.139954 0.724859 0.056076 0.019160
3 0.321188 0.726819 0.285215 0.019599
3 0.140501 0.746739 0.079392 0.018082
0 0.263551 0.737020 0.407220 0.046744
1 0.094228 0.780149 0.062743 0.019210
2 0.157558 0.780616 0.051076 0.019124
3 0.328375 0.782499 0.269383 0.019482
3 0.279349 0.803389 0.358545 0.020139
3 0.279071 0.824638 0.358545 0.020139
3 0.278793 0.845887 0.358545 0.020139
3 0.273515 0.867099 0.348546 0.020065
3 0.273236 0.888348 0.348546 0.020065
3 0.272958 0.909597 0.348546 0.020065
3 0.241015 0.930613 0.285215 0.019599
0 0.261988 0.856389 0.408890 0.174238
1 0.570023 0.084871 0.062743 0.019210
2 0.648353 0.085448 0.081075 0.019345
3 0.810420 0.087267 0.221885 0.019132
0 0.738757 0.086739 0.406942 0.025495
1 0.580022 0.116821 0.083575 0.019363
2 0.674184 0.117515 0.091908 0.019424
3 0.833752 0.119315 0.206053 0.019015
3 0.694313 0.139539 0.237718 0.019249
0 0.738200 0.129237 0.407220 0.046744
1 0.564278 0.173583 0.053576 0.019142
2 0.639691 0.174138 0.084408 0.019369
3 0.811341 0.176028 0.237718 0.019249
0 0.737595 0.175485 0.406942 0.025495
1 0.558003 0.207288 0.041910 0.019056
2 0.609667 0.207669 0.048577 0.019105
0 0.737153 0.209233 0.406942 0.025495
1 0.557569 0.240412 0.041910 0.019056
2 0.627982 0.240930 0.086075 0.019381
3 0.808382 0.242884 0.253550 0.019365
3 0.645195 0.262933 0.142722 0.018549
0 0.736580 0.252981 0.407220 0.046744
1 0.567322 0.291111 0.062743 0.019210
2 0.637736 0.291630 0.065242 0.019228
3 0.807719 0.293507 0.253550 0.019365
3 0.628699 0.313439 0.111057 0.018316
0 0.735917 0.303603 0.407220 0.046744
1 0.566643 0.342983 0.062743 0.019210
2 0.629557 0.343447 0.050243 0.019117
3 0.792040 0.345269 0.253550 0.019365
0 0.735377 0.344851 0.406942 0.025495
1 0.566250 0.372982 0.062743 0.019210
2 0.638746 0.373516 0.069409 0.019259
3 0.763316 0.375059 0.158555 0.018666
0 0.734984 0.374850 0.406942 0.025495
1 0.555449 0.402279 0.041910 0.019056
2 0.615863 0.402724 0.066076 0.019234
3 0.794179 0.404663 0.269383 0.019482
3 0.579745 0.424334 0.016062 0.017616
0 0.734460 0.414848 0.407220 0.046744
1 0.565194 0.453603 0.062743 0.019210
2 0.634774 0.454116 0.063576 0.019216
3 0.803924 0.455987 0.253550 0.019365
3 0.745316 0.476806 0.348546 0.020065
3 0.750037 0.498092 0.358545 0.020139
3 0.744759 0.519304 0.348546 0.020065
3 0.712816 0.540320 0.285215 0.019599
0 0.733371 0.497969 0.408055 0.110491
1 0.553247 0.570396 0.041910 0.019056
2 0.619077 0.570881 0.076909 0.019314
3 0.786978 0.572743 0.237718 0.019249
0 0.732397 0.572340 0.406942 0.025495
1 0.573695 0.599923 0.083575 0.019363
2 0.650775 0.600491 0.057743 0.019173
3 0.809092 0.602282 0.237718 0.019249
3 0.600907 0.621999 0.063559 0.017966
0 0.731873 0.612339 0.407220 0.046744
1 0.562632 0.649219 0.062743 0.019210
2 0.639712 0.649786 0.078575 0.019326
3 0.808445 0.651655 0.237718 0.019249
3 0.624009 0.671547 0.111057 0.018316
0 0.731227 0.661711 0.407220 0.046744
1 0.551471 0.706014 0.041910 0.019056
2 0.623551 0.706545 0.089408 0.019406
0 0.730621 0.707959 0.406942 0.025495
1 0.571919 0.735541 0.083575 0.019363
2 0.661914 0.736204 0.083575 0.019363
3 0.817315 0.737974 0.206053 0.019015
3 0.638712 0.757909 0.142722 0.018549
0 0.730097 0.747957 0.407220 0.046744
1 0.550399 0.787885 0.041910 0.019056
2 0.605396 0.788290 0.055243 0.019154
3 0.786213 0.790247 0.285215 0.019599
3 0.740937 0.811165 0.348546 0.020065
3 0.745658 0.832451 0.358545 0.020139
3 0.740380 0.853663 0.348546 0.020065
3 0.692604 0.874562 0.253550 0.019365
0 0.728992 0.832328 0.408055 0.110491
