3 0.504865 0.031934 0.990271 0.036930
0 0.117200 0.079754 0.083721 0.019742
1 0.198857 0.080728 0.067056 0.019543
0 0.095627 0.114501 0.042059 0.019245
1 0.149370 0.115142 0.052891 0.019374
2 0.321002 0.117816 0.269504 0.020710
0 0.105419 0.143996 0.062890 0.019493
1 0.169578 0.144762 0.052891 0.019374
2 0.333294 0.147341 0.253673 0.020521
2 0.277433 0.167927 0.332829 0.021466
0 0.114694 0.197864 0.083721 0.019742
1 0.185935 0.198714 0.046225 0.019295
2 0.346318 0.201253 0.253673 0.020521
2 0.284209 0.221765 0.348660 0.021655
2 0.283758 0.243012 0.348660 0.021655
2 0.283307 0.264259 0.348660 0.021655
2 0.282856 0.285507 0.348660 0.021655
2 0.282405 0.306754 0.348660 0.021655
2 0.281955 0.328001 0.348660 0.021655
2 0.265672 0.349060 0.316998 0.021277
0 0.100367 0.382091 0.062890 0.019493
1 0.178274 0.383021 0.080388 0.019702
2 0.347823 0.385670 0.237841 0.020332
2 0.240719 0.405644 0.269504 0.020710
0 0.099201 0.437084 0.062890 0.019493
1 0.174191 0.437979 0.074555 0.019633
2 0.301245 0.440121 0.158685 0.019387
0 0.098551 0.467705 0.062890 0.019493
1 0.174375 0.468610 0.076222 0.019653
2 0.331008 0.471105 0.216177 0.020073
0 0.097861 0.500201 0.062890 0.019493
1 0.182434 0.501211 0.093719 0.019861
2 0.342817 0.503750 0.206179 0.019954
0 0.107521 0.535946 0.083721 0.019742
1 0.175429 0.536756 0.039559 0.019215
2 0.332479 0.539256 0.253673 0.020521
2 0.277035 0.559847 0.348660 0.021655
2 0.276585 0.581094 0.348660 0.021655
2 0.276134 0.602342 0.348660 0.021655
2 0.275683 0.623589 0.348660 0.021655
2 0.275232 0.644836 0.348660 0.021655
2 0.179793 0.664950 0.158685 0.019387
0 0.093764 0.693302 0.062890 0.019493
1 0.180837 0.694341 0.098719 0.019921
0 0.082766 0.720674 0.042059 0.019245
1 0.137759 0.721330 0.055391 0.019404
2 0.239399 0.723168 0.127022 0.019009
0 0.103026 0.747794 0.083721 0.019742
1 0.180516 0.748719 0.058724 0.019444
2 0.299655 0.750766 0.158685 0.019387
0 0.081493 0.780666 0.042059 0.019245
1 0.134403 0.781298 0.051225 0.019354
2 0.313117 0.784056 0.285335 0.020899
2 0.121440 0.803021 0.047865 0.018065
0 0.101196 0.834033 0.083721 0.019742
1 0.187436 0.835063 0.076222 0.019653
2 0.346985 0.837592 0.222010 0.020143
2 0.254880 0.857745 0.316998 0.021277
0 0.100003 0.890276 0.083721 0.019742
1 0.188742 0.891335 0.081221 0.019712
2 0.342876 0.893800 0.206179 0.019954
2 0.269518 0.914177 0.348660 0.021655
2 0.134500 0.933818 0.079528 0.018442
0 0.562977 0.085074 0.042059 0.019245
1 0.627969 0.085850 0.075388 0.019643
2 0.802933 0.088563 0.253673 0.020521
2 0.705828 0.108657 0.253673 0.020521
0 0.561890 0.136318 0.042059 0.019245
1 0.619799 0.137009 0.061223 0.019474
0 0.561200 0.168813 0.042059 0.019245
1 0.616193 0.169470 0.055391 0.019404
2 0.796991 0.172253 0.285335 0.020899
2 0.751546 0.192963 0.348660 0.021655
2 0.751095 0.214210 0.348660 0.021655
2 0.750644 0.235458 0.348660 0.021655
2 0.671036 0.255760 0.190347 0.019765
0 0.558801 0.281924 0.042059 0.019245
1 0.612544 0.282565 0.052891 0.019374
2 0.792091 0.285333 0.285335 0.020899
2 0.701652 0.305507 0.253673 0.020521
0 0.557673 0.335042 0.042059 0.019245
1 0.614333 0.335719 0.058724 0.019444
0 0.577841 0.366537 0.083721 0.019742
1 0.679495 0.367750 0.107051 0.020021
2 0.830713 0.370180 0.174516 0.019576
0 0.577192 0.397158 0.083721 0.019742
1 0.668013 0.398242 0.085387 0.019762
2 0.824230 0.400732 0.206179 0.019954
2 0.722959 0.420776 0.301167 0.021088
0 0.555327 0.445653 0.042059 0.019245
1 0.608237 0.446285 0.051225 0.019354
0 0.565092 0.476399 0.062890 0.019493
1 0.635500 0.477239 0.065390 0.019523
0 0.554107 0.503146 0.042059 0.019245
1 0.619932 0.503932 0.077055 0.019663
2 0.800729 0.506715 0.263671 0.020640
2 0.744452 0.527296 0.348660 0.021655
2 0.744001 0.548543 0.348660 0.021655
2 0.743550 0.569790 0.348660 0.021655
2 0.743099 0.591037 0.348660 0.021655
2 0.687239 0.611623 0.237841 0.020332
0 0.551123 0.643753 0.042059 0.019245
1 0.616532 0.644534 0.076222 0.019653
2 0.791913 0.647252 0.253673 0.020521
2 0.741469 0.667903 0.348660 0.021655
2 0.685608 0.688489 0.237841 0.020332
0 0.559895 0.721368 0.062890 0.019493
1 0.624886 0.722143 0.054558 0.019394
0 0.569554 0.757113 0.083721 0.019742
1 0.653710 0.758117 0.072055 0.019603
2 0.811177 0.760621 0.222010 0.020143
2 0.636165 0.779785 0.142853 0.019198
0 0.568454 0.808981 0.083721 0.019742
1 0.639695 0.809831 0.046225 0.019295
2 0.797162 0.812336 0.247840 0.020451
2 0.737968 0.832882 0.348660 0.021655
2 0.737517 0.854129 0.348660 0.021655
2 0.737067 0.875376 0.348660 0.021655
2 0.578302 0.894734 0.032034 0.017876
