3 0.492964 0.038875 0.985928 0.042462
0 0.095532 0.091330 0.083893 0.020201
1 0.168429 0.090056 0.049736 0.019604
2 0.322573 0.087988 0.237979 0.021644
2 0.242422 0.110644 0.301295 0.022750
0 0.097298 0.148189 0.083893 0.020201
1 0.198938 0.146413 0.107220 0.020608
2 0.342251 0.144534 0.158834 0.020261
0 0.098269 0.179431 0.083893 0.020201
1 0.174498 0.178099 0.056400 0.019720
2 0.331975 0.175972 0.237979 0.021644
2 0.189757 0.199713 0.190492 0.020814
0 0.078936 0.227907 0.042238 0.019473
1 0.140586 0.226829 0.068897 0.019939
2 0.320140 0.224317 0.269637 0.022197
2 0.270397 0.246442 0.348782 0.023580
2 0.271057 0.267686 0.348782 0.023580
2 0.271717 0.288931 0.348782 0.023580
2 0.145744 0.312387 0.095518 0.019155
0 0.092882 0.341444 0.063065 0.019837
1 0.170361 0.340090 0.079727 0.020128
2 0.336585 0.337811 0.232147 0.021542
2 0.250186 0.360576 0.301295 0.022750
0 0.104868 0.391873 0.083893 0.020201
1 0.178182 0.390592 0.050569 0.019618
2 0.332742 0.388517 0.237979 0.021644
2 0.275501 0.410772 0.348782 0.023580
2 0.276161 0.432017 0.348782 0.023580
2 0.276821 0.453261 0.348782 0.023580
2 0.127105 0.477133 0.048031 0.018325
0 0.087515 0.504082 0.042238 0.019473
1 0.143333 0.503106 0.057234 0.019735
2 0.317055 0.500696 0.269637 0.022197
0 0.098880 0.534516 0.063065 0.019837
1 0.175109 0.533184 0.077228 0.020084
2 0.340084 0.530927 0.232147 0.021542
2 0.279927 0.553234 0.348782 0.023580
2 0.280587 0.574478 0.348782 0.023580
2 0.281247 0.595722 0.348782 0.023580
2 0.281907 0.616967 0.348782 0.023580
2 0.282567 0.638211 0.348782 0.023580
2 0.275312 0.659593 0.332953 0.023304
0 0.093512 0.697154 0.042238 0.019473
1 0.147664 0.696208 0.053901 0.019677
0 0.115408 0.731156 0.083893 0.020201
1 0.191637 0.729824 0.056400 0.019720
2 0.349114 0.727698 0.237979 0.021644
2 0.286041 0.750055 0.348782 0.023580
0 0.106624 0.783824 0.063065 0.019837
1 0.169940 0.782717 0.051402 0.019633
2 0.340747 0.780358 0.269637 0.022197
0 0.118106 0.818007 0.083893 0.020201
1 0.191836 0.816719 0.051402 0.019633
2 0.323069 0.815051 0.190492 0.020814
0 0.108701 0.850681 0.063065 0.019837
1 0.187846 0.849298 0.083060 0.020186
2 0.342824 0.847215 0.206321 0.021091
0 0.120182 0.884864 0.083893 0.020201
1 0.213490 0.883234 0.090558 0.020317
2 0.372217 0.881086 0.206321 0.021091
2 0.124611 0.906668 0.016373 0.017772
0 0.562072 0.083178 0.083893 0.020201
1 0.652048 0.081605 0.083893 0.020201
2 0.807442 0.079515 0.206321 0.021091
2 0.732705 0.102077 0.348782 0.023580
2 0.733365 0.123321 0.348782 0.023580
2 0.734025 0.144565 0.348782 0.023580
2 0.647626 0.167331 0.174663 0.020538
0 0.555172 0.196454 0.063065 0.019837
1 0.616405 0.195384 0.047236 0.019560
2 0.785129 0.193061 0.269637 0.022197
2 0.625415 0.217107 0.127176 0.019708
0 0.556860 0.250814 0.063065 0.019837
1 0.634756 0.249453 0.080561 0.020142
0 0.557889 0.283930 0.063065 0.019837
1 0.617873 0.282882 0.044737 0.019516
2 0.785347 0.280581 0.269637 0.022197
2 0.738936 0.302648 0.348782 0.023580
2 0.739596 0.323892 0.348782 0.023580
2 0.740256 0.345136 0.348782 0.023580
2 0.740916 0.366380 0.348782 0.023580
2 0.667429 0.388920 0.200489 0.020989
0 0.551803 0.423449 0.042238 0.019473
1 0.610537 0.422423 0.063065 0.019837
2 0.784260 0.420013 0.263805 0.022095
2 0.645374 0.443695 0.153002 0.020159
0 0.574145 0.471822 0.083893 0.020201
1 0.664954 0.470235 0.085559 0.020230
2 0.794521 0.468597 0.153002 0.020159
0 0.575174 0.504938 0.083893 0.020201
1 0.654735 0.503548 0.063065 0.019837
0 0.576105 0.534930 0.083893 0.020201
1 0.649419 0.533649 0.050569 0.019618
0 0.577095 0.566796 0.083893 0.020201
1 0.662489 0.565304 0.074729 0.020041
2 0.789557 0.563709 0.158834 0.020261
0 0.557238 0.598402 0.042238 0.019473
1 0.621804 0.597274 0.074729 0.020041
2 0.796359 0.594849 0.253808 0.021921
2 0.748699 0.616937 0.348782 0.023580
2 0.754358 0.638094 0.358780 0.023755
2 0.755018 0.659338 0.358780 0.023755
2 0.755677 0.680583 0.358780 0.023755
2 0.751339 0.701914 0.348782 0.023580
2 0.609537 0.725648 0.063860 0.018602
0 0.572563 0.756302 0.063065 0.019837
1 0.642960 0.755072 0.065565 0.019880
2 0.810018 0.752778 0.247976 0.021819
2 0.753610 0.775019 0.348782 0.023580
2 0.754270 0.796264 0.348782 0.023580
2 0.754930 0.817508 0.348782 0.023580
2 0.676444 0.840135 0.190492 0.020814
0 0.586703 0.876087 0.083893 0.020201
1 0.659183 0.874821 0.048903 0.019589
