1 0.085620 0.091225 0.063044 0.019794
2 0.151854 0.090114 0.057212 0.019696
3 0.278091 0.088620 0.174645 0.020418
0 0.254347 0.089019 0.407236 0.029317
1 0.076157 0.123267 0.042216 0.019444
2 0.143640 0.122135 0.080539 0.020088
3 0.273626 0.120578 0.158816 0.020152
0 0.255297 0.120886 0.407236 0.029317
1 0.087466 0.153085 0.063044 0.019794
2 0.175360 0.151610 0.100534 0.020423
3 0.344087 0.149403 0.216301 0.021117
3 0.268490 0.171927 0.348768 0.023340
3 0.269124 0.193172 0.348768 0.023340
3 0.269757 0.214417 0.348768 0.023340
3 0.143756 0.237786 0.095498 0.019090
0 0.257460 0.193368 0.409771 0.114296
1 0.090840 0.266181 0.063044 0.019794
2 0.168737 0.264874 0.080539 0.020088
3 0.338297 0.262654 0.237963 0.021480
3 0.271864 0.285024 0.348768 0.023340
3 0.272498 0.306269 0.348768 0.023340
3 0.273132 0.327513 0.348768 0.023340
3 0.273765 0.348758 0.348768 0.023340
3 0.258570 0.370268 0.317109 0.022809
0 0.261151 0.317087 0.410405 0.135541
1 0.084658 0.408196 0.042216 0.019444
2 0.141727 0.407238 0.059711 0.019738
3 0.316702 0.404927 0.269621 0.022012
3 0.225692 0.427709 0.247960 0.021648
0 0.264115 0.416437 0.407870 0.050562
1 0.107052 0.460333 0.083872 0.020143
2 0.181616 0.459082 0.053046 0.019626
3 0.337429 0.457092 0.237963 0.021480
3 0.282661 0.479266 0.358766 0.023508
3 0.278296 0.500595 0.348768 0.023340
3 0.191868 0.523301 0.174645 0.020418
0 0.266315 0.490168 0.409138 0.093052
1 0.109997 0.559058 0.083872 0.020143
2 0.180813 0.557870 0.045548 0.019500
3 0.340792 0.555810 0.253792 0.021746
3 0.161887 0.580068 0.111328 0.019355
0 0.268627 0.567649 0.407870 0.050562
1 0.111470 0.608421 0.083872 0.020143
2 0.201031 0.606918 0.083039 0.020130
3 0.356011 0.604942 0.206304 0.020949
3 0.131701 0.629962 0.048010 0.018293
0 0.270099 0.617012 0.407870 0.050562
1 0.092301 0.664382 0.042216 0.019444
2 0.158118 0.663277 0.077207 0.020032
3 0.333926 0.660952 0.253792 0.021746
3 0.165019 0.685042 0.111328 0.019355
0 0.271759 0.672623 0.407870 0.050562
1 0.114677 0.715894 0.083872 0.020143
2 0.201322 0.714440 0.077207 0.020032
3 0.361300 0.712380 0.222133 0.021215
3 0.285286 0.734911 0.348768 0.023340
3 0.285920 0.756156 0.348768 0.023340
3 0.286554 0.777401 0.348768 0.023340
3 0.292187 0.798561 0.358766 0.023508
3 0.287822 0.819890 0.348768 0.023340
3 0.169735 0.843127 0.111328 0.019355
0 0.274890 0.777596 0.411039 0.156786
1 0.098584 0.874954 0.042216 0.019444
2 0.148155 0.874122 0.044715 0.019486
3 0.328545 0.871720 0.295448 0.022445
3 0.163387 0.895747 0.095498 0.019090
0 0.278041 0.883195 0.407870 0.050562
1 0.552170 0.083395 0.063044 0.019794
2 0.618820 0.082277 0.058045 0.019710
3 0.785047 0.080112 0.253792 0.021746
3 0.590730 0.104629 0.063839 0.018558
0 0.721213 0.091811 0.407870 0.050562
1 0.553755 0.136507 0.063044 0.019794
2 0.634984 0.135144 0.087204 0.020199
3 0.784132 0.133266 0.190474 0.020683
0 0.722481 0.134301 0.407236 0.029317
1 0.544142 0.163550 0.042216 0.019444
2 0.604127 0.162543 0.065543 0.019836
3 0.718700 0.161246 0.142986 0.019887
0 0.723283 0.161169 0.407236 0.029317
1 0.566033 0.198817 0.083872 0.020143
2 0.645596 0.197481 0.063044 0.019794
3 0.798493 0.195541 0.222133 0.021215
3 0.741642 0.217750 0.358766 0.023508
3 0.737277 0.239079 0.348768 0.023340
3 0.737911 0.260323 0.348768 0.023340
3 0.738544 0.281568 0.348768 0.023340
3 0.739178 0.302813 0.348768 0.023340
3 0.739812 0.324057 0.348768 0.023340
3 0.621726 0.347294 0.111328 0.019355
0 0.726564 0.271141 0.411673 0.178030
1 0.561081 0.382071 0.063044 0.019794
2 0.642311 0.380707 0.087204 0.020199
3 0.807288 0.378564 0.222133 0.021215
3 0.678788 0.401976 0.222133 0.021215
0 0.730124 0.390487 0.407870 0.050562
1 0.573042 0.433758 0.083872 0.020143
2 0.649690 0.432472 0.057212 0.019696
3 0.807586 0.430447 0.237963 0.021480
3 0.640761 0.454502 0.142986 0.019887
0 0.731672 0.442349 0.407870 0.050562
1 0.574646 0.487494 0.083872 0.020143
2 0.662957 0.486012 0.080539 0.020088
3 0.800858 0.484323 0.174645 0.020418
0 0.732958 0.485463 0.407236 0.029317
1 0.575671 0.521861 0.083872 0.020143
2 0.655234 0.520526 0.063044 0.019794
0 0.733983 0.519829 0.407236 0.029317
1 0.555756 0.552828 0.042216 0.019444
2 0.611159 0.551898 0.056379 0.019682
3 0.792382 0.549482 0.285451 0.022277
3 0.747194 0.571495 0.348768 0.023340
3 0.644937 0.594467 0.142986 0.019887
0 0.735531 0.571691 0.408504 0.071807
1 0.578635 0.621211 0.083872 0.020143
2 0.652783 0.619967 0.052213 0.019612
3 0.768606 0.618648 0.158816 0.020152
0 0.736947 0.619179 0.407236 0.029317
1 0.569004 0.647629 0.063044 0.019794
2 0.634404 0.646532 0.055546 0.019668
3 0.799382 0.644388 0.253792 0.021746
3 0.750028 0.666472 0.348768 0.023340
3 0.750662 0.687716 0.348768 0.023340
3 0.756294 0.708877 0.358766 0.023508
3 0.751930 0.730206 0.348768 0.023340
3 0.757562 0.751366 0.358766 0.023508
3 0.753197 0.772695 0.348768 0.023340
3 0.648024 0.795715 0.137154 0.019789
0 0.739949 0.719779 0.411673 0.178030
1 0.564052 0.830883 0.042216 0.019444
2 0.636118 0.829674 0.089704 0.020241
3 0.794430 0.827642 0.206304 0.020949
0 0.743193 0.828502 0.407236 0.029317
1 0.575268 0.857577 0.063044 0.019794
2 0.652332 0.856283 0.078873 0.020060
3 0.818142 0.854126 0.232131 0.021383
3 0.597998 0.879076 0.032181 0.018027
0 0.744311 0.865993 0.407870 0.050562
