1 0.112440 0.076685 0.063128 0.019961
2 0.188665 0.078170 0.077290 0.020237
3 0.356503 0.082065 0.238026 0.022119
3 0.292039 0.102066 0.348822 0.024277
3 0.296302 0.123406 0.358818 0.024472
3 0.295566 0.144649 0.358818 0.024472
3 0.289832 0.165795 0.348822 0.024277
3 0.257440 0.186421 0.285510 0.023044
0 0.279273 0.133703 0.410987 0.136625
1 0.103207 0.210926 0.053964 0.019782
2 0.158188 0.211997 0.043968 0.019587
0 0.276460 0.214926 0.407308 0.030411
1 0.106577 0.246003 0.063128 0.019961
2 0.188633 0.247602 0.088953 0.020464
3 0.354388 0.251456 0.222198 0.021811
3 0.286175 0.271384 0.348822 0.024277
3 0.142988 0.289852 0.063918 0.018727
0 0.274513 0.271157 0.408780 0.072897
1 0.114545 0.316807 0.083954 0.020366
2 0.200350 0.318479 0.075624 0.020204
3 0.359441 0.322203 0.222198 0.021811
3 0.275817 0.341831 0.332994 0.023969
0 0.272436 0.331137 0.408044 0.051654
1 0.112879 0.364916 0.083954 0.020366
2 0.200350 0.366620 0.078956 0.020269
3 0.353193 0.370223 0.206370 0.021502
3 0.287063 0.390192 0.358818 0.024472
3 0.286327 0.411434 0.358818 0.024472
3 0.280593 0.432580 0.348822 0.024277
3 0.284856 0.453920 0.358818 0.024472
3 0.112928 0.471828 0.016434 0.017802
0 0.269298 0.421731 0.410987 0.136625
1 0.087185 0.505088 0.042302 0.019555
2 0.142583 0.506167 0.056464 0.019831
3 0.323750 0.510321 0.285510 0.023044
3 0.277196 0.530672 0.348822 0.024277
3 0.276461 0.551915 0.348822 0.024277
3 0.275725 0.573157 0.348822 0.024277
3 0.203764 0.593013 0.206370 0.021502
0 0.264798 0.551687 0.410251 0.115383
1 0.093465 0.624626 0.063128 0.019961
2 0.171356 0.626143 0.080622 0.020301
3 0.340860 0.630070 0.238026 0.022119
3 0.238492 0.649333 0.279678 0.022930
0 0.261769 0.639158 0.408044 0.051654
1 0.081235 0.676905 0.042302 0.019555
2 0.132051 0.677895 0.047300 0.019652
3 0.308636 0.681960 0.285510 0.023044
3 0.271246 0.702489 0.348822 0.024277
3 0.270511 0.723732 0.348822 0.024277
3 0.214377 0.743895 0.238026 0.022119
0 0.259216 0.712883 0.409515 0.094140
1 0.077903 0.773123 0.042302 0.019555
2 0.130385 0.774145 0.050632 0.019717
3 0.308637 0.778242 0.285510 0.023044
3 0.117548 0.795777 0.048090 0.018419
0 0.256620 0.787858 0.408044 0.051654
1 0.075977 0.828729 0.042302 0.019555
2 0.143454 0.830043 0.080622 0.020301
3 0.320873 0.834125 0.253854 0.022427
3 0.265989 0.854313 0.348822 0.024277
3 0.170285 0.873706 0.158886 0.020577
0 0.254326 0.854085 0.408780 0.072897
1 0.578950 0.085773 0.063128 0.019961
2 0.656007 0.087274 0.078956 0.020269
0 0.747621 0.089684 0.407308 0.030411
1 0.588411 0.113466 0.083954 0.020366
2 0.675465 0.115162 0.078123 0.020253
3 0.827892 0.118756 0.206370 0.021502
0 0.746669 0.117174 0.407308 0.030411
1 0.577089 0.139505 0.063128 0.019961
2 0.648315 0.140892 0.067293 0.020042
3 0.819069 0.144843 0.253854 0.022427
3 0.756688 0.164885 0.348822 0.024277
3 0.755952 0.186128 0.348822 0.024277
3 0.755216 0.207371 0.348822 0.024277
3 0.667427 0.226918 0.174714 0.020886
0 0.744289 0.185901 0.410251 0.115383
1 0.573238 0.250717 0.063128 0.019961
2 0.634467 0.251910 0.047300 0.019652
3 0.803139 0.255821 0.269682 0.022735
3 0.752836 0.276098 0.348822 0.024277
3 0.752101 0.297341 0.348822 0.024277
3 0.751365 0.318584 0.348822 0.024277
3 0.692316 0.338691 0.232194 0.022005
0 0.740438 0.297114 0.410251 0.115383
1 0.554305 0.364137 0.033138 0.019377
2 0.612619 0.365273 0.071459 0.020123
0 0.737971 0.368340 0.407308 0.030411
1 0.557913 0.392341 0.042302 0.019555
2 0.634137 0.393826 0.098116 0.020642
3 0.812389 0.397924 0.238026 0.022119
3 0.740011 0.417771 0.332994 0.023969
0 0.736630 0.407076 0.408044 0.051654
1 0.576965 0.443980 0.083954 0.020366
2 0.664852 0.445692 0.079789 0.020285
3 0.818112 0.449302 0.206370 0.021502
3 0.722409 0.468695 0.301338 0.023352
0 0.734856 0.458309 0.408044 0.051654
1 0.564908 0.491261 0.063128 0.019961
2 0.624054 0.492413 0.043135 0.019571
3 0.790643 0.496283 0.269682 0.022735
3 0.609968 0.514021 0.079746 0.019036
0 0.733211 0.505793 0.408044 0.051654
1 0.563069 0.544368 0.063128 0.019961
2 0.635544 0.545780 0.069792 0.020091
3 0.799634 0.549601 0.238026 0.022119
3 0.742667 0.569749 0.348822 0.024277
3 0.741932 0.590992 0.348822 0.024277
3 0.741196 0.612235 0.348822 0.024277
3 0.605922 0.630857 0.079746 0.019036
0 0.730269 0.590765 0.410251 0.115383
1 0.548696 0.658502 0.042302 0.019555
2 0.617006 0.659832 0.082288 0.020334
3 0.795258 0.663930 0.253854 0.022427
3 0.738708 0.684085 0.348822 0.024277
3 0.737972 0.705328 0.348822 0.024277
3 0.737237 0.726571 0.348822 0.024277
3 0.617791 0.745501 0.111402 0.019652
0 0.726309 0.705101 0.410251 0.115383
1 0.555150 0.773041 0.063128 0.019961
2 0.618878 0.774282 0.052298 0.019750
3 0.782135 0.778088 0.253854 0.022427
3 0.687264 0.797497 0.253854 0.022427
0 0.723453 0.787573 0.408044 0.051654
1 0.563919 0.820728 0.083954 0.020366
2 0.654721 0.822497 0.085620 0.020399
3 0.795069 0.825856 0.174714 0.020886
0 0.722177 0.824436 0.407308 0.030411
1 0.552315 0.854888 0.063128 0.019961
2 0.612295 0.856057 0.044801 0.019604
3 0.732233 0.859018 0.174714 0.020886
0 0.720987 0.858799 0.407308 0.030411
1 0.561625 0.886955 0.083954 0.020366
2 0.636600 0.888416 0.053964 0.019782
3 0.792776 0.892083 0.238026 0.022119
3 0.580445 0.909204 0.048090 0.018419
0 0.719516 0.901285 0.408044 0.051654
