3 0.494108 0.031337 0.988216 0.039409
0 0.076926 0.090398 0.042139 0.019347
1 0.133166 0.089587 0.057970 0.019575
2 0.307316 0.087701 0.269565 0.021377
2 0.125811 0.111572 0.063770 0.018410
0 0.088798 0.147112 0.062969 0.019647
1 0.163784 0.146031 0.074633 0.019816
2 0.275030 0.145052 0.127092 0.019323
0 0.089535 0.175857 0.062969 0.019647
1 0.169520 0.174703 0.084632 0.019960
2 0.277849 0.173767 0.111261 0.019094
0 0.100766 0.207576 0.083798 0.019948
1 0.184917 0.206362 0.072134 0.019780
2 0.294913 0.205402 0.127092 0.019323
0 0.091264 0.243344 0.062969 0.019647
1 0.152087 0.242467 0.046305 0.019407
0 0.092049 0.273963 0.062969 0.019647
1 0.168702 0.272858 0.077966 0.019864
2 0.334104 0.271099 0.232072 0.020836
2 0.114689 0.295516 0.032109 0.017953
0 0.103713 0.322554 0.083798 0.019948
1 0.182449 0.321419 0.061303 0.019623
2 0.342435 0.319738 0.237905 0.020920
2 0.123853 0.344143 0.047940 0.018181
0 0.104962 0.371295 0.083798 0.019948
1 0.176199 0.370268 0.046305 0.019407
0 0.095252 0.398940 0.062969 0.019647
1 0.168572 0.397883 0.071301 0.019768
2 0.325642 0.396244 0.222074 0.020692
0 0.096165 0.434559 0.062969 0.019647
1 0.159070 0.433652 0.050471 0.019467
2 0.329471 0.431820 0.269565 0.021377
2 0.277109 0.453829 0.348717 0.022518
2 0.206417 0.476102 0.206244 0.020464
0 0.087672 0.509695 0.042139 0.019347
1 0.135580 0.509004 0.041306 0.019335
2 0.309314 0.507125 0.285396 0.021605
2 0.279031 0.528815 0.348717 0.022518
2 0.279575 0.550061 0.348717 0.022518
2 0.280120 0.571308 0.348717 0.022518
2 0.280664 0.592554 0.348717 0.022518
2 0.209972 0.614827 0.206244 0.020464
0 0.091260 0.649669 0.042139 0.019347
1 0.150832 0.648810 0.064635 0.019671
2 0.328315 0.646877 0.269565 0.021377
2 0.282618 0.668789 0.348717 0.022518
0 0.092605 0.702159 0.042139 0.019347
1 0.140096 0.701475 0.040473 0.019323
2 0.321329 0.699487 0.301226 0.021833
2 0.288963 0.721208 0.358716 0.022662
2 0.284508 0.742526 0.348717 0.022518
2 0.190070 0.765141 0.158753 0.019779
0 0.095103 0.799641 0.042139 0.019347
1 0.150093 0.798849 0.055470 0.019539
2 0.288417 0.797480 0.200411 0.020380
0 0.095824 0.827761 0.042139 0.019347
1 0.154147 0.826920 0.062136 0.019635
2 0.290804 0.825575 0.190413 0.020235
0 0.117438 0.858080 0.083798 0.019948
1 0.196174 0.856945 0.061303 0.019623
2 0.348245 0.855378 0.222074 0.020692
0 0.118143 0.885575 0.083798 0.019948
1 0.196462 0.884446 0.060469 0.019611
2 0.356032 0.882771 0.237905 0.020920
2 0.290755 0.904966 0.352883 0.022578
2 0.294216 0.926170 0.358716 0.022662
2 0.273931 0.947716 0.317057 0.022061
0 0.559753 0.083437 0.074633 0.019816
1 0.637656 0.082314 0.068801 0.019731
2 0.793476 0.080692 0.222074 0.020692
0 0.554802 0.117890 0.062969 0.019647
1 0.631038 0.116790 0.077133 0.019852
2 0.775194 0.115337 0.190413 0.020235
0 0.565985 0.147734 0.083798 0.019948
1 0.654302 0.146461 0.080466 0.019900
2 0.770547 0.145410 0.131258 0.019383
0 0.545829 0.174279 0.042139 0.019347
1 0.603318 0.173450 0.060469 0.019611
2 0.778718 0.171547 0.269565 0.021377
2 0.658035 0.194541 0.190413 0.020235
0 0.568035 0.227719 0.083798 0.019948
1 0.642188 0.226650 0.052138 0.019491
2 0.797592 0.225035 0.237905 0.020920
2 0.635667 0.248623 0.142922 0.019551
0 0.558886 0.277235 0.062969 0.019647
1 0.620958 0.276340 0.048805 0.019443
2 0.790526 0.274521 0.269565 0.021377
2 0.739830 0.296506 0.348717 0.022518
2 0.740374 0.317752 0.348717 0.022518
2 0.685512 0.339796 0.237905 0.020920
0 0.561400 0.375342 0.062969 0.019647
1 0.638886 0.374225 0.079633 0.019888
2 0.808037 0.372411 0.237905 0.020920
2 0.599871 0.396666 0.063770 0.018410
0 0.573240 0.430807 0.083798 0.019948
1 0.647393 0.429738 0.052138 0.019491
2 0.802797 0.428122 0.237905 0.020920
2 0.743770 0.450227 0.348717 0.022518
2 0.744314 0.471473 0.348717 0.022518
2 0.602385 0.494773 0.063770 0.018410
0 0.565180 0.522815 0.062969 0.019647
1 0.645165 0.521662 0.084632 0.019960
2 0.800986 0.520040 0.206244 0.020464
0 0.566045 0.556558 0.062969 0.019647
1 0.629366 0.555646 0.051304 0.019479
2 0.728947 0.554835 0.127092 0.019323
0 0.566878 0.589052 0.062969 0.019647
1 0.635615 0.588062 0.062136 0.019635
2 0.803933 0.586260 0.253735 0.021148
2 0.747822 0.608323 0.348717 0.022518
2 0.748366 0.629569 0.348717 0.022518
2 0.730164 0.651085 0.311224 0.021977
0 0.558817 0.681061 0.042139 0.019347
1 0.639636 0.679896 0.107127 0.020284
2 0.814619 0.677998 0.222074 0.020692
2 0.710600 0.700752 0.269565 0.021377
0 0.580880 0.728876 0.083798 0.019948
1 0.672946 0.727549 0.087964 0.020008
2 0.830433 0.725904 0.206244 0.020464
2 0.751409 0.748297 0.348717 0.022518
2 0.751954 0.769543 0.348717 0.022518
2 0.752498 0.790789 0.348717 0.022518
2 0.610569 0.814089 0.063770 0.018410
0 0.583907 0.846980 0.083798 0.019948
1 0.667641 0.845772 0.071301 0.019768
2 0.824712 0.844133 0.222074 0.020692
2 0.754436 0.866400 0.348717 0.022518
2 0.754980 0.887646 0.348717 0.022518
2 0.755525 0.908892 0.348717 0.022518
2 0.597765 0.932421 0.032109 0.017953
