1 0.113476 0.081676 0.083561 0.019327
2 0.189306 0.082202 0.055229 0.019131
3 0.346375 0.083916 0.237706 0.019147
3 0.140705 0.103740 0.063546 0.017939
0 0.271664 0.094024 0.407189 0.046569
1 0.092058 0.129029 0.041896 0.019038
2 0.160805 0.129506 0.082728 0.019322
3 0.331623 0.131316 0.237706 0.019147
0 0.271209 0.130897 0.406927 0.025320
1 0.102035 0.164725 0.062729 0.019183
2 0.182865 0.165286 0.086061 0.019345
3 0.347433 0.167052 0.221873 0.019037
3 0.163429 0.187027 0.111044 0.018268
0 0.270639 0.177145 0.407189 0.046569
1 0.090940 0.219650 0.041896 0.019038
2 0.152188 0.220075 0.067728 0.019217
0 0.270092 0.221518 0.406927 0.025320
1 0.090578 0.249024 0.041896 0.019038
2 0.154742 0.249469 0.073561 0.019258
3 0.328893 0.251302 0.253538 0.019257
3 0.162388 0.271398 0.111044 0.018268
0 0.269598 0.261516 0.407189 0.046569
1 0.089907 0.303397 0.041896 0.019038
2 0.151155 0.303821 0.067728 0.019217
3 0.306557 0.305525 0.221873 0.019037
0 0.269059 0.305264 0.406927 0.025320
1 0.110316 0.337915 0.083561 0.019327
2 0.199895 0.338536 0.082728 0.019322
3 0.354881 0.340236 0.206040 0.018927
3 0.280039 0.360968 0.348534 0.019916
3 0.279777 0.382217 0.348534 0.019916
3 0.284514 0.403501 0.358534 0.019985
3 0.168424 0.423946 0.126877 0.018378
0 0.268110 0.382136 0.407975 0.110317
1 0.088065 0.452765 0.041896 0.019038
2 0.150146 0.453196 0.069395 0.019229
3 0.258883 0.454575 0.126877 0.018378
0 0.267216 0.454633 0.406927 0.025320
1 0.108481 0.486658 0.083561 0.019327
2 0.184728 0.487187 0.056062 0.019137
3 0.342213 0.488905 0.237706 0.019147
3 0.222790 0.509327 0.237706 0.019147
0 0.266669 0.499006 0.407189 0.046569
1 0.107803 0.541656 0.083561 0.019327
2 0.174467 0.542118 0.036896 0.019004
3 0.330286 0.543824 0.253538 0.019257
3 0.277526 0.564709 0.348534 0.019916
3 0.277264 0.585958 0.348534 0.019916
3 0.277002 0.607208 0.348534 0.019916
3 0.126329 0.627413 0.047714 0.017829
0 0.265597 0.585877 0.407975 0.110317
1 0.095968 0.656579 0.062729 0.019183
2 0.168465 0.657082 0.069395 0.019229
3 0.332617 0.658846 0.237706 0.019147
0 0.264703 0.658374 0.406927 0.025320
1 0.085182 0.686505 0.041896 0.019038
2 0.142263 0.686901 0.059395 0.019160
3 0.322247 0.688775 0.279371 0.019436
3 0.109494 0.708550 0.016048 0.017609
0 0.264202 0.698998 0.407189 0.046569
1 0.094982 0.736575 0.062729 0.019183
2 0.180395 0.737168 0.095227 0.019408
0 0.263717 0.738371 0.406927 0.025320
1 0.104974 0.771021 0.083561 0.019327
2 0.197886 0.771666 0.089394 0.019368
3 0.356205 0.773389 0.206040 0.018927
3 0.279696 0.794109 0.358534 0.019985
3 0.274435 0.815324 0.348534 0.019916
3 0.274173 0.836573 0.348534 0.019916
3 0.273910 0.857822 0.348534 0.019916
3 0.273648 0.879071 0.348534 0.019916
3 0.278386 0.900355 0.358534 0.019985
3 0.138547 0.920635 0.079379 0.018048
0 0.262375 0.847116 0.408761 0.174064
1 0.569707 0.084841 0.062729 0.019183
2 0.641370 0.085338 0.067728 0.019217
3 0.804689 0.087096 0.237706 0.019147
3 0.749846 0.107967 0.348534 0.019916
3 0.749584 0.129216 0.348534 0.019916
3 0.749322 0.150465 0.348534 0.019916
3 0.749060 0.171714 0.348534 0.019916
3 0.748798 0.192963 0.348534 0.019916
3 0.748535 0.214212 0.348534 0.019916
3 0.642445 0.234727 0.136877 0.018447
0 0.737524 0.161008 0.408761 0.174064
1 0.567510 0.262958 0.062729 0.019183
2 0.633340 0.263415 0.056062 0.019137
3 0.798742 0.265188 0.253538 0.019257
3 0.752649 0.286119 0.358534 0.019985
3 0.747387 0.307333 0.348534 0.019916
3 0.752125 0.328617 0.358534 0.019985
3 0.683532 0.349392 0.221873 0.019037
0 0.735721 0.307252 0.407975 0.110317
1 0.576500 0.378651 0.083561 0.019327
2 0.661913 0.379243 0.074395 0.019264
0 0.734819 0.380374 0.406927 0.025320
1 0.555274 0.410380 0.041896 0.019038
2 0.611939 0.410773 0.058562 0.019154
3 0.746925 0.412334 0.190208 0.018817
0 0.734426 0.412248 0.406927 0.025320
1 0.554904 0.440378 0.041896 0.019038
2 0.621152 0.440838 0.077728 0.019287
3 0.797386 0.442686 0.253538 0.019257
3 0.745460 0.463576 0.348534 0.019916
3 0.750197 0.484860 0.358534 0.019985
3 0.744936 0.506075 0.348534 0.019916
3 0.736757 0.527269 0.332702 0.019806
0 0.733531 0.484745 0.407975 0.110317
1 0.553463 0.557248 0.041896 0.019038
2 0.598878 0.557563 0.036063 0.018998
3 0.730531 0.559102 0.206040 0.018927
0 0.732614 0.559116 0.406927 0.025320
1 0.563532 0.585444 0.062729 0.019183
2 0.632279 0.585921 0.061895 0.019177
0 0.732267 0.587240 0.406927 0.025320
1 0.563116 0.619193 0.062729 0.019183
2 0.643529 0.619751 0.085228 0.019339
3 0.807681 0.621515 0.221873 0.019037
3 0.743255 0.642319 0.348534 0.019916
3 0.742993 0.663568 0.348534 0.019916
3 0.747731 0.684852 0.358534 0.019985
3 0.742469 0.706066 0.348534 0.019916
3 0.742207 0.727315 0.348534 0.019916
3 0.591534 0.747521 0.047714 0.017829
0 0.731065 0.684736 0.408499 0.152815
1 0.561135 0.779811 0.062729 0.019183
2 0.633215 0.780311 0.068562 0.019223
3 0.796950 0.782072 0.237706 0.019147
3 0.582947 0.801838 0.031881 0.017719
0 0.729739 0.792231 0.407189 0.046569
1 0.560449 0.835434 0.062729 0.019183
2 0.637112 0.835966 0.077728 0.019287
3 0.805431 0.837758 0.237706 0.019147
3 0.740588 0.858559 0.348534 0.019916
3 0.740326 0.879809 0.348534 0.019916
3 0.740064 0.901058 0.348534 0.019916
3 0.581475 0.921208 0.031881 0.017719
0 0.728660 0.879728 0.407975 0.110317
