1 0.242500 0.085938 0.156667 0.021875
0 0.266667 0.095312 0.400000 0.040625
1 0.169167 0.137187 0.103333 0.021875
0 0.266667 0.174687 0.400000 0.096875
1 0.182917 0.242188 0.084167 0.021875
0 0.266667 0.251563 0.400000 0.040625
1 0.178750 0.289687 0.122500 0.021875
0 0.266667 0.299063 0.400000 0.040625
1 0.238750 0.341562 0.149167 0.021875
0 0.266667 0.369688 0.400000 0.078125
1 0.204583 0.432188 0.127500 0.021875
0 0.266667 0.432188 0.400000 0.021875
1 0.190833 0.465938 0.146667 0.021875
0 0.266667 0.465938 0.400000 0.021875
1 0.170417 0.500313 0.059167 0.021875
0 0.266667 0.500313 0.400000 0.021875
1 0.193750 0.529062 0.059167 0.021875
0 0.266667 0.529062 0.400000 0.021875
1 0.205417 0.561562 0.082500 0.021875
0 0.266667 0.589688 0.400000 0.078125
1 0.179583 0.645938 0.124167 0.021875
0 0.266667 0.645938 0.400000 0.021875
1 0.232083 0.678438 0.135833 0.021875
0 0.266667 0.687813 0.400000 0.040625
1 0.195000 0.725313 0.108333 0.021875
0 0.266667 0.734688 0.400000 0.040625
1 0.202917 0.772813 0.124167 0.021875
0 0.266667 0.829063 0.400000 0.134375
1 0.666667 0.085938 0.071667 0.021875
0 0.733333 0.085938 0.400000 0.021875
1 0.642083 0.119063 0.115833 0.021875
0 0.733333 0.128438 0.400000 0.040625
1 0.669583 0.169063 0.124167 0.021875
0 0.733333 0.178437 0.400000 0.040625
1 0.653750 0.218438 0.092500 0.021875
0 0.733333 0.218438 0.400000 0.021875
1 0.667500 0.247812 0.073333 0.021875
0 0.733333 0.247812 0.400000 0.021875
1 0.630417 0.280938 0.092500 0.021875
0 0.733333 0.290312 0.400000 0.040625
1 0.620417 0.327813 0.072500 0.021875
0 0.733333 0.365312 0.400000 0.096875
1 0.635417 0.432812 0.102500 0.021875
0 0.733333 0.432812 0.400000 0.021875
1 0.636250 0.463438 0.104167 0.021875
0 0.733333 0.472813 0.400000 0.040625
1 0.662083 0.511563 0.155833 0.021875
0 0.733333 0.511563 0.400000 0.021875
1 0.668333 0.540312 0.121667 0.021875
0 0.733333 0.549687 0.400000 0.040625
1 0.670833 0.588437 0.126667 0.021875
0 0.733333 0.588437 0.400000 0.021875
1 0.667500 0.622812 0.073333 0.021875
0 0.733333 0.622812 0.400000 0.021875
1 0.663333 0.654062 0.065000 0.021875
0 0.733333 0.654062 0.400000 0.021875
1 0.656250 0.686562 0.144167 0.021875
0 0.733333 0.742812 0.400000 0.134375
1 0.631250 0.828438 0.094167 0.021875
0 0.733333 0.875313 0.400000 0.115625
