3 0.509808 0.034614 0.980385 0.049019
0 0.105468 0.074675 0.042446 0.019742
1 0.159191 0.075967 0.053274 0.020002
2 0.299092 0.079956 0.206475 0.022438
0 0.124903 0.107659 0.084092 0.020743
1 0.206111 0.109612 0.066601 0.020322
2 0.360588 0.113951 0.222300 0.022818
2 0.293881 0.133609 0.348902 0.025862
2 0.292973 0.154848 0.348902 0.025862
2 0.292065 0.176087 0.348902 0.025862
2 0.235769 0.195994 0.238126 0.023199
0 0.119883 0.225099 0.084092 0.020743
1 0.193178 0.226861 0.050775 0.019942
2 0.339743 0.231011 0.222300 0.022818
0 0.108216 0.254209 0.063269 0.020242
1 0.173599 0.255781 0.055773 0.020062
2 0.338488 0.260371 0.253951 0.023579
2 0.287606 0.280408 0.348902 0.025862
2 0.286698 0.301647 0.348902 0.025862
2 0.285790 0.322886 0.348902 0.025862
2 0.284882 0.344125 0.348902 0.025862
2 0.283974 0.365364 0.348902 0.025862
2 0.235591 0.385462 0.253951 0.023579
0 0.112032 0.408755 0.084092 0.020743
1 0.199904 0.410867 0.079927 0.020643
0 0.100419 0.436615 0.063269 0.020242
1 0.161638 0.438087 0.047444 0.019862
0 0.109416 0.469973 0.084092 0.020743
1 0.184377 0.471776 0.054107 0.020022
2 0.300957 0.475204 0.159000 0.021296
0 0.087258 0.500707 0.042446 0.019742
1 0.149726 0.502209 0.070765 0.020423
2 0.330023 0.507169 0.269776 0.023960
2 0.110894 0.523161 0.016573 0.017872
0 0.085202 0.548807 0.042446 0.019742
1 0.150168 0.550369 0.075763 0.020543
2 0.325052 0.555199 0.253951 0.023579
0 0.104716 0.579917 0.084092 0.020743
1 0.191755 0.582010 0.078261 0.020603
2 0.352062 0.586489 0.222300 0.022818
2 0.131267 0.602441 0.064048 0.019013
0 0.092008 0.633389 0.063269 0.020242
1 0.152811 0.634851 0.046611 0.019842
2 0.321031 0.639521 0.269776 0.023960
0 0.080342 0.662498 0.042446 0.019742
1 0.155304 0.664301 0.095752 0.021023
2 0.292706 0.668230 0.159000 0.021296
0 0.089418 0.693983 0.063269 0.020242
1 0.152719 0.695505 0.051608 0.019962
2 0.323438 0.700235 0.269776 0.023960
2 0.173857 0.717899 0.159000 0.021296
0 0.087175 0.746456 0.063269 0.020242
1 0.162970 0.748278 0.076595 0.020563
2 0.330357 0.752928 0.238126 0.023199
2 0.184524 0.770683 0.184820 0.021917
0 0.074494 0.799303 0.042446 0.019742
1 0.132798 0.800705 0.062436 0.020222
2 0.285193 0.804994 0.222300 0.022818
0 0.073213 0.829288 0.042446 0.019742
1 0.142344 0.830950 0.084092 0.020743
2 0.281829 0.834929 0.174825 0.021677
0 0.082449 0.857024 0.063269 0.020242
1 0.143251 0.858486 0.046611 0.019842
2 0.311472 0.863156 0.269776 0.023960
2 0.206450 0.881892 0.238126 0.023199
0 0.592718 0.086391 0.084092 0.020743
1 0.663099 0.088083 0.044945 0.019802
2 0.822573 0.092543 0.253951 0.023579
2 0.643007 0.109486 0.111524 0.020155
0 0.569599 0.139613 0.042446 0.019742
1 0.629985 0.141064 0.066601 0.020322
2 0.808200 0.145975 0.269776 0.023960
2 0.593235 0.162067 0.016573 0.017872
0 0.577607 0.196084 0.063269 0.020242
1 0.634661 0.197456 0.039115 0.019662
0 0.576459 0.222945 0.063269 0.020242
1 0.650171 0.224717 0.072431 0.020463
2 0.815476 0.229317 0.238126 0.023199
2 0.755849 0.249145 0.348902 0.025862
2 0.754941 0.270384 0.348902 0.025862
2 0.643256 0.288959 0.127349 0.020535
0 0.572427 0.317272 0.063269 0.020242
1 0.647389 0.319074 0.074930 0.020523
2 0.806030 0.323514 0.222300 0.022818
0 0.560681 0.348255 0.042446 0.019742
1 0.613570 0.349527 0.051608 0.019962
2 0.792202 0.354447 0.285601 0.024340
2 0.755479 0.374825 0.358897 0.026102
2 0.749574 0.395944 0.348902 0.025862
2 0.606239 0.413759 0.064048 0.019013
0 0.577471 0.443083 0.084092 0.020743
1 0.673256 0.445386 0.095752 0.021023
2 0.826483 0.449695 0.190650 0.022057
2 0.698974 0.467890 0.253951 0.023579
0 0.575202 0.496180 0.084092 0.020743
1 0.648497 0.497943 0.050775 0.019942
2 0.802975 0.502282 0.238126 0.023199
0 0.553258 0.521916 0.042446 0.019742
1 0.618641 0.523488 0.076595 0.020563
2 0.793941 0.528328 0.253951 0.023579
2 0.608544 0.545132 0.079874 0.019394
0 0.572051 0.569892 0.084092 0.020743
1 0.664504 0.572115 0.089089 0.020863
2 0.822312 0.576535 0.206475 0.022438
2 0.741029 0.595842 0.348902 0.025862
2 0.740121 0.617081 0.348902 0.025862
2 0.699650 0.637368 0.269776 0.023960
0 0.568206 0.659846 0.084092 0.020743
1 0.665656 0.662189 0.099084 0.021103
2 0.804724 0.666158 0.159000 0.021296
0 0.566844 0.691705 0.084092 0.020743
1 0.654299 0.693808 0.079094 0.020623
2 0.807111 0.698107 0.206475 0.022438
2 0.648784 0.715561 0.174825 0.021677
0 0.554003 0.748300 0.063269 0.020242
1 0.616471 0.749802 0.049942 0.019922
2 0.786357 0.754512 0.269776 0.023960
2 0.733392 0.774500 0.348902 0.025862
2 0.737482 0.795859 0.358897 0.026102
2 0.692014 0.816027 0.269776 0.023960
0 0.539373 0.846749 0.042446 0.019742
1 0.593928 0.848061 0.054940 0.020042
2 0.774225 0.853021 0.285601 0.024340
2 0.729174 0.873199 0.348902 0.025862
2 0.728266 0.894438 0.348902 0.025862
2 0.727358 0.915677 0.348902 0.025862
2 0.686887 0.935965 0.269776 0.023960
