1 0.089051 0.083511 0.041736 0.018837
2 0.143635 0.083626 0.054236 0.018864
3 0.318215 0.084617 0.273398 0.018073
3 0.113553 0.105438 0.015899 0.017533
0 0.268175 0.095137 0.406828 0.044603
1 0.088867 0.132886 0.041736 0.018837
2 0.154284 0.133023 0.075903 0.018909
3 0.321781 0.134000 0.237564 0.017998
0 0.268031 0.133887 0.406749 0.023353
1 0.088758 0.162261 0.041736 0.018837
2 0.162508 0.162416 0.092570 0.018944
3 0.338338 0.163410 0.237564 0.017998
3 0.176593 0.184320 0.142565 0.017799
0 0.267882 0.173887 0.406828 0.044603
1 0.109393 0.215430 0.083403 0.018925
2 0.201059 0.215622 0.086736 0.018932
3 0.358140 0.216576 0.205898 0.017932
3 0.279311 0.237661 0.348397 0.018231
3 0.279231 0.258911 0.348397 0.018231
3 0.279152 0.280161 0.348397 0.018231
3 0.279073 0.301411 0.348397 0.018231
3 0.120661 0.322329 0.031732 0.017566
0 0.267525 0.269511 0.407145 0.129602
1 0.088033 0.356635 0.041736 0.018837
2 0.145116 0.356755 0.059236 0.018874
0 0.267197 0.357636 0.406749 0.023353
1 0.108768 0.382929 0.083403 0.018925
2 0.181268 0.383081 0.048403 0.018851
3 0.335015 0.384028 0.237564 0.017998
3 0.278686 0.405160 0.348397 0.018231
3 0.283607 0.426421 0.358397 0.018252
3 0.151861 0.447395 0.095065 0.017699
0 0.266980 0.415761 0.406987 0.087103
1 0.093419 0.476647 0.053403 0.018862
2 0.153419 0.476773 0.053403 0.018862
3 0.325499 0.477759 0.269231 0.018065
3 0.278337 0.498910 0.348397 0.018231
3 0.278257 0.520160 0.348397 0.018231
3 0.278178 0.541410 0.348397 0.018231
3 0.278099 0.562660 0.348397 0.018231
3 0.278020 0.583910 0.348397 0.018231
3 0.282940 0.605170 0.358397 0.018252
3 0.243278 0.626337 0.279231 0.018085
0 0.266472 0.552010 0.407304 0.172102
1 0.086905 0.659134 0.041736 0.018837
2 0.144405 0.659255 0.060070 0.018876
0 0.266069 0.660135 0.406749 0.023353
1 0.086774 0.694134 0.041736 0.018837
2 0.144274 0.694255 0.060070 0.018876
3 0.319688 0.695248 0.269231 0.018065
3 0.277525 0.716409 0.348397 0.018231
3 0.111197 0.737310 0.015899 0.017533
0 0.265859 0.716385 0.406907 0.065853
1 0.086488 0.771009 0.041736 0.018837
2 0.139821 0.771121 0.051736 0.018858
3 0.295235 0.772072 0.237564 0.017998
0 0.265651 0.772010 0.406749 0.023353
1 0.096795 0.800405 0.062570 0.018881
2 0.160961 0.800540 0.052570 0.018860
0 0.265542 0.801384 0.406749 0.023353
1 0.096664 0.835405 0.062570 0.018881
2 0.169581 0.835558 0.070070 0.018897
3 0.339161 0.836539 0.247564 0.018019
3 0.166166 0.857426 0.126731 0.017766
0 0.265372 0.847009 0.406828 0.044603
1 0.106895 0.885427 0.083403 0.018925
2 0.181478 0.885583 0.052570 0.018860
3 0.337308 0.886535 0.237564 0.017998
3 0.213479 0.907526 0.221731 0.017965
0 0.265185 0.897009 0.406828 0.044603
1 0.571966 0.084524 0.074236 0.018905
2 0.664883 0.084719 0.098403 0.018956
3 0.827796 0.085686 0.205898 0.017932
3 0.711884 0.106693 0.279231 0.018085
0 0.734840 0.096116 0.406828 0.044603
1 0.555528 0.135115 0.041736 0.018837
2 0.630527 0.135272 0.095070 0.018949
3 0.807608 0.136269 0.237564 0.017998
3 0.746279 0.157390 0.348397 0.018231
3 0.746199 0.178640 0.348397 0.018231
3 0.751120 0.199901 0.358397 0.018252
3 0.658958 0.220957 0.174231 0.017865
0 0.734533 0.178616 0.407066 0.108353
1 0.555113 0.246365 0.041736 0.018837
2 0.621362 0.246504 0.077570 0.018912
0 0.734276 0.247365 0.406749 0.023353
1 0.554991 0.278864 0.041736 0.018837
2 0.609575 0.278979 0.054236 0.018864
3 0.774155 0.279949 0.253398 0.018031
0 0.734155 0.279865 0.406749 0.023353
1 0.565287 0.311386 0.062570 0.018881
2 0.626120 0.311514 0.045903 0.018846
3 0.739034 0.312376 0.158398 0.017832
0 0.734034 0.312365 0.406749 0.023353
1 0.575596 0.340158 0.083403 0.018925
2 0.658929 0.340333 0.070070 0.018897
3 0.815593 0.341286 0.221731 0.017965
3 0.666348 0.362223 0.190065 0.017898
0 0.733887 0.351740 0.406828 0.044603
1 0.564993 0.390136 0.062570 0.018881
2 0.622910 0.390257 0.040070 0.018834
0 0.733740 0.391115 0.406749 0.023353
1 0.554444 0.425739 0.041736 0.018837
2 0.616110 0.425868 0.068403 0.018893
3 0.795691 0.426870 0.269231 0.018065
3 0.745195 0.448014 0.348397 0.018231
3 0.745116 0.469264 0.348397 0.018231
3 0.745036 0.490514 0.348397 0.018231
3 0.744957 0.511764 0.348397 0.018231
3 0.744878 0.533014 0.348397 0.018231
3 0.744799 0.554264 0.348397 0.018231
3 0.610137 0.575231 0.079232 0.017666
0 0.733330 0.501114 0.407304 0.172102
1 0.574604 0.606407 0.083403 0.018925
2 0.658770 0.606583 0.071736 0.018900
3 0.816267 0.607539 0.221731 0.017965
3 0.749521 0.628649 0.358397 0.018252
3 0.744442 0.649888 0.348397 0.018231
3 0.744363 0.671138 0.348397 0.018231
3 0.744284 0.692388 0.348397 0.018231
3 0.680871 0.713505 0.221731 0.017965
0 0.732736 0.660489 0.407145 0.129602
1 0.553241 0.748238 0.041736 0.018837
2 0.631158 0.748401 0.100903 0.018961
3 0.811155 0.749404 0.237564 0.017998
3 0.743992 0.770513 0.348397 0.018231
3 0.748913 0.791773 0.358397 0.018252
3 0.748834 0.813023 0.358397 0.018252
3 0.743755 0.834263 0.348397 0.018231
3 0.704092 0.855429 0.269231 0.018065
0 0.732207 0.802363 0.407145 0.129602
1 0.563161 0.881384 0.062570 0.018881
2 0.632328 0.881529 0.062570 0.018881
3 0.753575 0.882408 0.158398 0.017832
0 0.731908 0.882363 0.406749 0.023353
