3 0.499776 0.038125 0.999553 0.025560
0 0.107920 0.084594 0.083352 0.018797
1 0.173753 0.084558 0.035019 0.018770
2 0.328754 0.085096 0.253351 0.017642
2 0.277941 0.106374 0.348351 0.017695
2 0.277963 0.127624 0.348351 0.017695
2 0.182984 0.148927 0.158351 0.017589
0 0.097595 0.177100 0.062519 0.018785
1 0.170512 0.177059 0.070019 0.018789
2 0.292596 0.177616 0.152517 0.017585
0 0.097627 0.208975 0.062519 0.018785
1 0.160544 0.208940 0.050019 0.018778
2 0.330961 0.209470 0.269184 0.017651
2 0.172232 0.230808 0.136684 0.017577
0 0.087266 0.265231 0.041685 0.018773
1 0.140600 0.265201 0.051685 0.018779
2 0.316850 0.265727 0.279184 0.017656
2 0.278121 0.286999 0.348351 0.017695
2 0.278142 0.308249 0.348351 0.017695
2 0.222747 0.329530 0.237517 0.017633
0 0.097774 0.357100 0.062519 0.018785
1 0.169441 0.357060 0.067519 0.018788
2 0.332775 0.357594 0.237517 0.017633
2 0.278213 0.378874 0.348351 0.017695
0 0.108245 0.411469 0.083352 0.018797
1 0.181578 0.411428 0.050019 0.018778
2 0.336162 0.411967 0.237517 0.017633
2 0.167434 0.433311 0.126684 0.017571
0 0.097876 0.458975 0.062519 0.018785
1 0.178292 0.458930 0.085019 0.018798
2 0.347460 0.459460 0.231684 0.017630
2 0.278314 0.480749 0.348351 0.017695
2 0.278335 0.501999 0.348351 0.017695
2 0.278356 0.523249 0.348351 0.017695
2 0.278378 0.544499 0.348351 0.017695
2 0.278399 0.565749 0.348351 0.017695
2 0.278420 0.586999 0.348351 0.017695
0 0.087620 0.620231 0.041685 0.018773
1 0.153453 0.620194 0.076685 0.018793
0 0.098064 0.647725 0.062519 0.018785
1 0.178064 0.647680 0.084185 0.018797
0 0.108514 0.681469 0.083352 0.018797
1 0.184764 0.681427 0.055852 0.018781
2 0.342264 0.681963 0.237517 0.017633
2 0.148952 0.703322 0.089184 0.017550
0 0.098144 0.728975 0.062519 0.018785
1 0.165228 0.728937 0.058352 0.018783
2 0.331895 0.729469 0.253351 0.017642
2 0.175666 0.750807 0.142517 0.017580
0 0.087781 0.782731 0.041685 0.018773
1 0.149865 0.782696 0.069185 0.018789
2 0.329865 0.783220 0.269184 0.017651
2 0.159886 0.804566 0.110851 0.017562
0 0.087834 0.835856 0.041685 0.018773
1 0.143251 0.835825 0.055852 0.018781
2 0.324501 0.836348 0.285017 0.017660
2 0.283689 0.857621 0.358351 0.017701
2 0.278710 0.878874 0.348351 0.017695
2 0.278732 0.900124 0.348351 0.017695
2 0.278753 0.921374 0.348351 0.017695
2 0.278774 0.942624 0.348351 0.017695
2 0.152128 0.963945 0.095017 0.017553
0 0.574586 0.084333 0.083352 0.018797
1 0.666670 0.084282 0.087519 0.018799
2 0.792504 0.084836 0.142517 0.017580
0 0.574613 0.111208 0.083352 0.018797
1 0.660030 0.111160 0.074185 0.018792
2 0.779197 0.111719 0.142517 0.017580
0 0.564226 0.141214 0.062519 0.018785
1 0.639226 0.141172 0.074185 0.018792
2 0.805893 0.141704 0.237517 0.017633
2 0.744665 0.162988 0.348351 0.017695
2 0.744686 0.184238 0.348351 0.017695
2 0.744707 0.205488 0.348351 0.017695
2 0.744728 0.226738 0.348351 0.017695
2 0.744749 0.247988 0.348351 0.017695
2 0.744770 0.269238 0.348351 0.017695
2 0.744792 0.290488 0.348351 0.017695
2 0.649813 0.311791 0.158351 0.017589
0 0.554014 0.346845 0.041685 0.018773
1 0.601514 0.346818 0.040019 0.018772
2 0.711515 0.347382 0.158351 0.017589
0 0.564463 0.379339 0.062519 0.018785
1 0.643630 0.379295 0.082519 0.018796
2 0.814464 0.379824 0.237517 0.017633
2 0.744902 0.401113 0.348351 0.017695
2 0.744923 0.422363 0.348351 0.017695
2 0.744944 0.443613 0.348351 0.017695
2 0.749965 0.464860 0.358351 0.017701
2 0.737070 0.486117 0.332517 0.017686
0 0.564604 0.521214 0.062519 0.018785
1 0.622521 0.521181 0.040019 0.018772
2 0.787938 0.521714 0.269184 0.017651
2 0.745043 0.542988 0.348351 0.017695
2 0.745064 0.564238 0.348351 0.017695
2 0.745085 0.585488 0.348351 0.017695
2 0.745106 0.606738 0.348351 0.017695
2 0.745127 0.627988 0.348351 0.017695
2 0.610565 0.649313 0.079184 0.017544
0 0.564759 0.676839 0.062519 0.018785
1 0.626843 0.676804 0.048352 0.018777
2 0.793510 0.677336 0.263351 0.017647
2 0.697698 0.698639 0.253351 0.017642
0 0.570649 0.733711 0.074185 0.018792
1 0.637316 0.733673 0.045852 0.018776
2 0.789817 0.734213 0.237517 0.017633
0 0.554433 0.767470 0.041685 0.018773
1 0.627350 0.767429 0.090852 0.018801
2 0.807350 0.767953 0.247517 0.017639
2 0.745288 0.789238 0.348351 0.017695
2 0.745309 0.810488 0.348351 0.017695
2 0.745330 0.831738 0.348351 0.017695
2 0.726601 0.852998 0.310851 0.017674
0 0.564965 0.883089 0.062519 0.018785
1 0.631631 0.883051 0.057519 0.018782
2 0.750382 0.883610 0.158351 0.017589
