1 0.091794 0.087746 0.062773 0.019269
2 0.179706 0.087014 0.100271 0.019581
3 0.343455 0.086277 0.206079 0.019211
3 0.272523 0.108118 0.348571 0.020397
3 0.272838 0.129367 0.348571 0.020397
3 0.273152 0.150616 0.348571 0.020397
3 0.186388 0.172589 0.174415 0.018948
0 0.261172 0.129464 0.408232 0.110877
1 0.103976 0.207027 0.083606 0.019442
2 0.199803 0.206229 0.095271 0.019539
3 0.353136 0.205579 0.190247 0.019080
3 0.147630 0.228540 0.095253 0.018289
0 0.262466 0.216959 0.407289 0.047131
1 0.094401 0.263985 0.062773 0.019269
2 0.158564 0.263451 0.052774 0.019186
3 0.322313 0.262714 0.253577 0.019607
3 0.116807 0.285675 0.031924 0.017762
0 0.263307 0.273830 0.407289 0.047131
1 0.105621 0.318270 0.083606 0.019442
2 0.191449 0.317556 0.075273 0.019373
3 0.347699 0.316881 0.216079 0.019295
3 0.141359 0.339849 0.079421 0.018158
0 0.264111 0.328202 0.407289 0.047131
1 0.095954 0.368978 0.062773 0.019269
2 0.167616 0.368382 0.067773 0.019310
3 0.330949 0.367648 0.237744 0.019475
3 0.157940 0.390339 0.111085 0.018421
0 0.264860 0.378824 0.407289 0.047131
1 0.096657 0.416475 0.062773 0.019269
2 0.181651 0.415768 0.094438 0.019532
0 0.265405 0.415697 0.406974 0.025882
1 0.107590 0.451387 0.083606 0.019442
2 0.189668 0.450704 0.067773 0.019310
0 0.265923 0.450694 0.406974 0.025882
1 0.097627 0.482096 0.062773 0.019269
2 0.162623 0.481556 0.054441 0.019199
0 0.266376 0.481317 0.406974 0.025882
1 0.108459 0.510133 0.083606 0.019442
2 0.191371 0.509443 0.069440 0.019324
0 0.266792 0.509441 0.406974 0.025882
1 0.088071 0.540304 0.041941 0.019095
2 0.148900 0.539798 0.066940 0.019303
3 0.324732 0.538961 0.263576 0.019690
3 0.279216 0.560591 0.348571 0.020397
3 0.279530 0.581839 0.348571 0.020397
3 0.279844 0.603088 0.348571 0.020397
3 0.216829 0.624864 0.221912 0.019343
0 0.267864 0.581936 0.408232 0.110877
1 0.100262 0.660210 0.062773 0.019269
2 0.174424 0.659593 0.072773 0.019352
3 0.340256 0.658839 0.237744 0.019475
3 0.170164 0.681505 0.126918 0.018553
0 0.269168 0.670056 0.407289 0.047131
1 0.096492 0.715245 0.053607 0.019193
2 0.165654 0.714670 0.071940 0.019345
3 0.338986 0.713853 0.253577 0.019607
3 0.239307 0.735933 0.263576 0.019690
0 0.269981 0.725052 0.407289 0.047131
1 0.091445 0.768415 0.041941 0.019095
2 0.157691 0.767864 0.077773 0.019394
3 0.333939 0.767023 0.253577 0.019607
3 0.155931 0.789755 0.095253 0.018289
0 0.270767 0.778174 0.407289 0.047131
1 0.113109 0.824489 0.083606 0.019442
2 0.183938 0.823899 0.045275 0.019123
3 0.343937 0.823193 0.253577 0.019607
3 0.220092 0.845475 0.221912 0.019343
0 0.271599 0.834421 0.407289 0.047131
1 0.103414 0.873322 0.062773 0.019269
2 0.184659 0.872646 0.086939 0.019470
3 0.349658 0.871899 0.221912 0.019343
3 0.133735 0.894946 0.047756 0.017894
0 0.272320 0.883168 0.407289 0.047131
1 0.568848 0.083777 0.083606 0.019442
2 0.647177 0.083125 0.060274 0.019248
0 0.727181 0.083084 0.406974 0.025882
1 0.569246 0.110650 0.083606 0.019442
2 0.657157 0.109919 0.079439 0.019407
3 0.810490 0.109268 0.206079 0.019211
3 0.739559 0.131109 0.348571 0.020397
3 0.605298 0.153478 0.079421 0.018158
0 0.727893 0.131206 0.407603 0.068379
1 0.570401 0.188770 0.083606 0.019442
2 0.647063 0.188132 0.056940 0.019220
3 0.804979 0.187444 0.237744 0.019475
3 0.590307 0.210481 0.047756 0.017894
0 0.728891 0.198702 0.407289 0.047131
1 0.571113 0.236892 0.083606 0.019442
2 0.661524 0.236140 0.084439 0.019449
3 0.801525 0.235600 0.174415 0.018948
0 0.729446 0.236200 0.406974 0.025882
1 0.561104 0.264477 0.062773 0.019269
2 0.621517 0.263975 0.045275 0.019123
3 0.791515 0.263185 0.273575 0.019773
3 0.591425 0.286101 0.047756 0.017894
0 0.730010 0.274323 0.407289 0.047131
1 0.561917 0.319474 0.062773 0.019269
2 0.632746 0.318884 0.066107 0.019297
3 0.803162 0.318092 0.253577 0.019607
3 0.742646 0.339846 0.348571 0.020397
3 0.742961 0.361095 0.348571 0.020397
3 0.748275 0.382302 0.358570 0.020480
3 0.704008 0.403922 0.269409 0.019738
0 0.731295 0.361192 0.408232 0.110877
1 0.574080 0.437505 0.083606 0.019442
2 0.664491 0.436753 0.084439 0.019449
3 0.820324 0.436081 0.206079 0.019211
3 0.657315 0.458689 0.174415 0.018948
0 0.732570 0.447437 0.407289 0.047131
1 0.574894 0.492501 0.083606 0.019442
2 0.659472 0.491798 0.072773 0.019352
3 0.817388 0.491109 0.221912 0.019343
3 0.745207 0.512961 0.348571 0.020397
3 0.750521 0.534168 0.358570 0.020480
3 0.745835 0.555458 0.348571 0.020397
3 0.635323 0.577629 0.126918 0.018553
0 0.733855 0.534307 0.408232 0.110877
1 0.576641 0.610619 0.083606 0.019442
2 0.664969 0.609884 0.080272 0.019414
3 0.818718 0.609230 0.206079 0.019211
3 0.746954 0.631079 0.348571 0.020397
3 0.628525 0.653315 0.111085 0.018421
0 0.735288 0.631176 0.407603 0.068379
1 0.577713 0.683115 0.083606 0.019442
2 0.658958 0.682439 0.066107 0.019297
3 0.813541 0.681778 0.221912 0.019343
3 0.660948 0.704299 0.174415 0.018948
0 0.736203 0.693047 0.407289 0.047131
1 0.557694 0.738285 0.041941 0.019095
2 0.633523 0.737654 0.096938 0.019553
0 0.736859 0.737419 0.406974 0.025882
1 0.558092 0.765158 0.041941 0.019095
2 0.622671 0.764621 0.074439 0.019366
3 0.797253 0.763793 0.253577 0.019607
3 0.582997 0.786827 0.016091 0.017631
0 0.737414 0.774917 0.407289 0.047131
1 0.569247 0.815068 0.062773 0.019269
2 0.649243 0.814403 0.084439 0.019449
3 0.812992 0.813665 0.221912 0.019343
3 0.599569 0.836692 0.047756 0.017894
0 0.738153 0.824914 0.407289 0.047131
1 0.570089 0.871940 0.062773 0.019269
2 0.639668 0.871361 0.063607 0.019276
3 0.790084 0.870734 0.216079 0.019295
0 0.738838 0.871161 0.406974 0.025882
