0 0.26666666666666666 0.096875 0.4 0.04375
0 0.26666666666666666 0.158125 0.4 0.04375
0 0.26666666666666666 0.219375 0.4 0.04375
0 0.26666666666666666 0.2925 0.4 0.0675
0 0.26666666666666666 0.389375 0.4 0.09125
0 0.26666666666666666 0.474375 0.4 0.04375
0 0.26666666666666666 0.57125 0.4 0.115
0 0.26666666666666666 0.68 0.4 0.0675
0 0.26666666666666666 0.753125 0.4 0.04375
0 0.26666666666666666 0.838125 0.4 0.09125
0 0.7333333333333333 0.085 0.4 0.02
0 0.7333333333333333 0.134375 0.4 0.04375
0 0.7333333333333333 0.219375 0.4 0.09125
0 0.7333333333333333 0.31625 0.4 0.0675
0 0.7333333333333333 0.389375 0.4 0.04375
0 0.7333333333333333 0.450625 0.4 0.04375
0 0.7333333333333333 0.511875 0.4 0.04375
0 0.7333333333333333 0.573125 0.4 0.04375
0 0.7333333333333333 0.658125 0.4 0.09125
0 0.7333333333333333 0.77875 0.4 0.115
0 0.7333333333333333 0.875625 0.4 0.04375
