1 0.108257 0.084415 0.083337 0.018759
2 0.185340 0.084407 0.057503 0.018756
0 0.266591 0.085024 0.406671 0.022542
1 0.097847 0.119416 0.062503 0.018756
2 0.174930 0.119409 0.078337 0.018758
3 0.343680 0.120016 0.237503 0.017524
3 0.159518 0.141285 0.110837 0.017511
0 0.266599 0.130649 0.406675 0.043792
1 0.097856 0.168166 0.062503 0.018756
2 0.162856 0.168160 0.054170 0.018756
3 0.327439 0.168768 0.253337 0.017526
3 0.159526 0.190035 0.110837 0.017511
0 0.266608 0.179399 0.406675 0.043792
1 0.097866 0.223166 0.062503 0.018756
2 0.162449 0.223160 0.053337 0.018756
3 0.326616 0.223768 0.253337 0.017526
3 0.278287 0.245023 0.348337 0.017536
3 0.283290 0.266272 0.358337 0.017537
3 0.283294 0.287522 0.358337 0.017537
3 0.278298 0.308773 0.348337 0.017536
3 0.283302 0.330022 0.358337 0.017537
3 0.278306 0.351273 0.348337 0.017536
3 0.278310 0.372523 0.348337 0.017536
3 0.246647 0.393776 0.285003 0.017529
0 0.266632 0.308774 0.406702 0.192542
1 0.087486 0.423168 0.041670 0.018754
2 0.137903 0.423162 0.045837 0.018755
3 0.314153 0.423769 0.285003 0.017529
3 0.135823 0.445038 0.063337 0.017507
0 0.266655 0.434399 0.406675 0.043792
1 0.097911 0.471291 0.062503 0.018756
2 0.180828 0.471283 0.090003 0.018759
3 0.292078 0.471896 0.110837 0.017511
0 0.266662 0.471899 0.406671 0.022542
1 0.097917 0.504416 0.062503 0.018756
2 0.172501 0.504409 0.073337 0.018758
3 0.338751 0.505017 0.237503 0.017524
3 0.127921 0.526288 0.047503 0.017505
0 0.266670 0.515649 0.406675 0.043792
1 0.108345 0.561290 0.083337 0.018759
2 0.201678 0.561281 0.090003 0.018759
3 0.360428 0.561889 0.205837 0.017521
3 0.183349 0.583158 0.158337 0.017516
0 0.266680 0.572524 0.406675 0.043792
1 0.108355 0.618165 0.083337 0.018759
2 0.183772 0.618158 0.054170 0.018756
0 0.266688 0.618774 0.406671 0.022542
1 0.087527 0.648168 0.041670 0.018754
2 0.138777 0.648162 0.047503 0.018755
3 0.315861 0.648769 0.285003 0.017529
3 0.120031 0.670039 0.031670 0.017503
0 0.266696 0.659399 0.406675 0.043792
1 0.108371 0.703790 0.083337 0.018759
2 0.185037 0.703782 0.056670 0.018756
3 0.342954 0.704391 0.237503 0.017524
3 0.230875 0.725653 0.253337 0.017526
0 0.266706 0.715024 0.406675 0.043792
1 0.108380 0.753165 0.083337 0.018759
2 0.183796 0.753158 0.054170 0.018756
3 0.340463 0.753766 0.237503 0.017524
3 0.283384 0.775022 0.358337 0.017537
3 0.278388 0.796273 0.348337 0.017536
3 0.230892 0.817528 0.253337 0.017526
0 0.266719 0.785649 0.406682 0.086292
1 0.097980 0.844416 0.062503 0.018756
2 0.178813 0.844408 0.085837 0.018759
3 0.343397 0.845016 0.221670 0.017523
3 0.278400 0.866273 0.348337 0.017536
0 0.266732 0.855649 0.406675 0.043792
1 0.564507 0.084368 0.062503 0.018756
2 0.633257 0.084361 0.061670 0.018756
3 0.801591 0.084969 0.253337 0.017526
3 0.749928 0.106224 0.358337 0.017537
3 0.744932 0.127475 0.348337 0.017536
3 0.744936 0.148725 0.348337 0.017536
3 0.744939 0.169975 0.348337 0.017536
3 0.744943 0.191225 0.348337 0.017536
3 0.744947 0.212475 0.348337 0.017536
3 0.657868 0.233734 0.174170 0.017518
0 0.733271 0.159351 0.406698 0.171292
1 0.554123 0.264369 0.041670 0.018754
2 0.615373 0.264363 0.067503 0.018757
3 0.739124 0.264975 0.158337 0.017516
0 0.733290 0.264976 0.406671 0.022542
1 0.564545 0.291243 0.062503 0.018756
2 0.648295 0.291235 0.091670 0.018759
3 0.815795 0.291842 0.221670 0.017523
3 0.744966 0.313100 0.348337 0.017536
3 0.718303 0.334352 0.295003 0.017530
0 0.733299 0.313101 0.406679 0.065042
1 0.554142 0.366244 0.041670 0.018754
2 0.617892 0.366238 0.072503 0.018757
0 0.733309 0.366851 0.406671 0.022542
1 0.564565 0.401868 0.062503 0.018756
2 0.624982 0.401862 0.045003 0.018755
3 0.774149 0.402472 0.231670 0.017524
0 0.733315 0.402476 0.406671 0.022542
1 0.564571 0.433118 0.062503 0.018756
2 0.643321 0.433110 0.081670 0.018758
3 0.813738 0.433718 0.237503 0.017524
3 0.744992 0.454975 0.348337 0.017536
3 0.749996 0.476224 0.358337 0.017537
3 0.750000 0.497474 0.358337 0.017537
3 0.745003 0.518725 0.348337 0.017536
3 0.750007 0.539974 0.358337 0.017537
3 0.745011 0.561225 0.348337 0.017536
3 0.697515 0.582480 0.253337 0.017526
0 0.733335 0.508101 0.406698 0.171292
1 0.564603 0.608743 0.062503 0.018756
2 0.634603 0.608736 0.064170 0.018757
3 0.804187 0.609344 0.253337 0.017526
3 0.750024 0.630599 0.358337 0.017537
3 0.750028 0.651849 0.358337 0.017537
3 0.745032 0.673100 0.348337 0.017536
3 0.745036 0.694350 0.348337 0.017536
3 0.745040 0.715600 0.348337 0.017536
3 0.578793 0.736867 0.015837 0.017502
0 0.733365 0.673101 0.406694 0.150042
1 0.575049 0.768742 0.083337 0.018759
2 0.659633 0.768734 0.072503 0.018757
3 0.817549 0.769342 0.221670 0.017523
0 0.733383 0.769351 0.406671 0.022542
1 0.564638 0.795618 0.062503 0.018756
2 0.648388 0.795610 0.091670 0.018759
3 0.752554 0.796224 0.095003 0.017510
0 0.733388 0.796226 0.406671 0.022542
1 0.564644 0.829368 0.062503 0.018756
2 0.630477 0.829362 0.055837 0.018756
3 0.795894 0.829969 0.253337 0.017526
3 0.657981 0.851234 0.174170 0.017518
0 0.733396 0.840601 0.406675 0.043792
1 0.564654 0.884993 0.062503 0.018756
2 0.636321 0.884986 0.067503 0.018757
3 0.767987 0.885597 0.174170 0.017518
0 0.733404 0.885601 0.406671 0.022542
