3 0.501073 0.032503 0.997854 0.027649
0 0.089460 0.083285 0.041755 0.018860
1 0.139877 0.083418 0.045921 0.018871
2 0.316123 0.084510 0.285081 0.018255
2 0.280189 0.105665 0.348414 0.018423
2 0.280089 0.126915 0.348414 0.018423
2 0.282073 0.148170 0.352580 0.018434
2 0.279889 0.169415 0.348414 0.018423
2 0.279789 0.190665 0.348414 0.018423
2 0.279689 0.211914 0.348414 0.018423
2 0.279589 0.233164 0.348414 0.018423
2 0.176573 0.254142 0.142582 0.017877
0 0.098932 0.283936 0.062588 0.018915
1 0.171431 0.284128 0.069255 0.018933
2 0.335594 0.285188 0.237581 0.018129
2 0.279244 0.306289 0.348414 0.018423
2 0.279144 0.327539 0.348414 0.018423
2 0.279044 0.348789 0.348414 0.018423
2 0.278944 0.370038 0.348414 0.018423
2 0.247178 0.391204 0.285081 0.018255
0 0.087879 0.418908 0.041755 0.018860
1 0.163296 0.419107 0.095921 0.019004
2 0.293292 0.420077 0.142582 0.017877
0 0.098128 0.454560 0.062588 0.018915
1 0.162294 0.454730 0.052588 0.018889
0 0.097969 0.488310 0.062588 0.018915
1 0.158802 0.488471 0.045921 0.018871
0 0.097831 0.517685 0.062588 0.018915
1 0.163664 0.517859 0.055921 0.018898
2 0.329076 0.518922 0.253414 0.018171
2 0.278143 0.540037 0.348414 0.018423
2 0.278043 0.561287 0.348414 0.018423
2 0.277943 0.582537 0.348414 0.018423
2 0.206594 0.603598 0.205914 0.018045
0 0.107712 0.631461 0.083421 0.018971
1 0.198544 0.631702 0.085088 0.018975
2 0.354791 0.632741 0.205914 0.018045
2 0.111359 0.653346 0.015916 0.017542
0 0.097062 0.680809 0.062588 0.018915
1 0.159145 0.680973 0.048421 0.018878
2 0.328725 0.682047 0.269247 0.018213
2 0.142793 0.702805 0.079249 0.017710
0 0.096839 0.728308 0.062588 0.018915
1 0.160172 0.728476 0.050921 0.018885
2 0.307251 0.729491 0.221748 0.018087
0 0.086278 0.758905 0.041755 0.018860
1 0.155027 0.759088 0.082588 0.018968
2 0.254607 0.759976 0.095082 0.017752
0 0.086154 0.785155 0.041755 0.018860
1 0.156987 0.785343 0.086754 0.018980
2 0.290317 0.786321 0.158415 0.017919
0 0.096432 0.814558 0.062588 0.018915
1 0.168099 0.814748 0.067588 0.018929
2 0.331428 0.815805 0.237581 0.018129
2 0.276745 0.836911 0.348414 0.018423
2 0.276645 0.858160 0.348414 0.018423
2 0.276545 0.879410 0.348414 0.018423
2 0.276445 0.900660 0.348414 0.018423
2 0.276345 0.921910 0.348414 0.018423
2 0.276245 0.943160 0.348414 0.018423
2 0.125729 0.964011 0.047582 0.017626
0 0.566541 0.084549 0.062588 0.018915
1 0.641540 0.084747 0.074255 0.018946
2 0.776536 0.085730 0.174248 0.017961
0 0.566408 0.112674 0.062588 0.018915
1 0.624324 0.112827 0.040088 0.018856
2 0.791820 0.113896 0.273414 0.018224
2 0.635888 0.134733 0.126748 0.017835
0 0.566149 0.167673 0.062588 0.018915
1 0.646149 0.167885 0.084254 0.018973
2 0.809895 0.168944 0.221748 0.018087
2 0.611879 0.189669 0.079249 0.017710
0 0.576339 0.215825 0.083421 0.018971
1 0.664255 0.216058 0.079254 0.018960
2 0.817585 0.217090 0.205914 0.018045
2 0.746235 0.238151 0.348414 0.018423
2 0.746135 0.259401 0.348414 0.018423
2 0.746035 0.280651 0.348414 0.018423
2 0.745935 0.301900 0.348414 0.018423
2 0.745835 0.323150 0.348414 0.018423
2 0.750734 0.344413 0.358414 0.018449
0 0.565169 0.375797 0.062588 0.018915
1 0.639335 0.375993 0.072588 0.018942
0 0.575459 0.402699 0.083421 0.018971
1 0.662958 0.402931 0.078421 0.018957
2 0.815871 0.403961 0.205914 0.018045
2 0.705772 0.424920 0.269247 0.018213
0 0.564774 0.459546 0.062588 0.018915
1 0.620607 0.459694 0.035921 0.018845
2 0.783937 0.460752 0.269247 0.018213
2 0.750087 0.481912 0.358414 0.018449
2 0.744987 0.503149 0.348414 0.018423
2 0.744887 0.524399 0.348414 0.018423
2 0.744787 0.545649 0.348414 0.018423
2 0.744686 0.566899 0.348414 0.018423
2 0.749586 0.588162 0.358414 0.018449
2 0.638654 0.609118 0.136748 0.017862
0 0.574361 0.635823 0.083421 0.018971
1 0.646444 0.636014 0.047588 0.018876
2 0.799773 0.637045 0.237581 0.018129
2 0.704674 0.658043 0.269247 0.018213
0 0.553274 0.689517 0.041755 0.018860
1 0.605774 0.689656 0.050088 0.018882
2 0.784103 0.690754 0.285081 0.018255
2 0.601504 0.711520 0.063415 0.017668
0 0.553030 0.741392 0.041755 0.018860
1 0.620946 0.741572 0.080921 0.018964
0 0.552900 0.768892 0.041755 0.018860
1 0.617067 0.769062 0.073421 0.018944
2 0.791229 0.770148 0.253414 0.018171
2 0.672380 0.791084 0.205914 0.018045
0 0.552647 0.822642 0.041755 0.018860
1 0.608897 0.822791 0.057588 0.018902
2 0.783060 0.823877 0.269247 0.018213
2 0.640460 0.844749 0.142582 0.017877
0 0.562837 0.870794 0.062588 0.018915
1 0.622003 0.870951 0.042588 0.018862
