0 0.26666666666666666 0.096875 0.4 0.04375
0 0.26666666666666666 0.158125 0.4 0.04375
0 0.26666666666666666 0.219375 0.4 0.04375
0 0.26666666666666666 0.304375 0.4 0.09125
0 0.26666666666666666 0.389375 0.4 0.04375
0 0.26666666666666666 0.450625 0.4 0.04375
0 0.26666666666666666 0.559375 0.4 0.13875
0 0.26666666666666666 0.7275 0.4 0.1625
0 0.26666666666666666 0.86 0.4 0.0675
0 0.7333333333333333 0.096875 0.4 0.04375
0 0.7333333333333333 0.17 0.4 0.0675
0 0.7333333333333333 0.243125 0.4 0.04375
0 0.7333333333333333 0.31625 0.4 0.0675
0 0.7333333333333333 0.389375 0.4 0.04375
0 0.7333333333333333 0.48625 0.4 0.115
0 0.7333333333333333 0.583125 0.4 0.04375
0 0.7333333333333333 0.691875 0.4 0.13875
0 0.7333333333333333 0.83625 0.4 0.115
