0 0.26666666666666666 0.096875 0.4 0.04375
0 0.26666666666666666 0.19375 0.4 0.115
0 0.26666666666666666 0.290625 0.4 0.04375
0 0.26666666666666666 0.375625 0.4 0.09125
0 0.26666666666666666 0.460625 0.4 0.04375
0 0.26666666666666666 0.521875 0.4 0.04375
0 0.26666666666666666 0.583125 0.4 0.04375
0 0.26666666666666666 0.65625 0.4 0.0675
0 0.26666666666666666 0.765 0.4 0.115
0 0.26666666666666666 0.87375 0.4 0.0675
0 0.7333333333333333 0.096875 0.4 0.04375
0 0.7333333333333333 0.17 0.4 0.0675
0 0.7333333333333333 0.3025 0.4 0.1625
0 0.7333333333333333 0.423125 0.4 0.04375
0 0.7333333333333333 0.508125 0.4 0.09125
0 0.7333333333333333 0.593125 0.4 0.04375
0 0.7333333333333333 0.701875 0.4 0.13875
0 0.7333333333333333 0.810625 0.4 0.04375
0 0.7333333333333333 0.88375 0.4 0.0675
