1 0.102748 0.081770 0.062715 0.019157
2 0.171912 0.082221 0.062715 0.019157
3 0.340648 0.083946 0.253527 0.019151
3 0.282904 0.104820 0.348523 0.019770
3 0.282658 0.126069 0.348523 0.019770
3 0.282412 0.147318 0.348523 0.019770
3 0.287165 0.168600 0.358523 0.019835
3 0.281919 0.189817 0.348523 0.019770
3 0.281673 0.211066 0.348523 0.019770
3 0.146849 0.231438 0.079366 0.018015
0 0.270622 0.157867 0.408636 0.173894
1 0.111107 0.259331 0.083547 0.019292
2 0.202771 0.259929 0.086881 0.019314
3 0.359841 0.261577 0.206028 0.018841
3 0.225433 0.281952 0.237694 0.019047
0 0.269304 0.271613 0.407158 0.046399
1 0.089659 0.312318 0.041882 0.019021
2 0.140074 0.312647 0.046049 0.019048
3 0.316310 0.314421 0.285192 0.019357
3 0.280232 0.335436 0.348523 0.019770
3 0.284985 0.356718 0.358523 0.019835
3 0.263907 0.377832 0.316857 0.019563
0 0.268443 0.345985 0.407651 0.088897
1 0.084019 0.403535 0.032716 0.018961
2 0.141517 0.403910 0.069381 0.019200
3 0.321503 0.405708 0.269359 0.019254
3 0.128764 0.425703 0.047701 0.017809
0 0.267631 0.415982 0.407158 0.046399
1 0.108775 0.460574 0.083547 0.019292
2 0.179606 0.461035 0.045216 0.019043
3 0.336676 0.462684 0.247693 0.019113
3 0.278516 0.483556 0.348523 0.019770
3 0.283269 0.504838 0.358523 0.019835
3 0.151361 0.525229 0.095199 0.018119
0 0.266726 0.494104 0.407651 0.088897
1 0.097280 0.553627 0.062715 0.019157
2 0.186860 0.554211 0.103547 0.019423
3 0.352263 0.555914 0.206028 0.018841
3 0.277436 0.576677 0.348523 0.019770
3 0.277190 0.597926 0.348523 0.019770
3 0.276944 0.619176 0.348523 0.019770
3 0.276698 0.640425 0.348523 0.019770
3 0.276452 0.661674 0.348523 0.019770
3 0.276205 0.682923 0.348523 0.019770
3 0.109715 0.703089 0.016036 0.017603
0 0.265155 0.629724 0.408636 0.173894
1 0.084822 0.729803 0.041882 0.019021
2 0.143153 0.730183 0.061882 0.019151
3 0.319389 0.731957 0.269359 0.019254
3 0.275394 0.752921 0.348523 0.019770
3 0.280148 0.774202 0.358523 0.019835
3 0.274902 0.795419 0.348523 0.019770
3 0.274655 0.816668 0.348523 0.019770
3 0.279409 0.837950 0.358523 0.019835
0 0.263359 0.784718 0.408143 0.131396
1 0.093645 0.867365 0.062715 0.019157
2 0.172808 0.867881 0.082714 0.019287
3 0.343628 0.869620 0.237694 0.019047
3 0.273801 0.890415 0.348523 0.019770
3 0.273555 0.911665 0.348523 0.019770
3 0.273308 0.932914 0.348523 0.019770
3 0.114735 0.953131 0.031868 0.017706
0 0.261888 0.911589 0.407897 0.110147
1 0.558981 0.084744 0.041882 0.019021
2 0.618145 0.085129 0.063548 0.019162
3 0.795214 0.086909 0.269359 0.019254
3 0.607059 0.106933 0.063534 0.017912
0 0.738010 0.097161 0.407158 0.046399
1 0.568781 0.137935 0.062715 0.019157
2 0.637945 0.138385 0.062715 0.019157
0 0.737518 0.139659 0.406912 0.025150
1 0.578850 0.168001 0.083547 0.019292
2 0.661347 0.168539 0.068548 0.019195
3 0.814250 0.170161 0.216028 0.018906
3 0.753590 0.191016 0.358523 0.019835
3 0.748344 0.212233 0.348523 0.019770
3 0.748098 0.233482 0.348523 0.019770
3 0.747851 0.254731 0.348523 0.019770
3 0.613027 0.275103 0.079366 0.018015
0 0.736554 0.222781 0.408143 0.131396
1 0.566848 0.304803 0.062715 0.019157
2 0.626012 0.305189 0.042716 0.019026
3 0.792665 0.306900 0.269359 0.019254
3 0.747004 0.327853 0.348523 0.019770
3 0.751758 0.349135 0.358523 0.019835
3 0.746512 0.370352 0.348523 0.019770
3 0.722516 0.391446 0.301025 0.019460
0 0.735092 0.349027 0.407897 0.110147
1 0.555142 0.415981 0.041882 0.019021
2 0.619723 0.416402 0.074381 0.019233
3 0.794293 0.418165 0.253527 0.019151
3 0.745715 0.439099 0.348523 0.019770
3 0.750469 0.460381 0.358523 0.019835
3 0.745222 0.481598 0.348523 0.019770
3 0.744976 0.502847 0.348523 0.019770
3 0.641817 0.523425 0.142697 0.018428
0 0.733679 0.470897 0.408143 0.131396
1 0.574411 0.551112 0.083547 0.019292
2 0.670240 0.551737 0.095214 0.019368
3 0.823561 0.553361 0.190196 0.018738
3 0.749150 0.574127 0.358523 0.019835
3 0.743904 0.595343 0.348523 0.019770
3 0.743658 0.616593 0.348523 0.019770
3 0.600917 0.636913 0.063534 0.017912
0 0.732238 0.595267 0.407897 0.110147
1 0.573107 0.663608 0.083547 0.019292
2 0.656854 0.664154 0.071048 0.019211
3 0.782259 0.665596 0.158530 0.018531
0 0.731427 0.665265 0.406912 0.025150
1 0.572796 0.690482 0.083547 0.019292
2 0.653626 0.691009 0.065215 0.019173
3 0.749448 0.692258 0.105199 0.018184
0 0.731116 0.692139 0.406912 0.025150
1 0.562053 0.718538 0.062715 0.019157
2 0.620801 0.718921 0.041882 0.019021
3 0.784121 0.720610 0.263526 0.019216
3 0.670962 0.741123 0.206028 0.018841
0 0.730667 0.730887 0.407158 0.046399
1 0.551043 0.769718 0.041882 0.019021
2 0.629790 0.770231 0.102713 0.019417
3 0.794777 0.771932 0.206028 0.018841
0 0.730196 0.771511 0.406912 0.025150
1 0.571543 0.798603 0.083547 0.019292
2 0.664873 0.799211 0.090214 0.019336
3 0.823609 0.800871 0.206028 0.018841
3 0.741283 0.821585 0.348523 0.019770
3 0.741037 0.842834 0.348523 0.019770
3 0.740790 0.864083 0.348523 0.019770
3 0.590133 0.884352 0.047701 0.017809
0 0.729370 0.842758 0.407897 0.110147
