1 0.101759 0.087904 0.083625 0.019493
2 0.182587 0.087182 0.065293 0.019329
3 0.336752 0.086429 0.221929 0.019479
3 0.105856 0.109744 0.016110 0.017640
0 0.260260 0.097739 0.407333 0.047381
1 0.098040 0.142316 0.074459 0.019411
2 0.165535 0.141713 0.047794 0.019173
3 0.326783 0.140897 0.253593 0.019762
3 0.225462 0.163054 0.253593 0.019762
0 0.261124 0.152110 0.407333 0.047381
1 0.082605 0.193708 0.041962 0.019121
2 0.140518 0.193190 0.061127 0.019292
3 0.308432 0.192315 0.253593 0.019762
0 0.261769 0.192732 0.406995 0.026132
1 0.093497 0.223613 0.062793 0.019307
2 0.163076 0.222991 0.063627 0.019315
3 0.332240 0.222104 0.253593 0.019762
3 0.115927 0.245289 0.031942 0.017782
0 0.262414 0.233354 0.407333 0.047381
1 0.083975 0.279952 0.041962 0.019121
2 0.146887 0.279389 0.071126 0.019382
3 0.327718 0.278399 0.269426 0.019904
3 0.195981 0.300827 0.190264 0.019196
0 0.263308 0.289600 0.407333 0.047381
1 0.101127 0.336677 0.074459 0.019411
2 0.170706 0.336056 0.051961 0.019210
3 0.334037 0.335221 0.253593 0.019762
3 0.149388 0.358123 0.095271 0.018348
0 0.264211 0.346471 0.407333 0.047381
1 0.085772 0.393069 0.041962 0.019121
2 0.131602 0.392659 0.036962 0.019076
3 0.311183 0.391679 0.301090 0.020187
3 0.276939 0.413237 0.348587 0.020611
3 0.277277 0.434485 0.348587 0.020611
3 0.277614 0.455734 0.348587 0.020611
3 0.277952 0.476982 0.348587 0.020611
3 0.278289 0.498231 0.348587 0.020611
3 0.278627 0.519479 0.348587 0.020611
3 0.271048 0.540799 0.332754 0.020470
0 0.266117 0.466462 0.409358 0.174871
1 0.088572 0.569306 0.041962 0.019121
2 0.156067 0.568703 0.080292 0.019463
0 0.267736 0.568330 0.406995 0.026132
1 0.099524 0.602961 0.062793 0.019307
2 0.181601 0.602227 0.088625 0.019538
3 0.347433 0.601370 0.221929 0.019479
3 0.193198 0.624000 0.174432 0.019055
0 0.268440 0.612702 0.407333 0.047381
1 0.089872 0.651175 0.041962 0.019121
2 0.141119 0.650717 0.047794 0.019173
3 0.318199 0.649760 0.285258 0.020045
3 0.193962 0.672122 0.174432 0.019055
0 0.269205 0.660824 0.407333 0.047381
1 0.090736 0.705546 0.041962 0.019121
2 0.139483 0.705111 0.042795 0.019128
3 0.314063 0.704176 0.285258 0.020045
3 0.218574 0.726281 0.221929 0.019479
0 0.270069 0.715195 0.407333 0.047381
1 0.112332 0.753482 0.083625 0.019493
2 0.188160 0.752804 0.055294 0.019240
3 0.345242 0.752026 0.237761 0.019621
3 0.282668 0.773836 0.348587 0.020611
3 0.283005 0.795085 0.348587 0.020611
3 0.283343 0.816333 0.348587 0.020611
0 0.271171 0.784565 0.408008 0.089878
1 0.093069 0.852411 0.041962 0.019121
2 0.161398 0.851800 0.081959 0.019478
3 0.339728 0.850832 0.253593 0.019762
3 0.284236 0.872579 0.348587 0.020611
3 0.284574 0.893828 0.348587 0.020611
3 0.284911 0.915076 0.348587 0.020611
3 0.285249 0.936325 0.348587 0.020611
3 0.285587 0.957573 0.348587 0.020611
3 0.285924 0.978822 0.348587 0.020611
3 0.286262 1.000000 0.348587 0.020611
3 0.128277 1.000000 0.031942 0.017782
0 0.273583 0.936429 0.409696 0.196120
1 0.568393 0.083734 0.083625 0.019493
2 0.638804 0.083105 0.044461 0.019143
0 0.726725 0.082945 0.406995 0.026132
1 0.558483 0.115700 0.062793 0.019307
2 0.638894 0.114982 0.085292 0.019508
0 0.727231 0.114817 0.406995 0.026132
1 0.569425 0.148730 0.083625 0.019493
2 0.643586 0.148067 0.051961 0.019210
3 0.799002 0.147303 0.237761 0.019621
3 0.739760 0.169084 0.348587 0.020611
3 0.708434 0.190616 0.285258 0.020045
0 0.728095 0.169188 0.407670 0.068629
1 0.570646 0.225599 0.083625 0.019493
2 0.658973 0.224810 0.080292 0.019463
3 0.812722 0.224061 0.206097 0.019338
3 0.740982 0.245954 0.348587 0.020611
3 0.741319 0.267202 0.348587 0.020611
3 0.686244 0.288946 0.237761 0.019621
0 0.729485 0.256682 0.408008 0.089878
1 0.551254 0.316404 0.041962 0.019121
2 0.618749 0.315801 0.080292 0.019463
3 0.796246 0.314840 0.253593 0.019762
3 0.742421 0.336572 0.348587 0.020611
3 0.742759 0.357821 0.348587 0.020611
3 0.743096 0.379069 0.348587 0.020611
3 0.656357 0.401096 0.174432 0.019055
0 0.731093 0.357925 0.408345 0.111126
1 0.563437 0.427553 0.062793 0.019307
2 0.627599 0.426980 0.052794 0.019218
3 0.796347 0.426097 0.263593 0.019852
3 0.696692 0.448239 0.253593 0.019762
0 0.732354 0.437294 0.407333 0.047381
1 0.564192 0.475050 0.062793 0.019307
2 0.631687 0.474447 0.059460 0.019277
3 0.772103 0.473817 0.200264 0.019286
0 0.732940 0.474167 0.406995 0.026132
1 0.564668 0.505048 0.062793 0.019307
2 0.634246 0.504426 0.063627 0.019315
3 0.771747 0.503822 0.190264 0.019196
0 0.733416 0.504165 0.406995 0.026132
1 0.554768 0.537638 0.041962 0.019121
2 0.624347 0.537017 0.084459 0.019501
3 0.803927 0.536037 0.253593 0.019762
3 0.603446 0.559080 0.063607 0.018065
0 0.734101 0.547287 0.407333 0.047381
1 0.555622 0.591384 0.041962 0.019121
2 0.611452 0.590886 0.056960 0.019255
3 0.790199 0.589913 0.279425 0.019993
3 0.746790 0.611553 0.348587 0.020611
3 0.747127 0.632801 0.348587 0.020611
3 0.652471 0.654899 0.158600 0.018913
0 0.735292 0.622281 0.408008 0.089878
1 0.567617 0.690659 0.062793 0.019307
2 0.643861 0.689978 0.076959 0.019434
3 0.811776 0.689103 0.237761 0.019621
3 0.700871 0.711345 0.253593 0.019762
0 0.736533 0.700401 0.407333 0.047381
1 0.557995 0.740749 0.041962 0.019121
2 0.622574 0.740172 0.074459 0.019411
3 0.781322 0.739378 0.221929 0.019479
0 0.737159 0.739773 0.406995 0.026132
1 0.579383 0.775560 0.083625 0.019493
2 0.666043 0.774786 0.076959 0.019434
3 0.826042 0.773981 0.221929 0.019479
3 0.754718 0.795870 0.358586 0.020701
3 0.750056 0.817163 0.348587 0.020611
3 0.750393 0.838412 0.348587 0.020611
3 0.750731 0.859660 0.348587 0.020611
3 0.751068 0.880909 0.348587 0.020611
3 0.664329 0.902935 0.174432 0.019055
0 0.738728 0.838516 0.409021 0.153623
