1 0.109181 0.078374 0.062992 0.019692
2 0.189998 0.079598 0.086320 0.020045
3 0.354531 0.082713 0.222092 0.020851
3 0.291055 0.103007 0.352899 0.022831
3 0.293400 0.124297 0.358731 0.022920
3 0.287829 0.145467 0.348733 0.022768
3 0.287257 0.166712 0.348733 0.022768
3 0.286685 0.187958 0.348733 0.022768
3 0.286114 0.209204 0.348733 0.022768
3 0.285542 0.230449 0.348733 0.022768
3 0.118754 0.249179 0.016301 0.017736
0 0.275593 0.166536 0.411763 0.198615
1 0.093470 0.275052 0.042163 0.019377
2 0.146792 0.275859 0.052161 0.019528
3 0.322989 0.279151 0.279581 0.021721
3 0.283675 0.299810 0.348733 0.022768
3 0.283104 0.321056 0.348733 0.022768
3 0.279616 0.342258 0.342901 0.022680
0 0.271725 0.310257 0.408904 0.092387
1 0.090813 0.373782 0.042163 0.019377
2 0.159549 0.374822 0.082988 0.019995
3 0.338245 0.378152 0.253753 0.021330
3 0.183122 0.397058 0.152940 0.019804
0 0.269640 0.387741 0.407761 0.049896
1 0.110246 0.425961 0.083821 0.020007
2 0.184398 0.427084 0.052161 0.019528
3 0.339766 0.430061 0.237922 0.021091
3 0.145067 0.448368 0.079621 0.018695
0 0.268244 0.439605 0.407761 0.049896
1 0.098335 0.481417 0.062992 0.019692
2 0.164988 0.482426 0.057993 0.019616
3 0.331187 0.485567 0.253753 0.021330
3 0.151485 0.504101 0.095451 0.018934
0 0.266748 0.495219 0.407761 0.049896
1 0.096821 0.537656 0.062992 0.019692
2 0.169723 0.538759 0.070490 0.019806
3 0.278851 0.541036 0.127112 0.019413
0 0.265520 0.540835 0.407189 0.028650
1 0.095913 0.571399 0.062992 0.019692
2 0.157567 0.572332 0.047995 0.019465
3 0.326683 0.575517 0.269583 0.021570
3 0.133234 0.593843 0.063791 0.018455
0 0.264326 0.585201 0.407761 0.049896
1 0.104999 0.620922 0.083821 0.020007
2 0.179984 0.622057 0.053827 0.019553
3 0.320355 0.624807 0.206262 0.020612
0 0.263284 0.623943 0.407189 0.028650
1 0.083296 0.653100 0.042163 0.019377
2 0.133286 0.653856 0.045495 0.019427
3 0.261576 0.656423 0.190432 0.020372
0 0.262409 0.656436 0.407189 0.028650
1 0.082405 0.686218 0.042163 0.019377
2 0.136977 0.687044 0.054660 0.019566
0 0.261518 0.689554 0.407189 0.028650
1 0.081463 0.721211 0.042163 0.019377
2 0.148116 0.722220 0.078822 0.019932
3 0.324730 0.725518 0.253753 0.021330
3 0.121283 0.743693 0.047961 0.018215
0 0.260291 0.735170 0.407761 0.049896
1 0.100796 0.777140 0.083821 0.020007
2 0.172864 0.778231 0.047995 0.019465
3 0.326149 0.781176 0.237922 0.021091
3 0.270172 0.801583 0.348733 0.022768
3 0.269601 0.822829 0.348733 0.022768
3 0.274028 0.844150 0.358731 0.022920
3 0.268457 0.865320 0.348733 0.022768
3 0.217479 0.885803 0.247920 0.021242
0 0.257650 0.833275 0.410048 0.134878
1 0.586167 0.085595 0.083821 0.020007
2 0.665734 0.086799 0.062992 0.019692
3 0.818603 0.089738 0.222092 0.020851
3 0.700139 0.109199 0.237922 0.021091
0 0.744166 0.099239 0.407761 0.049896
1 0.584654 0.141833 0.083821 0.020007
2 0.659639 0.142968 0.053827 0.019553
3 0.812924 0.145914 0.232090 0.021003
3 0.754031 0.166277 0.348733 0.022768
3 0.753459 0.187522 0.348733 0.022768
3 0.752887 0.208768 0.348733 0.022768
3 0.704825 0.229295 0.253753 0.021330
0 0.741795 0.187346 0.409476 0.113633
1 0.571128 0.257277 0.062992 0.019692
2 0.659027 0.258608 0.100484 0.020260
3 0.822727 0.261711 0.206262 0.020612
3 0.592619 0.279482 0.032131 0.017976
0 0.739541 0.271079 0.407761 0.049896
1 0.559284 0.310234 0.042163 0.019377
2 0.609691 0.310997 0.046328 0.019440
0 0.738398 0.313570 0.407189 0.028650
1 0.579390 0.337418 0.083821 0.020007
2 0.656042 0.338579 0.057160 0.019604
3 0.810993 0.341549 0.232090 0.021003
3 0.598381 0.359585 0.047961 0.018215
0 0.737389 0.351062 0.407761 0.049896
1 0.557082 0.392092 0.042163 0.019377
2 0.624151 0.393107 0.079655 0.019944
0 0.736195 0.395428 0.407189 0.028650
1 0.577087 0.423026 0.083821 0.020007
2 0.674983 0.424508 0.099651 0.020247
3 0.830352 0.427485 0.190432 0.020372
3 0.730633 0.447230 0.317073 0.022289
0 0.735085 0.436670 0.407761 0.049896
1 0.575624 0.477390 0.083821 0.020007
2 0.648942 0.478500 0.050494 0.019503
3 0.803477 0.481464 0.237922 0.021091
3 0.745001 0.501833 0.348733 0.022768
3 0.744429 0.523079 0.348733 0.022768
3 0.743857 0.544325 0.348733 0.022768
3 0.592899 0.563294 0.047961 0.018215
0 0.732765 0.522902 0.409476 0.113633
1 0.551566 0.597050 0.042163 0.019377
2 0.623635 0.598141 0.089653 0.020096
3 0.797749 0.601402 0.237922 0.021091
3 0.670536 0.620731 0.206262 0.020612
0 0.730394 0.611009 0.407761 0.049896
1 0.570966 0.650480 0.083821 0.020007
2 0.653032 0.651722 0.067991 0.019768
3 0.808401 0.654699 0.222092 0.020851
3 0.661192 0.673725 0.190432 0.020372
0 0.728964 0.664124 0.407761 0.049896
1 0.559055 0.705936 0.062992 0.019692
2 0.620292 0.706863 0.047162 0.019452
3 0.788991 0.710041 0.269583 0.021570
3 0.628035 0.728859 0.127112 0.019413
0 0.727468 0.719737 0.407761 0.049896
1 0.557575 0.760924 0.062992 0.019692
2 0.637975 0.762142 0.085487 0.020033
3 0.802092 0.765251 0.222092 0.020851
3 0.737366 0.785525 0.348733 0.022768
3 0.736794 0.806771 0.348733 0.022768
3 0.736223 0.828017 0.348733 0.022768
3 0.735651 0.849263 0.348733 0.022768
3 0.740078 0.870584 0.358731 0.022920
3 0.687017 0.891035 0.253753 0.021330
0 0.724558 0.827840 0.410620 0.156124
