0 0.092081 0.081840 0.041871 0.019007
1 0.150829 0.082203 0.062704 0.019136
2 0.311650 0.083822 0.237684 0.018967
0 0.091696 0.116839 0.041871 0.019007
1 0.151277 0.117207 0.064370 0.019146
2 0.320848 0.118880 0.253517 0.019065
0 0.101783 0.146902 0.062704 0.019136
1 0.162197 0.147275 0.045204 0.019027
2 0.330101 0.148938 0.269350 0.019163
2 0.258204 0.169744 0.301015 0.019359
0 0.090755 0.202461 0.041871 0.019007
1 0.158253 0.202878 0.080203 0.019244
2 0.319907 0.204502 0.221851 0.018869
0 0.100835 0.233149 0.062704 0.019136
1 0.165833 0.233551 0.054371 0.019084
2 0.330404 0.235193 0.253517 0.019065
2 0.281005 0.256138 0.348514 0.019652
2 0.280772 0.277388 0.348514 0.019652
2 0.285538 0.298668 0.358513 0.019714
2 0.285305 0.319917 0.358513 0.019714
2 0.169242 0.340450 0.126855 0.018282
0 0.099366 0.366894 0.062704 0.019136
1 0.180613 0.367397 0.086870 0.019285
0 0.088640 0.394954 0.041871 0.019007
1 0.155721 0.395369 0.079370 0.019239
2 0.332792 0.397088 0.253517 0.019065
2 0.279227 0.418008 0.348514 0.019652
2 0.112749 0.438230 0.016025 0.017597
0 0.087850 0.466827 0.041871 0.019007
1 0.144515 0.467177 0.058537 0.019110
2 0.319086 0.468881 0.269350 0.019163
2 0.262604 0.489782 0.316848 0.019456
0 0.097704 0.518139 0.062704 0.019136
1 0.164368 0.518551 0.057704 0.019105
2 0.330606 0.520204 0.253517 0.019065
2 0.135379 0.540248 0.063523 0.017891
0 0.102994 0.567549 0.074370 0.019208
1 0.177992 0.568012 0.062704 0.019136
2 0.330896 0.569582 0.221851 0.018869
0 0.086395 0.599322 0.041871 0.019007
1 0.134310 0.599618 0.041038 0.019002
2 0.308047 0.601317 0.285183 0.019261
2 0.181984 0.621789 0.158520 0.018478
0 0.096255 0.650010 0.062704 0.019136
1 0.165419 0.650437 0.062704 0.019136
2 0.294575 0.651861 0.174353 0.018576
0 0.085481 0.682444 0.041871 0.019007
1 0.153812 0.682867 0.081870 0.019254
2 0.329216 0.684576 0.247684 0.019029
2 0.244402 0.705302 0.285183 0.019261
0 0.084905 0.734943 0.041871 0.019007
1 0.147819 0.735331 0.071037 0.019187
2 0.289057 0.736829 0.190186 0.018674
0 0.105401 0.765695 0.083537 0.019264
1 0.197064 0.766262 0.086870 0.019285
0 0.084177 0.801190 0.041871 0.019007
1 0.147091 0.801579 0.071037 0.019187
0 0.094298 0.828129 0.062704 0.019136
1 0.167212 0.828579 0.070204 0.019182
2 0.331783 0.830222 0.237684 0.018967
2 0.274468 0.851118 0.348514 0.019652
2 0.274234 0.872367 0.348514 0.019652
2 0.144422 0.892816 0.089356 0.018050
0 0.579564 0.084853 0.083537 0.019264
1 0.666228 0.085388 0.076870 0.019223
2 0.826215 0.087002 0.221851 0.018869
2 0.646405 0.107141 0.142687 0.018380
0 0.558120 0.140347 0.041871 0.019007
1 0.618535 0.140720 0.066037 0.019156
2 0.796855 0.142448 0.269350 0.019163
2 0.614128 0.162569 0.079356 0.017989
0 0.578424 0.188599 0.083537 0.019264
1 0.661338 0.189112 0.069370 0.019177
2 0.817576 0.190702 0.221851 0.018869
2 0.753178 0.211555 0.358513 0.019714
2 0.747944 0.232773 0.348514 0.019652
2 0.752711 0.254053 0.358513 0.019714
2 0.747478 0.275272 0.348514 0.019652
2 0.747244 0.296521 0.348514 0.019652
2 0.628265 0.317036 0.111022 0.018184
0 0.566305 0.343529 0.062704 0.019136
1 0.640052 0.343985 0.071870 0.019192
2 0.805456 0.345633 0.237684 0.018967
0 0.555497 0.379089 0.041871 0.019007
1 0.610912 0.379431 0.056037 0.019094
2 0.792149 0.381177 0.285183 0.019261
2 0.746084 0.402143 0.348514 0.019652
2 0.745850 0.423392 0.348514 0.019652
2 0.745617 0.444641 0.348514 0.019652
2 0.626637 0.465156 0.111022 0.018184
0 0.554185 0.498460 0.041871 0.019007
1 0.620850 0.498872 0.078537 0.019233
2 0.794587 0.500571 0.247684 0.019029
2 0.586444 0.520535 0.031858 0.017695
0 0.564011 0.552272 0.062704 0.019136
1 0.626092 0.552656 0.048538 0.019048
2 0.795663 0.554329 0.269350 0.019163
2 0.744181 0.575262 0.348514 0.019652
2 0.743948 0.596511 0.348514 0.019652
2 0.743714 0.617760 0.348514 0.019652
2 0.719732 0.638863 0.301015 0.019359
0 0.562761 0.666019 0.062704 0.019136
1 0.626926 0.666415 0.052704 0.019074
2 0.795663 0.668083 0.263517 0.019127
2 0.742932 0.689008 0.348514 0.019652
2 0.742698 0.710257 0.348514 0.019652
2 0.599969 0.730626 0.063523 0.017891
0 0.551274 0.763451 0.041871 0.019007
1 0.617522 0.763860 0.077703 0.019228
0 0.561299 0.799139 0.062704 0.019136
1 0.621297 0.799510 0.044371 0.019022
2 0.788784 0.801170 0.269350 0.019163
2 0.741469 0.822128 0.348514 0.019652
2 0.741235 0.843378 0.348514 0.019652
2 0.741002 0.864627 0.348514 0.019652
2 0.740769 0.885876 0.348514 0.019652
2 0.740535 0.907125 0.348514 0.019652
2 0.629472 0.927690 0.126855 0.018282
