3 0.502653 0.040018 0.994693 0.031645
0 0.113259 0.081788 0.083552 0.019303
1 0.196589 0.082342 0.070219 0.019214
0 0.102459 0.114218 0.062719 0.019165
1 0.184122 0.114761 0.087718 0.019331
2 0.349525 0.116485 0.221865 0.018972
2 0.282610 0.137291 0.348526 0.019814
2 0.282359 0.158540 0.348526 0.019814
2 0.282108 0.179789 0.348526 0.019814
2 0.281857 0.201039 0.348526 0.019814
2 0.265773 0.222182 0.316861 0.019604
0 0.111214 0.254907 0.083552 0.019303
1 0.192877 0.255449 0.066886 0.019192
2 0.347864 0.257104 0.221865 0.018972
2 0.130538 0.276911 0.047705 0.017815
0 0.100126 0.311710 0.062719 0.019165
1 0.166790 0.312153 0.057719 0.019131
2 0.333026 0.313883 0.253530 0.019183
2 0.121950 0.333731 0.031872 0.017710
0 0.089104 0.362889 0.041887 0.019026
1 0.156184 0.363335 0.079385 0.019275
2 0.262006 0.364663 0.111036 0.018236
0 0.099107 0.397957 0.062719 0.019165
1 0.160354 0.398364 0.046886 0.019059
2 0.257843 0.399637 0.126868 0.018341
0 0.109117 0.432400 0.083552 0.019303
1 0.179531 0.432868 0.044386 0.019043
2 0.339100 0.434553 0.253530 0.019183
2 0.278852 0.455404 0.348526 0.019814
2 0.278600 0.476653 0.348526 0.019814
2 0.283349 0.497935 0.358526 0.019881
2 0.278098 0.519151 0.348526 0.019814
2 0.277847 0.540400 0.348526 0.019814
2 0.211349 0.561209 0.216032 0.018934
0 0.096862 0.587949 0.062719 0.019165
1 0.158109 0.588356 0.046886 0.019059
2 0.326845 0.590103 0.269363 0.019288
2 0.118686 0.609970 0.031872 0.017710
0 0.096197 0.644197 0.062719 0.019165
1 0.177027 0.644734 0.086051 0.019320
2 0.341597 0.646453 0.221865 0.018972
2 0.276348 0.667270 0.348526 0.019814
2 0.276097 0.688519 0.348526 0.019814
2 0.233348 0.709486 0.263530 0.019249
0 0.084629 0.741624 0.041887 0.019026
1 0.157543 0.742109 0.091051 0.019353
2 0.337528 0.743930 0.247697 0.019144
2 0.156451 0.763977 0.111036 0.018236
0 0.104790 0.798635 0.083552 0.019303
1 0.173537 0.799092 0.041053 0.019021
2 0.331440 0.800767 0.253530 0.019183
2 0.274524 0.821639 0.348526 0.019814
2 0.274273 0.842888 0.348526 0.019814
2 0.279022 0.864171 0.358526 0.019881
2 0.123361 0.884387 0.047705 0.017815
0 0.569491 0.084821 0.062719 0.019165
1 0.639072 0.085283 0.063552 0.019170
2 0.808224 0.087032 0.253530 0.019183
2 0.749642 0.107894 0.348526 0.019814
2 0.749391 0.129143 0.348526 0.019814
2 0.749140 0.150392 0.348526 0.019814
2 0.748889 0.171641 0.348526 0.019814
2 0.753638 0.192924 0.358526 0.019881
2 0.748387 0.214139 0.348526 0.019814
2 0.621474 0.234547 0.095203 0.018131
0 0.577751 0.267383 0.083552 0.019303
1 0.649415 0.267859 0.046886 0.019059
2 0.802318 0.269500 0.237697 0.019078
2 0.612908 0.289492 0.079370 0.018025
0 0.566700 0.321061 0.062719 0.019165
1 0.630031 0.321482 0.051053 0.019087
0 0.566294 0.355435 0.062719 0.019165
1 0.639208 0.355919 0.070219 0.019214
2 0.787944 0.357533 0.206032 0.018867
0 0.565962 0.383559 0.062719 0.019165
1 0.631376 0.383994 0.055219 0.019115
2 0.796362 0.385715 0.253530 0.019183
2 0.595702 0.405632 0.047705 0.017815
0 0.575706 0.440501 0.083552 0.019303
1 0.657369 0.441044 0.066886 0.019192
2 0.812356 0.442699 0.221865 0.018972
2 0.745441 0.463505 0.348526 0.019814
2 0.745190 0.484754 0.348526 0.019814
2 0.610361 0.505109 0.079370 0.018025
0 0.564212 0.531678 0.062719 0.019165
1 0.645042 0.532215 0.086051 0.019320
2 0.809611 0.533934 0.221865 0.018972
2 0.744363 0.554751 0.348526 0.019814
2 0.749111 0.576034 0.358526 0.019881
2 0.743861 0.597249 0.348526 0.019814
2 0.743610 0.618499 0.348526 0.019814
2 0.743358 0.639748 0.348526 0.019814
2 0.616446 0.660155 0.095203 0.018131
0 0.562373 0.687297 0.062719 0.019165
1 0.641120 0.687820 0.081885 0.019292
2 0.811522 0.689578 0.237697 0.019078
2 0.742524 0.710370 0.348526 0.019814
2 0.742273 0.731619 0.348526 0.019814
2 0.742022 0.752868 0.348526 0.019814
2 0.741771 0.774118 0.348526 0.019814
2 0.670273 0.794893 0.206032 0.018867
0 0.560793 0.821042 0.062719 0.019165
1 0.633707 0.821526 0.070219 0.019214
2 0.798276 0.823245 0.237697 0.019078
2 0.740944 0.844115 0.348526 0.019814
2 0.740693 0.865364 0.348526 0.019814
2 0.740442 0.886613 0.348526 0.019814
2 0.681860 0.907475 0.231864 0.019039
