0 0.093751 0.080926 0.041945 0.019100
1 0.153331 0.081428 0.064443 0.019289
2 0.330810 0.083548 0.269412 0.019767
2 0.217999 0.103849 0.216082 0.019317
0 0.113788 0.134223 0.083609 0.019451
1 0.205449 0.134995 0.086942 0.019479
2 0.362513 0.136944 0.206082 0.019233
2 0.193455 0.156771 0.168585 0.018917
0 0.092207 0.184044 0.041945 0.019100
1 0.159702 0.184613 0.080276 0.019423
2 0.337182 0.186733 0.253579 0.019633
2 0.132293 0.206258 0.047759 0.017899
0 0.112252 0.236717 0.083609 0.019451
1 0.192664 0.237394 0.064443 0.019289
2 0.314730 0.239048 0.158585 0.018833
0 0.101359 0.268502 0.062777 0.019275
1 0.170521 0.269084 0.062777 0.019275
2 0.291754 0.270731 0.158585 0.018833
0 0.090531 0.295912 0.041945 0.019100
1 0.148027 0.296397 0.060277 0.019254
0 0.090128 0.322786 0.041945 0.019100
1 0.149708 0.323288 0.064443 0.019289
2 0.327187 0.325408 0.269412 0.019767
2 0.280622 0.346267 0.348573 0.020434
2 0.285304 0.367558 0.358573 0.020518
2 0.279986 0.388764 0.348573 0.020434
2 0.271751 0.409946 0.332741 0.020300
0 0.088378 0.439653 0.041945 0.019100
1 0.135042 0.440046 0.038612 0.019072
0 0.108779 0.468577 0.083609 0.019451
1 0.196274 0.469314 0.078609 0.019409
2 0.349171 0.471227 0.206082 0.019233
2 0.278441 0.491883 0.348573 0.020434
2 0.238542 0.512798 0.269412 0.019767
0 0.107665 0.542947 0.083609 0.019451
1 0.187660 0.543621 0.063610 0.019282
2 0.340975 0.545538 0.221915 0.019366
2 0.277327 0.566253 0.348573 0.020434
2 0.277009 0.587502 0.348573 0.020434
2 0.276690 0.608750 0.348573 0.020434
2 0.276372 0.629999 0.348573 0.020434
2 0.157311 0.650247 0.111088 0.018433
0 0.090616 0.679687 0.053611 0.019198
1 0.163528 0.680302 0.079443 0.019416
2 0.282261 0.681927 0.136920 0.018650
0 0.094722 0.711599 0.062777 0.019275
1 0.169717 0.712231 0.074443 0.019374
2 0.336364 0.714260 0.237747 0.019500
2 0.279799 0.735035 0.358573 0.020518
2 0.250733 0.756041 0.301076 0.020033
0 0.104033 0.785432 0.083609 0.019451
1 0.175279 0.786032 0.046111 0.019135
2 0.332759 0.787984 0.247747 0.019584
2 0.178701 0.807937 0.158585 0.018833
0 0.103228 0.839179 0.083609 0.019451
1 0.188223 0.839895 0.073610 0.019367
2 0.346537 0.841854 0.221915 0.019366
2 0.130399 0.861284 0.063591 0.018032
0 0.581221 0.085033 0.083609 0.019451
1 0.667882 0.085763 0.076943 0.019395
2 0.827862 0.087736 0.221915 0.019366
2 0.750882 0.108339 0.348573 0.020434
2 0.750564 0.129588 0.348573 0.020434
2 0.742329 0.150770 0.332741 0.020300
0 0.558956 0.180477 0.041945 0.019100
1 0.627702 0.181056 0.082776 0.019444
2 0.806431 0.183187 0.253579 0.019633
2 0.614875 0.202824 0.079424 0.018166
0 0.558189 0.231723 0.041945 0.019100
1 0.621935 0.232260 0.072776 0.019360
2 0.795664 0.234349 0.253579 0.019633
2 0.748682 0.255205 0.348573 0.020434
2 0.740448 0.276387 0.332741 0.020300
0 0.567444 0.309306 0.062777 0.019275
1 0.642856 0.309942 0.075276 0.019381
0 0.566985 0.339929 0.062777 0.019275
1 0.643230 0.340572 0.076943 0.019395
2 0.771546 0.342278 0.158585 0.018833
0 0.576877 0.375015 0.083609 0.019451
1 0.667288 0.375777 0.084442 0.019458
2 0.823102 0.377714 0.206082 0.019233
2 0.751538 0.398363 0.358573 0.020518
2 0.722472 0.419369 0.301076 0.020033
0 0.554978 0.446085 0.041945 0.019100
1 0.619974 0.446632 0.075276 0.019381
0 0.564926 0.477421 0.062777 0.019275
1 0.631171 0.477979 0.056944 0.019226
0 0.554098 0.504831 0.041945 0.019100
1 0.606594 0.505273 0.050278 0.019170
2 0.784907 0.507401 0.285244 0.019900
2 0.681262 0.527779 0.221915 0.019366
0 0.563802 0.552416 0.062777 0.019275
1 0.627965 0.552956 0.052778 0.019191
2 0.791695 0.554961 0.253579 0.019633
2 0.640970 0.574942 0.142753 0.018699
0 0.563007 0.605538 0.062777 0.019275
1 0.628002 0.606085 0.054444 0.019205
2 0.792566 0.608097 0.253579 0.019633
0 0.552151 0.634823 0.041945 0.019100
1 0.611730 0.635325 0.064443 0.019289
2 0.789210 0.637445 0.269412 0.019767
2 0.742644 0.658304 0.348573 0.020434
2 0.742326 0.679553 0.348573 0.020434
2 0.742008 0.700802 0.348573 0.020434
2 0.686276 0.721583 0.237747 0.019500
0 0.571298 0.747491 0.083609 0.019451
1 0.662125 0.748257 0.085275 0.019465
2 0.818356 0.750198 0.206082 0.019233
2 0.590552 0.769530 0.047759 0.017899
0 0.560161 0.795526 0.062777 0.019275
1 0.643489 0.796228 0.091108 0.019514
2 0.810552 0.798260 0.221915 0.019366
2 0.740238 0.818919 0.348573 0.020434
2 0.744920 0.840210 0.358573 0.020518
2 0.652524 0.860683 0.174418 0.018966
0 0.558747 0.889895 0.062777 0.019275
1 0.621660 0.890425 0.050278 0.019170
2 0.792056 0.892485 0.269412 0.019767
2 0.738825 0.913288 0.348573 0.020434
2 0.743506 0.934579 0.358573 0.020518
2 0.738188 0.955786 0.348573 0.020434
2 0.737870 0.977034 0.348573 0.020434
2 0.737552 0.994033 0.348573 0.011934
