1 0.104278 0.086542 0.083515 0.019208
2 0.175942 0.086147 0.046849 0.019006
3 0.328861 0.085931 0.237665 0.018807
3 0.108241 0.108395 0.016004 0.017587
0 0.262717 0.096920 0.407084 0.045987
1 0.104785 0.138415 0.083515 0.019208
2 0.185616 0.137970 0.065182 0.019107
3 0.339785 0.137747 0.221832 0.018719
3 0.116665 0.160225 0.031837 0.017674
0 0.263224 0.148794 0.407084 0.045987
1 0.084472 0.191653 0.041849 0.018979
2 0.144054 0.191326 0.064348 0.019103
3 0.281973 0.191192 0.190166 0.018545
0 0.263640 0.191292 0.406876 0.024737
1 0.105586 0.220288 0.083515 0.019208
2 0.181001 0.219873 0.054349 0.019048
3 0.337669 0.219636 0.237665 0.018807
3 0.172882 0.241793 0.142667 0.018284
0 0.264025 0.230666 0.407084 0.045987
1 0.095659 0.270344 0.062682 0.019093
2 0.176907 0.269897 0.086848 0.019226
0 0.264410 0.270040 0.406876 0.024737
1 0.106381 0.301536 0.083515 0.019208
2 0.186379 0.301096 0.063515 0.019098
0 0.264716 0.301289 0.406876 0.024737
1 0.106723 0.336535 0.083515 0.019208
2 0.186305 0.336097 0.062682 0.019093
3 0.339223 0.335880 0.221832 0.018719
3 0.276933 0.357474 0.348495 0.019417
3 0.282141 0.378696 0.358495 0.019472
3 0.166518 0.400583 0.126834 0.018197
0 0.265370 0.368163 0.407500 0.088486
1 0.086814 0.431022 0.041849 0.018979
2 0.148479 0.430683 0.068515 0.019126
3 0.325147 0.430335 0.263497 0.018949
3 0.277856 0.451846 0.348495 0.019417
3 0.278064 0.473096 0.348495 0.019417
3 0.283272 0.494318 0.358495 0.019472
3 0.283480 0.515567 0.358495 0.019472
3 0.120359 0.537715 0.031837 0.017674
0 0.266502 0.483785 0.407915 0.130985
1 0.109004 0.569654 0.083515 0.019208
2 0.184002 0.569241 0.053515 0.019043
3 0.316505 0.569137 0.190166 0.018545
0 0.267339 0.569407 0.406876 0.024737
1 0.098888 0.600335 0.062682 0.019093
2 0.162219 0.599987 0.051015 0.019029
3 0.333054 0.599671 0.269331 0.018981
3 0.113268 0.622132 0.016004 0.017587
0 0.267743 0.610656 0.407084 0.045987
1 0.084371 0.649791 0.032683 0.018928
2 0.131453 0.649532 0.048515 0.019015
3 0.293121 0.649268 0.253498 0.018894
0 0.268122 0.649405 0.406876 0.024737
1 0.110087 0.680276 0.083515 0.019208
2 0.196334 0.679801 0.076015 0.019167
3 0.355919 0.679548 0.221832 0.018719
3 0.209048 0.701607 0.205999 0.018632
0 0.268526 0.690654 0.407084 0.045987
1 0.100208 0.735332 0.062682 0.019093
2 0.181873 0.734882 0.087681 0.019231
3 0.347291 0.734597 0.221832 0.018719
3 0.146254 0.756954 0.079336 0.017935
0 0.269064 0.745653 0.407084 0.045987
1 0.100704 0.785955 0.062682 0.019093
2 0.168202 0.785584 0.059349 0.019075
3 0.335287 0.785289 0.253498 0.018894
3 0.202165 0.807272 0.190166 0.018545
0 0.269559 0.796276 0.407084 0.045987
1 0.090776 0.836011 0.041849 0.018979
2 0.158691 0.835637 0.081015 0.019194
3 0.312860 0.835414 0.205999 0.018632
0 0.269944 0.835650 0.406876 0.024737
1 0.101486 0.865953 0.062682 0.019093
2 0.168568 0.865584 0.058515 0.019071
3 0.335236 0.865292 0.253498 0.018894
3 0.282112 0.886835 0.348495 0.019417
3 0.234821 0.908345 0.253498 0.018894
0 0.270446 0.886899 0.407292 0.067236
1 0.570932 0.083973 0.083515 0.019208
2 0.650929 0.083533 0.063515 0.019098
3 0.804265 0.083314 0.221832 0.018719
3 0.741141 0.104912 0.348495 0.019417
3 0.590936 0.126990 0.047670 0.017761
0 0.729475 0.104976 0.407292 0.067236
1 0.550790 0.154711 0.041849 0.018979
2 0.618288 0.154340 0.080181 0.019190
3 0.795789 0.153988 0.253498 0.018894
3 0.694333 0.175797 0.253498 0.018894
0 0.730062 0.164975 0.407084 0.045987
1 0.572155 0.208970 0.083515 0.019208
2 0.647569 0.208555 0.054349 0.019048
3 0.804238 0.208318 0.237665 0.018807
3 0.679032 0.230257 0.221832 0.018719
0 0.730594 0.219348 0.407084 0.045987
1 0.551829 0.260958 0.041849 0.018979
2 0.616411 0.260603 0.074348 0.019158
3 0.790996 0.260267 0.253498 0.018894
3 0.703289 0.282000 0.269331 0.018981
0 0.731101 0.271222 0.407084 0.045987
1 0.573127 0.308342 0.083515 0.019208
2 0.643958 0.307953 0.045182 0.018997
3 0.803960 0.307697 0.253498 0.018894
3 0.616673 0.329978 0.095169 0.018022
0 0.731566 0.318721 0.407084 0.045987
1 0.573610 0.357716 0.083515 0.019208
2 0.648608 0.357303 0.053515 0.019043
3 0.804860 0.357068 0.237665 0.018807
3 0.593407 0.379483 0.047670 0.017761
0 0.732049 0.368094 0.407084 0.045987
1 0.553315 0.412829 0.041849 0.018979
2 0.604564 0.412547 0.047682 0.019011
3 0.781649 0.412198 0.285164 0.019068
3 0.744357 0.433653 0.348495 0.019417
3 0.744565 0.454903 0.348495 0.019417
3 0.744773 0.476152 0.348495 0.019417
3 0.749981 0.497374 0.358495 0.019472
3 0.697690 0.518913 0.253498 0.018894
0 0.733003 0.465592 0.407915 0.130985
1 0.575444 0.545211 0.083515 0.019208
2 0.661692 0.544736 0.076015 0.019167
3 0.805444 0.544570 0.190166 0.018545
0 0.733780 0.544965 0.406876 0.024737
1 0.554899 0.574700 0.041849 0.018979
2 0.609064 0.574402 0.053515 0.019043
3 0.789065 0.574036 0.285164 0.019068
3 0.687609 0.595845 0.231832 0.018774
0 0.734171 0.584964 0.407084 0.045987
1 0.576276 0.630209 0.083515 0.019208
2 0.653774 0.629782 0.058515 0.019071
0 0.734611 0.629962 0.406876 0.024737
1 0.576600 0.663333 0.083515 0.019208
2 0.657015 0.662890 0.064348 0.019103
3 0.810767 0.662669 0.221832 0.018719
3 0.746810 0.684272 0.348495 0.019417
3 0.747017 0.705521 0.348495 0.019417
3 0.747225 0.726771 0.348495 0.019417
3 0.652436 0.748543 0.158500 0.018371
0 0.735351 0.705585 0.407707 0.109735
1 0.556929 0.782194 0.041849 0.018979
2 0.622344 0.781834 0.076015 0.019167
3 0.797762 0.781494 0.253498 0.018894
3 0.747971 0.803018 0.348495 0.019417
3 0.748179 0.824268 0.348495 0.019417
3 0.748387 0.845517 0.348495 0.019417
3 0.590266 0.867638 0.031837 0.017674
0 0.736513 0.824332 0.407707 0.109735
