1 0.077183 0.090248 0.042128 0.019333
2 0.147587 0.089258 0.086287 0.019954
3 0.327988 0.087346 0.253726 0.021059
3 0.268529 0.109436 0.348710 0.022395
3 0.274060 0.130612 0.358708 0.022536
3 0.269592 0.151929 0.348710 0.022395
3 0.183055 0.174399 0.174574 0.019946
0 0.257396 0.130846 0.409282 0.113199
1 0.100793 0.201186 0.083787 0.019918
2 0.171614 0.200190 0.045461 0.019379
3 0.328686 0.198606 0.247894 0.020977
3 0.136751 0.222559 0.079590 0.018610
0 0.259380 0.210207 0.407689 0.049461
1 0.081292 0.254594 0.042128 0.019333
2 0.131700 0.253886 0.046294 0.019391
0 0.260443 0.252700 0.407158 0.028214
1 0.081995 0.282715 0.042128 0.019333
2 0.149483 0.281765 0.080455 0.019872
3 0.326967 0.279894 0.253726 0.021059
3 0.273341 0.301902 0.348710 0.022395
3 0.273873 0.323149 0.348710 0.022395
3 0.274404 0.344395 0.348710 0.022395
3 0.274935 0.365641 0.348710 0.022395
3 0.156737 0.388557 0.111251 0.019055
0 0.262474 0.333936 0.409814 0.134446
1 0.085495 0.422690 0.042128 0.019333
2 0.136319 0.421975 0.047127 0.019403
3 0.312970 0.420116 0.285387 0.021504
3 0.276841 0.441878 0.348710 0.022395
3 0.282372 0.463054 0.358708 0.022536
3 0.277904 0.484370 0.348710 0.022395
3 0.159706 0.507286 0.111251 0.019055
0 0.265708 0.463288 0.409282 0.113199
1 0.109261 0.539876 0.083787 0.019918
2 0.185081 0.538810 0.055459 0.019520
3 0.342153 0.537226 0.237896 0.020836
3 0.284778 0.559287 0.358708 0.022536
3 0.280310 0.580603 0.348710 0.022395
3 0.209603 0.602851 0.206235 0.020391
0 0.268379 0.570144 0.408751 0.091953
1 0.090775 0.633903 0.042128 0.019333
2 0.146182 0.633124 0.056292 0.019532
3 0.327416 0.631200 0.285387 0.021504
3 0.139647 0.655094 0.063760 0.018387
0 0.270192 0.642631 0.407689 0.049461
1 0.112839 0.682976 0.083787 0.019918
2 0.207823 0.681640 0.093786 0.020059
3 0.368227 0.680010 0.206235 0.020391
3 0.288355 0.702387 0.358708 0.022536
3 0.288887 0.723633 0.358708 0.022536
3 0.284419 0.744949 0.348710 0.022395
3 0.284950 0.766196 0.348710 0.022395
3 0.245905 0.787999 0.269557 0.021282
0 0.272488 0.734490 0.409814 0.134446
1 0.095478 0.821995 0.042128 0.019333
2 0.162550 0.821051 0.079621 0.019860
0 0.274629 0.820100 0.407158 0.028214
1 0.106737 0.855592 0.062958 0.019626
2 0.175891 0.854620 0.062958 0.019626
0 0.275473 0.853844 0.407158 0.028214
1 0.117808 0.881691 0.083787 0.019918
2 0.191128 0.880660 0.050460 0.019450
3 0.350699 0.879041 0.247894 0.020977
3 0.137934 0.903287 0.047929 0.018165
0 0.276394 0.890713 0.407689 0.049461
1 0.564597 0.083393 0.083787 0.019918
2 0.646666 0.082239 0.067957 0.019696
3 0.802071 0.080679 0.222065 0.020614
3 0.735114 0.102874 0.348710 0.022395
3 0.735645 0.124120 0.348710 0.022395
3 0.704515 0.145812 0.285387 0.021504
0 0.723715 0.113661 0.408751 0.091953
1 0.546158 0.179295 0.042128 0.019333
2 0.615729 0.178316 0.084621 0.019930
3 0.795296 0.176416 0.253726 0.021059
3 0.602945 0.200375 0.079590 0.018610
0 0.725574 0.188023 0.407689 0.049461
1 0.568316 0.232117 0.083787 0.019918
2 0.659133 0.230840 0.085454 0.019942
3 0.815371 0.229268 0.206235 0.020391
3 0.704255 0.252084 0.279555 0.021422
0 0.726902 0.241139 0.407689 0.049461
1 0.559151 0.282255 0.062958 0.019626
2 0.626222 0.281312 0.058792 0.019567
3 0.737468 0.280372 0.142912 0.019501
0 0.727887 0.280507 0.407158 0.028214
1 0.549501 0.313021 0.042128 0.019333
2 0.606158 0.312224 0.058792 0.019567
3 0.780726 0.310394 0.269557 0.021282
3 0.614204 0.333990 0.095421 0.018833
0 0.728918 0.321750 0.407689 0.049461
1 0.550704 0.361138 0.042128 0.019333
2 0.609861 0.360306 0.063791 0.019637
3 0.747352 0.358997 0.190404 0.020169
0 0.729855 0.359243 0.407158 0.028214
1 0.561838 0.389736 0.062958 0.019626
2 0.631409 0.388758 0.063791 0.019637
3 0.800561 0.387004 0.253726 0.021059
3 0.747769 0.409000 0.358708 0.022536
3 0.743301 0.430317 0.348710 0.022395
3 0.748831 0.451493 0.358708 0.022536
3 0.601888 0.474813 0.063760 0.018387
0 0.731636 0.430481 0.409282 0.113199
1 0.575127 0.504569 0.083787 0.019918
2 0.660529 0.503368 0.074622 0.019790
0 0.733449 0.502968 0.407158 0.028214
1 0.575862 0.533939 0.083787 0.019918
2 0.667929 0.532644 0.087953 0.019977
3 0.825417 0.531055 0.206235 0.020391
3 0.746379 0.553420 0.348710 0.022395
3 0.746910 0.574666 0.348710 0.022395
3 0.747441 0.595913 0.348710 0.022395
3 0.752971 0.617088 0.358708 0.022536
3 0.748504 0.638405 0.348710 0.022395
3 0.709458 0.660208 0.269557 0.021282
0 0.735776 0.596077 0.410345 0.155692
1 0.569462 0.694682 0.062958 0.019626
2 0.628202 0.693856 0.042128 0.019333
3 0.794438 0.692144 0.269557 0.021282
3 0.750394 0.714017 0.348710 0.022395
3 0.750925 0.735263 0.348710 0.022395
3 0.751456 0.756509 0.348710 0.022395
3 0.625343 0.779537 0.095421 0.018833
0 0.739261 0.735427 0.409282 0.113199
1 0.582861 0.813890 0.083787 0.019918
2 0.667430 0.812701 0.072956 0.019766
3 0.825334 0.811105 0.222065 0.020614
3 0.753378 0.833371 0.348710 0.022395
3 0.753909 0.854617 0.348710 0.022395
3 0.759440 0.875793 0.358708 0.022536
3 0.754972 0.897110 0.348710 0.022395
3 0.597197 0.920582 0.032099 0.017942
0 0.742510 0.865404 0.409814 0.134446
