3 0.500010 0.035625 0.999980 0.025025
0 0.087518 0.084365 0.041667 0.018751
1 0.146685 0.084366 0.063334 0.018752
2 0.323768 0.084996 0.269167 0.017507
2 0.278351 0.106245 0.348334 0.017509
2 0.278350 0.127495 0.348334 0.017509
2 0.159599 0.148742 0.110834 0.017503
0 0.108348 0.176865 0.083334 0.018752
1 0.178348 0.176867 0.043334 0.018751
2 0.337514 0.177496 0.253334 0.017506
2 0.199180 0.198743 0.190001 0.017505
0 0.097929 0.229990 0.062501 0.018752
1 0.162512 0.229992 0.053334 0.018751
2 0.326679 0.230621 0.253334 0.017506
2 0.215011 0.251868 0.221667 0.017505
0 0.097926 0.279365 0.062501 0.018752
1 0.162510 0.279367 0.053334 0.018751
2 0.326676 0.279996 0.253334 0.017506
2 0.278342 0.301245 0.348334 0.017509
2 0.278341 0.322495 0.348334 0.017509
2 0.215007 0.343743 0.221667 0.017505
0 0.097922 0.369990 0.062501 0.018752
1 0.177506 0.369992 0.083334 0.018752
2 0.340839 0.370621 0.221667 0.017505
2 0.278338 0.391870 0.348334 0.017509
2 0.278337 0.413120 0.348334 0.017509
2 0.278336 0.434370 0.348334 0.017509
2 0.262502 0.455619 0.316667 0.017508
0 0.103751 0.487490 0.074167 0.018752
1 0.189167 0.487492 0.083334 0.018752
0 0.087499 0.520615 0.041667 0.018751
1 0.152916 0.520616 0.075834 0.018752
2 0.296666 0.521245 0.190001 0.017505
0 0.108331 0.553740 0.083334 0.018752
1 0.193331 0.553742 0.073334 0.018752
2 0.351664 0.554371 0.221667 0.017505
2 0.127913 0.575616 0.047501 0.017501
0 0.108328 0.610615 0.083334 0.018752
1 0.199995 0.610618 0.086667 0.018752
2 0.357078 0.611246 0.205834 0.017505
2 0.278328 0.632495 0.348334 0.017509
2 0.278327 0.653745 0.348334 0.017509
2 0.278326 0.674995 0.348334 0.017509
2 0.283325 0.696245 0.358334 0.017509
2 0.159574 0.717492 0.110834 0.017503
0 0.087489 0.745615 0.041667 0.018751
1 0.148323 0.745616 0.066667 0.018752
2 0.327072 0.746246 0.269167 0.017507
2 0.278322 0.767495 0.348334 0.017509
2 0.278321 0.788745 0.348334 0.017509
2 0.119986 0.809991 0.031667 0.017501
0 0.097902 0.840615 0.062501 0.018752
1 0.161652 0.840617 0.051667 0.018751
2 0.324985 0.841246 0.253334 0.017506
2 0.135817 0.862491 0.063334 0.017502
0 0.097900 0.888115 0.062501 0.018752
1 0.169566 0.888117 0.067501 0.018752
2 0.277483 0.888744 0.126667 0.017503
0 0.554185 0.084376 0.041667 0.018751
1 0.612102 0.084378 0.060834 0.018752
0 0.554184 0.116876 0.041667 0.018751
1 0.626267 0.116878 0.089167 0.018752
0 0.564599 0.145627 0.062501 0.018752
1 0.632099 0.145628 0.059167 0.018751
2 0.799182 0.146257 0.253334 0.017506
2 0.745015 0.167506 0.348334 0.017509
2 0.745014 0.188756 0.348334 0.017509
2 0.745013 0.210006 0.348334 0.017509
2 0.745012 0.231256 0.348334 0.017509
2 0.745011 0.252506 0.348334 0.017509
2 0.745010 0.273756 0.348334 0.017509
2 0.705426 0.295005 0.269167 0.017507
0 0.575008 0.325002 0.083334 0.018752
1 0.650008 0.325004 0.053334 0.018751
0 0.564589 0.360002 0.062501 0.018752
1 0.638756 0.360003 0.072501 0.018752
2 0.772923 0.360632 0.174167 0.017504
0 0.554171 0.395626 0.041667 0.018751
1 0.610421 0.395628 0.057501 0.018751
2 0.737088 0.396256 0.174167 0.017504
0 0.554170 0.423751 0.041667 0.018751
1 0.611670 0.423753 0.060001 0.018751
2 0.787087 0.424382 0.269167 0.017507
2 0.745002 0.445631 0.348334 0.017509
2 0.745001 0.466881 0.348334 0.017509
2 0.745001 0.488131 0.348334 0.017509
2 0.737083 0.509381 0.332501 0.017508
0 0.554165 0.536251 0.041667 0.018751
1 0.627915 0.536253 0.092501 0.018752
2 0.779998 0.536882 0.190001 0.017505
0 0.574997 0.571252 0.083334 0.018752
1 0.663330 0.571254 0.080001 0.018752
2 0.817080 0.571883 0.205834 0.017505
2 0.744996 0.593131 0.348334 0.017509
2 0.749995 0.614381 0.358334 0.017509
2 0.749994 0.635631 0.358334 0.017509
2 0.721243 0.656880 0.300834 0.017507
0 0.564575 0.690627 0.062501 0.018752
1 0.625825 0.690628 0.046667 0.018751
0 0.564574 0.718127 0.062501 0.018752
1 0.625407 0.718128 0.045834 0.018751
2 0.777907 0.718757 0.237501 0.017506
0 0.554156 0.752501 0.041667 0.018751
1 0.605406 0.752503 0.047501 0.018751
2 0.782489 0.753132 0.285001 0.017507
2 0.618321 0.774378 0.095001 0.017502
0 0.564570 0.804377 0.062501 0.018752
1 0.632903 0.804378 0.060834 0.018752
2 0.800820 0.805007 0.253334 0.017506
2 0.744986 0.826256 0.348334 0.017509
2 0.744985 0.847506 0.348334 0.017509
2 0.744984 0.868756 0.348334 0.017509
2 0.744983 0.890006 0.348334 0.017509
2 0.749982 0.911256 0.358334 0.017509
2 0.749981 0.932506 0.358334 0.017509
