1 0.110747 0.077560 0.063058 0.019821
2 0.170315 0.078586 0.043896 0.019491
3 0.281933 0.081134 0.158827 0.020222
0 0.279434 0.081091 0.407248 0.029497
1 0.109925 0.104428 0.063058 0.019821
2 0.180739 0.105648 0.066390 0.019879
0 0.278611 0.107959 0.407248 0.029497
1 0.108891 0.138169 0.063058 0.019821
2 0.190536 0.139576 0.088051 0.020252
3 0.355890 0.143049 0.222144 0.021313
3 0.169872 0.161100 0.111340 0.019404
0 0.277252 0.152322 0.407899 0.050742
1 0.107303 0.190030 0.063058 0.019821
2 0.165205 0.191028 0.040564 0.019434
3 0.330558 0.194501 0.269631 0.022131
3 0.120796 0.212144 0.016365 0.017768
0 0.275664 0.204184 0.407899 0.050742
1 0.101267 0.237439 0.053893 0.019664
2 0.168749 0.238601 0.068889 0.019922
0 0.274535 0.241049 0.407248 0.029497
1 0.104777 0.272509 0.063058 0.019821
2 0.178091 0.273772 0.071389 0.019965
3 0.319285 0.276829 0.190486 0.020767
0 0.273464 0.276040 0.407248 0.029497
1 0.103687 0.308124 0.063058 0.019821
2 0.175334 0.309359 0.068056 0.019908
3 0.338606 0.312796 0.237973 0.021585
3 0.125094 0.330374 0.032194 0.018041
0 0.272048 0.322277 0.407899 0.050742
1 0.091589 0.362930 0.042230 0.019463
2 0.151990 0.363971 0.066390 0.019879
3 0.330257 0.367667 0.269631 0.022131
3 0.186727 0.386450 0.158827 0.020222
0 0.270364 0.377263 0.407899 0.050742
1 0.100395 0.415596 0.063058 0.019821
2 0.178708 0.416945 0.081386 0.020137
3 0.348644 0.420497 0.237973 0.021585
3 0.224693 0.439618 0.237973 0.021585
0 0.268756 0.429749 0.407899 0.050742
1 0.098903 0.464333 0.063058 0.019821
2 0.161803 0.465417 0.050561 0.019606
3 0.308412 0.468567 0.222144 0.021313
0 0.267589 0.467864 0.407248 0.029497
1 0.087666 0.491022 0.042230 0.019463
2 0.157231 0.492220 0.084719 0.020195
3 0.336748 0.495937 0.253802 0.021858
3 0.277779 0.516177 0.348777 0.023494
3 0.126752 0.534831 0.048023 0.018313
0 0.266116 0.515976 0.408549 0.071986
1 0.095956 0.560558 0.063058 0.019821
2 0.167604 0.561792 0.068056 0.019908
3 0.330875 0.565230 0.237973 0.021585
3 0.212339 0.584443 0.222144 0.021313
0 0.264317 0.574711 0.407899 0.050742
1 0.083954 0.612240 0.042230 0.019463
2 0.151436 0.613402 0.080553 0.020123
3 0.328870 0.617084 0.253802 0.021858
3 0.274067 0.637395 0.348777 0.023494
3 0.278415 0.658726 0.358775 0.023666
3 0.169877 0.678112 0.142998 0.019949
0 0.262078 0.647817 0.409200 0.093231
1 0.081026 0.707839 0.042230 0.019463
2 0.139344 0.708844 0.062224 0.019807
3 0.307614 0.712368 0.253802 0.021858
0 0.260127 0.711550 0.407248 0.029497
1 0.080165 0.735957 0.042230 0.019463
2 0.145981 0.737091 0.077221 0.020065
3 0.321749 0.740744 0.253802 0.021858
3 0.275277 0.761199 0.358775 0.023666
3 0.269628 0.782357 0.348777 0.023494
3 0.268977 0.803601 0.348777 0.023494
3 0.268327 0.824846 0.348777 0.023494
3 0.272675 0.846176 0.358775 0.023666
3 0.267026 0.867335 0.348777 0.023494
3 0.136826 0.886347 0.089679 0.019031
0 0.256988 0.814023 0.411802 0.178208
1 0.587705 0.085776 0.083885 0.020180
2 0.664768 0.087104 0.058059 0.019735
3 0.823040 0.090455 0.237973 0.021585
3 0.590784 0.107710 0.016365 0.017768
0 0.745652 0.099750 0.407899 0.050742
1 0.565174 0.141028 0.042230 0.019463
2 0.628491 0.142118 0.072222 0.019979
3 0.783014 0.145405 0.216312 0.021212
0 0.744274 0.144738 0.407248 0.029497
1 0.564351 0.167896 0.042230 0.019463
2 0.616421 0.168793 0.049728 0.019592
3 0.794272 0.172481 0.285461 0.022404
3 0.754465 0.193051 0.348777 0.023494
3 0.753814 0.214296 0.348777 0.023494
3 0.753163 0.235540 0.348777 0.023494
3 0.712940 0.256103 0.269631 0.022131
0 0.742150 0.214095 0.409851 0.114475
1 0.560716 0.286614 0.042230 0.019463
2 0.615285 0.287554 0.054726 0.019678
3 0.795635 0.291286 0.285461 0.022404
3 0.755828 0.311856 0.358775 0.023666
3 0.750178 0.333014 0.348777 0.023494
3 0.733699 0.353986 0.317119 0.022949
0 0.738840 0.322191 0.409200 0.093231
1 0.568087 0.386143 0.063058 0.019821
2 0.643067 0.387434 0.074721 0.020022
0 0.736774 0.389674 0.407248 0.029497
1 0.577659 0.413815 0.083885 0.020180
2 0.662637 0.415279 0.073888 0.020008
3 0.820909 0.418630 0.222144 0.021313
3 0.746945 0.438612 0.348777 0.023494
3 0.746294 0.459856 0.348777 0.023494
3 0.745643 0.481100 0.348777 0.023494
3 0.744993 0.502345 0.348777 0.023494
3 0.749341 0.523675 0.358775 0.023666
3 0.743692 0.544834 0.348777 0.023494
3 0.743041 0.566078 0.348777 0.023494
3 0.615757 0.585141 0.095511 0.019131
0 0.733329 0.502144 0.412453 0.199453
1 0.556406 0.617877 0.053893 0.019664
2 0.624305 0.619047 0.069722 0.019936
3 0.796324 0.622635 0.253802 0.021858
3 0.745686 0.643019 0.358775 0.023666
3 0.745036 0.664263 0.358775 0.023666
3 0.739386 0.685421 0.348777 0.023494
3 0.738736 0.706666 0.348777 0.023494
3 0.738085 0.727910 0.348777 0.023494
3 0.634545 0.747382 0.142998 0.019949
0 0.727723 0.685221 0.411152 0.156964
1 0.545637 0.778984 0.042230 0.019463
2 0.612703 0.780140 0.079720 0.020108
0 0.724738 0.782695 0.407248 0.029497
1 0.555190 0.807281 0.063058 0.019821
2 0.616841 0.808343 0.048062 0.019563
3 0.746371 0.811200 0.190486 0.020767
0 0.723877 0.810812 0.407248 0.029497
1 0.543781 0.839594 0.042230 0.019463
2 0.611680 0.840763 0.081386 0.020137
3 0.789531 0.844452 0.253802 0.021858
3 0.638920 0.863113 0.158827 0.020222
0 0.722556 0.853926 0.407899 0.050742
1 0.563078 0.889939 0.083885 0.020180
2 0.654304 0.891511 0.086385 0.020223
0 0.721351 0.893291 0.407248 0.029497
