1 0.082899 0.086966 0.041873 0.019010
2 0.139563 0.086612 0.058540 0.019114
3 0.250817 0.086542 0.142689 0.018390
0 0.262066 0.086472 0.406902 0.025039
1 0.104030 0.113710 0.083539 0.019270
2 0.180277 0.113234 0.056040 0.019098
3 0.337779 0.112875 0.237686 0.018983
3 0.274267 0.134522 0.348516 0.019675
3 0.274503 0.155772 0.348516 0.019675
3 0.274739 0.177021 0.348516 0.019675
3 0.274975 0.198270 0.348516 0.019675
3 0.280211 0.219488 0.358515 0.019738
3 0.251698 0.240917 0.301017 0.019379
0 0.263073 0.177094 0.408318 0.152535
1 0.095356 0.270645 0.062706 0.019140
2 0.164937 0.270210 0.063539 0.019145
0 0.264107 0.270216 0.406902 0.025039
1 0.106091 0.299329 0.083539 0.019270
2 0.193172 0.298785 0.077706 0.019233
3 0.353590 0.298408 0.221853 0.018884
3 0.276328 0.320141 0.348516 0.019675
0 0.264544 0.309589 0.407138 0.046289
1 0.085890 0.356332 0.041873 0.019010
2 0.139638 0.355996 0.052706 0.019077
3 0.319222 0.355499 0.285184 0.019280
3 0.174047 0.377657 0.142689 0.018390
0 0.265176 0.366462 0.407138 0.046289
1 0.107334 0.411200 0.083539 0.019270
2 0.188997 0.410690 0.066873 0.019166
0 0.265668 0.410836 0.406902 0.025039
1 0.107701 0.444324 0.083539 0.019270
2 0.204781 0.443717 0.097705 0.019358
3 0.359366 0.443377 0.190188 0.018686
3 0.230440 0.465433 0.253519 0.019082
0 0.266154 0.454584 0.407138 0.046289
1 0.108250 0.493697 0.083539 0.019270
2 0.180747 0.493244 0.048540 0.019051
0 0.266585 0.493333 0.406902 0.025039
1 0.108576 0.523071 0.083539 0.019270
2 0.182323 0.522610 0.051040 0.019067
3 0.337325 0.522267 0.237686 0.018983
3 0.278813 0.543883 0.348516 0.019675
3 0.279049 0.565132 0.348516 0.019675
3 0.239703 0.586629 0.269352 0.019181
0 0.267265 0.554581 0.407610 0.088787
1 0.088833 0.621323 0.041873 0.019010
2 0.153831 0.620917 0.075206 0.019218
3 0.328832 0.620448 0.253519 0.019082
3 0.200739 0.642499 0.190188 0.018686
0 0.268118 0.631453 0.407138 0.046289
1 0.099874 0.677506 0.062706 0.019140
2 0.175705 0.677032 0.076039 0.019223
3 0.343206 0.676611 0.237686 0.018983
3 0.122199 0.699242 0.031860 0.017697
0 0.268743 0.687701 0.407138 0.046289
1 0.100464 0.730629 0.062706 0.019140
2 0.164212 0.730231 0.051873 0.019072
3 0.327546 0.729835 0.253519 0.019082
3 0.130706 0.752316 0.047693 0.017796
0 0.269333 0.740824 0.407138 0.046289
1 0.090645 0.784442 0.041873 0.019010
2 0.151892 0.784059 0.067706 0.019171
3 0.328143 0.783583 0.263519 0.019144
3 0.281714 0.805124 0.348516 0.019675
3 0.281950 0.826373 0.348516 0.019675
3 0.282186 0.847623 0.348516 0.019675
3 0.219091 0.869268 0.221853 0.018884
0 0.270284 0.826446 0.407846 0.110037
1 0.102296 0.895623 0.062706 0.019140
2 0.191877 0.895063 0.103538 0.019395
3 0.357294 0.894655 0.206021 0.018785
3 0.156287 0.917161 0.095191 0.018093
0 0.271165 0.905819 0.407138 0.046289
1 0.559966 0.083986 0.062706 0.019140
2 0.640379 0.083484 0.085205 0.019280
0 0.728717 0.083557 0.406902 0.025039
1 0.560264 0.110860 0.062706 0.019140
2 0.641511 0.110353 0.086872 0.019291
3 0.790680 0.110046 0.190188 0.018686
0 0.729015 0.110431 0.406902 0.025039
1 0.571034 0.142669 0.083539 0.019270
2 0.649365 0.142180 0.060206 0.019124
3 0.808950 0.141808 0.237686 0.018983
3 0.741271 0.163481 0.348516 0.019675
3 0.741507 0.184730 0.348516 0.019675
3 0.741743 0.205980 0.348516 0.019675
3 0.741979 0.227229 0.348516 0.019675
3 0.678884 0.248874 0.221853 0.018884
0 0.729959 0.195428 0.408082 0.131286
1 0.572513 0.275789 0.083539 0.019270
2 0.645843 0.275331 0.050206 0.019062
3 0.802512 0.274978 0.241853 0.019009
3 0.616087 0.297393 0.095191 0.018093
0 0.730965 0.286050 0.407138 0.046289
1 0.573047 0.323913 0.083539 0.019270
2 0.648044 0.323444 0.053540 0.019083
3 0.804296 0.323093 0.237686 0.018983
3 0.584956 0.345714 0.031860 0.017697
0 0.731500 0.334173 0.407138 0.046289
1 0.563214 0.376476 0.062706 0.019140
2 0.631128 0.376052 0.060206 0.019124
0 0.731965 0.376047 0.406902 0.025039
1 0.573922 0.402660 0.083539 0.019270
2 0.660585 0.402118 0.076872 0.019228
3 0.820587 0.401744 0.221853 0.018884
3 0.649162 0.424066 0.158522 0.018488
0 0.732374 0.412920 0.407138 0.046289
1 0.564047 0.451473 0.062706 0.019140
2 0.623628 0.451101 0.043540 0.019020
3 0.790712 0.450682 0.269352 0.019181
3 0.744700 0.472220 0.348516 0.019675
3 0.697438 0.493766 0.253519 0.019082
0 0.733034 0.472293 0.407374 0.067538
1 0.564852 0.523971 0.062706 0.019140
2 0.633599 0.523541 0.061873 0.019135
3 0.801934 0.523115 0.253519 0.019082
3 0.595094 0.545658 0.047693 0.017796
0 0.733721 0.534166 0.407138 0.046289
1 0.555025 0.577159 0.041873 0.019010
2 0.610440 0.576813 0.056040 0.019098
3 0.791691 0.576306 0.285184 0.019280
3 0.627349 0.598583 0.111024 0.018192
0 0.734311 0.587289 0.407138 0.046289
1 0.576483 0.633277 0.083539 0.019270
2 0.662730 0.632738 0.076039 0.019223
0 0.734817 0.632913 0.406902 0.025039
1 0.576774 0.659526 0.083539 0.019270
2 0.664271 0.658979 0.078539 0.019239
0 0.735109 0.659162 0.406902 0.025039
1 0.577100 0.688900 0.083539 0.019270
2 0.655848 0.688408 0.061039 0.019129
3 0.815849 0.688034 0.237686 0.018983
3 0.581093 0.710751 0.016027 0.017598
0 0.735553 0.699161 0.407138 0.046289
1 0.556809 0.737778 0.041873 0.019010
2 0.634306 0.737294 0.100205 0.019374
3 0.813891 0.736797 0.237686 0.018983
3 0.747879 0.758461 0.348516 0.019675
3 0.748115 0.779710 0.348516 0.019675
3 0.748351 0.800959 0.348516 0.019675
3 0.748587 0.822208 0.348516 0.019675
3 0.614244 0.844298 0.079358 0.017994
0 0.736567 0.790407 0.408082 0.131286
1 0.558329 0.874649 0.041873 0.019010
2 0.619577 0.874266 0.067706 0.019171
3 0.798744 0.873772 0.269352 0.019181
3 0.630653 0.896073 0.111024 0.018192
0 0.737615 0.884779 0.407138 0.046289
