1 0.224583 0.085938 0.120833 0.021875
0 0.266667 0.123438 0.400000 0.096875
1 0.155000 0.192188 0.075000 0.021875
0 0.266667 0.201563 0.400000 0.040625
1 0.204583 0.243438 0.127500 0.021875
0 0.266667 0.299687 0.400000 0.134375
1 0.193750 0.385937 0.105833 0.021875
0 0.266667 0.395313 0.400000 0.040625
1 0.140417 0.436563 0.045833 0.021875
0 0.266667 0.474062 0.400000 0.096875
1 0.157917 0.543438 0.080833 0.021875
0 0.266667 0.543438 0.400000 0.021875
1 0.182083 0.577187 0.082500 0.021875
0 0.266667 0.586562 0.400000 0.040625
1 0.150417 0.627188 0.065833 0.021875
0 0.266667 0.636563 0.400000 0.040625
1 0.183333 0.675937 0.085000 0.021875
0 0.266667 0.675937 0.400000 0.021875
1 0.176667 0.709063 0.118333 0.021875
0 0.266667 0.718437 0.400000 0.040625
1 0.232917 0.759062 0.137500 0.021875
0 0.266667 0.768437 0.400000 0.040625
1 0.211250 0.810937 0.094167 0.021875
0 0.266667 0.810937 0.400000 0.021875
1 0.170000 0.839063 0.058333 0.021875
0 0.266667 0.867188 0.400000 0.078125
1 0.640000 0.085938 0.111667 0.021875
0 0.733333 0.085938 0.400000 0.021875
1 0.620417 0.115937 0.072500 0.021875
0 0.733333 0.115937 0.400000 0.021875
1 0.660833 0.144063 0.106667 0.021875
0 0.733333 0.153438 0.400000 0.040625
1 0.652500 0.191562 0.090000 0.021875
0 0.733333 0.191562 0.400000 0.021875
1 0.692083 0.224062 0.122500 0.021875
0 0.733333 0.233437 0.400000 0.040625
1 0.664167 0.272188 0.113333 0.021875
0 0.733333 0.281562 0.400000 0.040625
1 0.681667 0.321562 0.101667 0.021875
0 0.733333 0.387188 0.400000 0.153125
1 0.660000 0.484063 0.105000 0.021875
0 0.733333 0.493437 0.400000 0.040625
1 0.673333 0.535937 0.131667 0.021875
0 0.733333 0.535937 0.400000 0.021875
1 0.655833 0.566562 0.096667 0.021875
0 0.733333 0.566562 0.400000 0.021875
1 0.675417 0.599063 0.135833 0.021875
0 0.733333 0.627188 0.400000 0.078125
1 0.627083 0.685937 0.085833 0.021875
0 0.733333 0.685937 0.400000 0.021875
1 0.661667 0.719063 0.108333 0.021875
0 0.733333 0.719063 0.400000 0.021875
1 0.677083 0.752188 0.139167 0.021875
0 0.733333 0.789687 0.400000 0.096875
1 0.656250 0.860313 0.050833 0.021875
0 0.733333 0.888437 0.400000 0.078125
