1 0.163750 0.085938 0.092500 0.021875
0 0.266667 0.085938 0.400000 0.021875
1 0.202500 0.116562 0.076667 0.021875
0 0.266667 0.116562 0.400000 0.021875
1 0.240000 0.149688 0.151667 0.021875
0 0.266667 0.149688 0.400000 0.021875
1 0.195417 0.183438 0.109167 0.021875
0 0.266667 0.239687 0.400000 0.134375
1 0.182500 0.328437 0.083333 0.021875
0 0.266667 0.328437 0.400000 0.021875
1 0.209583 0.362812 0.090833 0.021875
0 0.266667 0.372188 0.400000 0.040625
1 0.184583 0.414687 0.087500 0.021875
0 0.266667 0.424063 0.400000 0.040625
1 0.174167 0.463438 0.113333 0.021875
0 0.266667 0.472813 0.400000 0.040625
1 0.180000 0.515938 0.078333 0.021875
0 0.266667 0.581562 0.400000 0.153125
1 0.155417 0.677813 0.075833 0.021875
0 0.266667 0.705937 0.400000 0.078125
1 0.180833 0.762188 0.126667 0.021875
0 0.266667 0.771563 0.400000 0.040625
1 0.228750 0.814688 0.129167 0.021875
0 0.266667 0.842812 0.400000 0.078125
1 0.210417 0.902813 0.139167 0.021875
0 0.266667 0.949688 0.400000 0.115625
1 0.680833 0.085938 0.100000 0.021875
0 0.733333 0.095312 0.400000 0.040625
1 0.698333 0.136563 0.135000 0.021875
0 0.733333 0.145937 0.400000 0.040625
1 0.646250 0.186562 0.124167 0.021875
0 0.733333 0.214688 0.400000 0.078125
1 0.694167 0.277187 0.126667 0.021875
0 0.733333 0.277187 0.400000 0.021875
1 0.689583 0.309688 0.117500 0.021875
0 0.733333 0.319063 0.400000 0.040625
1 0.689167 0.362187 0.116667 0.021875
0 0.733333 0.371563 0.400000 0.040625
1 0.667083 0.411562 0.119167 0.021875
0 0.733333 0.430312 0.400000 0.059375
1 0.675000 0.477812 0.088333 0.021875
0 0.733333 0.477812 0.400000 0.021875
1 0.654167 0.512188 0.140000 0.021875
0 0.733333 0.559063 0.400000 0.115625
1 0.663750 0.635938 0.112500 0.021875
0 0.733333 0.645312 0.400000 0.040625
1 0.650417 0.685312 0.085833 0.021875
0 0.733333 0.722812 0.400000 0.096875
1 0.665417 0.792813 0.115833 0.021875
0 0.733333 0.802188 0.400000 0.040625
1 0.689167 0.844688 0.116667 0.021875
0 0.733333 0.844688 0.400000 0.021875
1 0.679583 0.877812 0.097500 0.021875
0 0.733333 0.877812 0.400000 0.021875
1 0.672083 0.910937 0.082500 0.021875
0 0.733333 0.957812 0.400000 0.115625
