0 0.26666666666666666 0.096875 0.4 0.04375
0 0.26666666666666666 0.14625 0.4 0.02
0 0.26666666666666666 0.195625 0.4 0.04375
0 0.26666666666666666 0.256875 0.4 0.04375
0 0.26666666666666666 0.318125 0.4 0.04375
0 0.26666666666666666 0.379375 0.4 0.04375
0 0.26666666666666666 0.42875 0.4 0.02
0 0.26666666666666666 0.51375 0.4 0.115
0 0.26666666666666666 0.6225 0.4 0.0675
0 0.26666666666666666 0.695625 0.4 0.04375
0 0.26666666666666666 0.81625 0.4 0.1625
0 0.7333333333333333 0.1325 0.4 0.115
0 0.7333333333333333 0.229375 0.4 0.04375
0 0.7333333333333333 0.3025 0.4 0.0675
0 0.7333333333333333 0.41125 0.4 0.115
0 0.7333333333333333 0.508125 0.4 0.04375
0 0.7333333333333333 0.569375 0.4 0.04375
0 0.7333333333333333 0.630625 0.4 0.04375
0 0.7333333333333333 0.691875 0.4 0.04375
0 0.7333333333333333 0.753125 0.4 0.04375
0 0.7333333333333333 0.814375 0.4 0.04375
0 0.7333333333333333 0.875625 0.4 0.04375
