3 0.507791 0.032026 0.984418 0.044030
0 0.122527 0.077052 0.083941 0.020330
1 0.201251 0.078552 0.061448 0.019902
2 0.361179 0.082222 0.238016 0.022016
2 0.133449 0.099142 0.032249 0.018097
0 0.110485 0.124963 0.063114 0.019934
1 0.180045 0.126288 0.063948 0.019950
2 0.349136 0.130134 0.253844 0.022317
2 0.290103 0.150266 0.348813 0.024126
2 0.289383 0.171509 0.348813 0.024126
2 0.209523 0.191245 0.190531 0.021112
0 0.107311 0.218683 0.063114 0.019934
1 0.193534 0.220325 0.097270 0.020584
0 0.106275 0.249298 0.063114 0.019934
1 0.192081 0.250933 0.096437 0.020568
2 0.361588 0.254786 0.222188 0.021714
2 0.254237 0.273998 0.285500 0.022920
0 0.094127 0.300334 0.042288 0.019537
1 0.173268 0.301841 0.103935 0.020711
0 0.103504 0.331147 0.063114 0.019934
1 0.168066 0.332377 0.053951 0.019759
2 0.332159 0.336127 0.253844 0.022317
2 0.288120 0.356545 0.358810 0.024316
2 0.282403 0.377693 0.348813 0.024126
2 0.281684 0.398936 0.348813 0.024126
2 0.280964 0.420179 0.348813 0.024126
2 0.145705 0.438860 0.079733 0.019002
0 0.109390 0.465052 0.083941 0.020330
1 0.188531 0.466559 0.062281 0.019918
0 0.087591 0.493396 0.042288 0.019537
1 0.157152 0.494721 0.084774 0.020346
2 0.336656 0.498765 0.253844 0.022317
2 0.261794 0.518596 0.317157 0.023523
0 0.106788 0.541902 0.083941 0.020330
1 0.198009 0.543640 0.086440 0.020378
2 0.354604 0.547247 0.206359 0.021413
2 0.275993 0.567007 0.348813 0.024126
2 0.280272 0.588345 0.358810 0.024316
2 0.274555 0.609493 0.348813 0.024126
2 0.226351 0.629832 0.253844 0.022317
0 0.092335 0.661041 0.063114 0.019934
1 0.148983 0.662120 0.038123 0.019458
2 0.313076 0.665870 0.269672 0.022619
2 0.271953 0.686343 0.348813 0.024126
2 0.271234 0.707587 0.348813 0.024126
2 0.270514 0.728830 0.348813 0.024126
2 0.269795 0.750073 0.348813 0.024126
2 0.261162 0.771165 0.332985 0.023825
0 0.087639 0.799746 0.063114 0.019934
1 0.156783 0.801063 0.063114 0.019934
2 0.325458 0.804900 0.253844 0.022317
2 0.227686 0.824295 0.269672 0.022619
0 0.075597 0.847657 0.042288 0.019537
1 0.133911 0.848768 0.062281 0.019918
2 0.310083 0.852748 0.269672 0.022619
2 0.265628 0.873158 0.348813 0.024126
2 0.264909 0.894401 0.348813 0.024126
2 0.264190 0.915645 0.348813 0.024126
2 0.263470 0.936888 0.348813 0.024126
2 0.262751 0.958131 0.348813 0.024126
2 0.262032 0.979374 0.348813 0.024126
2 0.261313 0.994277 0.348813 0.011446
0 0.578630 0.085738 0.063114 0.019934
1 0.650690 0.087111 0.068946 0.020045
0 0.567159 0.116780 0.042288 0.019537
1 0.617143 0.117732 0.045620 0.019601
2 0.792898 0.121704 0.285500 0.022920
2 0.590994 0.139116 0.016421 0.017796
0 0.575816 0.168837 0.063114 0.019934
1 0.657040 0.170384 0.087273 0.020394
2 0.821966 0.174150 0.222188 0.021714
2 0.597152 0.191125 0.032249 0.018097
0 0.563711 0.218622 0.042288 0.019537
1 0.617860 0.219653 0.053951 0.019759
2 0.797781 0.223705 0.285500 0.022920
2 0.753742 0.244123 0.348813 0.024126
2 0.753023 0.265366 0.348813 0.024126
2 0.752304 0.286610 0.348813 0.024126
2 0.656615 0.306044 0.158875 0.020509
0 0.580751 0.330858 0.083941 0.020330
1 0.667389 0.332508 0.077277 0.020204
2 0.827317 0.336179 0.222188 0.021714
2 0.752038 0.356002 0.352979 0.024205
2 0.749236 0.377205 0.348813 0.024126
2 0.590235 0.395434 0.032249 0.018097
0 0.556815 0.422307 0.042288 0.019537
1 0.604299 0.423211 0.040622 0.019505
0 0.566297 0.449996 0.063114 0.019934
1 0.632109 0.451249 0.056450 0.019807
2 0.765795 0.454421 0.190531 0.021112
0 0.565176 0.483110 0.063114 0.019934
1 0.629322 0.484332 0.053118 0.019743
2 0.792998 0.488074 0.253844 0.022317
2 0.733964 0.508207 0.327154 0.023713
0 0.573960 0.531418 0.083941 0.020330
1 0.644354 0.532759 0.044787 0.019585
2 0.803865 0.536422 0.253844 0.022317
2 0.632368 0.554413 0.127218 0.019906
0 0.551399 0.582255 0.042288 0.019537
1 0.618461 0.583532 0.079776 0.020251
2 0.795466 0.587528 0.253844 0.022317
2 0.741431 0.607756 0.348813 0.024126
2 0.740712 0.628999 0.348813 0.024126
2 0.724164 0.649941 0.317157 0.023523
0 0.558682 0.674924 0.063114 0.019934
1 0.634907 0.676375 0.077277 0.020204
0 0.568101 0.704487 0.083941 0.020330
1 0.659322 0.706225 0.086440 0.020378
2 0.813001 0.709777 0.200528 0.021302
2 0.618594 0.727331 0.111390 0.019604
0 0.545645 0.752200 0.042288 0.019537
1 0.613124 0.753485 0.080609 0.020267
2 0.790545 0.757489 0.253844 0.022317
2 0.640708 0.775893 0.158875 0.020509
0 0.554345 0.803007 0.063114 0.019934
1 0.624323 0.804340 0.064781 0.019966
2 0.793830 0.808193 0.253844 0.022317
2 0.583595 0.825446 0.048077 0.018399
0 0.552611 0.854241 0.063114 0.019934
1 0.635501 0.855819 0.090606 0.020457
2 0.802093 0.859617 0.222188 0.021714
2 0.668916 0.878338 0.222188 0.021714
