3 0.491800 0.031417 0.983599 0.044992
0 0.093694 0.092357 0.083970 0.020410
1 0.162836 0.090973 0.042319 0.019577
2 0.321135 0.088431 0.253865 0.022561
2 0.264411 0.110824 0.348832 0.024461
2 0.265167 0.132066 0.348832 0.024461
2 0.265923 0.153309 0.348832 0.024461
2 0.187540 0.176134 0.190555 0.021294
0 0.087437 0.209398 0.063144 0.019993
1 0.160328 0.207940 0.070642 0.020143
2 0.324875 0.205273 0.238038 0.022244
2 0.268567 0.227657 0.348832 0.024461
2 0.269323 0.248900 0.348832 0.024461
2 0.270078 0.270142 0.348832 0.024461
2 0.120471 0.294393 0.048105 0.018444
0 0.101917 0.323524 0.083970 0.020410
1 0.192718 0.321708 0.085636 0.020443
0 0.082069 0.351431 0.042319 0.019577
1 0.134550 0.350381 0.050649 0.019743
2 0.312842 0.347439 0.285521 0.023194
2 0.226129 0.370432 0.253865 0.022561
0 0.104717 0.402246 0.083970 0.020410
1 0.175108 0.400838 0.044818 0.019627
2 0.334657 0.398271 0.253865 0.022561
2 0.275434 0.420713 0.348832 0.024461
2 0.276190 0.441956 0.348832 0.024461
2 0.276945 0.463198 0.348832 0.024461
2 0.277701 0.484441 0.348832 0.024461
2 0.278457 0.505683 0.348832 0.024461
2 0.279212 0.526926 0.348832 0.024461
2 0.279968 0.548168 0.348832 0.024461
2 0.169930 0.571627 0.127244 0.020027
0 0.111940 0.605299 0.083970 0.020410
1 0.187746 0.603782 0.055647 0.019843
2 0.305226 0.602057 0.158899 0.020661
0 0.092358 0.640703 0.042319 0.019577
1 0.142757 0.639695 0.046484 0.019660
2 0.318966 0.636795 0.285521 0.023194
2 0.283901 0.658754 0.348832 0.024461
2 0.284657 0.679996 0.348832 0.024461
2 0.290411 0.701139 0.358828 0.024661
2 0.286168 0.722481 0.348832 0.024461
2 0.271096 0.744040 0.317176 0.023827
0 0.107616 0.776697 0.063144 0.019993
1 0.188837 0.775071 0.087303 0.020477
0 0.108594 0.804187 0.063144 0.019993
1 0.185233 0.802653 0.078139 0.020293
2 0.350613 0.799970 0.232207 0.022127
2 0.131447 0.825612 0.032278 0.018127
0 0.100181 0.860625 0.042319 0.019577
1 0.160992 0.859408 0.067310 0.020077
0 0.121962 0.887074 0.083970 0.020410
1 0.214013 0.885232 0.088136 0.020493
2 0.352736 0.883082 0.168896 0.020861
0 0.539369 0.083439 0.042319 0.019577
1 0.600180 0.082223 0.067310 0.020077
2 0.778889 0.079272 0.269693 0.022877
2 0.730912 0.101490 0.348832 0.024461
2 0.731668 0.122732 0.348832 0.024461
2 0.732423 0.143975 0.348832 0.024461
2 0.738177 0.165117 0.358828 0.024661
2 0.583571 0.189468 0.048105 0.018444
0 0.560391 0.217442 0.074807 0.020227
1 0.640363 0.215842 0.073141 0.020193
0 0.545280 0.249630 0.042319 0.019577
1 0.607758 0.248380 0.070642 0.020143
2 0.788133 0.245396 0.269693 0.022877
2 0.610202 0.270214 0.095588 0.019394
0 0.557671 0.305027 0.063144 0.019993
1 0.617650 0.303827 0.044818 0.019627
2 0.729715 0.302210 0.158899 0.020661
0 0.548280 0.333975 0.042319 0.019577
1 0.604094 0.332859 0.057313 0.019877
2 0.782803 0.329908 0.279690 0.023077
2 0.613202 0.354559 0.095588 0.019394
0 0.570995 0.386665 0.083970 0.020410
1 0.663879 0.384806 0.089802 0.020527
2 0.782609 0.383056 0.127244 0.020027
0 0.551169 0.415196 0.042319 0.019577
1 0.610732 0.414005 0.064811 0.020027
2 0.788191 0.411079 0.269693 0.022877
2 0.655660 0.434988 0.174727 0.020977
0 0.573707 0.462888 0.083970 0.020410
1 0.662009 0.461121 0.080638 0.020343
2 0.807812 0.458829 0.190555 0.021294
0 0.564227 0.489337 0.063144 0.019993
1 0.625455 0.488112 0.047317 0.019677
2 0.791252 0.485419 0.263862 0.022761
2 0.745357 0.507595 0.348832 0.024461
2 0.746113 0.528838 0.348832 0.024461
2 0.751867 0.549980 0.358828 0.024661
2 0.731796 0.571639 0.317176 0.023827
0 0.568183 0.600547 0.063144 0.019993
1 0.641074 0.599089 0.070642 0.020143
2 0.789793 0.596738 0.206382 0.021611
0 0.579596 0.628454 0.083970 0.020410
1 0.653320 0.626979 0.051482 0.019760
2 0.808287 0.624503 0.238038 0.022244
2 0.750313 0.646921 0.348832 0.024461
2 0.751069 0.668163 0.348832 0.024461
2 0.756823 0.689306 0.358828 0.024661
2 0.752580 0.710648 0.348832 0.024461
2 0.650456 0.733949 0.143072 0.020344
0 0.584418 0.764030 0.083970 0.020410
1 0.679801 0.762122 0.094800 0.020627
2 0.832686 0.759688 0.190555 0.021294
2 0.744306 0.782714 0.327173 0.024027
0 0.586174 0.813388 0.083970 0.020410
1 0.667395 0.811763 0.066477 0.020060
0 0.587307 0.845252 0.083970 0.020410
1 0.661448 0.843768 0.052315 0.019777
2 0.816831 0.841284 0.238038 0.022244
2 0.615575 0.866569 0.063933 0.018761
