1 0.090561 0.088434 0.062828 0.019374
2 0.153888 0.087801 0.051162 0.019257
0 0.259307 0.087371 0.407031 0.026566
1 0.080745 0.122286 0.041996 0.019165
2 0.132407 0.121769 0.048663 0.019232
3 0.309902 0.120618 0.285286 0.020350
3 0.240287 0.142566 0.285286 0.020350
0 0.260096 0.131742 0.407409 0.047814
1 0.081690 0.175406 0.041996 0.019165
2 0.146684 0.174756 0.075327 0.019499
0 0.260852 0.174238 0.407031 0.026566
1 0.082312 0.210403 0.041996 0.019165
2 0.151056 0.209715 0.082826 0.019574
0 0.261474 0.209235 0.407031 0.026566
1 0.103777 0.245816 0.083659 0.019582
2 0.174604 0.245108 0.045329 0.019199
3 0.334601 0.244132 0.253622 0.020033
3 0.171244 0.267018 0.142799 0.018924
0 0.262297 0.255481 0.407409 0.047814
1 0.104700 0.297687 0.083659 0.019582
2 0.193026 0.296803 0.080326 0.019549
3 0.346773 0.295890 0.206126 0.019558
3 0.275074 0.317859 0.348614 0.020983
3 0.280451 0.339057 0.358613 0.021083
3 0.275830 0.360355 0.348614 0.020983
3 0.276208 0.381603 0.348614 0.020983
3 0.197426 0.403643 0.190294 0.019399
0 0.263975 0.349848 0.408920 0.132807
1 0.107112 0.433300 0.083659 0.019582
2 0.177939 0.432591 0.045329 0.019199
3 0.337936 0.431615 0.253622 0.020033
3 0.158747 0.454660 0.111135 0.018607
0 0.265631 0.442965 0.407409 0.047814
1 0.108001 0.483295 0.083659 0.019582
2 0.195494 0.482420 0.078660 0.019532
0 0.266332 0.482336 0.407031 0.026566
1 0.108468 0.509543 0.083659 0.019582
2 0.179712 0.508830 0.046163 0.019207
3 0.340125 0.507850 0.253622 0.020033
3 0.112607 0.531378 0.016143 0.017657
0 0.266988 0.519208 0.407409 0.047814
1 0.099042 0.565267 0.062828 0.019374
2 0.166952 0.564588 0.060328 0.019349
3 0.334449 0.563537 0.253622 0.020033
3 0.279831 0.585335 0.348614 0.020983
3 0.280209 0.606583 0.348614 0.020983
3 0.280587 0.627831 0.348614 0.020983
3 0.154310 0.650347 0.095303 0.018449
0 0.268544 0.606700 0.408542 0.111559
1 0.111469 0.678278 0.083659 0.019582
2 0.188546 0.677507 0.057828 0.019324
0 0.269800 0.677319 0.407031 0.026566
1 0.111959 0.705775 0.083659 0.019582
2 0.186535 0.705029 0.052829 0.019274
3 0.294870 0.704570 0.142799 0.018924
0 0.270289 0.704816 0.407031 0.026566
1 0.102165 0.740876 0.062828 0.019374
2 0.180908 0.740089 0.081993 0.019565
3 0.351321 0.739009 0.237790 0.019874
0 0.270911 0.739813 0.407031 0.026566
1 0.098216 0.776544 0.053662 0.019282
2 0.173209 0.775794 0.083659 0.019582
3 0.312791 0.775022 0.174462 0.019241
0 0.271545 0.775435 0.407031 0.026566
1 0.113804 0.809516 0.083659 0.019582
2 0.193797 0.808716 0.063661 0.019382
3 0.347127 0.807807 0.221958 0.019716
3 0.181270 0.830718 0.142799 0.018924
0 0.272323 0.819181 0.407409 0.047814
1 0.114671 0.858262 0.083659 0.019582
2 0.201330 0.857395 0.076993 0.019515
3 0.361327 0.856419 0.221958 0.019716
3 0.158389 0.879701 0.095303 0.018449
0 0.273190 0.867927 0.407409 0.047814
1 0.546770 0.083870 0.041996 0.019165
2 0.619680 0.083141 0.091159 0.019657
3 0.794676 0.082015 0.237790 0.019874
3 0.635068 0.104864 0.142799 0.018924
0 0.726121 0.093327 0.407409 0.047814
1 0.547693 0.135740 0.041996 0.019165
2 0.595605 0.135261 0.041163 0.019157
3 0.769351 0.134148 0.285286 0.020350
3 0.691402 0.156180 0.253622 0.020033
0 0.727043 0.145197 0.407409 0.047814
1 0.559009 0.186257 0.062828 0.019374
2 0.629836 0.185548 0.066161 0.019407
3 0.744837 0.185023 0.142799 0.018924
0 0.727755 0.185194 0.407031 0.026566
1 0.559553 0.216879 0.062828 0.019374
2 0.637046 0.216104 0.079493 0.019540
3 0.806209 0.215036 0.237790 0.019874
3 0.700763 0.237343 0.269454 0.020191
0 0.728488 0.226440 0.407409 0.047814
1 0.550038 0.267604 0.041996 0.019165
2 0.614616 0.266958 0.074494 0.019490
3 0.789194 0.265836 0.253622 0.020033
0 0.729200 0.266436 0.407031 0.026566
1 0.550660 0.302601 0.041996 0.019165
2 0.616905 0.301938 0.077827 0.019524
3 0.753570 0.301196 0.174462 0.019241
0 0.729822 0.301433 0.407031 0.026566
1 0.551161 0.330723 0.041996 0.019165
2 0.610739 0.330127 0.064494 0.019390
3 0.788234 0.328976 0.269454 0.020191
3 0.742366 0.350687 0.348614 0.020983
3 0.647752 0.372886 0.158630 0.019082
0 0.730700 0.350804 0.407787 0.069063
1 0.562888 0.404362 0.062828 0.019374
2 0.637048 0.403620 0.072827 0.019474
0 0.731634 0.403299 0.407031 0.026566
1 0.563433 0.434985 0.062828 0.019374
2 0.643842 0.434180 0.085326 0.019599
3 0.800089 0.433242 0.206126 0.019558
0 0.732179 0.433921 0.407031 0.026566
1 0.553628 0.469461 0.041996 0.019165
2 0.611956 0.468877 0.061995 0.019365
3 0.788202 0.467739 0.269454 0.020191
3 0.744834 0.489425 0.348614 0.020983
3 0.745212 0.510673 0.348614 0.020983
3 0.745590 0.531921 0.348614 0.020983
3 0.745967 0.553169 0.348614 0.020983
3 0.588026 0.576001 0.031975 0.017815
0 0.733735 0.521414 0.408920 0.132807
1 0.555985 0.601949 0.041996 0.019165
2 0.620979 0.601299 0.075327 0.019499
3 0.795975 0.600173 0.253622 0.020033
3 0.747190 0.621913 0.348614 0.020983
3 0.752568 0.643111 0.358613 0.021083
3 0.621291 0.665676 0.095303 0.018449
0 0.735714 0.632654 0.408164 0.090311
1 0.578550 0.699232 0.083659 0.019582
2 0.669792 0.698319 0.086159 0.019607
3 0.826456 0.697377 0.206126 0.019558
3 0.748924 0.719404 0.348614 0.020983
3 0.749302 0.740652 0.348614 0.020983
3 0.749680 0.761900 0.348614 0.020983
3 0.750058 0.783149 0.348614 0.020983
3 0.750436 0.804397 0.348614 0.020983
3 0.719150 0.825962 0.285286 0.020350
0 0.738014 0.762017 0.409298 0.154055
1 0.560487 0.855051 0.041996 0.019165
2 0.622564 0.854430 0.069494 0.019440
3 0.786728 0.853413 0.237790 0.019874
0 0.739648 0.853884 0.407031 0.026566
1 0.561087 0.888798 0.041996 0.019165
2 0.617748 0.888232 0.058662 0.019332
3 0.760664 0.887427 0.206126 0.019558
0 0.740249 0.887631 0.407031 0.026566
