1 0.118742 0.078966 0.083785 0.019913
2 0.201228 0.080121 0.068788 0.019703
3 0.357018 0.082926 0.222063 0.020599
3 0.288168 0.103216 0.348708 0.022372
3 0.287640 0.124463 0.348708 0.022372
3 0.287111 0.145709 0.348708 0.022372
3 0.286582 0.166955 0.348708 0.022372
3 0.286053 0.188202 0.348708 0.022372
3 0.285525 0.209448 0.348708 0.022372
3 0.253335 0.230251 0.285386 0.021485
0 0.275182 0.156169 0.410856 0.176911
1 0.103818 0.260039 0.062956 0.019621
2 0.185054 0.261176 0.087118 0.019960
0 0.272523 0.263025 0.407156 0.028187
1 0.108950 0.288241 0.074620 0.019785
2 0.171856 0.289121 0.038793 0.019283
3 0.336395 0.292049 0.269555 0.021264
3 0.172145 0.311004 0.127080 0.019270
0 0.271559 0.301769 0.407684 0.049434
1 0.112351 0.335796 0.083785 0.019913
2 0.190254 0.336887 0.059623 0.019575
3 0.349378 0.339739 0.237894 0.020821
3 0.281777 0.360047 0.348708 0.022372
3 0.281249 0.381293 0.348708 0.022372
3 0.280720 0.402539 0.348708 0.022372
3 0.177292 0.422345 0.142911 0.019491
0 0.269584 0.381130 0.409270 0.113172
1 0.099122 0.448756 0.062956 0.019621
2 0.162861 0.449648 0.052124 0.019470
3 0.326150 0.452559 0.253725 0.021042
3 0.278963 0.473152 0.348708 0.022372
3 0.278434 0.494398 0.348708 0.022372
3 0.277905 0.515645 0.348708 0.022372
3 0.277377 0.536891 0.348708 0.022372
3 0.205610 0.557140 0.206233 0.020378
0 0.266505 0.504858 0.409799 0.134419
1 0.085286 0.586086 0.042126 0.019330
2 0.139443 0.586844 0.053791 0.019493
3 0.256074 0.589102 0.158741 0.019713
0 0.264406 0.589218 0.407156 0.028187
1 0.084462 0.619205 0.042126 0.019330
2 0.147368 0.620086 0.071287 0.019738
3 0.325238 0.623201 0.263723 0.021182
3 0.279717 0.643817 0.358706 0.022512
3 0.274189 0.664994 0.348708 0.022372
3 0.273660 0.686240 0.348708 0.022372
3 0.273132 0.707486 0.348708 0.022372
3 0.248857 0.728400 0.301216 0.021707
0 0.262260 0.675453 0.409799 0.134419
1 0.101762 0.761347 0.083785 0.019913
2 0.183414 0.762490 0.067122 0.019680
3 0.290880 0.764619 0.127080 0.019270
0 0.260052 0.764188 0.407156 0.028187
1 0.100984 0.792592 0.083785 0.019913
2 0.199301 0.793968 0.100449 0.020146
3 0.347176 0.796663 0.174572 0.019934
0 0.259275 0.795433 0.407156 0.028187
1 0.089854 0.821191 0.062956 0.019621
2 0.156926 0.822130 0.058790 0.019563
3 0.323548 0.825087 0.253725 0.021042
3 0.269695 0.845587 0.348708 0.022372
3 0.269167 0.866833 0.348708 0.022372
3 0.273637 0.888150 0.358706 0.022512
3 0.273108 0.909396 0.358706 0.022512
3 0.267580 0.930572 0.348708 0.022372
3 0.132492 0.949935 0.079588 0.018605
0 0.256973 0.887916 0.410328 0.155665
1 0.564498 0.085205 0.042126 0.019330
2 0.618655 0.085963 0.053791 0.019493
3 0.798608 0.089107 0.285386 0.021485
3 0.604363 0.107642 0.047927 0.018162
0 0.743353 0.098961 0.407684 0.049434
1 0.573653 0.135967 0.062956 0.019621
2 0.637392 0.136860 0.052124 0.019470
3 0.737359 0.138884 0.127080 0.019270
0 0.742358 0.138954 0.407156 0.028187
1 0.583182 0.171732 0.083785 0.019913
2 0.670250 0.172951 0.077953 0.019831
3 0.830623 0.175821 0.222063 0.020599
3 0.599301 0.193836 0.042095 0.018080
0 0.741207 0.185196 0.407684 0.049434
1 0.561030 0.224556 0.042126 0.019330
2 0.620603 0.225390 0.064622 0.019645
3 0.798057 0.228499 0.269555 0.021264
3 0.700878 0.248392 0.247892 0.020961
0 0.739886 0.238312 0.407684 0.049434
1 0.580663 0.272964 0.083785 0.019913
2 0.654816 0.274002 0.052124 0.019470
3 0.810190 0.276802 0.237894 0.020821
3 0.755088 0.297285 0.358706 0.022512
3 0.749560 0.318461 0.348708 0.022372
3 0.754030 0.339777 0.358706 0.022512
3 0.748503 0.360954 0.348708 0.022372
3 0.597584 0.380095 0.047927 0.018162
0 0.737631 0.328921 0.409799 0.134419
1 0.556443 0.408899 0.042126 0.019330
2 0.625598 0.409867 0.083785 0.019913
3 0.804718 0.412999 0.253725 0.021042
3 0.659631 0.432222 0.174572 0.019934
0 0.735299 0.422654 0.407684 0.049434
1 0.565490 0.464035 0.062956 0.019621
2 0.625896 0.464881 0.045459 0.019376
3 0.793768 0.467856 0.269555 0.021264
3 0.705754 0.487877 0.269555 0.021264
0 0.733930 0.477645 0.407684 0.049434
1 0.574660 0.514172 0.083785 0.019913
2 0.654230 0.515286 0.062956 0.019621
3 0.772527 0.517567 0.152909 0.019631
0 0.732951 0.517013 0.407156 0.028187
1 0.563499 0.544021 0.062956 0.019621
2 0.626405 0.544902 0.050458 0.019446
3 0.741369 0.547136 0.158741 0.019713
0 0.732204 0.547008 0.407156 0.028187
1 0.558217 0.572077 0.053791 0.019493
2 0.618623 0.572923 0.054624 0.019505
3 0.791077 0.575962 0.269555 0.021264
3 0.671403 0.595540 0.206233 0.020378
0 0.731240 0.585751 0.407684 0.049434
1 0.561447 0.626507 0.062956 0.019621
2 0.632684 0.627504 0.067122 0.019680
3 0.803472 0.630520 0.253725 0.021042
3 0.741288 0.650903 0.348708 0.022372
3 0.740759 0.672149 0.348708 0.022372
3 0.745229 0.693466 0.358706 0.022512
3 0.739702 0.714642 0.348708 0.022372
0 0.729094 0.671986 0.409270 0.113172
1 0.548202 0.740091 0.042126 0.019330
2 0.605275 0.740890 0.059623 0.019575
3 0.780229 0.743964 0.269555 0.021264
3 0.603898 0.762750 0.079588 0.018605
0 0.727057 0.753847 0.407684 0.049434
1 0.557341 0.791478 0.062956 0.019621
2 0.626913 0.792452 0.063789 0.019633
3 0.796034 0.795444 0.253725 0.021042
3 0.681775 0.815099 0.237894 0.020821
0 0.725782 0.805088 0.407684 0.049434
1 0.566528 0.840990 0.083785 0.019913
2 0.659845 0.842297 0.090451 0.020006
3 0.818552 0.845143 0.206233 0.020378
3 0.601394 0.863357 0.079588 0.018605
0 0.724554 0.854454 0.407684 0.049434
1 0.565175 0.895356 0.083785 0.019913
2 0.643495 0.896452 0.060456 0.019586
3 0.803035 0.899310 0.237894 0.020821
3 0.647533 0.918388 0.174572 0.019934
0 0.723201 0.908820 0.407684 0.049434
