1 0.121612 0.077512 0.083904 0.020230
2 0.204088 0.078983 0.068908 0.019962
3 0.359858 0.082385 0.222159 0.021445
3 0.124668 0.099448 0.016383 0.017777
0 0.279544 0.091581 0.407938 0.050985
1 0.119929 0.130622 0.083904 0.020230
2 0.209070 0.132211 0.082238 0.020200
3 0.363590 0.135591 0.206330 0.021163
3 0.241701 0.154674 0.253816 0.022010
0 0.277861 0.144691 0.407938 0.050985
1 0.107733 0.186671 0.063076 0.019859
2 0.168549 0.187755 0.046414 0.019562
3 0.333899 0.191328 0.263813 0.022188
3 0.165773 0.209587 0.105525 0.019366
0 0.276079 0.200925 0.407938 0.050985
1 0.116543 0.237467 0.083904 0.020230
2 0.215265 0.239227 0.101399 0.020542
3 0.371451 0.242636 0.190501 0.020881
3 0.285802 0.262366 0.348789 0.023703
3 0.285128 0.283610 0.348789 0.023703
3 0.268626 0.304571 0.317132 0.023138
0 0.273802 0.272780 0.409284 0.093473
1 0.098497 0.333423 0.053912 0.019695
2 0.161813 0.334551 0.060577 0.019814
3 0.337160 0.338302 0.269645 0.022292
3 0.203608 0.357178 0.190501 0.020881
0 0.271425 0.347759 0.407938 0.050985
1 0.101575 0.380991 0.063076 0.019859
2 0.176970 0.382335 0.075573 0.020081
3 0.343986 0.385937 0.237987 0.021728
3 0.281247 0.406075 0.348789 0.023703
3 0.280574 0.427319 0.348789 0.023703
3 0.279901 0.448563 0.348789 0.023703
3 0.284226 0.469896 0.358787 0.023881
3 0.278554 0.491051 0.348789 0.023703
3 0.167079 0.510320 0.127185 0.019752
0 0.268237 0.448355 0.411304 0.157205
1 0.086092 0.540760 0.042249 0.019487
2 0.142742 0.541770 0.058911 0.019784
0 0.265188 0.544578 0.407265 0.029741
1 0.085023 0.574501 0.042249 0.019487
2 0.150421 0.575666 0.076406 0.020096
0 0.264119 0.578318 0.407265 0.029741
1 0.084112 0.603243 0.042249 0.019487
2 0.142429 0.604282 0.062243 0.019844
3 0.318609 0.608048 0.269645 0.022292
3 0.218797 0.627525 0.237987 0.021728
0 0.262871 0.617682 0.407938 0.050985
1 0.092862 0.655913 0.063076 0.019859
2 0.166175 0.657220 0.071407 0.020007
3 0.331108 0.660786 0.237987 0.021728
3 0.185476 0.679446 0.174672 0.020599
0 0.261208 0.670168 0.407938 0.050985
1 0.101613 0.708584 0.083904 0.020230
2 0.185339 0.710077 0.071407 0.020007
3 0.342358 0.713501 0.222159 0.021445
3 0.207556 0.732354 0.222159 0.021445
0 0.259545 0.722653 0.407938 0.050985
1 0.089615 0.758384 0.063076 0.019859
2 0.159178 0.759625 0.063909 0.019873
3 0.328277 0.763264 0.253816 0.022010
3 0.190143 0.782058 0.190501 0.020881
0 0.257961 0.772639 0.407938 0.050985
1 0.098464 0.807931 0.083904 0.020230
2 0.190105 0.809565 0.087236 0.020289
3 0.347124 0.812989 0.206330 0.021163
3 0.267723 0.832830 0.348789 0.023703
3 0.267050 0.854074 0.348789 0.023703
3 0.271375 0.875407 0.358787 0.023881
3 0.265703 0.896562 0.348789 0.023703
3 0.270029 0.917895 0.358787 0.023881
3 0.248528 0.938767 0.317132 0.023138
0 0.254713 0.875110 0.411304 0.157205
1 0.567319 0.085458 0.042249 0.019487
2 0.633134 0.086631 0.077239 0.020111
0 0.746415 0.089275 0.407265 0.029741
1 0.587157 0.117070 0.083904 0.020230
2 0.676298 0.118659 0.082238 0.020200
3 0.830818 0.122039 0.206330 0.021163
3 0.701014 0.140981 0.237987 0.021728
0 0.745089 0.131139 0.407938 0.050985
1 0.564646 0.169809 0.042249 0.019487
2 0.635876 0.171079 0.088069 0.020304
3 0.814139 0.174881 0.247985 0.021906
3 0.754732 0.195079 0.348789 0.023703
3 0.754059 0.216323 0.348789 0.023703
3 0.697985 0.236579 0.237987 0.021728
0 0.742732 0.205493 0.409284 0.093473
1 0.571951 0.268092 0.063076 0.019859
2 0.647346 0.269436 0.075573 0.020081
3 0.814363 0.273038 0.237987 0.021728
3 0.704137 0.292329 0.253816 0.022010
0 0.740297 0.282346 0.407938 0.050985
1 0.580682 0.321387 0.083904 0.020230
2 0.671489 0.323006 0.085570 0.020259
3 0.827675 0.326416 0.206330 0.021163
3 0.654967 0.344593 0.158843 0.020317
0 0.738614 0.335456 0.407938 0.050985
1 0.568565 0.374937 0.063076 0.019859
2 0.654374 0.376466 0.096400 0.020453
3 0.820974 0.380061 0.216327 0.021341
3 0.740323 0.399880 0.332961 0.023421
0 0.736911 0.389191 0.407938 0.050985
1 0.577335 0.426983 0.083904 0.020230
2 0.664810 0.428542 0.078905 0.020141
3 0.817664 0.431892 0.206330 0.021163
3 0.596220 0.449200 0.048041 0.018342
0 0.735267 0.441051 0.407938 0.050985
1 0.575573 0.482592 0.083904 0.020230
2 0.646803 0.483862 0.046414 0.019562
3 0.767582 0.486640 0.174672 0.020599
0 0.733842 0.486038 0.407265 0.029741
1 0.553676 0.515961 0.042249 0.019487
2 0.608244 0.516934 0.054745 0.019710
0 0.732772 0.519779 0.407265 0.029741
1 0.563199 0.544264 0.063076 0.019859
2 0.630263 0.545459 0.058911 0.019784
3 0.749376 0.548208 0.158843 0.020317
0 0.731881 0.547896 0.407265 0.029741
1 0.572761 0.571317 0.083904 0.020230
2 0.656487 0.572809 0.071407 0.020007
0 0.731030 0.574763 0.407265 0.029741
1 0.550805 0.606560 0.042249 0.019487
2 0.604123 0.607511 0.052246 0.019665
3 0.783220 0.611329 0.285474 0.022574
3 0.745890 0.631919 0.358787 0.023881
3 0.740218 0.653074 0.348789 0.023703
3 0.712886 0.673843 0.295471 0.022752
0 0.728891 0.642244 0.409284 0.093473
1 0.547855 0.699659 0.042249 0.019487
2 0.604089 0.700662 0.058078 0.019769
3 0.778186 0.704390 0.269645 0.022292
3 0.674626 0.723800 0.222159 0.021445
0 0.726614 0.714099 0.407938 0.050985
1 0.546132 0.754019 0.042249 0.019487
2 0.595285 0.754895 0.043915 0.019517
3 0.770215 0.758639 0.285474 0.022574
3 0.672903 0.778160 0.222159 0.021445
0 0.724892 0.768459 0.407938 0.050985
1 0.554882 0.806690 0.063076 0.019859
2 0.634027 0.808100 0.083071 0.020215
3 0.804792 0.811770 0.237987 0.021728
3 0.739554 0.831863 0.358787 0.023881
3 0.733882 0.853018 0.348789 0.023703
3 0.733209 0.874262 0.348789 0.023703
3 0.732535 0.895506 0.348789 0.023703
3 0.660632 0.915480 0.206330 0.021163
0 0.721882 0.863432 0.410631 0.135961
