3 0.508360 0.033299 0.983281 0.045458
0 0.108608 0.076206 0.053996 0.019835
1 0.183163 0.077733 0.083152 0.020432
2 0.353910 0.081854 0.238048 0.022354
2 0.245261 0.100888 0.253876 0.022679
0 0.100753 0.131691 0.042333 0.019596
1 0.155316 0.132809 0.054829 0.019852
2 0.264419 0.135668 0.143084 0.020410
0 0.099502 0.166054 0.042333 0.019596
1 0.174474 0.167589 0.095647 0.020687
0 0.119099 0.200217 0.083985 0.020449
1 0.206983 0.202017 0.079819 0.020363
2 0.360237 0.205780 0.206393 0.021706
2 0.145793 0.222647 0.063947 0.018790
0 0.117348 0.248324 0.083985 0.020449
1 0.201067 0.250039 0.071489 0.020193
2 0.358069 0.253878 0.222221 0.022030
2 0.286489 0.273671 0.348840 0.024623
2 0.285716 0.294913 0.348840 0.024623
2 0.284943 0.316155 0.348840 0.024623
2 0.236687 0.336425 0.253876 0.022679
0 0.113073 0.365781 0.083985 0.020449
1 0.184296 0.367239 0.046499 0.019681
2 0.344631 0.371147 0.253876 0.022679
2 0.139767 0.388210 0.063947 0.018790
0 0.100750 0.418048 0.063159 0.020022
1 0.161144 0.419284 0.045665 0.019664
2 0.328975 0.423346 0.269703 0.023003
2 0.280303 0.443607 0.348840 0.024623
2 0.279530 0.464849 0.348840 0.024623
2 0.191706 0.484309 0.174739 0.021058
0 0.107706 0.513226 0.083985 0.020449
1 0.193924 0.514991 0.076487 0.020295
2 0.353425 0.518882 0.222221 0.022030
2 0.158141 0.536142 0.111429 0.019762
0 0.085084 0.562156 0.042333 0.019596
1 0.149643 0.563478 0.074821 0.020261
0 0.104704 0.595695 0.083985 0.020449
1 0.198419 0.597614 0.091482 0.020602
2 0.357504 0.601496 0.206393 0.021706
2 0.210535 0.619745 0.222221 0.022030
0 0.102953 0.643802 0.083985 0.020449
1 0.190420 0.645593 0.078986 0.020346
2 0.343257 0.649348 0.206393 0.021706
2 0.272094 0.669148 0.348840 0.024623
2 0.271321 0.690390 0.348840 0.024623
2 0.270547 0.711633 0.348840 0.024623
2 0.269774 0.732875 0.348840 0.024623
2 0.261087 0.753955 0.333013 0.024299
0 0.083046 0.778445 0.053996 0.019835
1 0.137193 0.779553 0.042333 0.019596
2 0.311272 0.783743 0.285531 0.023327
2 0.267182 0.804098 0.348840 0.024623
2 0.266408 0.825340 0.348840 0.024623
2 0.265635 0.846582 0.348840 0.024623
2 0.264862 0.867824 0.348840 0.024623
2 0.097901 0.885664 0.016464 0.017818
0 0.579682 0.085852 0.063159 0.020022
1 0.642576 0.087139 0.050664 0.019766
2 0.812906 0.091252 0.269703 0.023003
0 0.584558 0.112211 0.074821 0.020261
1 0.676607 0.114096 0.097313 0.020722
2 0.838608 0.118038 0.206393 0.021706
2 0.639575 0.135221 0.111429 0.019762
0 0.587116 0.167909 0.083985 0.020449
1 0.656257 0.169325 0.042333 0.019596
2 0.814508 0.173190 0.253876 0.022679
2 0.756257 0.193256 0.348840 0.024623
2 0.755483 0.214498 0.348840 0.024623
2 0.754710 0.235740 0.348840 0.024623
2 0.706455 0.256010 0.253876 0.022679
0 0.561947 0.286813 0.042333 0.019596
1 0.611512 0.287828 0.044832 0.019647
2 0.791838 0.292146 0.295527 0.023531
2 0.751913 0.312586 0.348840 0.024623
2 0.751140 0.333828 0.348840 0.024623
2 0.755365 0.355173 0.358837 0.024828
2 0.749593 0.376312 0.348840 0.024623
2 0.753818 0.397657 0.358837 0.024828
2 0.621428 0.416204 0.095601 0.019438
0 0.576951 0.447180 0.083985 0.020449
1 0.661086 0.448903 0.072322 0.020210
2 0.778936 0.451941 0.143084 0.020410
0 0.575927 0.475295 0.083985 0.020449
1 0.650066 0.476813 0.052330 0.019800
0 0.564468 0.503821 0.063159 0.020022
1 0.623613 0.505032 0.043166 0.019613
2 0.787279 0.509008 0.263872 0.022883
2 0.744022 0.529380 0.348840 0.024623
2 0.743249 0.550622 0.348840 0.024623
2 0.742475 0.571865 0.348840 0.024623
2 0.741702 0.593107 0.348840 0.024623
2 0.630137 0.612080 0.127256 0.020086
0 0.569742 0.645232 0.083985 0.020449
1 0.655126 0.646980 0.074821 0.020261
0 0.547711 0.677918 0.042333 0.019596
1 0.613103 0.679257 0.076487 0.020295
2 0.788432 0.683472 0.253876 0.022679
2 0.737677 0.703690 0.348840 0.024623
2 0.736904 0.724933 0.348840 0.024623
2 0.736131 0.746175 0.348840 0.024623
2 0.687875 0.766445 0.253876 0.022679
0 0.553803 0.796837 0.063159 0.020022
1 0.625026 0.798295 0.067324 0.020108
0 0.552575 0.830574 0.063159 0.020022
1 0.629629 0.832152 0.078986 0.020346
2 0.758725 0.835420 0.158911 0.020734
0 0.561919 0.860151 0.083985 0.020449
1 0.643971 0.861831 0.068157 0.020125
2 0.799307 0.865637 0.222221 0.022030
2 0.628181 0.883391 0.143084 0.020410
