1 0.108495 0.078732 0.062963 0.019635
2 0.188481 0.079870 0.084626 0.019943
3 0.352186 0.082823 0.222069 0.020649
3 0.174597 0.101551 0.121254 0.019215
0 0.276931 0.092380 0.407700 0.049525
1 0.117646 0.128871 0.083792 0.019932
2 0.198048 0.130015 0.064629 0.019659
3 0.351755 0.132826 0.222069 0.020649
3 0.247487 0.152597 0.269561 0.021324
0 0.275667 0.142371 0.407700 0.049525
1 0.116414 0.177613 0.083792 0.019932
2 0.191400 0.178679 0.053798 0.019505
3 0.347607 0.181526 0.237900 0.020874
3 0.159187 0.200100 0.095425 0.018848
0 0.274434 0.191112 0.407700 0.049525
1 0.104767 0.226206 0.062963 0.019635
2 0.173088 0.227177 0.061296 0.019612
0 0.273471 0.229230 0.407162 0.028278
1 0.104103 0.252451 0.062963 0.019635
2 0.177840 0.253500 0.072128 0.019766
3 0.343211 0.256477 0.237900 0.020874
3 0.283935 0.276888 0.348713 0.022450
3 0.288396 0.298205 0.358711 0.022592
3 0.282860 0.319380 0.348713 0.022450
3 0.282323 0.340626 0.348713 0.022450
3 0.131396 0.359733 0.047934 0.018172
0 0.271464 0.308591 0.409848 0.134509
1 0.100643 0.389302 0.062963 0.019635
2 0.179379 0.390421 0.082126 0.019908
3 0.349749 0.393469 0.237900 0.020874
3 0.209237 0.412725 0.206239 0.020424
0 0.269078 0.402949 0.407700 0.049525
1 0.088901 0.441644 0.042133 0.019339
2 0.151390 0.442533 0.070461 0.019742
3 0.331758 0.445723 0.269561 0.021324
3 0.279147 0.466229 0.348713 0.022450
3 0.283609 0.487546 0.358711 0.022592
3 0.219750 0.507891 0.232067 0.020791
0 0.267214 0.476686 0.408774 0.092017
1 0.096946 0.535525 0.062963 0.019635
2 0.169433 0.536556 0.069628 0.019730
3 0.333555 0.539515 0.237900 0.020874
3 0.165964 0.558386 0.127086 0.019298
0 0.265381 0.549173 0.407700 0.049525
1 0.105923 0.592538 0.083792 0.019932
2 0.173411 0.593498 0.038800 0.019292
3 0.330034 0.596351 0.253730 0.021099
3 0.109120 0.614463 0.016273 0.017722
0 0.263944 0.606038 0.407700 0.049525
1 0.083798 0.643483 0.042133 0.019339
2 0.134622 0.644206 0.047132 0.019410
3 0.311241 0.647342 0.285391 0.021549
3 0.274044 0.668067 0.348713 0.022450
3 0.275590 0.689343 0.352879 0.022509
3 0.272970 0.710560 0.348713 0.022450
3 0.272433 0.731806 0.348713 0.022450
3 0.240235 0.752602 0.285391 0.021549
0 0.261574 0.699771 0.409848 0.134509
1 0.080291 0.782208 0.042133 0.019339
2 0.150695 0.783209 0.086292 0.019967
3 0.331063 0.786399 0.253730 0.021099
3 0.112232 0.804541 0.032103 0.017947
0 0.259141 0.796003 0.407700 0.049525
1 0.099841 0.833120 0.083792 0.019932
2 0.173161 0.834163 0.050465 0.019458
3 0.319785 0.836873 0.222069 0.020649
0 0.258130 0.835996 0.407162 0.028278
1 0.099114 0.861865 0.083792 0.019932
2 0.187848 0.863127 0.081293 0.019896
3 0.341971 0.865944 0.206239 0.020424
3 0.197293 0.885140 0.206239 0.020424
0 0.257134 0.875364 0.407700 0.049525
1 0.564663 0.085220 0.042133 0.019339
2 0.621320 0.086026 0.058797 0.019576
3 0.795856 0.089133 0.269561 0.021324
3 0.754909 0.109805 0.348713 0.022450
3 0.754372 0.131051 0.348713 0.022450
3 0.753835 0.152297 0.348713 0.022450
3 0.729552 0.173205 0.301222 0.021774
0 0.742708 0.130885 0.409311 0.113263
1 0.561820 0.197700 0.042133 0.019339
2 0.621392 0.198547 0.064629 0.019659
0 0.740938 0.200872 0.407162 0.028278
1 0.581749 0.233615 0.083792 0.019932
2 0.660901 0.234740 0.062130 0.019623
3 0.821273 0.237646 0.237900 0.020874
3 0.703674 0.257227 0.253730 0.021099
0 0.739769 0.247114 0.407700 0.049525
1 0.570070 0.283457 0.062963 0.019635
2 0.639224 0.284441 0.062963 0.019635
0 0.738774 0.286482 0.407162 0.028278
1 0.558865 0.314554 0.042133 0.019339
2 0.626353 0.315513 0.080460 0.019884
3 0.803805 0.318662 0.253730 0.021099
3 0.590806 0.336887 0.032103 0.017947
0 0.737715 0.328349 0.407700 0.049525
1 0.557633 0.363295 0.042133 0.019339
2 0.628453 0.364302 0.087125 0.019979
0 0.736751 0.366467 0.407162 0.028278
1 0.577704 0.393586 0.083792 0.019932
2 0.668104 0.394871 0.084626 0.019943
3 0.823894 0.397712 0.206239 0.020424
3 0.652138 0.416523 0.158747 0.019748
0 0.735724 0.407085 0.407700 0.049525
1 0.565962 0.445928 0.062963 0.019635
2 0.642615 0.447018 0.077960 0.019849
3 0.810902 0.450037 0.237900 0.020874
3 0.745793 0.470365 0.348713 0.022450
3 0.750255 0.491682 0.358711 0.022592
3 0.697228 0.512182 0.253730 0.021099
0 0.733860 0.480822 0.408774 0.092017
1 0.553177 0.539513 0.042133 0.019339
2 0.627747 0.540574 0.094624 0.020086
3 0.801450 0.543669 0.232067 0.020791
3 0.743423 0.564098 0.348713 0.022450
3 0.742886 0.585344 0.348713 0.022450
3 0.742349 0.606590 0.348713 0.022450
3 0.741812 0.627836 0.348713 0.022450
3 0.614631 0.647281 0.095425 0.018848
0 0.730953 0.595801 0.409848 0.134509
1 0.549828 0.671989 0.042133 0.019339
2 0.601069 0.672718 0.047965 0.019422
3 0.778104 0.675861 0.285391 0.021549
3 0.629261 0.694998 0.127086 0.019298
0 0.728678 0.685785 0.407700 0.049525
1 0.569315 0.725401 0.083792 0.019932
2 0.644301 0.726468 0.053798 0.019505
3 0.800507 0.729314 0.237900 0.020874
3 0.743730 0.749761 0.358711 0.022592
3 0.738194 0.770936 0.348713 0.022450
3 0.737657 0.792182 0.348713 0.022450
3 0.650052 0.812190 0.174578 0.019973
0 0.726529 0.770770 0.409311 0.113263
1 0.566360 0.842255 0.083792 0.019932
2 0.637597 0.843268 0.046299 0.019398
3 0.797969 0.846174 0.253730 0.021099
3 0.609133 0.864742 0.095425 0.018848
0 0.724381 0.855754 0.407700 0.049525
1 0.565017 0.895371 0.083792 0.019932
2 0.642503 0.896473 0.058797 0.019576
3 0.782462 0.899088 0.200406 0.020341
0 0.723306 0.898247 0.407162 0.028278
