1 0.196250 0.085938 0.110833 0.021875
0 0.266667 0.095312 0.400000 0.040625
1 0.211667 0.138437 0.141667 0.021875
0 0.266667 0.138437 0.400000 0.021875
1 0.203750 0.170937 0.079167 0.021875
0 0.266667 0.208437 0.400000 0.096875
1 0.197917 0.279687 0.114167 0.021875
0 0.266667 0.279687 0.400000 0.021875
1 0.198750 0.308437 0.162500 0.021875
0 0.266667 0.308437 0.400000 0.021875
1 0.207500 0.338438 0.133333 0.021875
0 0.266667 0.375937 0.400000 0.096875
1 0.174583 0.446562 0.067500 0.021875
0 0.266667 0.455937 0.400000 0.040625
1 0.213750 0.498437 0.145833 0.021875
0 0.266667 0.535937 0.400000 0.096875
1 0.179583 0.606563 0.124167 0.021875
0 0.266667 0.625313 0.400000 0.059375
1 0.211667 0.674687 0.095000 0.021875
0 0.266667 0.674687 0.400000 0.021875
1 0.210833 0.705937 0.093333 0.021875
0 0.266667 0.705937 0.400000 0.021875
1 0.144167 0.734062 0.053333 0.021875
0 0.266667 0.762188 0.400000 0.078125
1 0.167083 0.819688 0.099167 0.021875
0 0.266667 0.819688 0.400000 0.021875
1 0.215833 0.850313 0.103333 0.021875
0 0.266667 0.878437 0.400000 0.078125
1 0.660417 0.085938 0.105833 0.021875
0 0.733333 0.104688 0.400000 0.059375
1 0.642917 0.152188 0.070833 0.021875
0 0.733333 0.152188 0.400000 0.021875
1 0.642917 0.185312 0.070833 0.021875
0 0.733333 0.185312 0.400000 0.021875
1 0.668750 0.214688 0.075833 0.021875
0 0.733333 0.214688 0.400000 0.021875
1 0.648750 0.242812 0.082500 0.021875
0 0.733333 0.252188 0.400000 0.040625
1 0.659583 0.294063 0.150833 0.021875
0 0.733333 0.331562 0.400000 0.096875
1 0.611250 0.399062 0.054167 0.021875
0 0.733333 0.399062 0.400000 0.021875
1 0.612500 0.428438 0.056667 0.021875
0 0.733333 0.456562 0.400000 0.078125
1 0.656667 0.516563 0.145000 0.021875
0 0.733333 0.516563 0.400000 0.021875
1 0.656667 0.549687 0.145000 0.021875
0 0.733333 0.559063 0.400000 0.040625
1 0.632083 0.602812 0.095833 0.021875
0 0.733333 0.602812 0.400000 0.021875
1 0.686250 0.634687 0.110833 0.021875
0 0.733333 0.644062 0.400000 0.040625
1 0.651667 0.685312 0.135000 0.021875
0 0.733333 0.713437 0.400000 0.078125
1 0.657500 0.772813 0.053333 0.021875
0 0.733333 0.772813 0.400000 0.021875
1 0.628333 0.804688 0.088333 0.021875
0 0.733333 0.804688 0.400000 0.021875
1 0.642083 0.834688 0.069167 0.021875
0 0.733333 0.890938 0.400000 0.134375
