3 0.500558 0.033751 0.998885 0.026381
0 0.098938 0.083820 0.062546 0.018836
1 0.180188 0.083932 0.086713 0.018870
2 0.345186 0.084785 0.221709 0.017806
2 0.220967 0.105864 0.231709 0.017820
0 0.109227 0.135710 0.083379 0.018865
1 0.188811 0.135819 0.062546 0.018836
2 0.341725 0.136656 0.221709 0.017806
2 0.160424 0.157655 0.110876 0.017653
0 0.088268 0.186931 0.041713 0.018808
1 0.142435 0.187006 0.053379 0.018824
2 0.319516 0.187875 0.279209 0.017886
2 0.279047 0.209069 0.348376 0.017981
2 0.278995 0.230319 0.348376 0.017981
2 0.278943 0.251569 0.348376 0.017981
2 0.278891 0.272819 0.348376 0.017981
2 0.175922 0.293927 0.142543 0.017697
0 0.087926 0.326305 0.041713 0.018808
1 0.154176 0.326397 0.077546 0.018857
2 0.298757 0.327222 0.190043 0.017762
0 0.098275 0.353820 0.062546 0.018836
1 0.173692 0.353924 0.075046 0.018854
2 0.340773 0.354780 0.237543 0.017828
2 0.278638 0.375944 0.348376 0.017981
2 0.278585 0.397194 0.348376 0.017981
2 0.278533 0.418444 0.348376 0.017981
2 0.270564 0.439683 0.332542 0.017959
0 0.108405 0.470709 0.083379 0.018865
1 0.187571 0.470818 0.061713 0.018835
0 0.087505 0.497555 0.041713 0.018808
1 0.146255 0.497636 0.062546 0.018836
2 0.322920 0.498505 0.269209 0.017872
2 0.278285 0.519694 0.348376 0.017981
2 0.278232 0.540944 0.348376 0.017981
2 0.285264 0.562203 0.362542 0.018001
2 0.278128 0.583444 0.348376 0.017981
2 0.111826 0.604464 0.015876 0.017522
0 0.108002 0.634459 0.083379 0.018865
1 0.181336 0.634560 0.050046 0.018819
2 0.335917 0.635399 0.237543 0.017828
2 0.182949 0.656437 0.158376 0.017719
0 0.097469 0.681944 0.062546 0.018836
1 0.175802 0.682052 0.080879 0.018862
2 0.314134 0.682869 0.174209 0.017741
0 0.097389 0.714444 0.062546 0.018836
1 0.163223 0.714535 0.055879 0.018827
0 0.107732 0.744459 0.083379 0.018865
1 0.202732 0.744590 0.093379 0.018879
2 0.363147 0.745436 0.205876 0.017784
2 0.282678 0.766575 0.358376 0.017995
2 0.277626 0.787818 0.348376 0.017981
2 0.277574 0.809068 0.348376 0.017981
2 0.277522 0.830318 0.348376 0.017981
2 0.198303 0.851459 0.190043 0.017762
0 0.086555 0.884430 0.041713 0.018808
1 0.142388 0.884507 0.056713 0.018828
2 0.316137 0.885372 0.269209 0.017872
2 0.158585 0.906404 0.110876 0.017653
0 0.555187 0.084451 0.041713 0.018808
1 0.605604 0.084520 0.045879 0.018813
2 0.781852 0.085389 0.285042 0.017894
2 0.745967 0.106589 0.348376 0.017981
2 0.745914 0.127839 0.348376 0.017981
2 0.635029 0.148936 0.126709 0.017675
0 0.565374 0.178215 0.062546 0.018836
1 0.628707 0.178302 0.050879 0.018820
0 0.565299 0.208840 0.062546 0.018836
1 0.644465 0.208949 0.082546 0.018864
0 0.565231 0.236340 0.062546 0.018836
1 0.641898 0.236446 0.077546 0.018857
2 0.810229 0.237303 0.237543 0.017828
2 0.745594 0.258464 0.348376 0.017981
2 0.745541 0.279714 0.348376 0.017981
2 0.745489 0.300964 0.348376 0.017981
2 0.615854 0.322035 0.089209 0.017623
0 0.564941 0.354464 0.062546 0.018836
1 0.642024 0.354571 0.078379 0.018858
0 0.564855 0.389464 0.062546 0.018836
1 0.653605 0.389587 0.101713 0.018890
2 0.818186 0.390439 0.205876 0.017784
2 0.697718 0.411523 0.253376 0.017850
0 0.575147 0.440104 0.083379 0.018865
1 0.662230 0.440224 0.077546 0.018857
2 0.822645 0.441071 0.221709 0.017806
2 0.673843 0.462115 0.205876 0.017784
0 0.554196 0.488200 0.041713 0.018808
1 0.602112 0.488266 0.040879 0.018806
2 0.736277 0.489076 0.205876 0.017784
0 0.554110 0.523200 0.041713 0.018808
1 0.614110 0.523283 0.065046 0.018840
2 0.784108 0.524143 0.253376 0.017850
0 0.554022 0.558825 0.041713 0.018808
1 0.623189 0.558920 0.083379 0.018865
2 0.802354 0.559793 0.253376 0.017850
0 0.553941 0.591950 0.041713 0.018808
1 0.627691 0.592052 0.092546 0.018878
2 0.803522 0.592919 0.237543 0.017828
2 0.649720 0.613957 0.158376 0.017719
0 0.564236 0.641339 0.062546 0.018836
1 0.635903 0.641438 0.067546 0.018843
0 0.574585 0.668853 0.083379 0.018865
1 0.660835 0.668972 0.075879 0.018855
2 0.820417 0.669818 0.221709 0.017806
2 0.673282 0.690865 0.205876 0.017784
0 0.574461 0.719478 0.083379 0.018865
1 0.650711 0.719584 0.055879 0.018827
0 0.563957 0.755089 0.062546 0.018836
1 0.632707 0.755184 0.061713 0.018835
2 0.801038 0.756041 0.253376 0.017850
2 0.593903 0.777005 0.047543 0.017566
0 0.553421 0.803824 0.041713 0.018808
1 0.604254 0.803895 0.046713 0.018814
2 0.690919 0.804639 0.105043 0.017645
0 0.553345 0.834449 0.041713 0.018808
1 0.611262 0.834529 0.060879 0.018834
2 0.787093 0.835397 0.269209 0.017872
2 0.744125 0.856588 0.348376 0.017981
2 0.744072 0.877838 0.348376 0.017981
2 0.609437 0.898902 0.079210 0.017609
