0 0.26666666666666666 0.10875 0.4 0.0675
0 0.26666666666666666 0.181875 0.4 0.04375
0 0.26666666666666666 0.243125 0.4 0.04375
0 0.26666666666666666 0.328125 0.4 0.09125
0 0.26666666666666666 0.44875 0.4 0.115
0 0.26666666666666666 0.569375 0.4 0.09125
0 0.26666666666666666 0.654375 0.4 0.04375
0 0.26666666666666666 0.775 0.4 0.1625
0 0.26666666666666666 0.88375 0.4 0.02
0 0.7333333333333333 0.096875 0.4 0.04375
0 0.7333333333333333 0.158125 0.4 0.04375
0 0.7333333333333333 0.219375 0.4 0.04375
0 0.7333333333333333 0.34 0.4 0.1625
0 0.7333333333333333 0.484375 0.4 0.09125
0 0.7333333333333333 0.616875 0.4 0.13875
0 0.7333333333333333 0.725625 0.4 0.04375
0 0.7333333333333333 0.786875 0.4 0.04375
0 0.7333333333333333 0.86 0.4 0.0675
