3 0.494013 0.031339 0.988026 0.039640
0 0.076758 0.090495 0.042147 0.019357
1 0.143829 0.089513 0.079640 0.019906
0 0.088019 0.122836 0.062976 0.019662
1 0.148424 0.121952 0.045480 0.019405
2 0.316325 0.120117 0.269571 0.021438
2 0.158158 0.143688 0.127098 0.019352
0 0.078890 0.172354 0.042147 0.019357
1 0.131380 0.171586 0.050479 0.019479
2 0.293865 0.169831 0.253741 0.021207
0 0.100484 0.201419 0.083806 0.019967
1 0.173386 0.200351 0.049645 0.019466
0 0.080452 0.232343 0.042147 0.019357
1 0.145439 0.231391 0.075474 0.019845
2 0.320422 0.229453 0.253741 0.021207
2 0.276817 0.251346 0.358721 0.022744
2 0.272371 0.272665 0.348723 0.022598
2 0.193773 0.295070 0.190419 0.020279
0 0.083023 0.331074 0.042147 0.019357
1 0.138429 0.330263 0.056311 0.019564
2 0.319660 0.328233 0.285401 0.021670
2 0.274389 0.350150 0.348723 0.022598
2 0.274942 0.371396 0.348723 0.022598
2 0.148853 0.394497 0.095437 0.018888
0 0.085398 0.422307 0.042147 0.019357
1 0.147053 0.421404 0.068808 0.019747
2 0.326619 0.419399 0.269571 0.021438
2 0.276765 0.441383 0.348723 0.022598
2 0.277318 0.462629 0.348723 0.022598
2 0.277871 0.483875 0.348723 0.022598
2 0.278424 0.505121 0.348723 0.022598
2 0.199826 0.527526 0.190419 0.020279
0 0.089092 0.564155 0.042147 0.019357
1 0.163661 0.563063 0.094637 0.020125
2 0.340310 0.561100 0.237910 0.020975
2 0.122155 0.585550 0.032116 0.017960
0 0.090540 0.619769 0.042147 0.019357
1 0.157611 0.618787 0.079640 0.019906
2 0.334676 0.616818 0.253741 0.021207
2 0.250246 0.639309 0.285401 0.021670
0 0.112834 0.675703 0.083806 0.019967
1 0.201984 0.674398 0.082139 0.019942
0 0.092704 0.702878 0.042147 0.019357
1 0.153526 0.701987 0.067142 0.019723
2 0.316428 0.700226 0.237910 0.020975
0 0.114217 0.728818 0.083806 0.019967
1 0.187536 0.727744 0.050479 0.019479
2 0.342106 0.726105 0.237910 0.020975
2 0.284754 0.748199 0.348723 0.022598
2 0.285307 0.769445 0.348723 0.022598
2 0.285861 0.790691 0.348723 0.022598
2 0.286414 0.811937 0.348723 0.022598
2 0.144494 0.835270 0.063777 0.018424
0 0.096870 0.862848 0.042147 0.019357
1 0.155192 0.861994 0.062143 0.019650
2 0.331425 0.860037 0.269571 0.021438
2 0.288236 0.881924 0.348723 0.022598
2 0.288789 0.903170 0.348723 0.022598
2 0.183530 0.925966 0.137096 0.019498
0 0.553750 0.083508 0.062976 0.019662
1 0.625820 0.082453 0.068808 0.019747
2 0.749979 0.081259 0.158759 0.019815
0 0.544182 0.116155 0.042147 0.019357
1 0.611669 0.115166 0.080473 0.019918
2 0.789151 0.113192 0.253741 0.021207
2 0.735548 0.135231 0.348723 0.022598
2 0.736101 0.156477 0.348723 0.022598
2 0.736655 0.177723 0.348723 0.022598
2 0.673887 0.199896 0.222080 0.020743
0 0.547176 0.231133 0.042147 0.019357
1 0.621328 0.230047 0.093804 0.020113
2 0.797561 0.228091 0.237910 0.020975
2 0.738542 0.250209 0.348723 0.022598
0 0.548510 0.282373 0.042147 0.019357
1 0.603916 0.281562 0.056311 0.019564
2 0.785148 0.279532 0.285401 0.021670
2 0.629064 0.303072 0.127098 0.019352
0 0.560161 0.329712 0.062976 0.019662
1 0.623899 0.328778 0.052145 0.019503
2 0.787218 0.327011 0.253741 0.021207
2 0.741113 0.348940 0.348723 0.022598
2 0.741666 0.370186 0.348723 0.022598
2 0.742220 0.391432 0.348723 0.022598
2 0.636960 0.414228 0.137096 0.019498
0 0.552741 0.444842 0.042147 0.019357
1 0.609397 0.444012 0.058810 0.019601
2 0.783963 0.442080 0.269571 0.021438
2 0.577889 0.466353 0.016286 0.017729
0 0.574888 0.495152 0.083806 0.019967
1 0.658622 0.493926 0.071308 0.019784
2 0.791946 0.492598 0.174589 0.020047
0 0.554937 0.529201 0.042147 0.019357
1 0.601179 0.528524 0.037981 0.019296
2 0.781161 0.526513 0.301232 0.021902
2 0.603831 0.550364 0.063777 0.018424
0 0.566605 0.577164 0.062976 0.019662
1 0.635758 0.576151 0.062976 0.019662
2 0.804493 0.574305 0.253741 0.021207
2 0.636745 0.598016 0.127098 0.019352
0 0.557573 0.630432 0.042147 0.019357
1 0.633392 0.629321 0.097136 0.020162
2 0.760884 0.628079 0.137096 0.019498
0 0.568834 0.662773 0.062976 0.019662
1 0.640904 0.661717 0.068808 0.019747
2 0.804639 0.659944 0.237910 0.020975
2 0.615228 0.683973 0.079607 0.018656
0 0.570217 0.715888 0.062976 0.019662
1 0.647703 0.714753 0.079640 0.019906
2 0.816853 0.712900 0.237910 0.020975
2 0.679933 0.736160 0.206250 0.020511
0 0.581934 0.765726 0.083806 0.019967
1 0.674833 0.764365 0.089638 0.020052
2 0.833152 0.762671 0.206250 0.020511
2 0.665404 0.786382 0.174589 0.020047
0 0.583235 0.815716 0.083806 0.019967
1 0.664470 0.814526 0.066309 0.019711
2 0.819040 0.812887 0.222080 0.020743
2 0.666706 0.836373 0.174589 0.020047
0 0.563757 0.867886 0.042147 0.019357
1 0.616247 0.867118 0.050479 0.019479
2 0.794562 0.865131 0.285401 0.021670
2 0.596820 0.889281 0.032116 0.017960
