3 0.499235 0.040627 0.998471 0.026923
0 0.106914 0.085130 0.083397 0.018910
1 0.191913 0.084966 0.073397 0.018891
2 0.350248 0.085287 0.221726 0.017926
2 0.221571 0.106784 0.237559 0.017957
0 0.107085 0.135129 0.083397 0.018910
1 0.191668 0.134967 0.072564 0.018889
2 0.317919 0.135349 0.158393 0.017804
0 0.096758 0.161399 0.062564 0.018870
1 0.166758 0.161265 0.064231 0.018873
2 0.312593 0.161609 0.205892 0.017896
0 0.107292 0.195754 0.083397 0.018910
1 0.198125 0.195579 0.085064 0.018913
0 0.096965 0.222024 0.062564 0.018870
1 0.174881 0.221874 0.080064 0.018904
0 0.097072 0.253274 0.062564 0.018870
1 0.153322 0.253166 0.036731 0.018820
0 0.086758 0.283294 0.041731 0.018830
1 0.137591 0.283196 0.046731 0.018840
0 0.092706 0.317033 0.053397 0.018852
1 0.163956 0.316896 0.075897 0.018896
2 0.339374 0.317183 0.253392 0.017987
2 0.277781 0.338552 0.348392 0.018170
2 0.277853 0.359802 0.348392 0.018170
0 0.107956 0.390129 0.083397 0.018910
1 0.192123 0.389967 0.071731 0.018888
0 0.087217 0.417669 0.041731 0.018830
1 0.143467 0.417560 0.057564 0.018861
2 0.317635 0.417850 0.269226 0.018018
2 0.183125 0.439359 0.158393 0.017804
0 0.108236 0.472003 0.083397 0.018910
1 0.200736 0.471825 0.088397 0.018920
2 0.358654 0.472147 0.205892 0.017896
2 0.207061 0.493688 0.205892 0.017896
0 0.098008 0.527023 0.062564 0.018870
1 0.177174 0.526871 0.082564 0.018909
2 0.348009 0.527167 0.237559 0.017957
2 0.278499 0.548551 0.348392 0.018170
2 0.278571 0.569801 0.348392 0.018170
2 0.278644 0.591051 0.348392 0.018170
2 0.278717 0.612301 0.348392 0.018170
2 0.183789 0.633734 0.158393 0.017804
0 0.088059 0.663918 0.041731 0.018830
1 0.139726 0.663818 0.048397 0.018843
2 0.230144 0.664269 0.110893 0.017713
0 0.098576 0.693273 0.062564 0.018870
1 0.171909 0.693132 0.070897 0.018886
2 0.336911 0.693439 0.237559 0.017957
2 0.184067 0.714983 0.158393 0.017804
0 0.088330 0.743292 0.041731 0.018830
1 0.143747 0.743186 0.055897 0.018857
2 0.322082 0.743468 0.279226 0.018037
2 0.279238 0.764800 0.348392 0.018170
2 0.279311 0.786050 0.348392 0.018170
2 0.279383 0.807300 0.348392 0.018170
2 0.129040 0.828839 0.047560 0.017591
0 0.088715 0.855792 0.041731 0.018830
1 0.147881 0.855678 0.063397 0.018872
2 0.269550 0.856069 0.158393 0.017804
0 0.088830 0.889542 0.041731 0.018830
1 0.149247 0.889426 0.065897 0.018877
2 0.324665 0.889713 0.263392 0.018006
2 0.279738 0.911050 0.348392 0.018170
2 0.279810 0.932300 0.348392 0.018170
2 0.279883 0.953550 0.348392 0.018170
2 0.279956 0.974800 0.348392 0.018170
2 0.232529 0.993574 0.253392 0.012853
0 0.552746 0.084272 0.041731 0.018830
1 0.599412 0.084182 0.038397 0.018824
0 0.573679 0.113607 0.083397 0.018910
1 0.651179 0.113458 0.058397 0.018862
2 0.809931 0.113778 0.237559 0.017957
2 0.743754 0.135155 0.348392 0.018170
2 0.743826 0.156405 0.348392 0.018170
2 0.743899 0.177655 0.348392 0.018170
2 0.743971 0.198905 0.348392 0.018170
2 0.593628 0.220444 0.047560 0.017591
0 0.553325 0.253647 0.041731 0.018830
1 0.599991 0.253557 0.038397 0.018824
2 0.780409 0.253835 0.300892 0.018078
2 0.630483 0.275373 0.120893 0.017732
0 0.574335 0.305481 0.083397 0.018910
1 0.658085 0.305320 0.070897 0.018886
0 0.553596 0.333021 0.041731 0.018830
1 0.624846 0.332884 0.087564 0.018918
2 0.806097 0.333161 0.253392 0.017987
2 0.744503 0.354529 0.348392 0.018170
2 0.744576 0.375779 0.348392 0.018170
2 0.744649 0.397029 0.348392 0.018170
2 0.744721 0.418279 0.348392 0.018170
2 0.749794 0.439519 0.358392 0.018189
2 0.744867 0.460779 0.348392 0.018170
2 0.744939 0.482029 0.348392 0.018170
2 0.729179 0.503309 0.316725 0.018109
0 0.554295 0.537396 0.041731 0.018830
1 0.623461 0.537263 0.083397 0.018910
2 0.802629 0.537543 0.253392 0.017987
2 0.634369 0.559117 0.126726 0.017744
0 0.564895 0.591126 0.062564 0.018870
1 0.629895 0.591001 0.054231 0.018854
2 0.794480 0.591309 0.253392 0.017987
2 0.587053 0.612958 0.031726 0.017561
0 0.554652 0.641770 0.041731 0.018830
1 0.617985 0.641649 0.071731 0.018888
2 0.775486 0.641971 0.221726 0.017926
0 0.565188 0.676750 0.062564 0.018870
1 0.631021 0.676624 0.055897 0.018857
2 0.796439 0.676931 0.253392 0.017987
2 0.745679 0.698278 0.348392 0.018170
2 0.750751 0.719519 0.358392 0.018189
2 0.745824 0.740778 0.348392 0.018170
2 0.745897 0.762028 0.348392 0.018170
2 0.745969 0.783278 0.348392 0.018170
2 0.746042 0.804528 0.348392 0.018170
2 0.635282 0.825991 0.126726 0.017744
0 0.576211 0.854230 0.083397 0.018910
1 0.656628 0.854075 0.064231 0.018873
2 0.810379 0.854404 0.221726 0.017926
2 0.746285 0.875778 0.348392 0.018170
2 0.603859 0.897302 0.063393 0.017622
