1 0.174583 0.085938 0.067500 0.021875
0 0.266667 0.142187 0.400000 0.134375
1 0.190833 0.227187 0.053333 0.021875
0 0.266667 0.236563 0.400000 0.040625
1 0.197500 0.277813 0.113333 0.021875
0 0.266667 0.287187 0.400000 0.040625
1 0.213750 0.324688 0.099167 0.021875
0 0.266667 0.324688 0.400000 0.021875
1 0.162083 0.352812 0.089167 0.021875
0 0.266667 0.371563 0.400000 0.059375
1 0.225833 0.420312 0.123333 0.021875
0 0.266667 0.429688 0.400000 0.040625
1 0.195417 0.471562 0.062500 0.021875
0 0.266667 0.471562 0.400000 0.021875
1 0.194583 0.499688 0.107500 0.021875
0 0.266667 0.509062 0.400000 0.040625
1 0.204583 0.551562 0.127500 0.021875
0 0.266667 0.551562 0.400000 0.021875
1 0.212500 0.585313 0.143333 0.021875
0 0.266667 0.585313 0.400000 0.021875
1 0.183750 0.619687 0.132500 0.021875
0 0.266667 0.629062 0.400000 0.040625
1 0.182500 0.671562 0.083333 0.021875
0 0.266667 0.671562 0.400000 0.021875
1 0.200417 0.701562 0.072500 0.021875
0 0.266667 0.701562 0.400000 0.021875
1 0.187917 0.734688 0.094167 0.021875
0 0.266667 0.790937 0.400000 0.134375
1 0.171250 0.875938 0.107500 0.021875
0 0.266667 0.885312 0.400000 0.040625
1 0.681667 0.085938 0.148333 0.021875
0 0.733333 0.123438 0.400000 0.096875
1 0.701667 0.192188 0.141667 0.021875
0 0.733333 0.201563 0.400000 0.040625
1 0.662917 0.243438 0.110833 0.021875
0 0.733333 0.252812 0.400000 0.040625
1 0.656250 0.291563 0.050833 0.021875
0 0.733333 0.291563 0.400000 0.021875
1 0.620000 0.323437 0.071667 0.021875
0 0.733333 0.332813 0.400000 0.040625
1 0.690000 0.375312 0.118333 0.021875
0 0.733333 0.412813 0.400000 0.096875
1 0.652083 0.484063 0.135833 0.021875
0 0.733333 0.530937 0.400000 0.115625
1 0.704167 0.608437 0.146667 0.021875
0 0.733333 0.655312 0.400000 0.115625
1 0.680000 0.730938 0.098333 0.021875
0 0.733333 0.796562 0.400000 0.153125
1 0.690000 0.890312 0.118333 0.021875
0 0.733333 0.927813 0.400000 0.096875
