3 0.499974 0.033750 0.999947 0.025065
0 0.097868 0.084401 0.062502 0.018754
1 0.161202 0.084397 0.050836 0.018753
2 0.332035 0.085011 0.269169 0.017518
2 0.151621 0.106273 0.095002 0.017506
0 0.108291 0.138776 0.083336 0.018755
1 0.178708 0.138771 0.044169 0.018753
0 0.097879 0.172526 0.062502 0.018754
1 0.177045 0.172521 0.082502 0.018755
2 0.347879 0.173135 0.237502 0.017516
2 0.167465 0.194397 0.126669 0.017508
0 0.097885 0.226901 0.062502 0.018754
1 0.158718 0.226897 0.045836 0.018753
2 0.327052 0.227511 0.269169 0.017518
2 0.119971 0.248775 0.031669 0.017502
0 0.087474 0.274402 0.041669 0.018753
1 0.142890 0.274398 0.055836 0.018754
2 0.324141 0.275011 0.285002 0.017519
2 0.119976 0.296275 0.031669 0.017502
0 0.108313 0.324401 0.083336 0.018755
1 0.187480 0.324395 0.061669 0.018754
2 0.347896 0.325010 0.237502 0.017516
2 0.278315 0.346264 0.348335 0.017523
2 0.283318 0.367514 0.358335 0.017523
2 0.278320 0.388764 0.348335 0.017523
2 0.183323 0.410021 0.158335 0.017510
0 0.087493 0.437527 0.041669 0.018753
1 0.158326 0.437522 0.086669 0.018756
2 0.339159 0.438136 0.253335 0.017517
2 0.278329 0.459389 0.348335 0.017523
2 0.278331 0.480639 0.348335 0.017523
2 0.280417 0.501889 0.352502 0.017523
2 0.283336 0.523139 0.358335 0.017523
2 0.278338 0.544389 0.348335 0.017523
2 0.215008 0.565644 0.221669 0.017514
0 0.108345 0.596276 0.083336 0.018755
1 0.193761 0.596270 0.074169 0.018755
2 0.352511 0.596885 0.221669 0.017514
2 0.199180 0.618145 0.190002 0.017512
0 0.097934 0.651901 0.062502 0.018754
1 0.169184 0.651897 0.066669 0.018754
2 0.340018 0.652510 0.253335 0.017517
2 0.278354 0.673764 0.348335 0.017523
2 0.278356 0.695014 0.348335 0.017523
2 0.278358 0.716264 0.348335 0.017523
2 0.278361 0.737514 0.348335 0.017523
2 0.238780 0.758767 0.269169 0.017518
0 0.108367 0.786901 0.083336 0.018755
1 0.188367 0.786895 0.063336 0.018754
2 0.341700 0.787510 0.221669 0.017514
2 0.283369 0.808764 0.358335 0.017523
2 0.112122 0.830025 0.015835 0.017501
0 0.097958 0.856276 0.062502 0.018754
1 0.172958 0.856271 0.074169 0.018755
2 0.284208 0.856889 0.126669 0.017508
0 0.087545 0.883777 0.041669 0.018753
1 0.146711 0.883773 0.063336 0.018754
2 0.323795 0.884387 0.269169 0.017518
2 0.175464 0.905646 0.142502 0.017509
0 0.564535 0.084371 0.062502 0.018754
1 0.630368 0.084366 0.055836 0.018754
2 0.764118 0.084983 0.190002 0.017512
0 0.554122 0.118746 0.041669 0.018753
1 0.612456 0.118743 0.061669 0.018754
2 0.772872 0.119357 0.237502 0.017516
0 0.554126 0.150621 0.041669 0.018753
1 0.619126 0.150617 0.075002 0.018755
2 0.794126 0.151231 0.253335 0.017517
2 0.602462 0.172493 0.063335 0.017504
0 0.564549 0.205621 0.062502 0.018754
1 0.653299 0.205615 0.101669 0.018757
2 0.817883 0.206229 0.205835 0.017513
2 0.744968 0.227484 0.348335 0.017523
2 0.744971 0.248734 0.348335 0.017523
2 0.744973 0.269984 0.348335 0.017523
2 0.586642 0.291244 0.031669 0.017502
0 0.564562 0.318121 0.062502 0.018754
1 0.629979 0.318117 0.055002 0.018754
2 0.794979 0.318731 0.253335 0.017517
2 0.744981 0.339984 0.348335 0.017523
2 0.744984 0.361234 0.348335 0.017523
2 0.749986 0.382484 0.358335 0.017523
2 0.749989 0.403734 0.358335 0.017523
2 0.744991 0.424984 0.348335 0.017523
2 0.721244 0.446236 0.300835 0.017520
0 0.574997 0.473745 0.083336 0.018755
1 0.654580 0.473740 0.062502 0.018754
2 0.807497 0.474355 0.221669 0.017514
2 0.642083 0.495616 0.142502 0.017509
0 0.575003 0.528120 0.083336 0.018755
1 0.660837 0.528114 0.075002 0.018755
2 0.796253 0.528731 0.174169 0.017511
0 0.564590 0.561246 0.062502 0.018754
1 0.627507 0.561242 0.050002 0.018753
2 0.797924 0.561856 0.269169 0.017518
2 0.626260 0.583117 0.110835 0.017507
0 0.554180 0.610621 0.041669 0.018753
1 0.616680 0.610617 0.070002 0.018755
2 0.794180 0.611231 0.263335 0.017517
2 0.578765 0.632495 0.015835 0.017501
0 0.575018 0.658745 0.083336 0.018755
1 0.650435 0.658740 0.054169 0.018754
2 0.807102 0.659355 0.237502 0.017516
2 0.705438 0.680612 0.269169 0.017518
0 0.564607 0.706246 0.062502 0.018754
1 0.641691 0.706241 0.078336 0.018755
2 0.810441 0.706855 0.237502 0.017516
2 0.745026 0.728109 0.348335 0.017523
2 0.750029 0.749359 0.358335 0.017523
2 0.650031 0.770615 0.158335 0.017510
0 0.554201 0.799371 0.041669 0.018753
1 0.606285 0.799368 0.049169 0.018753
2 0.768368 0.799982 0.253335 0.017517
0 0.564621 0.826871 0.062502 0.018754
1 0.634205 0.826866 0.063336 0.018754
0 0.554208 0.855621 0.041669 0.018753
1 0.607958 0.855618 0.052502 0.018753
2 0.787541 0.856231 0.285002 0.017519
0 0.575045 0.883745 0.083336 0.018755
1 0.659211 0.883740 0.071669 0.018755
2 0.816711 0.884354 0.221669 0.017514
