3 0.493355 0.038862 0.986710 0.041501
0 0.085817 0.091113 0.063035 0.019777
1 0.169130 0.089737 0.091362 0.020245
2 0.336192 0.087604 0.222127 0.021155
2 0.121451 0.112405 0.058000 0.018445
0 0.072252 0.140099 0.033042 0.019282
1 0.134736 0.139067 0.079698 0.020052
2 0.319710 0.136638 0.269615 0.021939
0 0.088037 0.166720 0.063035 0.019777
1 0.147605 0.165736 0.043873 0.019461
2 0.314667 0.163603 0.269615 0.021939
2 0.174074 0.187179 0.158809 0.020109
0 0.099918 0.216535 0.083863 0.020121
1 0.182398 0.215174 0.068867 0.019873
2 0.338212 0.213226 0.222127 0.021155
2 0.270519 0.235599 0.348763 0.023246
2 0.276141 0.256761 0.358760 0.023411
2 0.276765 0.278006 0.358760 0.023411
2 0.272390 0.299334 0.348763 0.023246
2 0.273013 0.320578 0.348763 0.023246
2 0.210319 0.342869 0.222127 0.021155
0 0.094217 0.377293 0.063035 0.019777
1 0.170032 0.376042 0.076365 0.019997
2 0.337510 0.373902 0.237956 0.021416
2 0.109023 0.398929 0.016343 0.017757
0 0.095740 0.429156 0.063035 0.019777
1 0.159474 0.428104 0.052204 0.019598
2 0.322786 0.426032 0.253786 0.021678
2 0.197607 0.449354 0.190468 0.020632
0 0.086793 0.479316 0.042207 0.019433
1 0.155526 0.478181 0.083030 0.020107
2 0.334251 0.475855 0.253786 0.021678
2 0.191160 0.499473 0.174638 0.020371
0 0.083696 0.530004 0.033042 0.019282
1 0.128269 0.529268 0.043873 0.019461
2 0.311160 0.526874 0.301274 0.022462
2 0.281790 0.548614 0.352928 0.023314
2 0.280331 0.569893 0.348763 0.023246
2 0.285954 0.591055 0.358760 0.023411
2 0.139113 0.614735 0.063832 0.018541
0 0.112372 0.640808 0.083863 0.020121
1 0.187353 0.639570 0.053871 0.019626
0 0.092534 0.674893 0.042207 0.019433
1 0.147520 0.673985 0.055537 0.019653
2 0.328328 0.671625 0.285445 0.022200
2 0.291044 0.693496 0.362926 0.023480
2 0.284586 0.714858 0.348763 0.023246
2 0.182318 0.737802 0.142979 0.019848
0 0.116205 0.771401 0.083863 0.020121
1 0.201601 0.769991 0.074699 0.019970
2 0.360331 0.767995 0.222127 0.021155
2 0.152255 0.792686 0.079661 0.018803
0 0.117672 0.821389 0.083863 0.020121
1 0.208067 0.819896 0.084697 0.020135
0 0.118662 0.855131 0.083863 0.020121
1 0.191978 0.853920 0.050538 0.019571
2 0.346542 0.851993 0.237956 0.021416
2 0.289263 0.874194 0.348763 0.023246
2 0.289887 0.895439 0.348763 0.023246
2 0.295509 0.916601 0.358760 0.023411
2 0.140754 0.940412 0.048002 0.018280
0 0.562785 0.083238 0.083863 0.020121
1 0.651514 0.081773 0.081364 0.020080
2 0.805661 0.079853 0.206297 0.020893
2 0.630494 0.104000 0.142979 0.019848
0 0.554003 0.139021 0.063035 0.019777
1 0.613572 0.138038 0.043873 0.019461
2 0.780633 0.135904 0.269615 0.021939
2 0.735018 0.157913 0.348763 0.023246
2 0.735642 0.179158 0.348763 0.023246
2 0.741264 0.200320 0.358760 0.023411
0 0.556828 0.235248 0.063035 0.019777
1 0.628894 0.234058 0.068867 0.019873
2 0.760963 0.232503 0.174638 0.020371
0 0.557635 0.262741 0.063035 0.019777
1 0.629284 0.261558 0.068034 0.019860
2 0.760937 0.260010 0.174638 0.020371
0 0.558534 0.293359 0.063035 0.019777
1 0.643513 0.291956 0.094694 0.020300
2 0.796411 0.290056 0.190468 0.020632
0 0.569920 0.326304 0.083863 0.020121
1 0.653649 0.324921 0.071366 0.019915
0 0.549898 0.354141 0.042207 0.019433
1 0.612383 0.353109 0.070533 0.019901
2 0.792775 0.350756 0.269615 0.021939
2 0.741327 0.372861 0.348763 0.023246
2 0.741951 0.394105 0.348763 0.023246
2 0.742575 0.415350 0.348763 0.023246
2 0.743198 0.436595 0.348763 0.023246
2 0.748821 0.457758 0.358760 0.023411
2 0.744445 0.479085 0.348763 0.023246
0 0.564990 0.513305 0.063035 0.019777
1 0.634973 0.512150 0.064701 0.019805
2 0.798701 0.510072 0.242122 0.021485
2 0.746004 0.532197 0.348763 0.023246
2 0.746628 0.553442 0.348763 0.023246
2 0.596871 0.577170 0.048002 0.018280
0 0.567686 0.605158 0.063035 0.019777
1 0.640585 0.603955 0.070533 0.019901
2 0.805146 0.601863 0.237956 0.021416
2 0.748701 0.624050 0.348763 0.023246
2 0.749324 0.645295 0.348763 0.023246
2 0.742033 0.666670 0.332933 0.022984
0 0.580741 0.694964 0.083863 0.020121
1 0.665720 0.693561 0.073866 0.019956
2 0.824034 0.691573 0.222127 0.021155
2 0.751342 0.714028 0.348763 0.023246
2 0.751965 0.735273 0.348763 0.023246
2 0.752589 0.756518 0.348763 0.023246
2 0.753212 0.777763 0.348763 0.023246
2 0.635115 0.800968 0.111320 0.019325
0 0.574215 0.827604 0.063035 0.019777
1 0.633784 0.826621 0.043873 0.019461
2 0.800845 0.824488 0.269615 0.021939
2 0.604850 0.848979 0.048002 0.018280
0 0.586280 0.883669 0.083863 0.020121
1 0.674175 0.882217 0.079698 0.020052
2 0.827490 0.880311 0.206297 0.020893
2 0.756881 0.902732 0.348763 0.023246
2 0.762503 0.923895 0.358760 0.023411
2 0.758128 0.945222 0.348763 0.023246
2 0.758751 0.966467 0.348763 0.023246
2 0.624824 0.989933 0.079661 0.018803
