0 0.078867 0.089274 0.042053 0.019237
1 0.140110 0.088554 0.067883 0.019541
2 0.319267 0.087073 0.269499 0.020661
2 0.190977 0.109834 0.190342 0.019731
0 0.079860 0.136768 0.042053 0.019237
1 0.147768 0.135970 0.081215 0.019698
0 0.101265 0.164020 0.083715 0.019727
1 0.180422 0.163089 0.062051 0.019472
2 0.317085 0.162108 0.190342 0.019731
0 0.101879 0.193391 0.083715 0.019727
1 0.174786 0.192534 0.049552 0.019326
2 0.328947 0.191347 0.237836 0.020289
2 0.272315 0.213266 0.348656 0.021591
2 0.272759 0.234513 0.348656 0.021591
2 0.194046 0.256691 0.190342 0.019731
0 0.103916 0.290879 0.083715 0.019727
1 0.191405 0.289851 0.078715 0.019668
2 0.344316 0.288679 0.206174 0.019917
2 0.274352 0.310754 0.348656 0.021591
2 0.274796 0.332001 0.348656 0.021591
2 0.275240 0.353248 0.348656 0.021591
2 0.196527 0.375426 0.190342 0.019731
0 0.095890 0.405363 0.062884 0.019482
1 0.185046 0.404315 0.102879 0.019952
2 0.350038 0.403000 0.206174 0.019917
0 0.107050 0.440861 0.083715 0.019727
1 0.181207 0.439989 0.052052 0.019355
2 0.336618 0.438788 0.237836 0.020289
2 0.282485 0.460676 0.358655 0.021709
2 0.277930 0.481983 0.348656 0.021591
2 0.278374 0.503230 0.348656 0.021591
2 0.128419 0.526245 0.047860 0.018056
0 0.088582 0.554217 0.042053 0.019237
1 0.163156 0.553340 0.094547 0.019854
0 0.089327 0.589837 0.042053 0.019237
1 0.142653 0.589211 0.052052 0.019355
2 0.321811 0.587730 0.285331 0.020847
2 0.272678 0.609560 0.332825 0.021405
0 0.090384 0.640456 0.042053 0.019237
1 0.161209 0.639624 0.087048 0.019766
2 0.342033 0.638123 0.253668 0.020475
2 0.202494 0.661016 0.190342 0.019731
0 0.091455 0.691700 0.042053 0.019237
1 0.144365 0.691078 0.051219 0.019345
2 0.275612 0.690160 0.190342 0.019731
0 0.102419 0.717824 0.062884 0.019482
1 0.177410 0.716943 0.074549 0.019619
2 0.344069 0.715609 0.237836 0.020289
2 0.288270 0.737517 0.358655 0.021709
2 0.283714 0.758824 0.348656 0.021591
2 0.284158 0.780071 0.348656 0.021591
2 0.284602 0.801318 0.348656 0.021591
2 0.174226 0.823868 0.127017 0.018986
0 0.105213 0.851558 0.062884 0.019482
1 0.181037 0.850667 0.076216 0.019639
0 0.105944 0.886553 0.062884 0.019482
1 0.167603 0.885829 0.047886 0.019306
2 0.336762 0.884466 0.269499 0.020661
2 0.199723 0.907329 0.174511 0.019545
0 0.566307 0.083545 0.083715 0.019727
1 0.640048 0.082678 0.051219 0.019345
2 0.795042 0.081481 0.237836 0.020289
2 0.736743 0.103419 0.348656 0.021591
2 0.737187 0.124666 0.348656 0.021591
2 0.737631 0.145914 0.348656 0.021591
2 0.738075 0.167161 0.348656 0.021591
2 0.698941 0.188874 0.269499 0.020661
0 0.558804 0.223025 0.062884 0.019482
1 0.637128 0.222104 0.081215 0.019698
2 0.807120 0.220731 0.237836 0.020289
2 0.628836 0.244079 0.127017 0.018986
0 0.570407 0.279771 0.083715 0.019727
1 0.642482 0.278923 0.047886 0.019306
2 0.795810 0.277746 0.237836 0.020289
2 0.745843 0.299586 0.358655 0.021709
2 0.741288 0.320892 0.348656 0.021591
2 0.686322 0.342791 0.237836 0.020289
0 0.551457 0.370004 0.042053 0.019237
1 0.613116 0.369280 0.068717 0.019551
2 0.768943 0.368073 0.222005 0.020103
0 0.562538 0.401753 0.062884 0.019482
1 0.622114 0.401053 0.043720 0.019257
2 0.789190 0.399714 0.269499 0.020661
2 0.743390 0.421505 0.348656 0.021591
2 0.743834 0.442752 0.348656 0.021591
2 0.744278 0.464000 0.348656 0.021591
2 0.744722 0.485247 0.348656 0.021591
2 0.745166 0.506495 0.348656 0.021591
2 0.718946 0.528055 0.295329 0.020965
0 0.550883 0.561910 0.032888 0.019130
1 0.612959 0.561180 0.078715 0.019668
2 0.797532 0.559636 0.269499 0.020661
2 0.751732 0.581427 0.358655 0.021709
2 0.747177 0.602733 0.348656 0.021591
2 0.668464 0.624911 0.190342 0.019731
0 0.578190 0.652225 0.083715 0.019727
1 0.647765 0.651407 0.042887 0.019247
0 0.557908 0.678716 0.042053 0.019237
1 0.619150 0.677997 0.067883 0.019541
2 0.795392 0.676550 0.263667 0.020593
2 0.622523 0.699835 0.095354 0.018614
0 0.569433 0.731712 0.062884 0.019482
1 0.639424 0.730890 0.064551 0.019502
2 0.809000 0.729522 0.253668 0.020475
2 0.750284 0.751465 0.348656 0.021591
2 0.750728 0.772712 0.348656 0.021591
2 0.751172 0.793959 0.348656 0.021591
2 0.751616 0.815207 0.348656 0.021591
2 0.704566 0.837012 0.253668 0.020475
0 0.561838 0.866818 0.042053 0.019237
1 0.620164 0.866133 0.062051 0.019472
2 0.796406 0.864686 0.269499 0.020661
2 0.753105 0.886448 0.348656 0.021591
2 0.753549 0.907695 0.348656 0.021591
2 0.738162 0.929129 0.316993 0.021219
