3 0.494332 0.033206 0.988663 0.038924
0 0.087695 0.090047 0.062953 0.019617
1 0.156016 0.089095 0.061287 0.019594
2 0.323920 0.087381 0.253723 0.021025
2 0.268622 0.109405 0.348707 0.022349
2 0.269148 0.130652 0.348707 0.022349
2 0.269674 0.151898 0.348707 0.022349
2 0.272284 0.173115 0.352873 0.022407
2 0.275726 0.194321 0.358705 0.022488
2 0.271253 0.215637 0.348707 0.022349
2 0.145134 0.238647 0.095417 0.018820
0 0.081706 0.268911 0.042124 0.019327
1 0.136280 0.268151 0.054622 0.019501
2 0.261274 0.267035 0.174570 0.019923
0 0.082573 0.303905 0.042124 0.019327
1 0.142979 0.303064 0.066286 0.019664
2 0.302550 0.301466 0.232060 0.020724
0 0.104114 0.332360 0.083783 0.019907
1 0.186183 0.331217 0.067953 0.019687
2 0.341589 0.329677 0.222062 0.020584
2 0.140066 0.353738 0.079586 0.018600
0 0.094953 0.383121 0.062953 0.019617
1 0.162025 0.382187 0.058788 0.019559
2 0.328678 0.380491 0.253723 0.021025
2 0.125489 0.404575 0.047925 0.018159
0 0.106683 0.436092 0.083783 0.019907
1 0.181670 0.435047 0.053788 0.019490
2 0.334993 0.433537 0.232060 0.020724
2 0.158466 0.457249 0.111248 0.019041
0 0.108076 0.492332 0.083783 0.019907
1 0.194728 0.491125 0.077118 0.019815
0 0.088128 0.528241 0.042124 0.019327
1 0.140619 0.527510 0.050456 0.019443
0 0.099224 0.555592 0.062953 0.019617
1 0.179627 0.554472 0.085450 0.019931
0 0.089629 0.588856 0.042124 0.019327
1 0.146703 0.588061 0.059621 0.019571
2 0.321688 0.586248 0.269554 0.021246
2 0.217649 0.608951 0.222062 0.020584
0 0.090883 0.639472 0.042124 0.019327
1 0.156288 0.638561 0.076285 0.019803
2 0.331690 0.636743 0.253723 0.021025
2 0.226818 0.659457 0.237892 0.020805
0 0.112951 0.689173 0.083783 0.019907
1 0.191270 0.688082 0.060454 0.019582
2 0.350842 0.686485 0.237892 0.020805
2 0.172649 0.710221 0.127078 0.019261
0 0.103805 0.740560 0.062953 0.019617
1 0.171710 0.739614 0.060454 0.019582
2 0.339196 0.737906 0.253723 0.021025
0 0.114885 0.767285 0.083783 0.019907
1 0.191955 0.766211 0.057954 0.019548
2 0.334446 0.764851 0.206231 0.020364
0 0.115659 0.798530 0.083783 0.019907
1 0.197311 0.797392 0.067119 0.019675
2 0.352300 0.795858 0.222062 0.020584
2 0.286171 0.818033 0.348707 0.022349
2 0.286697 0.839279 0.348707 0.022349
2 0.247647 0.861077 0.269554 0.021246
0 0.118027 0.894138 0.083783 0.019907
1 0.188015 0.893163 0.043790 0.019350
2 0.347169 0.891571 0.253723 0.021025
2 0.217301 0.914634 0.206231 0.020364
0 0.564696 0.083402 0.083783 0.019907
1 0.654264 0.082154 0.082950 0.019896
2 0.809253 0.080620 0.206231 0.020364
2 0.679801 0.103677 0.237892 0.020805
0 0.545135 0.134933 0.042124 0.019327
1 0.593877 0.134254 0.042957 0.019339
2 0.773445 0.132378 0.295382 0.021606
2 0.625663 0.155690 0.127078 0.019261
0 0.546482 0.189299 0.042124 0.019327
1 0.601055 0.188539 0.054622 0.019501
2 0.765626 0.186871 0.253723 0.021025
0 0.547348 0.224293 0.042124 0.019327
1 0.598173 0.223585 0.047123 0.019397
2 0.774824 0.221749 0.285384 0.021466
2 0.738690 0.243506 0.348707 0.022349
2 0.723386 0.264973 0.317045 0.021907
0 0.559605 0.298510 0.062953 0.019617
1 0.632925 0.297489 0.071285 0.019733
2 0.766251 0.296257 0.174570 0.019923
0 0.570685 0.325235 0.083783 0.019907
1 0.659420 0.323999 0.081284 0.019873
2 0.813575 0.322477 0.206231 0.020364
2 0.741197 0.344739 0.348707 0.022349
2 0.741723 0.365985 0.348707 0.022349
2 0.742250 0.387232 0.348707 0.022349
2 0.576554 0.410793 0.016264 0.017718
0 0.573594 0.442715 0.083783 0.019907
1 0.652331 0.441618 0.061287 0.019594
2 0.812319 0.440015 0.237892 0.020805
2 0.749106 0.462149 0.358705 0.022488
2 0.744633 0.483465 0.348707 0.022349
2 0.745159 0.504711 0.348707 0.022349
2 0.745685 0.525958 0.348707 0.022349
2 0.746211 0.547204 0.348707 0.022349
2 0.746737 0.568450 0.348707 0.022349
2 0.747264 0.589697 0.348707 0.022349
2 0.621145 0.612707 0.095417 0.018820
0 0.578469 0.639556 0.083783 0.019907
1 0.654289 0.638500 0.055455 0.019513
2 0.811361 0.636937 0.237892 0.020805
0 0.568782 0.669071 0.062953 0.019617
1 0.629188 0.668230 0.045457 0.019374
2 0.797091 0.666516 0.269554 0.021246
2 0.749709 0.688430 0.348707 0.022349
2 0.750235 0.709676 0.348707 0.022349
2 0.750761 0.730922 0.348707 0.022349
2 0.703795 0.752830 0.253723 0.021025
0 0.581966 0.780782 0.083783 0.019907
1 0.662786 0.779656 0.065453 0.019652
2 0.816941 0.778134 0.222062 0.020584
2 0.594173 0.802491 0.032095 0.017938
0 0.572774 0.830293 0.062953 0.019617
1 0.653177 0.829173 0.085450 0.019931
2 0.817331 0.827512 0.222062 0.020584
2 0.753701 0.849652 0.348707 0.022349
2 0.754228 0.870898 0.348707 0.022349
2 0.731008 0.892475 0.301215 0.021687
