1 0.086992 0.090445 0.062984 0.019677
2 0.150313 0.089502 0.051320 0.019503
3 0.321129 0.087582 0.269577 0.021505
3 0.267952 0.109629 0.348728 0.022684
3 0.268515 0.130875 0.348728 0.022684
3 0.269078 0.152120 0.348728 0.022684
3 0.274639 0.173292 0.358726 0.022833
3 0.270203 0.194612 0.348728 0.022684
3 0.262850 0.215976 0.332898 0.022448
0 0.257413 0.152294 0.410558 0.156027
1 0.101610 0.249008 0.083813 0.019987
2 0.182427 0.247805 0.065484 0.019714
3 0.336580 0.246134 0.222086 0.020798
3 0.272155 0.268347 0.348728 0.022684
3 0.272718 0.289593 0.348728 0.022684
3 0.273281 0.310839 0.348728 0.022684
3 0.273843 0.332085 0.348728 0.022684
3 0.274406 0.353331 0.348728 0.022684
3 0.274968 0.374577 0.348728 0.022684
3 0.275531 0.395822 0.348728 0.022684
3 0.276094 0.417068 0.348728 0.022684
3 0.189590 0.439611 0.174596 0.020090
0 0.262460 0.342882 0.412246 0.219764
1 0.097135 0.473494 0.062984 0.019677
2 0.180869 0.472247 0.092145 0.020111
3 0.348353 0.470378 0.222086 0.020798
3 0.283095 0.492604 0.358726 0.022833
3 0.278658 0.513924 0.348728 0.022684
3 0.184240 0.536585 0.158765 0.019855
0 0.266713 0.503475 0.408870 0.092289
1 0.099750 0.572225 0.062984 0.019677
2 0.160155 0.571325 0.045488 0.019416
3 0.328055 0.569449 0.269577 0.021505
3 0.280710 0.591409 0.348728 0.022684
3 0.286272 0.612580 0.358726 0.022833
3 0.223514 0.634769 0.232084 0.020947
0 0.269327 0.602205 0.408870 0.092289
1 0.102182 0.664082 0.062984 0.019677
2 0.162171 0.663188 0.044654 0.019404
3 0.329654 0.661319 0.269577 0.021505
3 0.283143 0.683266 0.348728 0.022684
3 0.283705 0.704511 0.348728 0.022684
3 0.284268 0.725757 0.348728 0.022684
3 0.284830 0.747003 0.348728 0.022684
3 0.285393 0.768249 0.348728 0.022684
3 0.285956 0.789495 0.348728 0.022684
3 0.159876 0.812627 0.095445 0.018911
0 0.272885 0.736554 0.411120 0.177272
1 0.106998 0.845921 0.062984 0.019677
2 0.187815 0.844717 0.086313 0.020025
3 0.352382 0.842891 0.222086 0.020798
3 0.287958 0.865105 0.348728 0.022684
3 0.288520 0.886351 0.348728 0.022684
3 0.289083 0.907596 0.348728 0.022684
3 0.178834 0.930493 0.127105 0.019383
0 0.276856 0.886524 0.409433 0.113535
1 0.543152 0.083650 0.042155 0.019367
2 0.618554 0.082527 0.096311 0.020173
3 0.796036 0.080509 0.237916 0.021033
3 0.734527 0.102679 0.348728 0.022684
3 0.735090 0.123925 0.348728 0.022684
3 0.735652 0.145171 0.348728 0.022684
3 0.696639 0.167006 0.269577 0.021505
0 0.723425 0.124099 0.409433 0.113535
1 0.567158 0.203316 0.083813 0.019987
2 0.667972 0.201815 0.105476 0.020310
3 0.826291 0.200082 0.190426 0.020326
3 0.631892 0.224231 0.137103 0.019532
0 0.725758 0.212206 0.407745 0.049798
1 0.568482 0.253307 0.083813 0.019987
2 0.651799 0.252065 0.070483 0.019789
3 0.808451 0.250357 0.222086 0.020798
3 0.644047 0.274060 0.158765 0.019855
0 0.727082 0.262196 0.407745 0.049798
1 0.559474 0.306576 0.062984 0.019677
2 0.643208 0.305329 0.092145 0.020111
3 0.810691 0.303459 0.222086 0.020798
3 0.740434 0.325760 0.348728 0.022684
3 0.740997 0.347006 0.348728 0.022684
3 0.741560 0.368252 0.348728 0.022684
3 0.742122 0.389497 0.348728 0.022684
3 0.742685 0.410743 0.348728 0.022684
3 0.664096 0.433168 0.190426 0.020326
0 0.729895 0.368425 0.410558 0.156027
1 0.563661 0.464670 0.062984 0.019677
2 0.631980 0.463652 0.061318 0.019652
3 0.799880 0.461777 0.253747 0.021269
3 0.744621 0.483854 0.348728 0.022684
3 0.745183 0.505100 0.348728 0.022684
3 0.745746 0.526345 0.348728 0.022684
3 0.751308 0.547517 0.358726 0.022833
3 0.683550 0.569780 0.222086 0.020798
0 0.733800 0.515896 0.409995 0.134781
1 0.567185 0.597769 0.062984 0.019677
2 0.637171 0.596726 0.064650 0.019702
3 0.803822 0.594869 0.247915 0.021182
3 0.748145 0.616953 0.348728 0.022684
3 0.748708 0.638198 0.348728 0.022684
3 0.590968 0.661802 0.032124 0.017968
0 0.736762 0.627749 0.408870 0.092289
1 0.579999 0.688221 0.083813 0.019987
2 0.664149 0.686967 0.072149 0.019814
3 0.821635 0.685247 0.222086 0.020798
3 0.734714 0.707796 0.317068 0.022212
0 0.738599 0.697111 0.407745 0.049798
1 0.570991 0.741490 0.062984 0.019677
2 0.644310 0.740398 0.071316 0.019801
3 0.814293 0.738491 0.247915 0.021182
3 0.756950 0.760600 0.358726 0.022833
3 0.752514 0.781920 0.348728 0.022684
3 0.697671 0.803991 0.237916 0.021033
0 0.740568 0.771471 0.408870 0.092289
1 0.563207 0.841001 0.042155 0.019367
2 0.622362 0.840120 0.063817 0.019689
0 0.742355 0.838958 0.407182 0.028552
1 0.584864 0.871935 0.083813 0.019987
2 0.671097 0.870650 0.076315 0.019876
3 0.830665 0.868898 0.222086 0.020798
3 0.700004 0.892099 0.237916 0.021033
0 0.743464 0.880824 0.407745 0.049798
