3 0.508348 0.031423 0.983305 0.045347
0 0.102693 0.076131 0.042330 0.019591
1 0.156423 0.077225 0.053159 0.019812
2 0.335918 0.081506 0.285528 0.023295
2 0.205613 0.100110 0.174736 0.021039
0 0.121755 0.125287 0.083981 0.020439
1 0.189646 0.126670 0.039831 0.019540
2 0.346649 0.130492 0.253873 0.022650
2 0.148453 0.147714 0.063943 0.018783
0 0.109442 0.177556 0.063156 0.020015
1 0.168170 0.178752 0.042330 0.019591
2 0.334336 0.182761 0.269701 0.022973
2 0.186122 0.201000 0.143081 0.020394
0 0.097106 0.230449 0.042330 0.019591
1 0.147504 0.231476 0.046495 0.019676
2 0.323667 0.235688 0.285528 0.023295
2 0.168372 0.253784 0.111426 0.019750
0 0.105529 0.285641 0.063156 0.020015
1 0.182584 0.287210 0.078983 0.020338
2 0.340420 0.291050 0.216387 0.021887
0 0.104511 0.313756 0.063156 0.020015
1 0.184065 0.315376 0.083981 0.020439
2 0.347316 0.319325 0.222218 0.022006
2 0.125795 0.336072 0.032288 0.018138
0 0.113182 0.362075 0.083981 0.020439
1 0.195235 0.363746 0.068154 0.020117
2 0.350572 0.367534 0.222218 0.022006
2 0.234845 0.386436 0.253873 0.022650
0 0.100847 0.414968 0.063156 0.020015
1 0.169155 0.416359 0.061489 0.019981
2 0.336987 0.420402 0.253873 0.022650
2 0.280405 0.440508 0.348838 0.024584
2 0.279636 0.461750 0.348838 0.024584
2 0.278867 0.482992 0.348838 0.024584
2 0.254357 0.503751 0.301356 0.023617
0 0.086204 0.531588 0.042330 0.019591
1 0.139102 0.532665 0.051493 0.019778
0 0.105944 0.562001 0.083981 0.020439
1 0.186331 0.563638 0.064822 0.020049
2 0.340002 0.567393 0.222218 0.022006
2 0.108901 0.583945 0.016461 0.017816
0 0.093767 0.610521 0.063156 0.020015
1 0.157077 0.611811 0.051493 0.019778
2 0.327825 0.615913 0.269701 0.022973
2 0.162533 0.633805 0.127253 0.020072
0 0.102258 0.663839 0.083981 0.020439
1 0.191391 0.665654 0.082315 0.020406
2 0.345895 0.669425 0.206391 0.021684
2 0.271403 0.689166 0.348838 0.024584
2 0.270634 0.710408 0.348838 0.024584
2 0.269865 0.731651 0.348838 0.024584
2 0.269096 0.752893 0.348838 0.024584
2 0.173362 0.772201 0.158908 0.020717
0 0.097123 0.805662 0.083981 0.020439
1 0.182925 0.807409 0.075651 0.020270
2 0.342010 0.811274 0.222218 0.022006
2 0.147563 0.828572 0.111426 0.019750
0 0.074307 0.860217 0.042330 0.019591
1 0.144698 0.861651 0.086480 0.020490
2 0.277543 0.864981 0.158908 0.020717
0 0.590013 0.086055 0.083981 0.020439
1 0.662070 0.087522 0.048161 0.019710
0 0.578583 0.113957 0.063156 0.020015
1 0.647724 0.115365 0.063156 0.020015
2 0.816389 0.119425 0.253873 0.022650
2 0.591953 0.136113 0.016461 0.017816
0 0.587164 0.164776 0.083981 0.020439
1 0.660470 0.166269 0.050660 0.019761
2 0.814974 0.170040 0.238046 0.022328
2 0.756309 0.190103 0.348838 0.024584
2 0.755540 0.211346 0.348838 0.024584
2 0.754771 0.232588 0.348838 0.024584
2 0.706520 0.252863 0.253873 0.022650
0 0.572453 0.283270 0.063156 0.020015
1 0.645760 0.284763 0.071486 0.020185
0 0.581599 0.318469 0.083981 0.020439
1 0.657821 0.320021 0.056491 0.019880
2 0.815241 0.323852 0.238046 0.022328
2 0.750745 0.343797 0.348838 0.024584
0 0.558919 0.369276 0.042330 0.019591
1 0.611816 0.370353 0.051493 0.019778
0 0.568088 0.403851 0.063156 0.020015
1 0.628899 0.405089 0.046495 0.019676
0 0.577415 0.434052 0.083981 0.020439
1 0.668632 0.435909 0.086480 0.020490
2 0.825218 0.439723 0.206391 0.021684
2 0.746561 0.459379 0.348838 0.024584
2 0.698309 0.479654 0.253873 0.022650
0 0.564266 0.509437 0.063156 0.020015
1 0.631324 0.510802 0.058990 0.019931
2 0.797907 0.514820 0.253873 0.022650
2 0.743824 0.534976 0.348838 0.024584
2 0.743055 0.556218 0.348838 0.024584
2 0.742286 0.577461 0.348838 0.024584
2 0.733603 0.598542 0.333011 0.024262
0 0.560172 0.622520 0.063156 0.020015
1 0.627647 0.623894 0.059823 0.019948
2 0.747163 0.626953 0.158908 0.020717
0 0.569363 0.656470 0.083981 0.020439
1 0.651416 0.658141 0.068154 0.020117
2 0.806753 0.661929 0.222218 0.022006
2 0.743507 0.681899 0.358835 0.024788
2 0.737740 0.703039 0.348838 0.024584
2 0.642006 0.722348 0.158908 0.020717
0 0.555399 0.754346 0.063156 0.020015
1 0.632454 0.755916 0.078983 0.020338
2 0.801119 0.759975 0.238046 0.022328
2 0.632079 0.777791 0.143081 0.020394
0 0.543222 0.802866 0.042330 0.019591
1 0.606949 0.804164 0.073152 0.020219
2 0.785610 0.808428 0.263870 0.022854
2 0.733194 0.828618 0.348838 0.024584
2 0.732425 0.849860 0.348838 0.024584
2 0.731655 0.871102 0.348838 0.024584
2 0.730886 0.892345 0.348838 0.024584
2 0.730117 0.913587 0.348838 0.024584
2 0.729348 0.934829 0.348838 0.024584
2 0.728579 0.956071 0.348838 0.024584
