1 0.207917 0.085938 0.087500 0.021875
0 0.266667 0.114062 0.400000 0.078125
1 0.202500 0.174063 0.076667 0.021875
0 0.266667 0.220938 0.400000 0.115625
1 0.168333 0.297187 0.055000 0.021875
0 0.266667 0.297187 0.400000 0.021875
1 0.147500 0.331562 0.060000 0.021875
0 0.266667 0.331562 0.400000 0.021875
1 0.195000 0.362812 0.155000 0.021875
0 0.266667 0.419063 0.400000 0.134375
1 0.213333 0.507188 0.145000 0.021875
0 0.266667 0.516563 0.400000 0.040625
1 0.219583 0.555937 0.157500 0.021875
0 0.266667 0.565312 0.400000 0.040625
1 0.224583 0.602812 0.120833 0.021875
0 0.266667 0.630938 0.400000 0.078125
1 0.157917 0.692187 0.080833 0.021875
0 0.266667 0.692187 0.400000 0.021875
1 0.169167 0.725313 0.103333 0.021875
0 0.266667 0.725313 0.400000 0.021875
1 0.235417 0.755938 0.142500 0.021875
0 0.266667 0.784062 0.400000 0.078125
1 0.197917 0.841562 0.067500 0.021875
0 0.266667 0.850938 0.400000 0.040625
1 0.150417 0.892813 0.065833 0.021875
0 0.266667 0.920937 0.400000 0.078125
1 0.685833 0.085938 0.110000 0.021875
0 0.733333 0.095312 0.400000 0.040625
1 0.634167 0.132812 0.100000 0.021875
0 0.733333 0.132812 0.400000 0.021875
1 0.658333 0.161562 0.101667 0.021875
0 0.733333 0.170937 0.400000 0.040625
1 0.699583 0.211562 0.137500 0.021875
0 0.733333 0.220938 0.400000 0.040625
1 0.675833 0.262813 0.136667 0.021875
0 0.733333 0.262813 0.400000 0.021875
1 0.645417 0.294687 0.075833 0.021875
0 0.733333 0.294687 0.400000 0.021875
1 0.653750 0.325937 0.092500 0.021875
0 0.733333 0.325937 0.400000 0.021875
1 0.677500 0.354063 0.140000 0.021875
0 0.733333 0.363438 0.400000 0.040625
1 0.675833 0.404062 0.136667 0.021875
0 0.733333 0.413438 0.400000 0.040625
1 0.685417 0.456562 0.109167 0.021875
0 0.733333 0.456562 0.400000 0.021875
1 0.667500 0.489063 0.073333 0.021875
0 0.733333 0.526563 0.400000 0.096875
1 0.684167 0.594688 0.106667 0.021875
0 0.733333 0.613437 0.400000 0.059375
1 0.641250 0.666562 0.067500 0.021875
0 0.733333 0.666562 0.400000 0.021875
1 0.673750 0.694688 0.085833 0.021875
0 0.733333 0.704063 0.400000 0.040625
1 0.658750 0.744687 0.055833 0.021875
0 0.733333 0.800937 0.400000 0.134375
1 0.687083 0.889687 0.112500 0.021875
0 0.733333 0.889687 0.400000 0.021875
