0 0.097820 0.078724 0.042122 0.019325
1 0.158643 0.079568 0.067118 0.019672
0 0.097080 0.108719 0.042122 0.019325
1 0.163735 0.109644 0.078782 0.019833
0 0.117093 0.142128 0.083781 0.019903
1 0.201245 0.143295 0.072117 0.019741
2 0.358703 0.146105 0.222060 0.020572
2 0.286524 0.166357 0.348705 0.022329
2 0.286000 0.187603 0.348705 0.022329
2 0.285476 0.208850 0.348705 0.022329
2 0.284952 0.230096 0.348705 0.022329
2 0.284428 0.251342 0.348705 0.022329
2 0.157259 0.270832 0.095415 0.018815
0 0.113116 0.303350 0.083781 0.019903
1 0.203101 0.304598 0.083781 0.019903
2 0.358476 0.307379 0.206230 0.020352
2 0.282548 0.327579 0.348705 0.022329
2 0.282024 0.348826 0.348705 0.022329
2 0.286499 0.370141 0.358704 0.022467
2 0.280976 0.391318 0.348705 0.022329
2 0.280452 0.412565 0.348705 0.022329
2 0.161198 0.432164 0.111246 0.019034
0 0.109233 0.460823 0.083781 0.019903
1 0.176721 0.461759 0.038789 0.019279
2 0.333345 0.464557 0.253722 0.021011
2 0.120358 0.482856 0.032093 0.017936
0 0.097492 0.514419 0.062952 0.019614
1 0.164148 0.515344 0.057953 0.019544
2 0.330354 0.518275 0.253722 0.021011
2 0.126948 0.536707 0.047923 0.018156
0 0.106720 0.562681 0.083781 0.019903
1 0.184207 0.563756 0.058786 0.019556
2 0.342915 0.566582 0.237891 0.020791
2 0.149507 0.585153 0.095415 0.018815
0 0.095119 0.610653 0.062952 0.019614
1 0.160108 0.611554 0.054620 0.019498
0 0.084057 0.636754 0.042122 0.019325
1 0.155294 0.637742 0.087947 0.019960
2 0.333582 0.640841 0.247889 0.020930
2 0.163503 0.659735 0.127077 0.019254
0 0.093084 0.693139 0.062952 0.019614
1 0.171404 0.694225 0.081282 0.019868
2 0.341360 0.697208 0.237891 0.020791
2 0.185862 0.716305 0.174568 0.019913
0 0.102235 0.744524 0.083781 0.019903
1 0.187638 0.745709 0.074616 0.019776
2 0.346345 0.748536 0.222060 0.020572
2 0.160853 0.767216 0.127077 0.019254
0 0.101018 0.793891 0.083781 0.019903
1 0.175588 0.794926 0.052953 0.019475
2 0.331380 0.797712 0.237891 0.020791
2 0.270449 0.818120 0.348705 0.022329
2 0.269925 0.839367 0.348705 0.022329
2 0.269401 0.860613 0.348705 0.022329
2 0.273877 0.881929 0.358704 0.022467
2 0.268353 0.903106 0.348705 0.022329
2 0.125354 0.922376 0.063754 0.018375
0 0.574821 0.085342 0.062952 0.019614
1 0.646892 0.086342 0.068784 0.019695
2 0.810599 0.089238 0.237891 0.020791
2 0.699261 0.108947 0.237891 0.020791
0 0.563235 0.132689 0.042122 0.019325
1 0.632390 0.133649 0.083781 0.019903
2 0.811511 0.136759 0.253722 0.021011
2 0.753496 0.157208 0.348705 0.022329
2 0.752972 0.178454 0.348705 0.022329
2 0.752448 0.199700 0.348705 0.022329
2 0.688602 0.220068 0.222060 0.020572
0 0.560307 0.251419 0.042122 0.019325
1 0.620297 0.252251 0.065451 0.019648
2 0.798167 0.255344 0.269552 0.021231
2 0.750568 0.275937 0.348705 0.022329
2 0.755043 0.297253 0.358704 0.022467
2 0.749520 0.318430 0.348705 0.022329
2 0.748996 0.339676 0.348705 0.022329
2 0.748472 0.360923 0.348705 0.022329
2 0.747948 0.382169 0.348705 0.022329
2 0.747424 0.403415 0.348705 0.022329
2 0.580678 0.422356 0.016262 0.017717
0 0.555467 0.447635 0.042122 0.019325
1 0.608375 0.448369 0.051287 0.019452
2 0.787079 0.451474 0.285383 0.021450
2 0.587422 0.469957 0.032093 0.017936
0 0.554080 0.503876 0.042122 0.019325
1 0.610321 0.504656 0.057953 0.019544
2 0.760696 0.507367 0.222060 0.020572
0 0.563771 0.533390 0.062952 0.019614
1 0.633759 0.534361 0.064618 0.019637
2 0.803298 0.537338 0.253722 0.021011
0 0.573492 0.561655 0.083781 0.019903
1 0.652229 0.562747 0.061285 0.019591
2 0.812186 0.565592 0.237891 0.020791
2 0.742924 0.585884 0.348705 0.022329
2 0.742400 0.607131 0.348705 0.022329
2 0.615231 0.626620 0.095415 0.018815
0 0.571134 0.657264 0.083781 0.019903
1 0.643622 0.658269 0.048787 0.019417
2 0.797330 0.661027 0.237891 0.020791
2 0.645582 0.680175 0.158738 0.019693
0 0.548994 0.710091 0.042122 0.019325
1 0.596903 0.710755 0.041289 0.019313
2 0.715200 0.713021 0.174568 0.019913
0 0.558731 0.737730 0.062952 0.019614
1 0.631635 0.738742 0.070450 0.019718
2 0.796175 0.741650 0.237891 0.020791
2 0.675255 0.761226 0.222060 0.020572
0 0.546991 0.791327 0.042122 0.019325
1 0.607397 0.792165 0.066284 0.019660
2 0.785685 0.795263 0.269552 0.021231
2 0.705591 0.815406 0.285383 0.021450
0 0.556157 0.842087 0.062952 0.019614
1 0.635727 0.843191 0.083781 0.019903
2 0.767356 0.845643 0.158738 0.019693
0 0.545033 0.870688 0.042122 0.019325
1 0.600441 0.871457 0.056286 0.019521
