3 0.509505 0.032724 0.980990 0.048194
0 0.115256 0.075243 0.063244 0.020191
1 0.186888 0.076906 0.068241 0.020307
2 0.350118 0.081321 0.238108 0.023003
2 0.294684 0.101295 0.348889 0.025575
2 0.293807 0.122534 0.348889 0.025575
2 0.134673 0.140100 0.032373 0.018226
0 0.111388 0.168948 0.063244 0.020191
1 0.170110 0.170312 0.042420 0.019708
2 0.304603 0.174060 0.206457 0.022268
0 0.120614 0.197926 0.084067 0.020675
1 0.197660 0.199715 0.058246 0.020075
2 0.355892 0.204014 0.238108 0.023003
0 0.098579 0.226804 0.042420 0.019708
1 0.160216 0.228235 0.069074 0.020327
2 0.315949 0.232476 0.222282 0.022636
0 0.107753 0.257031 0.063244 0.020191
1 0.169390 0.258462 0.048251 0.019843
2 0.338450 0.263013 0.269760 0.023738
2 0.287180 0.283082 0.348889 0.025575
2 0.270478 0.303955 0.317237 0.024840
0 0.115044 0.332862 0.084067 0.020675
1 0.191674 0.334641 0.057413 0.020056
2 0.349490 0.338930 0.238108 0.023003
2 0.197019 0.356650 0.174805 0.021533
0 0.091875 0.389226 0.042420 0.019708
1 0.164340 0.390908 0.090730 0.020830
2 0.338814 0.395585 0.238108 0.023003
2 0.234237 0.414417 0.253934 0.023370
0 0.100198 0.440069 0.063244 0.020191
1 0.164750 0.441567 0.054081 0.019979
2 0.328812 0.446002 0.253934 0.023370
2 0.279626 0.466120 0.348889 0.025575
2 0.278749 0.487360 0.348889 0.025575
2 0.277872 0.508599 0.348889 0.025575
2 0.276996 0.529839 0.348889 0.025575
0 0.095273 0.559386 0.063244 0.020191
1 0.182731 0.561417 0.099893 0.021042
2 0.314309 0.565097 0.143154 0.020798
0 0.093803 0.594994 0.063244 0.020191
1 0.155440 0.596425 0.048251 0.019843
2 0.324500 0.600976 0.269760 0.023738
2 0.273231 0.621046 0.348889 0.025575
2 0.272354 0.642285 0.348889 0.025575
2 0.263565 0.663342 0.333063 0.025208
0 0.079653 0.685334 0.042420 0.019708
1 0.138375 0.686698 0.063244 0.020191
2 0.314931 0.691422 0.269760 0.023738
2 0.269492 0.711627 0.348889 0.025575
2 0.229051 0.731948 0.269760 0.023738
0 0.076791 0.754676 0.042420 0.019708
1 0.134263 0.756010 0.060745 0.020133
2 0.285831 0.760155 0.222282 0.022636
0 0.086119 0.781155 0.063244 0.020191
1 0.152338 0.782693 0.057413 0.020056
2 0.318066 0.787166 0.253934 0.023370
2 0.265547 0.807206 0.348889 0.025575
2 0.264671 0.828446 0.348889 0.025575
2 0.263794 0.849686 0.348889 0.025575
2 0.247092 0.870558 0.317237 0.024840
0 0.592111 0.086314 0.084067 0.020675
1 0.685816 0.088490 0.091563 0.020849
0 0.580590 0.112935 0.063244 0.020191
1 0.655138 0.114666 0.074072 0.020443
2 0.805457 0.118781 0.206457 0.022268
0 0.589558 0.148160 0.084067 0.020675
1 0.664939 0.149910 0.054914 0.019998
2 0.781940 0.153252 0.158979 0.021166
0 0.567497 0.177662 0.042420 0.019708
1 0.638296 0.179306 0.087399 0.020752
2 0.813187 0.183991 0.242273 0.023100
2 0.654469 0.201567 0.143154 0.020798
0 0.586335 0.226247 0.084067 0.020675
1 0.655885 0.227862 0.043253 0.019727
2 0.814533 0.232171 0.253934 0.023370
2 0.755351 0.252057 0.348889 0.025575
2 0.754474 0.273297 0.348889 0.025575
2 0.753598 0.294537 0.348889 0.025575
2 0.752721 0.315776 0.348889 0.025575
2 0.751844 0.337016 0.348889 0.025575
2 0.600623 0.354766 0.048199 0.018594
0 0.558782 0.388811 0.042420 0.019708
1 0.629998 0.390464 0.088232 0.020772
2 0.811135 0.395295 0.253934 0.023370
2 0.748621 0.415104 0.348889 0.025575
2 0.747745 0.436344 0.348889 0.025575
2 0.580698 0.453726 0.016548 0.017859
0 0.554888 0.483141 0.042420 0.019708
1 0.621523 0.484688 0.079069 0.020559
0 0.553599 0.514376 0.042420 0.019708
1 0.619401 0.515903 0.077403 0.020520
2 0.795124 0.520609 0.253934 0.023370
2 0.640571 0.538280 0.143154 0.020798
0 0.572308 0.566085 0.084067 0.020675
1 0.652686 0.567951 0.064909 0.020230
2 0.806337 0.572143 0.222282 0.022636
2 0.709673 0.591159 0.285586 0.024105
0 0.559808 0.616444 0.063244 0.020191
1 0.627692 0.618020 0.060745 0.020133
2 0.795086 0.622531 0.253934 0.023370
2 0.739236 0.642495 0.348889 0.025575
2 0.738359 0.663735 0.348889 0.025575
2 0.737483 0.684975 0.348889 0.025575
2 0.736606 0.706214 0.348889 0.025575
2 0.740727 0.727570 0.358884 0.025807
2 0.734853 0.748694 0.348889 0.025575
2 0.733976 0.769934 0.348889 0.025575
2 0.738097 0.791290 0.358884 0.025807
2 0.589791 0.809107 0.064025 0.018961
0 0.550680 0.837588 0.063244 0.020191
1 0.625644 0.839328 0.074905 0.020462
2 0.792206 0.843821 0.238108 0.023003
2 0.650979 0.861802 0.190631 0.021901
0 0.558900 0.890929 0.084067 0.020675
1 0.645109 0.892931 0.076571 0.020501
2 0.804590 0.897259 0.222282 0.022636
2 0.569659 0.913064 0.032373 0.018226
