1 0.192500 0.085938 0.056667 0.021875
0 0.266667 0.085938 0.400000 0.021875
1 0.172083 0.120313 0.062500 0.021875
0 0.266667 0.167187 0.400000 0.115625
1 0.191250 0.248438 0.147500 0.021875
0 0.266667 0.276562 0.400000 0.078125
1 0.193333 0.337813 0.058333 0.021875
0 0.266667 0.365938 0.400000 0.078125
1 0.156667 0.426563 0.078333 0.021875
0 0.266667 0.435937 0.400000 0.040625
1 0.186667 0.477187 0.091667 0.021875
0 0.266667 0.505313 0.400000 0.078125
1 0.178333 0.565312 0.121667 0.021875
0 0.266667 0.602812 0.400000 0.096875
1 0.195833 0.673438 0.110000 0.021875
0 0.266667 0.673438 0.400000 0.021875
1 0.192083 0.706562 0.055833 0.021875
0 0.266667 0.706562 0.400000 0.021875
1 0.173333 0.735938 0.065000 0.021875
0 0.266667 0.745313 0.400000 0.040625
1 0.196250 0.788438 0.064167 0.021875
0 0.266667 0.797813 0.400000 0.040625
1 0.175000 0.838437 0.115000 0.021875
0 0.266667 0.838437 0.400000 0.021875
1 0.220833 0.868437 0.113333 0.021875
0 0.266667 0.924687 0.400000 0.134375
1 0.693750 0.085938 0.125833 0.021875
0 0.733333 0.085938 0.400000 0.021875
1 0.694167 0.115312 0.126667 0.021875
0 0.733333 0.115312 0.400000 0.021875
1 0.650000 0.146563 0.131667 0.021875
0 0.733333 0.146563 0.400000 0.021875
1 0.636250 0.177187 0.104167 0.021875
0 0.733333 0.186562 0.400000 0.040625
1 0.632500 0.229063 0.096667 0.021875
0 0.733333 0.266562 0.400000 0.096875
1 0.661250 0.337813 0.107500 0.021875
0 0.733333 0.337813 0.400000 0.021875
1 0.632917 0.372188 0.097500 0.021875
0 0.733333 0.409687 0.400000 0.096875
1 0.656250 0.475313 0.144167 0.021875
0 0.733333 0.484687 0.400000 0.040625
1 0.657083 0.525312 0.145833 0.021875
0 0.733333 0.534687 0.400000 0.040625
1 0.680833 0.578438 0.100000 0.021875
0 0.733333 0.578438 0.400000 0.021875
1 0.661250 0.610313 0.060833 0.021875
0 0.733333 0.610313 0.400000 0.021875
1 0.642083 0.642188 0.115833 0.021875
0 0.733333 0.651563 0.400000 0.040625
1 0.656667 0.690312 0.051667 0.021875
0 0.733333 0.699688 0.400000 0.040625
1 0.693750 0.737187 0.125833 0.021875
0 0.733333 0.746563 0.400000 0.040625
1 0.619167 0.787188 0.070000 0.021875
0 0.733333 0.787188 0.400000 0.021875
1 0.702083 0.817813 0.142500 0.021875
0 0.733333 0.864688 0.400000 0.115625
