3 0.498059 0.036885 0.996118 0.029833
0 0.083937 0.086377 0.041827 0.018951
1 0.142686 0.086093 0.062660 0.019052
2 0.319355 0.085865 0.269311 0.018801
2 0.274955 0.107330 0.348476 0.019183
2 0.275137 0.128579 0.348476 0.019183
2 0.275320 0.149829 0.348476 0.019183
2 0.275502 0.171078 0.348476 0.019183
2 0.212353 0.192634 0.221812 0.018571
0 0.095519 0.221949 0.062660 0.019052
1 0.170518 0.221587 0.074326 0.019108
2 0.334270 0.221420 0.231812 0.018619
2 0.141539 0.243602 0.079315 0.017882
0 0.106408 0.276898 0.083493 0.019152
1 0.196406 0.276463 0.083493 0.019152
2 0.296410 0.276604 0.095148 0.017959
0 0.096271 0.309447 0.062660 0.019052
1 0.170853 0.309087 0.073493 0.019104
2 0.337105 0.308908 0.237645 0.018648
2 0.276872 0.330450 0.348476 0.019183
2 0.277054 0.351699 0.348476 0.019183
2 0.277237 0.372949 0.348476 0.019183
2 0.277420 0.394199 0.348476 0.019183
2 0.277602 0.415448 0.348476 0.019183
2 0.190703 0.437119 0.174313 0.018341
0 0.087208 0.466994 0.041827 0.018951
1 0.157623 0.466654 0.085993 0.019164
2 0.338041 0.466407 0.253478 0.018724
2 0.135728 0.488635 0.063482 0.017806
0 0.103914 0.520040 0.074326 0.019108
1 0.173913 0.519701 0.052660 0.019003
0 0.098317 0.547567 0.062660 0.019052
1 0.159982 0.547269 0.047660 0.018979
2 0.329151 0.547077 0.269311 0.018801
2 0.278918 0.568570 0.348476 0.019183
2 0.279101 0.589820 0.348476 0.019183
2 0.279283 0.611069 0.348476 0.019183
2 0.279466 0.632319 0.348476 0.019183
2 0.279648 0.653568 0.348476 0.019183
2 0.279831 0.674818 0.348476 0.019183
2 0.177099 0.696565 0.142647 0.018188
0 0.110243 0.723138 0.083493 0.019152
1 0.198574 0.722711 0.080159 0.019136
2 0.352326 0.722593 0.205979 0.018494
2 0.256677 0.744306 0.300977 0.018954
0 0.100277 0.775688 0.062660 0.019052
1 0.172359 0.775339 0.068493 0.019080
2 0.301528 0.775340 0.168480 0.018313
0 0.090151 0.809487 0.041827 0.018951
1 0.146816 0.809213 0.058493 0.019032
2 0.321401 0.808995 0.269311 0.018801
2 0.281168 0.830440 0.348476 0.019183
2 0.286351 0.851665 0.358476 0.019232
2 0.281533 0.872939 0.348476 0.019183
2 0.131302 0.894915 0.047649 0.017729
0 0.550594 0.084122 0.041827 0.018951
1 0.609343 0.083838 0.062660 0.019052
2 0.714763 0.083953 0.126814 0.018112
0 0.561285 0.115946 0.062660 0.019052
1 0.632533 0.115601 0.066826 0.019072
2 0.803368 0.115401 0.253478 0.018724
2 0.583555 0.137714 0.031816 0.017653
0 0.551330 0.169745 0.041827 0.018951
1 0.619245 0.169417 0.080993 0.019140
2 0.797164 0.169182 0.253478 0.018724
2 0.742347 0.190697 0.348476 0.019183
2 0.742530 0.211947 0.348476 0.019183
2 0.639798 0.233694 0.142647 0.018188
0 0.552109 0.260368 0.041827 0.018951
1 0.602941 0.260122 0.046827 0.018975
2 0.776693 0.259908 0.279311 0.018849
2 0.743126 0.281320 0.348476 0.019183
2 0.743309 0.302570 0.348476 0.019183
2 0.743491 0.323819 0.348476 0.019183
2 0.743674 0.345069 0.348476 0.019183
2 0.748856 0.366294 0.358476 0.019232
2 0.744039 0.387568 0.348476 0.019183
2 0.736305 0.408856 0.332643 0.019107
0 0.574456 0.436514 0.083493 0.019152
1 0.646538 0.436165 0.047660 0.018979
2 0.799873 0.436049 0.237645 0.018648
2 0.625893 0.458141 0.110981 0.018035
0 0.554069 0.488488 0.041827 0.018951
1 0.603651 0.488249 0.044327 0.018963
0 0.564775 0.522187 0.062660 0.019052
1 0.641024 0.521819 0.076826 0.019120
2 0.808942 0.521632 0.237645 0.018648
2 0.618712 0.543802 0.095148 0.017959
0 0.565210 0.572811 0.062660 0.019052
1 0.623959 0.572527 0.041827 0.018951
2 0.790211 0.572349 0.269311 0.018801
2 0.745811 0.593814 0.348476 0.019183
2 0.745994 0.615063 0.348476 0.019183
2 0.746176 0.636313 0.348476 0.019183
2 0.746359 0.657563 0.348476 0.019183
2 0.627794 0.679386 0.110981 0.018035
0 0.566403 0.711558 0.062660 0.019052
1 0.640151 0.711202 0.071826 0.019096
2 0.805570 0.711027 0.237645 0.018648
2 0.752003 0.732537 0.358476 0.019232
2 0.747186 0.753811 0.348476 0.019183
2 0.747369 0.775060 0.348476 0.019183
2 0.747551 0.796310 0.348476 0.019183
2 0.676485 0.817904 0.205979 0.018494
0 0.557189 0.851606 0.041827 0.018951
1 0.610521 0.851348 0.051827 0.018999
2 0.726358 0.851413 0.158480 0.018265
0 0.567885 0.884055 0.062660 0.019052
1 0.648300 0.883666 0.085159 0.019160
2 0.812468 0.883498 0.221812 0.018571
2 0.590156 0.905823 0.031816 0.017653
