3 0.493283 0.032613 0.986566 0.041453
0 0.075438 0.091264 0.042205 0.019431
1 0.124593 0.090455 0.043872 0.019459
2 0.267910 0.088721 0.222125 0.021144
0 0.076261 0.119383 0.042205 0.019431
1 0.126666 0.118553 0.046371 0.019500
2 0.299975 0.116325 0.279611 0.022091
0 0.097931 0.147783 0.083862 0.020117
1 0.189992 0.146267 0.088028 0.020186
2 0.304982 0.144999 0.121316 0.019485
0 0.073416 0.178819 0.033041 0.019280
1 0.118405 0.178078 0.044705 0.019472
2 0.262139 0.176337 0.222125 0.021144
0 0.099796 0.211517 0.083862 0.020117
1 0.188941 0.210050 0.082196 0.020090
2 0.343506 0.208130 0.206296 0.020884
0 0.090406 0.246680 0.063034 0.019774
1 0.159556 0.245542 0.063034 0.019774
2 0.328284 0.243389 0.253784 0.021665
2 0.271419 0.265581 0.348761 0.023229
2 0.272041 0.286826 0.348761 0.023229
2 0.272663 0.308070 0.348761 0.023229
2 0.273284 0.329315 0.348761 0.023229
2 0.273906 0.350560 0.348761 0.023229
0 0.104752 0.380852 0.083862 0.020117
1 0.188898 0.379466 0.072198 0.019925
2 0.346379 0.377499 0.222125 0.021144
2 0.232861 0.400623 0.263782 0.021830
0 0.095746 0.429136 0.063034 0.019774
1 0.162813 0.428032 0.058868 0.019706
2 0.329458 0.425914 0.253784 0.021665
2 0.281758 0.447954 0.358759 0.023394
2 0.277381 0.469282 0.348761 0.023229
2 0.278003 0.490527 0.348761 0.023229
2 0.112414 0.514508 0.016342 0.017756
0 0.088770 0.546780 0.042205 0.019431
1 0.149172 0.545785 0.066366 0.019829
2 0.327481 0.543475 0.269614 0.021926
2 0.224794 0.566421 0.237955 0.021405
0 0.090251 0.597392 0.042205 0.019431
1 0.149820 0.596412 0.064700 0.019802
0 0.112103 0.632041 0.083862 0.020117
1 0.202915 0.630546 0.085528 0.020144
2 0.359146 0.628599 0.206296 0.020884
2 0.287701 0.651031 0.358759 0.023394
2 0.283324 0.672358 0.348761 0.023229
2 0.133566 0.696078 0.048001 0.018278
0 0.093909 0.722362 0.042205 0.019431
1 0.158476 0.721299 0.074697 0.019966
2 0.333036 0.719051 0.253784 0.021665
2 0.285336 0.741091 0.348761 0.023229
2 0.290957 0.762254 0.358759 0.023394
2 0.286580 0.783581 0.348761 0.023229
2 0.287201 0.804826 0.348761 0.023229
2 0.153272 0.828286 0.079660 0.018799
0 0.108419 0.862157 0.063034 0.019774
1 0.166738 0.861197 0.041372 0.019418
2 0.332550 0.859093 0.269614 0.021926
2 0.289432 0.881057 0.348761 0.023229
2 0.290054 0.902302 0.348761 0.023229
2 0.295675 0.923465 0.358759 0.023394
2 0.212150 0.946095 0.190466 0.020623
0 0.562821 0.083241 0.083862 0.020117
1 0.638636 0.081993 0.055535 0.019651
2 0.795700 0.080032 0.237955 0.021405
2 0.583039 0.104788 0.048001 0.018278
0 0.564229 0.131354 0.083862 0.020117
1 0.654207 0.129873 0.083862 0.020117
2 0.809605 0.127940 0.206296 0.020884
2 0.687339 0.151208 0.253784 0.021665
0 0.544882 0.182310 0.042205 0.019431
1 0.593620 0.181507 0.043038 0.019445
2 0.773178 0.179177 0.295441 0.022351
0 0.556082 0.209007 0.063034 0.019774
1 0.613985 0.208054 0.040539 0.019404
2 0.779380 0.205956 0.269614 0.021926
2 0.737096 0.227907 0.348761 0.023229
2 0.650655 0.250585 0.174637 0.020362
0 0.547790 0.281661 0.042205 0.019431
1 0.624021 0.280406 0.098025 0.020350
0 0.559008 0.308983 0.063034 0.019774
1 0.622743 0.307934 0.052203 0.019596
2 0.786055 0.305870 0.253784 0.021665
2 0.645045 0.329447 0.158807 0.020102
0 0.550039 0.358517 0.042205 0.019431
1 0.602526 0.357653 0.050537 0.019568
2 0.780835 0.355343 0.285443 0.022187
2 0.746465 0.377164 0.358759 0.023394
2 0.583793 0.401097 0.032171 0.018017
0 0.562648 0.433328 0.063034 0.019774
1 0.631381 0.432196 0.062200 0.019760
2 0.799692 0.430051 0.253784 0.021665
2 0.743661 0.452228 0.348761 0.023229
2 0.744283 0.473473 0.348761 0.023229
2 0.744904 0.494718 0.348761 0.023229
2 0.750525 0.515880 0.358759 0.023394
2 0.746148 0.537208 0.348761 0.023229
2 0.667622 0.559756 0.190466 0.020623
0 0.577707 0.591868 0.083862 0.020117
1 0.656854 0.590565 0.062200 0.019760
2 0.817251 0.588550 0.237955 0.021405
2 0.748306 0.610940 0.348761 0.023229
2 0.748928 0.632185 0.348761 0.023229
2 0.749549 0.653430 0.348761 0.023229
2 0.631450 0.676629 0.111319 0.019320
0 0.570603 0.705137 0.063034 0.019774
1 0.648084 0.703862 0.079696 0.020048
0 0.571371 0.731381 0.063034 0.019774
1 0.643437 0.730195 0.068866 0.019870
2 0.807166 0.728124 0.237955 0.021405
2 0.752384 0.750281 0.348761 0.023229
2 0.753006 0.771526 0.348761 0.023229
2 0.753628 0.792771 0.348761 0.023229
2 0.754249 0.814016 0.348761 0.023229
2 0.754871 0.835261 0.348761 0.023229
2 0.644686 0.858330 0.127148 0.019581
0 0.586302 0.885547 0.083862 0.020117
1 0.675864 0.884073 0.083029 0.020103
2 0.830845 0.882147 0.206296 0.020884
2 0.756901 0.904619 0.348761 0.023229
2 0.757523 0.925864 0.348761 0.023229
2 0.758145 0.947109 0.348761 0.023229
2 0.758766 0.968354 0.348761 0.023229
2 0.764387 0.988910 0.358759 0.022180
