3 0.497460 0.037516 0.994920 0.031327
0 0.082839 0.087000 0.041876 0.019013
1 0.138670 0.086647 0.056876 0.019108
2 0.312421 0.086172 0.269354 0.019203
2 0.278912 0.107635 0.358517 0.019767
2 0.274151 0.128916 0.348518 0.019704
2 0.274390 0.150165 0.348518 0.019704
2 0.274629 0.171414 0.348518 0.019704
2 0.132373 0.193565 0.063528 0.017900
0 0.084351 0.221370 0.041876 0.019013
1 0.156432 0.220914 0.089374 0.019314
2 0.330599 0.220437 0.237688 0.019002
2 0.156678 0.242788 0.111026 0.018201
0 0.084955 0.275118 0.041876 0.019013
1 0.137454 0.274786 0.050209 0.019066
2 0.315788 0.274283 0.285187 0.019303
2 0.157282 0.296536 0.111026 0.018201
0 0.095997 0.330675 0.062709 0.019145
1 0.158079 0.330283 0.048543 0.019055
2 0.272248 0.330185 0.158525 0.018501
0 0.085884 0.357615 0.041876 0.019013
1 0.135465 0.357302 0.044376 0.019029
2 0.247551 0.357217 0.158525 0.018501
0 0.086221 0.387614 0.041876 0.019013
1 0.159552 0.387150 0.091874 0.019329
2 0.334969 0.386665 0.237688 0.019002
2 0.182297 0.408882 0.158525 0.018501
0 0.097200 0.437547 0.062709 0.019145
1 0.169281 0.437090 0.068542 0.019182
2 0.333032 0.436679 0.237688 0.019002
2 0.277856 0.458279 0.348518 0.019704
2 0.278095 0.479528 0.348518 0.019704
2 0.278334 0.500778 0.348518 0.019704
2 0.270657 0.522077 0.332685 0.019603
0 0.098529 0.555667 0.062709 0.019145
1 0.173526 0.555193 0.074375 0.019219
2 0.316445 0.554913 0.190190 0.018702
0 0.109254 0.583101 0.083541 0.019277
1 0.188001 0.582602 0.061042 0.019134
0 0.088780 0.615106 0.041876 0.019013
1 0.150028 0.614719 0.067709 0.019176
2 0.297530 0.614410 0.206023 0.018802
0 0.099548 0.646289 0.062709 0.019145
1 0.173712 0.645820 0.072708 0.019208
2 0.339547 0.645395 0.237688 0.019002
2 0.280204 0.667022 0.348518 0.019704
2 0.280443 0.688271 0.348518 0.019704
2 0.280683 0.709520 0.348518 0.019704
2 0.280922 0.730769 0.348518 0.019704
2 0.217830 0.752420 0.221856 0.018902
0 0.101081 0.782534 0.062709 0.019145
1 0.183995 0.782010 0.090208 0.019319
2 0.350662 0.781580 0.221856 0.018902
2 0.281737 0.803267 0.348518 0.019704
2 0.281976 0.824516 0.348518 0.019704
2 0.234717 0.846066 0.253521 0.019102
0 0.112594 0.879965 0.083541 0.019277
1 0.190508 0.879472 0.059375 0.019124
2 0.349676 0.879090 0.237688 0.019002
2 0.179921 0.901415 0.142692 0.018401
0 0.549489 0.084047 0.041876 0.019013
1 0.616153 0.083625 0.078541 0.019245
2 0.792821 0.083132 0.253521 0.019102
2 0.700980 0.104964 0.269354 0.019203
0 0.560489 0.135854 0.062709 0.019145
1 0.648819 0.135295 0.101041 0.019387
2 0.812987 0.134881 0.206023 0.018802
2 0.574901 0.157639 0.016030 0.017600
0 0.561080 0.188352 0.062709 0.019145
1 0.643160 0.187833 0.088541 0.019308
0 0.561396 0.216476 0.062709 0.019145
1 0.638060 0.215991 0.077708 0.019240
2 0.774729 0.215751 0.174357 0.018601
0 0.561712 0.244600 0.062709 0.019145
1 0.641710 0.244094 0.084375 0.019282
2 0.805461 0.243683 0.221856 0.018902
2 0.663205 0.265834 0.190190 0.018702
0 0.562338 0.300223 0.062709 0.019145
1 0.637752 0.299746 0.075208 0.019224
2 0.801920 0.299332 0.231855 0.018965
2 0.747994 0.320924 0.358517 0.019767
2 0.743234 0.342205 0.348518 0.019704
2 0.656392 0.364006 0.174357 0.018601
0 0.553026 0.398411 0.041876 0.019013
1 0.619273 0.397992 0.077708 0.019240
0 0.553349 0.427160 0.041876 0.019013
1 0.601681 0.426854 0.041876 0.019013
2 0.775848 0.426377 0.285187 0.019303
2 0.665258 0.448327 0.190190 0.018702
0 0.574815 0.483276 0.083541 0.019277
1 0.660645 0.482733 0.075208 0.019224
2 0.819813 0.482351 0.221856 0.018902
2 0.583810 0.505095 0.026029 0.017663
0 0.554544 0.533406 0.041876 0.019013
1 0.607459 0.533071 0.051042 0.019071
2 0.786210 0.532565 0.285187 0.019303
2 0.579373 0.555125 0.016030 0.017600
0 0.565565 0.587088 0.062709 0.019145
1 0.643896 0.586593 0.081041 0.019261
2 0.805980 0.586192 0.221856 0.018902
0 0.555451 0.614028 0.041876 0.019013
1 0.622116 0.613606 0.078541 0.019245
2 0.798783 0.613113 0.253521 0.019102
2 0.746524 0.634695 0.348518 0.019704
2 0.746763 0.655944 0.348518 0.019704
2 0.659922 0.677744 0.174357 0.018601
0 0.562325 0.706488 0.053542 0.019087
1 0.633989 0.706034 0.076875 0.019234
0 0.577662 0.736392 0.083541 0.019277
1 0.660992 0.735865 0.070208 0.019192
2 0.817661 0.735498 0.221856 0.018902
2 0.747902 0.757190 0.348518 0.019704
2 0.597730 0.779392 0.047695 0.017800
0 0.553090 0.811550 0.032710 0.018955
1 0.605588 0.811218 0.059375 0.019124
2 0.785589 0.810704 0.279354 0.019266
2 0.701247 0.832488 0.253521 0.019102
0 0.579054 0.860138 0.083541 0.019277
1 0.666968 0.859581 0.079375 0.019250
2 0.820303 0.859236 0.206023 0.018802
2 0.670130 0.881437 0.190190 0.018702
