3 0.509451 0.032096 0.981097 0.048034
0 0.104723 0.075065 0.042415 0.019701
1 0.169692 0.076563 0.075733 0.020470
2 0.344584 0.081221 0.253931 0.023330
2 0.294570 0.101328 0.348886 0.025519
2 0.293699 0.122567 0.348886 0.025519
2 0.292829 0.143807 0.348886 0.025519
2 0.197003 0.162858 0.158976 0.021141
0 0.100011 0.190011 0.042415 0.019701
1 0.171644 0.191662 0.089060 0.020777
2 0.329461 0.195926 0.206453 0.022235
0 0.119452 0.224225 0.084062 0.020662
1 0.189835 0.225848 0.044914 0.019759
2 0.349318 0.230150 0.253931 0.023330
2 0.288476 0.250007 0.348886 0.025519
2 0.287605 0.271247 0.348886 0.025519
2 0.286734 0.292487 0.348886 0.025519
2 0.277951 0.313545 0.333060 0.025154
0 0.094071 0.334942 0.042415 0.019701
1 0.153209 0.336306 0.064072 0.020201
2 0.314358 0.340647 0.238105 0.022965
0 0.092842 0.364928 0.042415 0.019701
1 0.166973 0.366637 0.094057 0.020892
2 0.343114 0.371324 0.238105 0.022965
2 0.156082 0.388271 0.095672 0.019681
0 0.106984 0.416528 0.074900 0.020450
1 0.175702 0.418113 0.050745 0.019893
2 0.290622 0.421388 0.158976 0.021141
0 0.110439 0.444121 0.084062 0.020662
1 0.204561 0.446291 0.092392 0.020854
2 0.364043 0.450593 0.206453 0.022235
2 0.121204 0.466255 0.032369 0.018222
0 0.087464 0.496116 0.042415 0.019701
1 0.152434 0.497614 0.075733 0.020470
2 0.311500 0.501907 0.222279 0.022600
0 0.107008 0.527831 0.084062 0.020662
1 0.181139 0.529541 0.052410 0.019932
2 0.336457 0.533747 0.238105 0.022965
2 0.109860 0.549783 0.016543 0.017857
0 0.083982 0.581076 0.042415 0.019701
1 0.136457 0.582286 0.050745 0.019893
2 0.314681 0.587020 0.285582 0.024060
2 0.123483 0.603872 0.048195 0.018586
0 0.098150 0.632052 0.074900 0.020450
1 0.173115 0.633780 0.063239 0.020181
2 0.333847 0.638111 0.238105 0.022965
2 0.271755 0.657940 0.348886 0.025519
2 0.275882 0.679295 0.358881 0.025750
2 0.275011 0.700535 0.358881 0.025750
2 0.269143 0.721659 0.348886 0.025519
2 0.117927 0.739433 0.048195 0.018586
0 0.086712 0.768727 0.063239 0.020181
1 0.160011 0.770417 0.071568 0.020374
2 0.316994 0.774662 0.222279 0.022600
0 0.075225 0.794725 0.042415 0.019701
1 0.136862 0.796146 0.069069 0.020316
0 0.073996 0.824711 0.042415 0.019701
1 0.137299 0.826170 0.072401 0.020393
2 0.318438 0.830972 0.269757 0.023695
2 0.113497 0.847507 0.048195 0.018586
0 0.088266 0.873188 0.074900 0.020450
1 0.180306 0.875310 0.097389 0.020969
2 0.326461 0.879305 0.174801 0.021505
0 0.566588 0.085714 0.033253 0.019490
1 0.626560 0.087097 0.074900 0.020450
2 0.808948 0.091927 0.269757 0.023695
2 0.602758 0.108433 0.032369 0.018222
0 0.579507 0.136661 0.063239 0.020181
1 0.650307 0.138293 0.066570 0.020258
2 0.820617 0.142845 0.253931 0.023330
2 0.632335 0.159764 0.095672 0.019681
0 0.566995 0.187646 0.042415 0.019701
1 0.623635 0.188952 0.059074 0.020085
2 0.798111 0.193600 0.269757 0.023695
2 0.756842 0.213909 0.348886 0.025519
2 0.760969 0.235264 0.358881 0.025750
2 0.755101 0.256389 0.348886 0.025519
2 0.635537 0.274892 0.111498 0.020046
0 0.582954 0.306820 0.084062 0.020662
1 0.658335 0.308558 0.054909 0.019989
0 0.571236 0.338440 0.063239 0.020181
1 0.648283 0.340217 0.079065 0.020546
2 0.816928 0.344730 0.238105 0.022965
2 0.719020 0.363733 0.285582 0.024060
0 0.558545 0.393799 0.042415 0.019701
1 0.630178 0.395451 0.089060 0.020777
0 0.577909 0.429887 0.084062 0.020662
1 0.657872 0.431731 0.064072 0.020201
0 0.555703 0.463141 0.042415 0.019701
1 0.609011 0.464370 0.052410 0.019932
2 0.756416 0.468394 0.222279 0.022600
0 0.575118 0.497980 0.084062 0.020662
1 0.644669 0.499584 0.043248 0.019721
2 0.803318 0.503867 0.253931 0.023330
2 0.744142 0.523763 0.348886 0.025519
2 0.743271 0.545003 0.348886 0.025519
2 0.742401 0.566243 0.348886 0.025519
2 0.741530 0.587482 0.348886 0.025519
2 0.645704 0.606533 0.158976 0.021141
0 0.548636 0.635560 0.042415 0.019701
1 0.614855 0.637087 0.078232 0.020527
2 0.793078 0.641821 0.258095 0.023426
2 0.738483 0.661822 0.348886 0.025519
2 0.737612 0.683062 0.348886 0.025519
2 0.736742 0.704302 0.348886 0.025519
2 0.735871 0.725542 0.348886 0.025519
2 0.735000 0.746782 0.348886 0.025519
2 0.694565 0.767110 0.269757 0.023695
0 0.562955 0.794715 0.084062 0.020662
1 0.643751 0.796578 0.065737 0.020239
2 0.797819 0.800755 0.222279 0.022600
2 0.731979 0.820497 0.348886 0.025519
2 0.733191 0.841785 0.353051 0.025615
2 0.730238 0.862977 0.348886 0.025519
2 0.729367 0.884217 0.348886 0.025519
2 0.728496 0.905457 0.348886 0.025519
2 0.700972 0.926083 0.295578 0.024290
