0 0.095257 0.085830 0.062619 0.018975
1 0.160673 0.085594 0.055120 0.018948
2 0.325675 0.085624 0.253443 0.018413
2 0.275812 0.107054 0.348441 0.018756
2 0.275948 0.128304 0.348441 0.018756
2 0.276084 0.149553 0.348441 0.018756
2 0.276220 0.170803 0.348441 0.018756
2 0.276357 0.192053 0.348441 0.018756
2 0.276493 0.213303 0.348441 0.018756
2 0.281629 0.234534 0.358441 0.018792
2 0.173850 0.256173 0.142611 0.018014
0 0.106972 0.288290 0.083453 0.019050
1 0.179887 0.288027 0.049286 0.018927
2 0.339056 0.288078 0.247609 0.018392
2 0.229610 0.309723 0.253443 0.018413
0 0.086491 0.343364 0.041786 0.018900
1 0.145657 0.343151 0.063453 0.018978
2 0.322742 0.343137 0.269276 0.018470
2 0.219130 0.364761 0.231776 0.018335
0 0.107689 0.400163 0.083453 0.019050
1 0.194354 0.399851 0.076786 0.019026
2 0.354357 0.399899 0.221776 0.018299
2 0.277827 0.421425 0.348441 0.018756
2 0.282963 0.442657 0.358441 0.018792
2 0.222683 0.464125 0.237609 0.018356
0 0.108266 0.490162 0.083453 0.019050
1 0.186182 0.489881 0.059286 0.018963
2 0.345350 0.489933 0.237609 0.018356
2 0.278404 0.511424 0.348441 0.018756
2 0.246874 0.532788 0.285109 0.018527
0 0.108714 0.560162 0.083453 0.019050
1 0.193713 0.559855 0.073453 0.019014
2 0.352049 0.559909 0.221776 0.018299
2 0.207604 0.581680 0.205943 0.018242
0 0.088198 0.609611 0.041786 0.018900
1 0.157364 0.609362 0.083453 0.019050
0 0.088422 0.644611 0.041786 0.018900
1 0.142588 0.644415 0.053453 0.018942
2 0.322590 0.644391 0.285109 0.018527
2 0.205228 0.666065 0.200110 0.018221
0 0.099187 0.698948 0.062619 0.018975
1 0.160437 0.698727 0.046786 0.018918
2 0.329189 0.698743 0.269276 0.018470
2 0.137244 0.720686 0.063445 0.017728
0 0.109940 0.751409 0.083453 0.019050
1 0.198273 0.751091 0.080119 0.019038
0 0.110149 0.783909 0.083453 0.019050
1 0.197231 0.783595 0.077619 0.019029
2 0.357650 0.783642 0.221776 0.018299
2 0.137789 0.805685 0.063445 0.017728
0 0.100045 0.832696 0.062619 0.018975
1 0.168377 0.832450 0.060953 0.018969
2 0.336296 0.832469 0.253443 0.018413
2 0.280600 0.853920 0.348441 0.018756
2 0.280736 0.875170 0.348441 0.018756
2 0.285872 0.896402 0.358441 0.018792
2 0.281008 0.917669 0.348441 0.018756
2 0.281144 0.938919 0.348441 0.018756
2 0.286281 0.960151 0.358441 0.018792
0 0.561918 0.084147 0.062619 0.018975
1 0.622334 0.083929 0.045120 0.018912
0 0.562103 0.112897 0.062619 0.018975
1 0.630435 0.112650 0.060953 0.018969
2 0.798354 0.112670 0.253443 0.018413
2 0.742657 0.134121 0.348441 0.018756
2 0.742794 0.155371 0.348441 0.018756
2 0.742930 0.176620 0.348441 0.018756
2 0.663900 0.198156 0.190110 0.018185
0 0.562872 0.232895 0.062619 0.018975
1 0.650371 0.232580 0.099286 0.019107
2 0.813706 0.232616 0.205943 0.018242
2 0.585095 0.254690 0.031778 0.017614
0 0.552768 0.281682 0.041786 0.018900
1 0.610267 0.281475 0.060120 0.018966
2 0.785686 0.281467 0.269276 0.018470
2 0.672490 0.303126 0.205943 0.018242
0 0.573905 0.329107 0.083453 0.019050
1 0.653488 0.328820 0.062619 0.018975
2 0.806407 0.328893 0.221776 0.018299
2 0.585712 0.350939 0.031778 0.017614
0 0.574266 0.385356 0.083453 0.019050
1 0.647598 0.385091 0.050120 0.018930
2 0.802184 0.385159 0.237609 0.018356
2 0.736488 0.406646 0.332608 0.018699
0 0.553745 0.434180 0.041786 0.018900
1 0.622911 0.433931 0.083453 0.019050
2 0.802080 0.433910 0.253443 0.018413
2 0.594302 0.455909 0.047612 0.017671
0 0.574939 0.490355 0.083453 0.019050
1 0.647855 0.490092 0.049286 0.018927
2 0.802024 0.490161 0.237609 0.018356
2 0.745077 0.511616 0.348441 0.018756
2 0.745214 0.532866 0.348441 0.018756
2 0.745350 0.554116 0.348441 0.018756
2 0.745486 0.575366 0.348441 0.018756
2 0.745622 0.596615 0.348441 0.018756
2 0.745758 0.617865 0.348441 0.018756
2 0.745895 0.639115 0.348441 0.018756
2 0.603532 0.660879 0.063445 0.017728
0 0.576249 0.694727 0.083453 0.019050
1 0.652082 0.694454 0.055120 0.018948
2 0.809167 0.694512 0.237609 0.018356
2 0.603889 0.716503 0.063445 0.017728
0 0.555737 0.744802 0.041786 0.018900
1 0.610736 0.744604 0.055120 0.018948
0 0.566353 0.776014 0.062619 0.018975
1 0.654686 0.775695 0.100952 0.019113
2 0.818855 0.775728 0.205943 0.018242
2 0.746908 0.797238 0.348441 0.018756
2 0.747044 0.818488 0.348441 0.018756
2 0.747181 0.839738 0.348441 0.018756
2 0.660235 0.861301 0.174277 0.018128
0 0.556654 0.887925 0.041786 0.018900
1 0.628737 0.887665 0.089286 0.019071
2 0.802905 0.887662 0.237609 0.018356
2 0.720959 0.909208 0.295109 0.018564
