1 0.098066 0.084294 0.062507 0.018763
2 0.160982 0.084307 0.050007 0.018760
3 0.299732 0.084960 0.205840 0.017542
0 0.266816 0.084953 0.406675 0.022582
1 0.108473 0.110546 0.083340 0.018767
2 0.205973 0.110566 0.098340 0.018770
3 0.360973 0.111222 0.190006 0.017538
0 0.266806 0.111203 0.406675 0.022582
1 0.098046 0.138669 0.062507 0.018763
2 0.168880 0.138683 0.065840 0.018763
3 0.339296 0.139343 0.253340 0.017551
3 0.112205 0.160547 0.015840 0.017503
0 0.266792 0.149953 0.406682 0.043832
1 0.108446 0.186796 0.083340 0.018767
2 0.193029 0.186813 0.072507 0.018765
3 0.319279 0.187464 0.158340 0.017532
0 0.266779 0.187453 0.406675 0.022582
1 0.108435 0.215546 0.083340 0.018767
2 0.190935 0.215563 0.068340 0.018764
0 0.266768 0.216203 0.406675 0.022582
1 0.098009 0.243044 0.062507 0.018763
2 0.159675 0.243056 0.047507 0.018760
3 0.305092 0.243711 0.221673 0.017545
0 0.266759 0.243703 0.406675 0.022582
1 0.097999 0.269919 0.062507 0.018763
2 0.157999 0.269931 0.044173 0.018759
3 0.325499 0.270590 0.269173 0.017554
3 0.135908 0.291802 0.063340 0.017513
0 0.266745 0.281203 0.406682 0.043832
1 0.108398 0.319296 0.083340 0.018767
2 0.182565 0.319311 0.051673 0.018760
3 0.337981 0.319967 0.237506 0.017548
3 0.278390 0.341205 0.348340 0.017570
3 0.278383 0.362455 0.348340 0.017570
3 0.135875 0.383677 0.063340 0.017513
0 0.266720 0.351828 0.406698 0.086332
1 0.108364 0.415546 0.083340 0.018767
2 0.185864 0.415562 0.058340 0.018762
3 0.344613 0.416219 0.237506 0.017548
3 0.140856 0.437428 0.073340 0.017515
0 0.266693 0.426828 0.406682 0.043832
1 0.097929 0.466169 0.062507 0.018763
2 0.165012 0.466182 0.058340 0.018762
3 0.260429 0.466827 0.110840 0.017522
0 0.266679 0.466828 0.406675 0.022582
1 0.087500 0.499292 0.041673 0.018758
2 0.147500 0.499304 0.065007 0.018763
3 0.325417 0.499965 0.269173 0.017554
3 0.278326 0.521205 0.348340 0.017570
3 0.278318 0.542455 0.348340 0.017570
3 0.278310 0.563705 0.348340 0.017570
3 0.119970 0.584923 0.031673 0.017506
0 0.266651 0.542453 0.406705 0.107582
1 0.087458 0.617417 0.041673 0.018758
2 0.150375 0.617429 0.070840 0.018764
0 0.266624 0.618078 0.406675 0.022582
1 0.097864 0.646169 0.062507 0.018763
2 0.177864 0.646185 0.084173 0.018767
3 0.346614 0.646844 0.231673 0.017547
3 0.167440 0.668058 0.126673 0.017526
0 0.266610 0.657453 0.406682 0.043832
1 0.097847 0.694294 0.062507 0.018763
2 0.167014 0.694308 0.062507 0.018763
3 0.335763 0.694967 0.253340 0.017551
3 0.167422 0.716183 0.126673 0.017526
0 0.266593 0.705578 0.406682 0.043832
1 0.087410 0.751167 0.041673 0.018758
2 0.153660 0.751180 0.077507 0.018766
3 0.334910 0.751842 0.263340 0.017553
3 0.111985 0.773047 0.015840 0.017503
0 0.266573 0.762453 0.406682 0.043832
1 0.097808 0.803669 0.062507 0.018763
2 0.168641 0.803683 0.065840 0.018763
3 0.339057 0.804343 0.253340 0.017551
3 0.191133 0.825563 0.174173 0.017535
0 0.266554 0.814953 0.406682 0.043832
1 0.097790 0.853669 0.062507 0.018763
2 0.178623 0.853685 0.085840 0.018767
0 0.266540 0.854328 0.406675 0.022582
1 0.097777 0.888044 0.062507 0.018763
2 0.160694 0.888057 0.050007 0.018760
0 0.266527 0.888703 0.406675 0.022582
1 0.564732 0.084388 0.062507 0.018763
2 0.631399 0.084402 0.057507 0.018762
3 0.750149 0.085050 0.158340 0.017532
0 0.733482 0.085047 0.406675 0.022582
1 0.575137 0.118765 0.083340 0.018767
2 0.663053 0.118783 0.079173 0.018766
3 0.816387 0.119439 0.205840 0.017542
3 0.665962 0.140658 0.190006 0.017538
0 0.733466 0.130047 0.406682 0.043832
1 0.554286 0.166261 0.041673 0.018758
2 0.626786 0.166276 0.090007 0.018768
0 0.733453 0.166922 0.406675 0.022582
1 0.564691 0.200638 0.062507 0.018763
2 0.632191 0.200652 0.059173 0.018762
3 0.796357 0.201310 0.247506 0.017550
3 0.705516 0.222541 0.269173 0.017554
0 0.733437 0.211922 0.406682 0.043832
1 0.575090 0.248140 0.083340 0.018767
2 0.657590 0.248157 0.068340 0.018764
3 0.813423 0.248813 0.221673 0.017545
3 0.745083 0.270049 0.348340 0.017570
3 0.745075 0.291299 0.348340 0.017570
3 0.745067 0.312549 0.348340 0.017570
3 0.713393 0.333793 0.285006 0.017558
0 0.733408 0.291297 0.406705 0.107582
1 0.554217 0.359386 0.041673 0.018758
2 0.629634 0.359401 0.095840 0.018769
3 0.807134 0.360062 0.237506 0.017548
3 0.705459 0.381291 0.269173 0.017554
0 0.733380 0.370672 0.406682 0.043832
1 0.564614 0.414388 0.062507 0.018763
2 0.643364 0.414404 0.081673 0.018766
3 0.813780 0.415063 0.237506 0.017548
3 0.745023 0.436299 0.348340 0.017570
3 0.745015 0.457549 0.348340 0.017570
3 0.745008 0.478799 0.348340 0.017570
3 0.745000 0.500049 0.348340 0.017570
3 0.586659 0.521267 0.031673 0.017506
0 0.733345 0.468172 0.406713 0.128832
1 0.554149 0.549386 0.041673 0.018758
2 0.627066 0.549401 0.090840 0.018768
3 0.807065 0.550062 0.247506 0.017550
3 0.744974 0.571299 0.348340 0.017570
3 0.744967 0.592549 0.348340 0.017570
3 0.749959 0.613800 0.358340 0.017572
3 0.594535 0.635019 0.047506 0.017510
0 0.733300 0.592547 0.406705 0.107582
1 0.574941 0.663140 0.083340 0.018767
2 0.653275 0.663156 0.060007 0.018762
3 0.812858 0.663813 0.237506 0.017548
3 0.586600 0.685017 0.031673 0.017506
0 0.733271 0.674422 0.406682 0.043832
1 0.564508 0.710638 0.062507 0.018763
2 0.622841 0.710650 0.040840 0.018758
0 0.733258 0.711297 0.406675 0.022582
1 0.574912 0.745015 0.083340 0.018767
2 0.649079 0.745030 0.051673 0.018760
0 0.733245 0.745672 0.406675 0.022582
1 0.574900 0.777515 0.083340 0.018767
2 0.654067 0.777531 0.061673 0.018762
3 0.814484 0.778188 0.237506 0.017548
3 0.744893 0.799424 0.348340 0.017570
3 0.586552 0.820642 0.031673 0.017506
0 0.733226 0.799422 0.406690 0.065082
1 0.564459 0.846888 0.062507 0.018763
2 0.626126 0.846900 0.047507 0.018760
0 0.733209 0.847547 0.406675 0.022582
1 0.564447 0.879388 0.062507 0.018763
2 0.631114 0.879401 0.057507 0.018762
3 0.797364 0.880060 0.253340 0.017551
3 0.744856 0.901299 0.348340 0.017570
3 0.744848 0.922549 0.348340 0.017570
3 0.744841 0.943799 0.348340 0.017570
3 0.744833 0.965049 0.348340 0.017570
3 0.602326 0.986271 0.063340 0.017513
0 0.733178 0.933172 0.406713 0.128832
