1 0.078891 0.089260 0.042052 0.019236
2 0.140967 0.088532 0.069549 0.019558
3 0.320958 0.087048 0.269498 0.020652
3 0.270157 0.108896 0.348655 0.021580
3 0.215190 0.130793 0.237836 0.020281
0 0.258492 0.109033 0.407971 0.069758
1 0.090817 0.161629 0.062883 0.019480
2 0.153726 0.160892 0.050385 0.019334
0 0.259559 0.160276 0.407086 0.027263
1 0.080988 0.189873 0.042052 0.019236
2 0.140980 0.189169 0.065383 0.019509
3 0.318888 0.187709 0.269498 0.020652
3 0.193096 0.210436 0.190341 0.019725
0 0.260367 0.199022 0.407529 0.048510
1 0.102951 0.243997 0.083714 0.019724
2 0.185441 0.243030 0.068716 0.019549
3 0.341269 0.241829 0.222004 0.020096
3 0.273386 0.263877 0.348655 0.021580
3 0.273829 0.285124 0.348655 0.021580
3 0.226778 0.306928 0.253667 0.020467
0 0.261942 0.274637 0.408414 0.091005
1 0.104917 0.338360 0.083714 0.019724
2 0.181158 0.337467 0.056217 0.019402
0 0.263245 0.337130 0.407086 0.027263
1 0.084673 0.366726 0.042052 0.019236
2 0.141749 0.366057 0.059550 0.019441
3 0.316741 0.364631 0.269498 0.020652
3 0.133456 0.388032 0.063690 0.018240
0 0.264052 0.375875 0.407529 0.048510
1 0.106558 0.417101 0.083714 0.019724
2 0.199047 0.416017 0.088713 0.019783
3 0.356957 0.414791 0.206173 0.019910
3 0.276993 0.436981 0.348655 0.021580
3 0.222026 0.458878 0.237836 0.020281
0 0.265328 0.437117 0.407971 0.069758
1 0.103473 0.489021 0.074548 0.019617
2 0.180130 0.488122 0.066216 0.019519
3 0.342623 0.486843 0.237836 0.020281
3 0.143924 0.510424 0.079522 0.018426
0 0.266604 0.498360 0.407529 0.048510
1 0.098669 0.538458 0.062883 0.019480
2 0.164078 0.537691 0.055384 0.019392
3 0.297408 0.536754 0.190341 0.019725
0 0.267411 0.537105 0.407086 0.027263
1 0.088918 0.570451 0.042052 0.019236
2 0.149744 0.569738 0.067049 0.019529
3 0.280990 0.568825 0.174510 0.019539
0 0.268075 0.568976 0.407086 0.027263
1 0.099997 0.602200 0.062883 0.019480
2 0.179987 0.601263 0.084547 0.019734
3 0.343730 0.599969 0.222004 0.020096
3 0.225438 0.622608 0.237836 0.020281
0 0.268961 0.611471 0.407529 0.048510
1 0.090702 0.656066 0.042052 0.019236
2 0.151944 0.655348 0.067882 0.019539
0 0.269859 0.654591 0.407086 0.027263
1 0.091300 0.684812 0.042052 0.019236
2 0.155876 0.684055 0.074548 0.019617
3 0.330451 0.682634 0.253667 0.020467
3 0.124252 0.706304 0.032027 0.017869
0 0.270680 0.693961 0.407529 0.048510
1 0.102732 0.733434 0.062883 0.019480
2 0.178139 0.732550 0.075381 0.019627
3 0.345215 0.731217 0.237836 0.020281
3 0.185677 0.754340 0.152846 0.019285
0 0.271695 0.742705 0.407529 0.048510
1 0.103903 0.789677 0.062883 0.019480
2 0.170145 0.788901 0.057050 0.019412
0 0.272646 0.788325 0.407086 0.027263
1 0.094191 0.823545 0.042052 0.019236
2 0.165849 0.822705 0.088713 0.019783
3 0.339591 0.821294 0.237836 0.020281
3 0.198384 0.844202 0.174510 0.019539
0 0.273570 0.832694 0.407529 0.048510
1 0.116168 0.878294 0.083714 0.019724
2 0.198241 0.877332 0.067882 0.019539
3 0.353652 0.876136 0.222004 0.020096
3 0.291602 0.898116 0.358654 0.021697
3 0.287046 0.919422 0.348655 0.021580
3 0.287488 0.940669 0.348655 0.021580
3 0.287931 0.961917 0.348655 0.021580
3 0.288374 0.983164 0.348655 0.021580
3 0.288816 1.000000 0.348655 0.021580
3 0.273428 1.000000 0.316993 0.021209
0 0.276044 0.951430 0.410185 0.175995
1 0.566332 0.083547 0.083714 0.019724
2 0.656321 0.082492 0.083714 0.019724
3 0.811731 0.081296 0.206173 0.019910
3 0.728851 0.103520 0.332824 0.021394
0 0.724880 0.092940 0.407529 0.048510
1 0.557075 0.139287 0.062883 0.019480
2 0.630816 0.138423 0.072049 0.019588
0 0.725818 0.137934 0.407086 0.027263
1 0.547259 0.168156 0.042052 0.019236
2 0.606002 0.167467 0.062883 0.019480
3 0.758913 0.166300 0.222004 0.020096
0 0.726417 0.166681 0.407086 0.027263
1 0.547962 0.201902 0.042052 0.019236
2 0.609621 0.201179 0.068716 0.019549
3 0.789195 0.199699 0.269498 0.020652
3 0.739228 0.221537 0.348655 0.021580
3 0.744670 0.242726 0.358654 0.021697
3 0.740113 0.264032 0.348655 0.021580
3 0.740556 0.285280 0.348655 0.021580
3 0.598516 0.308197 0.063690 0.018240
0 0.728227 0.253545 0.409299 0.133500
1 0.571605 0.336641 0.083714 0.019724
2 0.663261 0.335567 0.087047 0.019763
3 0.820338 0.334351 0.206173 0.019910
3 0.662883 0.357449 0.190341 0.019725
0 0.730154 0.346034 0.407529 0.048510
1 0.562219 0.386132 0.062883 0.019480
2 0.643459 0.385180 0.087047 0.019763
3 0.808452 0.383871 0.222004 0.020096
3 0.632249 0.407189 0.127016 0.018982
0 0.731182 0.395403 0.407529 0.048510
1 0.573689 0.436629 0.083714 0.019724
2 0.666177 0.435545 0.088713 0.019783
3 0.824088 0.434319 0.206173 0.019910
3 0.744124 0.456509 0.348655 0.021580
3 0.744566 0.477756 0.348655 0.021580
3 0.750009 0.498945 0.358654 0.021697
3 0.750451 0.520192 0.358654 0.021697
3 0.698400 0.542055 0.253667 0.020467
0 0.733123 0.488517 0.409299 0.133500
1 0.555618 0.569357 0.042052 0.019236
2 0.625610 0.568536 0.085380 0.019744
3 0.805601 0.567052 0.253667 0.020467
3 0.751884 0.588934 0.358654 0.021697
3 0.752326 0.610181 0.358654 0.021697
3 0.747770 0.631487 0.348655 0.021580
3 0.637393 0.654034 0.127016 0.018982
0 0.735662 0.610377 0.408857 0.112253
1 0.558106 0.688717 0.042052 0.019236
2 0.626430 0.687916 0.082047 0.019705
3 0.781008 0.686730 0.206173 0.019910
0 0.737263 0.687242 0.407086 0.027263
1 0.569263 0.724216 0.062883 0.019480
2 0.638421 0.723405 0.062883 0.019480
3 0.807164 0.722052 0.253667 0.020467
3 0.750113 0.743974 0.348655 0.021580
3 0.750556 0.765221 0.348655 0.021580
3 0.600601 0.788231 0.047859 0.018055
0 0.738670 0.754734 0.408414 0.091005
1 0.560788 0.817451 0.042052 0.019236
2 0.624947 0.816699 0.073715 0.019607
3 0.799105 0.815283 0.253667 0.020467
3 0.752054 0.837087 0.348655 0.021580
3 0.744581 0.858427 0.332824 0.021394
0 0.740388 0.837224 0.407971 0.069758
1 0.562220 0.886193 0.042052 0.019236
2 0.627629 0.885426 0.076215 0.019636
3 0.803037 0.883996 0.253667 0.020467
3 0.642666 0.907128 0.127016 0.018982
0 0.741599 0.895342 0.407529 0.048510
