1 0.091206 0.088074 0.062799 0.019319
2 0.152868 0.087511 0.047801 0.019182
3 0.290368 0.086882 0.206102 0.019376
0 0.259954 0.087159 0.407001 0.026208
1 0.081246 0.116292 0.041968 0.019129
2 0.136242 0.115790 0.055300 0.019250
3 0.317072 0.114765 0.285263 0.020099
3 0.224924 0.136858 0.253598 0.019810
0 0.260582 0.125906 0.407346 0.047457
1 0.092544 0.170568 0.062799 0.019319
2 0.162955 0.169925 0.065299 0.019342
0 0.261292 0.169653 0.407001 0.026208
1 0.093020 0.199940 0.062799 0.019319
2 0.166765 0.199268 0.071965 0.019402
3 0.332179 0.198384 0.237766 0.019665
0 0.261768 0.199026 0.407001 0.026208
1 0.083081 0.229408 0.041968 0.019129
2 0.143910 0.228853 0.066966 0.019357
3 0.306824 0.227992 0.237766 0.019665
0 0.262244 0.228399 0.407001 0.026208
1 0.083517 0.256281 0.041968 0.019129
2 0.151428 0.255662 0.081131 0.019486
3 0.329342 0.254664 0.253598 0.019810
3 0.274691 0.276414 0.348591 0.020676
3 0.280035 0.297617 0.358591 0.020768
3 0.256631 0.319082 0.311094 0.020334
0 0.263197 0.287144 0.408035 0.089953
1 0.105909 0.352334 0.083631 0.019509
2 0.193820 0.351532 0.079465 0.019471
3 0.347152 0.350758 0.206102 0.019376
3 0.117930 0.374101 0.031948 0.017788
0 0.264413 0.362139 0.407346 0.047457
1 0.096284 0.401176 0.062799 0.019319
2 0.166279 0.400537 0.064466 0.019334
3 0.264615 0.400265 0.111109 0.018510
0 0.265032 0.400261 0.407001 0.026208
1 0.092167 0.429965 0.053633 0.019235
2 0.150913 0.429429 0.051134 0.019212
3 0.321744 0.428496 0.269431 0.019954
3 0.277508 0.450151 0.348591 0.020676
3 0.282853 0.471354 0.358591 0.020768
3 0.151540 0.493803 0.095277 0.018365
0 0.266015 0.460882 0.408035 0.089953
1 0.087824 0.521887 0.041968 0.019129
2 0.143237 0.521381 0.056133 0.019258
3 0.324484 0.520353 0.285263 0.020099
3 0.176089 0.542958 0.142773 0.018799
0 0.267160 0.531501 0.407346 0.047457
1 0.099122 0.576163 0.062799 0.019319
2 0.172450 0.575494 0.071132 0.019395
3 0.337448 0.574613 0.237766 0.019665
3 0.279880 0.596390 0.348591 0.020676
3 0.280225 0.617639 0.348591 0.020676
0 0.268214 0.596497 0.407691 0.068705
1 0.110714 0.648562 0.083631 0.019509
2 0.200291 0.647745 0.082798 0.019501
3 0.355289 0.646956 0.206102 0.019376
3 0.281056 0.668885 0.348591 0.020676
3 0.281401 0.690133 0.348591 0.020676
3 0.281745 0.711382 0.348591 0.020676
3 0.287090 0.732584 0.358591 0.020768
3 0.258686 0.754095 0.301095 0.020243
0 0.269907 0.700864 0.408725 0.132450
1 0.112994 0.789177 0.083631 0.019509
2 0.190072 0.788474 0.057800 0.019273
3 0.348404 0.787654 0.237766 0.019665
3 0.125015 0.810944 0.031948 0.017788
0 0.271499 0.798982 0.407346 0.047457
1 0.098877 0.843685 0.053633 0.019235
2 0.173039 0.843008 0.081965 0.019494
3 0.343453 0.842078 0.237766 0.019665
3 0.181309 0.864809 0.142773 0.018799
0 0.272380 0.853353 0.407346 0.047457
1 0.093886 0.895609 0.041968 0.019129
2 0.152215 0.895077 0.061966 0.019311
3 0.333462 0.894048 0.279430 0.020045
3 0.150486 0.916969 0.079445 0.018221
0 0.273222 0.905224 0.407346 0.047457
1 0.568254 0.083722 0.083631 0.019509
2 0.644082 0.083030 0.055300 0.019250
3 0.801164 0.082222 0.237766 0.019665
3 0.738596 0.104044 0.348591 0.020676
3 0.738941 0.125293 0.348591 0.020676
3 0.739285 0.146541 0.348591 0.020676
3 0.739630 0.167789 0.348591 0.020676
3 0.739975 0.189038 0.348591 0.020676
3 0.740319 0.210286 0.348591 0.020676
3 0.740664 0.231535 0.348591 0.020676
3 0.677680 0.253361 0.221934 0.019521
0 0.727964 0.167896 0.409758 0.196196
1 0.571528 0.285582 0.083631 0.019509
2 0.640689 0.284951 0.041968 0.019129
3 0.791105 0.284203 0.237766 0.019665
0 0.729860 0.284762 0.407001 0.026208
1 0.551152 0.313895 0.041968 0.019129
2 0.612398 0.313336 0.067799 0.019364
3 0.788645 0.312353 0.263598 0.019901
3 0.742326 0.334027 0.348591 0.020676
3 0.747670 0.355230 0.358591 0.020768
3 0.743015 0.376524 0.348591 0.020676
3 0.743360 0.397772 0.348591 0.020676
3 0.712040 0.419310 0.285263 0.020099
0 0.731177 0.366006 0.408725 0.132450
1 0.574143 0.446820 0.083631 0.019509
2 0.657054 0.446063 0.069466 0.019380
3 0.815385 0.445244 0.226100 0.019559
3 0.744485 0.467142 0.348591 0.020676
3 0.744830 0.488391 0.348591 0.020676
3 0.745174 0.509639 0.348591 0.020676
3 0.595114 0.532260 0.047780 0.017932
0 0.733164 0.488497 0.408380 0.111202
1 0.555207 0.563876 0.041968 0.019129
2 0.608536 0.563390 0.051967 0.019220
3 0.748119 0.562741 0.206102 0.019376
0 0.734370 0.562867 0.407001 0.026208
1 0.576586 0.597434 0.083631 0.019509
2 0.646581 0.596795 0.043634 0.019144
3 0.805746 0.595968 0.253598 0.019810
3 0.612355 0.618984 0.079445 0.018221
0 0.735090 0.607238 0.407346 0.047457
1 0.577387 0.646805 0.083631 0.019509
2 0.667380 0.645984 0.083631 0.019509
3 0.799047 0.645408 0.158605 0.018943
0 0.735718 0.645985 0.407001 0.026208
1 0.577853 0.675553 0.083631 0.019509
2 0.657430 0.674827 0.062799 0.019319
3 0.810346 0.674057 0.221934 0.019521
3 0.676950 0.696525 0.206102 0.019376
0 0.736357 0.685358 0.407346 0.047457
1 0.568359 0.732519 0.062799 0.019319
2 0.641687 0.731850 0.071132 0.019395
3 0.806685 0.730969 0.237766 0.019665
3 0.646208 0.753685 0.142773 0.018799
0 0.737279 0.742228 0.407346 0.047457
1 0.569130 0.780015 0.062799 0.019319
2 0.639541 0.779373 0.065299 0.019342
0 0.737877 0.779101 0.407001 0.026208
1 0.559251 0.813233 0.041968 0.019129
2 0.625496 0.812628 0.077798 0.019456
0 0.738415 0.812223 0.407001 0.026208
1 0.559748 0.843855 0.041968 0.019129
2 0.639325 0.843129 0.104463 0.019699
3 0.805156 0.842242 0.206102 0.019376
0 0.738911 0.842846 0.407001 0.026208
1 0.560234 0.873853 0.041968 0.019129
2 0.632729 0.873192 0.090297 0.019570
3 0.807309 0.872224 0.237766 0.019665
3 0.632667 0.895069 0.111109 0.018510
0 0.739570 0.883468 0.407346 0.047457
