1 0.084703 0.089203 0.053718 0.019374
2 0.162194 0.088293 0.088714 0.019785
3 0.304273 0.087249 0.174511 0.019544
0 0.258028 0.087792 0.407087 0.027274
1 0.079549 0.121768 0.042053 0.019237
2 0.135793 0.121107 0.057885 0.019423
0 0.258707 0.120288 0.407087 0.027274
1 0.101020 0.152144 0.083715 0.019727
2 0.190176 0.151097 0.082048 0.019707
3 0.344753 0.149906 0.206174 0.019916
3 0.271456 0.172020 0.348656 0.021590
3 0.271900 0.193267 0.348656 0.021590
3 0.272343 0.214514 0.348656 0.021590
3 0.272787 0.235762 0.348656 0.021590
3 0.273231 0.257009 0.348656 0.021590
3 0.273675 0.278256 0.348656 0.021590
3 0.210793 0.300248 0.222005 0.020102
0 0.260900 0.225275 0.410193 0.176006
1 0.104818 0.333997 0.083715 0.019727
2 0.185225 0.333052 0.064550 0.019501
3 0.338969 0.331871 0.222005 0.020102
3 0.124856 0.355639 0.047860 0.018056
0 0.263367 0.343386 0.407530 0.048522
1 0.105888 0.385241 0.083715 0.019727
2 0.193378 0.384213 0.078715 0.019668
0 0.264215 0.384006 0.407087 0.027274
1 0.085671 0.414857 0.042053 0.019237
2 0.151080 0.414088 0.076216 0.019639
3 0.302741 0.412932 0.206174 0.019916
0 0.264829 0.413377 0.407087 0.027274
1 0.096648 0.441606 0.062884 0.019482
2 0.158307 0.440882 0.047886 0.019306
3 0.311634 0.439705 0.237836 0.020288
0 0.265390 0.440249 0.407087 0.027274
1 0.097196 0.467853 0.062884 0.019482
2 0.179269 0.466889 0.088714 0.019785
3 0.345095 0.465565 0.222005 0.020102
3 0.278047 0.487606 0.348656 0.021590
3 0.278491 0.508853 0.348656 0.021590
3 0.283934 0.530042 0.358655 0.021707
0 0.266604 0.498367 0.408418 0.091017
1 0.088738 0.561714 0.042053 0.019237
2 0.139149 0.561121 0.046219 0.019286
0 0.267896 0.560234 0.407087 0.027274
1 0.110117 0.587716 0.083715 0.019727
2 0.198023 0.586683 0.079549 0.019678
3 0.351351 0.585507 0.206174 0.019916
3 0.122239 0.609451 0.032028 0.017870
0 0.268666 0.597104 0.407530 0.048522
1 0.111240 0.641459 0.083715 0.019727
2 0.192063 0.640510 0.065384 0.019511
3 0.346224 0.639324 0.222005 0.020102
3 0.286675 0.661276 0.358655 0.021707
3 0.282120 0.682582 0.348656 0.021590
3 0.282563 0.703829 0.348656 0.021590
3 0.283007 0.725077 0.348656 0.021590
3 0.283451 0.746324 0.348656 0.021590
3 0.268063 0.767757 0.316993 0.021218
0 0.270898 0.703966 0.409749 0.154759
1 0.093698 0.799185 0.042053 0.019237
2 0.158274 0.798426 0.074549 0.019619
3 0.332849 0.797000 0.253668 0.020474
3 0.226639 0.819500 0.232004 0.020219
0 0.273078 0.808329 0.407530 0.048522
1 0.115534 0.847059 0.083715 0.019727
2 0.193441 0.846144 0.059551 0.019443
0 0.273861 0.845824 0.407087 0.027274
1 0.095317 0.876675 0.042053 0.019237
2 0.161559 0.875897 0.077882 0.019658
3 0.314053 0.874730 0.206174 0.019916
0 0.274475 0.875195 0.407087 0.027274
1 0.555896 0.083667 0.062884 0.019482
2 0.630886 0.082786 0.074549 0.019619
3 0.797546 0.081453 0.237836 0.020288
3 0.736747 0.103420 0.348656 0.021590
3 0.737191 0.124668 0.348656 0.021590
3 0.658478 0.146845 0.190342 0.019730
0 0.725304 0.114181 0.408418 0.091017
1 0.568256 0.176659 0.083715 0.019727
2 0.650329 0.175694 0.067883 0.019541
0 0.726583 0.175423 0.407087 0.027274
1 0.548012 0.205025 0.042053 0.019237
2 0.600506 0.204408 0.050385 0.019335
0 0.727170 0.203545 0.407087 0.027274
1 0.559172 0.240523 0.062884 0.019482
2 0.621664 0.239789 0.049552 0.019325
3 0.712499 0.239347 0.111185 0.018800
0 0.727914 0.239166 0.407087 0.027274
1 0.549461 0.274391 0.042053 0.019237
2 0.609870 0.273682 0.066217 0.019521
3 0.788195 0.272212 0.269499 0.020660
3 0.740728 0.294022 0.348656 0.021590
3 0.741172 0.315269 0.348656 0.021590
3 0.741615 0.336517 0.348656 0.021590
3 0.742059 0.357764 0.348656 0.021590
3 0.655430 0.380034 0.174511 0.019544
0 0.729728 0.326030 0.409306 0.133511
1 0.562761 0.412377 0.062884 0.019482
2 0.643168 0.411432 0.085381 0.019746
3 0.775665 0.410501 0.158679 0.019358
0 0.731503 0.411020 0.407087 0.027274
1 0.552985 0.443121 0.042053 0.019237
2 0.617977 0.442357 0.075382 0.019629
3 0.777138 0.441112 0.222005 0.020102
0 0.732143 0.441641 0.407087 0.027274
1 0.553560 0.470617 0.042053 0.019237
2 0.620218 0.469834 0.078715 0.019668
3 0.796876 0.468384 0.253668 0.020474
3 0.744826 0.490248 0.348656 0.021590
3 0.745270 0.511495 0.348656 0.021590
3 0.745714 0.532743 0.348656 0.021590
3 0.746158 0.553990 0.348656 0.021590
3 0.746601 0.575237 0.348656 0.021590
3 0.747045 0.596485 0.348656 0.021590
3 0.668332 0.618662 0.190342 0.019730
0 0.734271 0.543503 0.410193 0.176006
1 0.567669 0.647348 0.062884 0.019482
2 0.640577 0.646492 0.070383 0.019570
3 0.733911 0.646020 0.095354 0.018614
0 0.736411 0.645991 0.407087 0.027274
1 0.557906 0.678717 0.042053 0.019237
2 0.622898 0.677953 0.075382 0.019629
3 0.797890 0.676522 0.253668 0.020474
3 0.749173 0.698347 0.348656 0.021590
3 0.678375 0.720432 0.206174 0.019916
0 0.737508 0.698484 0.407974 0.069769
1 0.580277 0.752213 0.083715 0.019727
2 0.648602 0.751410 0.040387 0.019218
0 0.738604 0.750978 0.407087 0.027274
1 0.560138 0.785579 0.042053 0.019237
2 0.615131 0.784932 0.055385 0.019394
3 0.795955 0.783433 0.285331 0.020846
3 0.672248 0.806139 0.190342 0.019730
0 0.739518 0.794722 0.407530 0.048522
1 0.571572 0.834200 0.062884 0.019482
2 0.638647 0.833412 0.058718 0.019433
0 0.740314 0.832843 0.407087 0.027274
1 0.572211 0.864821 0.062884 0.019482
2 0.637620 0.864053 0.055385 0.019394
0 0.740953 0.863464 0.407087 0.027274
1 0.583175 0.890946 0.083715 0.019727
2 0.675247 0.889864 0.087881 0.019776
3 0.832740 0.888639 0.206174 0.019916
3 0.611128 0.912495 0.063691 0.018242
0 0.741724 0.900335 0.407530 0.048522
