1 0.074035 0.092086 0.042267 0.019511
2 0.134434 0.090975 0.066427 0.019955
3 0.288991 0.088757 0.222172 0.021571
0 0.253168 0.089416 0.407280 0.029972
1 0.095925 0.124193 0.083921 0.020277
2 0.196728 0.122339 0.105581 0.020675
3 0.355034 0.120052 0.190515 0.020989
3 0.108303 0.145847 0.032229 0.018077
0 0.254578 0.132528 0.407975 0.051216
1 0.087371 0.181243 0.063094 0.019894
2 0.165681 0.179802 0.081422 0.020231
3 0.296079 0.178028 0.158858 0.020407
0 0.256091 0.178764 0.407280 0.029972
1 0.088290 0.209359 0.063094 0.019894
2 0.153687 0.208156 0.055596 0.019756
3 0.263258 0.206766 0.143029 0.020115
0 0.257010 0.206881 0.407280 0.029972
1 0.089455 0.244974 0.063094 0.019894
2 0.153603 0.243794 0.053097 0.019710
3 0.317324 0.241407 0.253829 0.022154
3 0.270533 0.263524 0.348801 0.023901
3 0.271228 0.284768 0.348801 0.023901
3 0.274005 0.305973 0.352966 0.023978
3 0.277616 0.327163 0.358798 0.024085
3 0.162512 0.350537 0.127201 0.019824
0 0.259912 0.295604 0.410754 0.136190
1 0.104364 0.382241 0.083921 0.020277
2 0.200585 0.380471 0.096418 0.020507
3 0.354310 0.378268 0.190515 0.020989
3 0.148400 0.403312 0.095544 0.019242
0 0.263018 0.390575 0.407975 0.051216
1 0.085356 0.438232 0.042267 0.019511
2 0.153252 0.436983 0.081422 0.020231
0 0.264489 0.435562 0.407280 0.029972
1 0.096852 0.471156 0.063094 0.019894
2 0.179744 0.469631 0.090586 0.020400
3 0.346381 0.467190 0.222172 0.021571
3 0.282928 0.489614 0.358798 0.024085
3 0.278625 0.510950 0.348801 0.023901
3 0.279320 0.532193 0.348801 0.023901
3 0.280014 0.553437 0.348801 0.023901
3 0.280709 0.574680 0.348801 0.023901
3 0.281404 0.595924 0.348801 0.023901
3 0.282099 0.617168 0.348801 0.023901
3 0.187822 0.640158 0.158858 0.020407
0 0.268351 0.553651 0.412838 0.199921
1 0.093162 0.676910 0.042267 0.019511
2 0.159808 0.675684 0.078923 0.020185
3 0.336442 0.673060 0.253829 0.022154
3 0.189681 0.697016 0.158858 0.020407
0 0.272642 0.684862 0.407975 0.051216
1 0.094878 0.729395 0.042267 0.019511
2 0.169023 0.728031 0.093918 0.020461
3 0.345240 0.725414 0.238001 0.021863
3 0.286369 0.747753 0.348801 0.023901
3 0.287064 0.768997 0.348801 0.023901
3 0.129473 0.793152 0.032229 0.018077
0 0.275054 0.758590 0.409364 0.093703
1 0.118709 0.820859 0.083921 0.020277
2 0.210348 0.819173 0.087254 0.020338
3 0.369487 0.816871 0.210509 0.021357
3 0.289373 0.839601 0.348801 0.023901
3 0.295066 0.860752 0.358798 0.024085
3 0.140391 0.884854 0.048058 0.018368
0 0.278057 0.850437 0.409364 0.093703
1 0.540562 0.083504 0.042267 0.019511
2 0.595129 0.082500 0.054763 0.019741
0 0.719695 0.080834 0.407280 0.029972
1 0.541726 0.119118 0.042267 0.019511
2 0.613371 0.117800 0.088920 0.020369
3 0.792088 0.115138 0.247998 0.022046
3 0.590760 0.140098 0.063886 0.018659
0 0.721207 0.127070 0.407975 0.051216
1 0.543361 0.169103 0.042267 0.019511
2 0.605009 0.167969 0.068926 0.020001
3 0.784559 0.165291 0.269658 0.022445
3 0.734852 0.187462 0.348801 0.023901
3 0.740545 0.208614 0.358798 0.024085
3 0.741240 0.229857 0.358798 0.024085
3 0.705279 0.251775 0.285486 0.022736
0 0.723884 0.208920 0.410059 0.114947
1 0.557494 0.282627 0.063094 0.019894
2 0.619558 0.281486 0.048932 0.019633
3 0.789111 0.278992 0.269658 0.022445
3 0.588200 0.303944 0.048058 0.018368
0 0.726561 0.290770 0.407975 0.051216
1 0.559353 0.339485 0.063094 0.019894
2 0.630998 0.338167 0.068093 0.019986
0 0.728073 0.337007 0.407280 0.029972
1 0.570931 0.374908 0.083921 0.020277
2 0.650074 0.373452 0.062261 0.019878
3 0.770892 0.371855 0.158858 0.020407
0 0.729238 0.372621 0.407280 0.029972
1 0.561621 0.408839 0.063094 0.019894
2 0.622436 0.407721 0.046433 0.019587
3 0.779909 0.405449 0.247998 0.022046
0 0.730341 0.406361 0.407280 0.029972
1 0.573200 0.444262 0.083921 0.020277
2 0.649010 0.442867 0.055596 0.019756
3 0.806067 0.440603 0.238001 0.021863
3 0.743864 0.463004 0.348801 0.023901
3 0.744559 0.484248 0.348801 0.023901
3 0.745253 0.505491 0.348801 0.023901
3 0.745948 0.526735 0.348801 0.023901
3 0.667500 0.549434 0.190515 0.020989
0 0.733243 0.495084 0.410754 0.136190
1 0.577613 0.579221 0.083921 0.020277
2 0.661338 0.577681 0.071425 0.020047
3 0.818395 0.575417 0.222172 0.021571
3 0.621649 0.600293 0.095544 0.019242
0 0.736267 0.587556 0.407975 0.051216
1 0.579166 0.626707 0.083921 0.020277
2 0.662475 0.625175 0.070592 0.020032
3 0.819115 0.622918 0.222172 0.021571
3 0.749831 0.645449 0.348801 0.023901
3 0.750525 0.666693 0.348801 0.023901
3 0.743306 0.688082 0.332972 0.023610
0 0.738515 0.656286 0.409364 0.093703
1 0.572002 0.726244 0.063094 0.019894
2 0.650312 0.724803 0.081422 0.020231
3 0.820281 0.722302 0.238001 0.021863
3 0.753080 0.744794 0.348801 0.023901
3 0.640059 0.768130 0.121369 0.019717
0 0.741416 0.745009 0.408670 0.072459
1 0.574413 0.799972 0.063094 0.019894
2 0.654389 0.798500 0.084754 0.020292
3 0.818110 0.796114 0.222172 0.021571
3 0.597205 0.821434 0.032229 0.018077
0 0.743480 0.808115 0.407975 0.051216
1 0.565757 0.853897 0.042267 0.019511
2 0.619074 0.852916 0.052264 0.019695
3 0.798208 0.850246 0.285486 0.022736
3 0.757248 0.872256 0.348801 0.023901
3 0.757943 0.893500 0.348801 0.023901
3 0.758638 0.914743 0.348801 0.023901
3 0.759332 0.935987 0.348801 0.023901
3 0.765026 0.957138 0.358798 0.024085
3 0.760722 0.978474 0.348801 0.023901
3 0.766415 0.999626 0.358798 0.024085
0 0.747322 0.925580 0.412143 0.178677
