3 0.502723 0.038769 0.994555 0.031799
0 0.092541 0.081587 0.041892 0.019033
1 0.160038 0.082046 0.080223 0.019293
2 0.318774 0.083751 0.216036 0.018967
0 0.092126 0.115961 0.041892 0.019033
1 0.153790 0.116380 0.068557 0.019214
2 0.333358 0.118226 0.269367 0.019329
2 0.224356 0.138736 0.231869 0.019075
0 0.091438 0.172834 0.041892 0.019033
1 0.160185 0.173301 0.082723 0.019310
2 0.338920 0.175141 0.253534 0.019222
2 0.281999 0.196005 0.348531 0.019868
2 0.286742 0.217288 0.358530 0.019936
2 0.281485 0.238503 0.348531 0.019868
2 0.281228 0.259753 0.348531 0.019868
2 0.122645 0.279925 0.031877 0.017715
0 0.100253 0.305399 0.062724 0.019174
1 0.164417 0.305835 0.052724 0.019106
0 0.110291 0.336718 0.083557 0.019316
1 0.197787 0.337313 0.078557 0.019282
2 0.350690 0.338978 0.206036 0.018899
2 0.282103 0.359763 0.352697 0.019896
2 0.279763 0.380998 0.348531 0.019868
2 0.279506 0.402247 0.348531 0.019868
2 0.279249 0.423496 0.348531 0.019868
2 0.278992 0.444745 0.348531 0.019868
2 0.278735 0.465994 0.348531 0.019868
2 0.223064 0.486866 0.237702 0.019114
0 0.097737 0.513515 0.062724 0.019174
1 0.171067 0.514014 0.071057 0.019231
2 0.336053 0.515761 0.237702 0.019114
2 0.127471 0.535593 0.047710 0.017822
0 0.097057 0.569763 0.062724 0.019174
1 0.177470 0.570310 0.085223 0.019327
2 0.341623 0.572051 0.221869 0.019007
2 0.166373 0.592110 0.126873 0.018361
0 0.096445 0.620386 0.062724 0.019174
1 0.164359 0.620848 0.060224 0.019157
2 0.328928 0.622592 0.247701 0.019182
2 0.157845 0.642679 0.111040 0.018253
0 0.106249 0.671080 0.083557 0.019316
1 0.198745 0.671709 0.088556 0.019350
2 0.356648 0.673407 0.206036 0.018899
2 0.109735 0.692979 0.016044 0.017607
0 0.105569 0.727327 0.083557 0.019316
1 0.186399 0.727877 0.065224 0.019191
0 0.094753 0.760380 0.062724 0.019174
1 0.171833 0.760904 0.078557 0.019282
2 0.340568 0.762677 0.237702 0.019114
2 0.108654 0.782351 0.016044 0.017607
0 0.083649 0.817182 0.041892 0.019033
1 0.154479 0.817664 0.086890 0.019339
0 0.104156 0.844198 0.083557 0.019316
1 0.182070 0.844727 0.059391 0.019152
2 0.338306 0.846415 0.231869 0.019075
2 0.273885 0.867228 0.348531 0.019868
2 0.273628 0.888477 0.348531 0.019868
2 0.273371 0.909726 0.348531 0.019868
2 0.273114 0.930975 0.348531 0.019868
2 0.277857 0.952258 0.358530 0.019936
2 0.272601 0.973473 0.348531 0.019868
2 0.153599 0.992394 0.111040 0.015212
0 0.580021 0.084902 0.083557 0.019316
1 0.659184 0.085440 0.061891 0.019169
2 0.819587 0.087156 0.237702 0.019114
2 0.615172 0.107017 0.079375 0.018038
0 0.558614 0.132258 0.041892 0.019033
1 0.630278 0.132746 0.088556 0.019350
0 0.568698 0.159828 0.062724 0.019174
1 0.637029 0.160293 0.061057 0.019163
2 0.804931 0.162059 0.253534 0.019222
2 0.748843 0.182929 0.348531 0.019868
2 0.748586 0.204178 0.348531 0.019868
2 0.748329 0.225427 0.348531 0.019868
2 0.748072 0.246676 0.348531 0.019868
2 0.752815 0.267959 0.358530 0.019936
2 0.747559 0.289175 0.348531 0.019868
2 0.581059 0.309293 0.016044 0.017607
0 0.576984 0.336142 0.083557 0.019316
1 0.655731 0.336677 0.061057 0.019163
0 0.576561 0.371140 0.083557 0.019316
1 0.651558 0.371650 0.053558 0.019112
2 0.807794 0.373338 0.237702 0.019114
2 0.648377 0.393505 0.152705 0.018536
0 0.555124 0.420997 0.041892 0.019033
1 0.614288 0.421399 0.063557 0.019180
2 0.793440 0.423242 0.273534 0.019358
2 0.666522 0.443630 0.190204 0.018791
0 0.564868 0.476690 0.062724 0.019174
1 0.656531 0.477313 0.107722 0.019480
2 0.821100 0.479057 0.200203 0.018859
2 0.745013 0.499791 0.348531 0.019868
2 0.744756 0.521040 0.348531 0.019868
2 0.744499 0.542289 0.348531 0.019868
2 0.680911 0.563108 0.221869 0.019007
0 0.553031 0.594114 0.041892 0.019033
1 0.613029 0.594522 0.065224 0.019191
2 0.790931 0.596357 0.269367 0.019329
2 0.577349 0.616156 0.016044 0.017607
0 0.562783 0.649183 0.062724 0.019174
1 0.640696 0.649713 0.080223 0.019293
2 0.794432 0.651383 0.206036 0.018899
0 0.551989 0.680361 0.041892 0.019033
1 0.629902 0.680891 0.101056 0.019435
0 0.562042 0.710431 0.062724 0.019174
1 0.634956 0.710926 0.070224 0.019225
0 0.551248 0.741608 0.041892 0.019033
1 0.599163 0.741934 0.041058 0.019027
2 0.772898 0.743741 0.285200 0.019437
2 0.599315 0.763811 0.063542 0.017930
0 0.550651 0.790981 0.041892 0.019033
1 0.608149 0.791372 0.060224 0.019157
2 0.783551 0.793190 0.269367 0.019329
2 0.677882 0.813722 0.221869 0.019007
0 0.550032 0.842229 0.041892 0.019033
1 0.621696 0.842717 0.088556 0.019350
2 0.795431 0.844523 0.237702 0.019114
2 0.582266 0.864324 0.031877 0.017715
