0 0.26666666666666666 0.120625 0.4 0.09125
0 0.26666666666666666 0.205625 0.4 0.04375
0 0.26666666666666666 0.266875 0.4 0.04375
0 0.26666666666666666 0.328125 0.4 0.04375
0 0.26666666666666666 0.3775 0.4 0.02
0 0.26666666666666666 0.426875 0.4 0.04375
0 0.26666666666666666 0.5 0.4 0.0675
0 0.26666666666666666 0.596875 0.4 0.09125
0 0.26666666666666666 0.681875 0.4 0.04375
0 0.26666666666666666 0.743125 0.4 0.04375
0 0.26666666666666666 0.851875 0.4 0.13875
0 0.7333333333333333 0.096875 0.4 0.04375
0 0.7333333333333333 0.158125 0.4 0.04375
0 0.7333333333333333 0.219375 0.4 0.04375
0 0.7333333333333333 0.31625 0.4 0.115
0 0.7333333333333333 0.425 0.4 0.0675
0 0.7333333333333333 0.498125 0.4 0.04375
0 0.7333333333333333 0.583125 0.4 0.09125
0 0.7333333333333333 0.715625 0.4 0.13875
0 0.7333333333333333 0.848125 0.4 0.09125
