1 0.171667 0.085938 0.061667 0.021875
0 0.266667 0.085938 0.400000 0.021875
1 0.192083 0.115312 0.102500 0.021875
0 0.266667 0.162188 0.400000 0.115625
1 0.185417 0.239063 0.135833 0.021875
0 0.266667 0.285938 0.400000 0.115625
1 0.206667 0.366563 0.131667 0.021875
0 0.266667 0.375937 0.400000 0.040625
1 0.172083 0.416563 0.109167 0.021875
0 0.266667 0.472813 0.400000 0.134375
1 0.154167 0.559688 0.073333 0.021875
0 0.266667 0.597187 0.400000 0.096875
1 0.196667 0.667813 0.065000 0.021875
0 0.266667 0.695937 0.400000 0.078125
1 0.167917 0.757812 0.100833 0.021875
0 0.266667 0.767188 0.400000 0.040625
1 0.190000 0.807813 0.051667 0.021875
0 0.266667 0.845313 0.400000 0.096875
1 0.194167 0.913438 0.106667 0.021875
0 0.266667 0.922813 0.400000 0.040625
1 0.611250 0.085938 0.054167 0.021875
0 0.733333 0.085938 0.400000 0.021875
1 0.692917 0.118438 0.124167 0.021875
0 0.733333 0.127812 0.400000 0.040625
1 0.632500 0.165937 0.050000 0.021875
0 0.733333 0.203437 0.400000 0.096875
1 0.681250 0.275313 0.100833 0.021875
0 0.733333 0.275313 0.400000 0.021875
1 0.681667 0.307188 0.101667 0.021875
0 0.733333 0.363438 0.400000 0.134375
1 0.662500 0.450313 0.110000 0.021875
0 0.733333 0.459688 0.400000 0.040625
1 0.672917 0.497188 0.130833 0.021875
0 0.733333 0.497188 0.400000 0.021875
1 0.615417 0.527188 0.062500 0.021875
0 0.733333 0.527188 0.400000 0.021875
1 0.660000 0.559688 0.058333 0.021875
0 0.733333 0.559688 0.400000 0.021875
1 0.651667 0.587812 0.088333 0.021875
0 0.733333 0.597187 0.400000 0.040625
1 0.697917 0.639062 0.134167 0.021875
0 0.733333 0.648438 0.400000 0.040625
1 0.628750 0.688438 0.089167 0.021875
0 0.733333 0.707187 0.400000 0.059375
1 0.636250 0.758437 0.057500 0.021875
0 0.733333 0.758437 0.400000 0.021875
1 0.678750 0.790312 0.142500 0.021875
0 0.733333 0.799687 0.400000 0.040625
1 0.633333 0.839688 0.051667 0.021875
0 0.733333 0.849063 0.400000 0.040625
1 0.616250 0.890312 0.064167 0.021875
0 0.733333 0.899687 0.400000 0.040625
