1 0.172083 0.085938 0.109167 0.021875
0 0.266667 0.085938 0.400000 0.021875
1 0.162083 0.114687 0.089167 0.021875
0 0.266667 0.114687 0.400000 0.021875
1 0.180833 0.144687 0.126667 0.021875
0 0.266667 0.144687 0.400000 0.021875
1 0.192917 0.175937 0.104167 0.021875
0 0.266667 0.175937 0.400000 0.021875
1 0.200417 0.208437 0.119167 0.021875
0 0.266667 0.217812 0.400000 0.040625
1 0.167917 0.256563 0.054167 0.021875
0 0.266667 0.284687 0.400000 0.078125
1 0.150000 0.340938 0.065000 0.021875
0 0.266667 0.350313 0.400000 0.040625
1 0.228333 0.393437 0.128333 0.021875
0 0.266667 0.393437 0.400000 0.021875
1 0.191667 0.422812 0.148333 0.021875
0 0.266667 0.422812 0.400000 0.021875
1 0.167917 0.457188 0.100833 0.021875
0 0.266667 0.485312 0.400000 0.078125
1 0.184583 0.547188 0.087500 0.021875
0 0.266667 0.556562 0.400000 0.040625
1 0.212083 0.594063 0.095833 0.021875
0 0.266667 0.594063 0.400000 0.021875
1 0.200000 0.624062 0.118333 0.021875
0 0.266667 0.624062 0.400000 0.021875
1 0.160417 0.657813 0.085833 0.021875
0 0.266667 0.657813 0.400000 0.021875
1 0.225833 0.686562 0.123333 0.021875
0 0.266667 0.686562 0.400000 0.021875
1 0.186667 0.715313 0.091667 0.021875
0 0.266667 0.715313 0.400000 0.021875
1 0.146250 0.747188 0.057500 0.021875
0 0.266667 0.747188 0.400000 0.021875
1 0.182083 0.775937 0.082500 0.021875
0 0.266667 0.813438 0.400000 0.096875
1 0.152500 0.882812 0.070000 0.021875
0 0.266667 0.910937 0.400000 0.078125
1 0.688750 0.085938 0.115833 0.021875
0 0.733333 0.085938 0.400000 0.021875
1 0.640000 0.119688 0.111667 0.021875
0 0.733333 0.119688 0.400000 0.021875
1 0.659583 0.153438 0.104167 0.021875
0 0.733333 0.153438 0.400000 0.021875
1 0.635000 0.186562 0.055000 0.021875
0 0.733333 0.186562 0.400000 0.021875
1 0.637917 0.219062 0.107500 0.021875
0 0.733333 0.247188 0.400000 0.078125
1 0.714167 0.308437 0.166667 0.021875
0 0.733333 0.317812 0.400000 0.040625
1 0.653333 0.360938 0.138333 0.021875
0 0.733333 0.407813 0.400000 0.115625
1 0.632083 0.487812 0.095833 0.021875
0 0.733333 0.487812 0.400000 0.021875
1 0.677083 0.517188 0.139167 0.021875
0 0.733333 0.554688 0.400000 0.096875
1 0.659583 0.621563 0.057500 0.021875
0 0.733333 0.630938 0.400000 0.040625
1 0.620000 0.668438 0.071667 0.021875
0 0.733333 0.668438 0.400000 0.021875
1 0.647083 0.700937 0.079167 0.021875
0 0.733333 0.710313 0.400000 0.040625
1 0.657083 0.748437 0.099167 0.021875
0 0.733333 0.757812 0.400000 0.040625
1 0.630417 0.795312 0.092500 0.021875
0 0.733333 0.804688 0.400000 0.040625
1 0.634167 0.845313 0.053333 0.021875
0 0.733333 0.854688 0.400000 0.040625
1 0.687083 0.897813 0.112500 0.021875
0 0.733333 0.907188 0.400000 0.040625
