3 0.502400 0.032515 0.995200 0.030914
0 0.091884 0.081948 0.041863 0.018996
1 0.150632 0.082295 0.062695 0.019119
2 0.324370 0.083948 0.263509 0.019057
2 0.282481 0.104951 0.348507 0.019560
2 0.282257 0.126200 0.348507 0.019560
2 0.247452 0.147245 0.279342 0.019151
0 0.111770 0.172068 0.083528 0.019242
1 0.190101 0.172532 0.060195 0.019104
2 0.325923 0.173960 0.190178 0.018623
0 0.101005 0.205131 0.062695 0.019119
1 0.168086 0.205528 0.058529 0.019094
2 0.263493 0.206717 0.111014 0.018155
0 0.090293 0.233193 0.041863 0.018996
1 0.157791 0.233592 0.080195 0.019223
2 0.335279 0.235267 0.253509 0.018998
2 0.280890 0.256196 0.348507 0.019560
2 0.169837 0.276790 0.126847 0.018249
0 0.089524 0.306316 0.041863 0.018996
1 0.155772 0.306708 0.077695 0.019208
2 0.332010 0.308375 0.253509 0.018998
2 0.121793 0.328382 0.031850 0.017687
0 0.109772 0.362062 0.083528 0.019242
1 0.198102 0.362585 0.080195 0.019223
0 0.088604 0.393813 0.041863 0.018996
1 0.153602 0.394198 0.075195 0.019193
0 0.098724 0.421999 0.062695 0.019119
1 0.172472 0.422435 0.071862 0.019173
2 0.337877 0.424039 0.237677 0.018904
2 0.247240 0.444753 0.285175 0.019185
0 0.087802 0.470061 0.041863 0.018996
1 0.154467 0.470455 0.078528 0.019213
0 0.108332 0.498933 0.083528 0.019242
1 0.189996 0.499416 0.066862 0.019144
0 0.107971 0.533307 0.083528 0.019242
1 0.204218 0.533876 0.096028 0.019316
2 0.357957 0.535411 0.190178 0.018623
2 0.277736 0.556187 0.348507 0.019560
2 0.253763 0.577296 0.301008 0.019279
0 0.096746 0.610118 0.062695 0.019119
1 0.162577 0.610508 0.056029 0.019080
0 0.106788 0.645804 0.083528 0.019242
1 0.191369 0.646304 0.072695 0.019178
0 0.085627 0.676929 0.041863 0.018996
1 0.140625 0.677255 0.055195 0.019075
0 0.095701 0.709490 0.062695 0.019119
1 0.170699 0.709934 0.074362 0.019188
2 0.334437 0.711527 0.231843 0.018870
2 0.280882 0.732461 0.358506 0.019619
2 0.251909 0.753540 0.301008 0.019279
0 0.094906 0.785113 0.062695 0.019119
1 0.171987 0.785569 0.078528 0.019213
2 0.340725 0.787192 0.237677 0.018904
2 0.275087 0.808054 0.348507 0.019560
2 0.274863 0.829304 0.348507 0.019560
2 0.279640 0.850582 0.358506 0.019619
2 0.274416 0.871802 0.348507 0.019560
2 0.107948 0.892068 0.016017 0.017593
0 0.568952 0.084770 0.062695 0.019119
1 0.640200 0.085191 0.066862 0.019144
2 0.811021 0.086827 0.253509 0.018998
2 0.749133 0.107711 0.348507 0.019560
2 0.748910 0.128961 0.348507 0.019560
2 0.748686 0.150210 0.348507 0.019560
2 0.613883 0.170663 0.079348 0.017968
0 0.557307 0.201580 0.041863 0.018996
1 0.634388 0.202036 0.099361 0.019336
2 0.813542 0.203720 0.237677 0.018904
2 0.708322 0.224349 0.269342 0.019092
0 0.577567 0.256076 0.083528 0.019242
1 0.652149 0.256517 0.052696 0.019060
2 0.792138 0.257971 0.206011 0.018717
0 0.577206 0.290450 0.083528 0.019242
1 0.653037 0.290899 0.055195 0.019075
2 0.810109 0.292453 0.237677 0.018904
2 0.588642 0.312394 0.031850 0.017687
0 0.555802 0.344700 0.041863 0.018996
1 0.605383 0.344994 0.044362 0.019011
2 0.785788 0.346686 0.295175 0.019244
2 0.690984 0.367376 0.237677 0.018904
0 0.565692 0.394760 0.062695 0.019119
1 0.625274 0.395113 0.043529 0.019006
2 0.792345 0.396726 0.269342 0.019092
2 0.745873 0.417702 0.348507 0.019560
2 0.745650 0.438951 0.348507 0.019560
2 0.745426 0.460201 0.348507 0.019560
2 0.666038 0.480982 0.190178 0.018623
0 0.564502 0.507882 0.062695 0.019119
1 0.639500 0.508325 0.074362 0.019188
2 0.806155 0.509936 0.237677 0.018904
2 0.678436 0.530431 0.216011 0.018776
0 0.574386 0.558567 0.083528 0.019242
1 0.651051 0.559020 0.056862 0.019085
2 0.777290 0.560392 0.174345 0.018530
0 0.574051 0.590441 0.083528 0.019242
1 0.649882 0.590889 0.055195 0.019075
2 0.806954 0.592444 0.237677 0.018904
2 0.743816 0.613321 0.348507 0.019560
2 0.743592 0.634570 0.348507 0.019560
2 0.724620 0.655709 0.311008 0.019338
0 0.562675 0.681626 0.062695 0.019119
1 0.631423 0.682033 0.061862 0.019114
0 0.551970 0.709064 0.041863 0.018996
1 0.606135 0.709384 0.053529 0.019065
0 0.551661 0.738438 0.041863 0.018996
1 0.627492 0.738887 0.096861 0.019321
2 0.802480 0.740547 0.231843 0.018870
2 0.747258 0.761471 0.358506 0.019619
2 0.742035 0.782690 0.348507 0.019560
2 0.741811 0.803940 0.348507 0.019560
2 0.741588 0.825189 0.348507 0.019560
2 0.606785 0.845642 0.079348 0.017968
0 0.571008 0.879807 0.083528 0.019242
1 0.643506 0.880236 0.048529 0.019035
2 0.797245 0.881770 0.237677 0.018904
2 0.590361 0.901797 0.047683 0.017780
