0 0.26666666666666666 0.096875 0.4 0.04375
0 0.26666666666666666 0.158125 0.4 0.04375
0 0.26666666666666666 0.266875 0.4 0.13875
0 0.26666666666666666 0.399375 0.4 0.09125
0 0.26666666666666666 0.484375 0.4 0.04375
0 0.26666666666666666 0.545625 0.4 0.04375
0 0.26666666666666666 0.606875 0.4 0.04375
0 0.26666666666666666 0.70375 0.4 0.115
0 0.26666666666666666 0.8125 0.4 0.0675
0 0.26666666666666666 0.885625 0.4 0.04375
0 0.7333333333333333 0.085 0.4 0.02
0 0.7333333333333333 0.17 0.4 0.115
0 0.7333333333333333 0.3025 0.4 0.115
0 0.7333333333333333 0.3875 0.4 0.02
0 0.7333333333333333 0.436875 0.4 0.04375
0 0.7333333333333333 0.498125 0.4 0.04375
0 0.7333333333333333 0.583125 0.4 0.09125
0 0.7333333333333333 0.691875 0.4 0.09125
0 0.7333333333333333 0.8125 0.4 0.115
