1 0.197917 0.085938 0.114167 0.021875
0 0.266667 0.085938 0.400000 0.021875
1 0.167083 0.118438 0.099167 0.021875
0 0.266667 0.118438 0.400000 0.021875
1 0.171667 0.150312 0.061667 0.021875
0 0.266667 0.178437 0.400000 0.078125
1 0.198750 0.239687 0.069167 0.021875
0 0.266667 0.239687 0.400000 0.021875
1 0.185833 0.271562 0.090000 0.021875
0 0.266667 0.271562 0.400000 0.021875
1 0.187500 0.300312 0.093333 0.021875
0 0.266667 0.309688 0.400000 0.040625
1 0.237083 0.348438 0.145833 0.021875
0 0.266667 0.367188 0.400000 0.059375
1 0.207917 0.419063 0.087500 0.021875
0 0.266667 0.419063 0.400000 0.021875
1 0.189167 0.447813 0.143333 0.021875
0 0.266667 0.447813 0.400000 0.021875
1 0.194167 0.479063 0.106667 0.021875
0 0.266667 0.516563 0.400000 0.096875
1 0.204167 0.586562 0.080000 0.021875
0 0.266667 0.586562 0.400000 0.021875
1 0.150417 0.617188 0.065833 0.021875
0 0.266667 0.673438 0.400000 0.134375
1 0.231667 0.757812 0.135000 0.021875
0 0.266667 0.767188 0.400000 0.040625
1 0.207917 0.809688 0.087500 0.021875
0 0.266667 0.819063 0.400000 0.040625
1 0.233333 0.862812 0.138333 0.021875
0 0.266667 0.862812 0.400000 0.021875
1 0.164583 0.891563 0.094167 0.021875
0 0.266667 0.900937 0.400000 0.040625
1 0.681250 0.085938 0.147500 0.021875
0 0.733333 0.095312 0.400000 0.040625
1 0.680417 0.134063 0.145833 0.021875
0 0.733333 0.190312 0.400000 0.134375
1 0.626250 0.279687 0.084167 0.021875
0 0.733333 0.289062 0.400000 0.040625
1 0.636667 0.326562 0.105000 0.021875
0 0.733333 0.335938 0.400000 0.040625
1 0.669167 0.378437 0.076667 0.021875
0 0.733333 0.378437 0.400000 0.021875
1 0.631250 0.406562 0.094167 0.021875
0 0.733333 0.406562 0.400000 0.021875
1 0.678333 0.437188 0.095000 0.021875
0 0.733333 0.493437 0.400000 0.134375
1 0.650417 0.580313 0.085833 0.021875
0 0.733333 0.580313 0.400000 0.021875
1 0.647083 0.608437 0.125833 0.021875
0 0.733333 0.617812 0.400000 0.040625
1 0.658750 0.660937 0.102500 0.021875
0 0.733333 0.660937 0.400000 0.021875
1 0.641667 0.694063 0.068333 0.021875
0 0.733333 0.740938 0.400000 0.115625
1 0.635833 0.822187 0.103333 0.021875
0 0.733333 0.850313 0.400000 0.078125
1 0.631667 0.909687 0.095000 0.021875
0 0.733333 0.928438 0.400000 0.059375
