0 0.26666666666666666 0.096875 0.4 0.04375
0 0.26666666666666666 0.17 0.4 0.0675
0 0.26666666666666666 0.243125 0.4 0.04375
0 0.26666666666666666 0.328125 0.4 0.09125
0 0.26666666666666666 0.413125 0.4 0.04375
0 0.26666666666666666 0.474375 0.4 0.04375
0 0.26666666666666666 0.535625 0.4 0.04375
0 0.26666666666666666 0.620625 0.4 0.09125
0 0.26666666666666666 0.705625 0.4 0.04375
0 0.26666666666666666 0.766875 0.4 0.04375
0 0.26666666666666666 0.828125 0.4 0.04375
0 0.26666666666666666 0.925 0.4 0.115
0 0.7333333333333333 0.096875 0.4 0.04375
0 0.7333333333333333 0.19375 0.4 0.115
0 0.7333333333333333 0.290625 0.4 0.04375
0 0.7333333333333333 0.351875 0.4 0.04375
0 0.7333333333333333 0.44875 0.4 0.115
0 0.7333333333333333 0.545625 0.4 0.04375
0 0.7333333333333333 0.654375 0.4 0.13875
0 0.7333333333333333 0.763125 0.4 0.04375
0 0.7333333333333333 0.871875 0.4 0.13875
