1 0.095748 0.079841 0.042032 0.019211
2 0.144910 0.080387 0.043699 0.019229
3 0.324878 0.083010 0.295313 0.020773
3 0.286129 0.103832 0.348641 0.021365
3 0.285710 0.125080 0.348641 0.021365
3 0.285290 0.146328 0.348641 0.021365
3 0.284871 0.167575 0.348641 0.021365
3 0.284451 0.188823 0.348641 0.021365
3 0.284032 0.210071 0.348641 0.021365
3 0.249033 0.230934 0.279481 0.020597
0 0.273415 0.156822 0.410002 0.175746
1 0.092109 0.264196 0.042032 0.019211
2 0.145020 0.264783 0.051198 0.019312
3 0.292075 0.267041 0.221988 0.019959
0 0.271244 0.266810 0.407066 0.027012
1 0.091443 0.297942 0.042032 0.019211
2 0.141438 0.298497 0.045365 0.019248
0 0.270578 0.300556 0.407066 0.027012
1 0.090740 0.333563 0.042032 0.019211
2 0.138235 0.334091 0.040366 0.019192
0 0.269875 0.336177 0.407066 0.027012
1 0.090197 0.361060 0.042032 0.019211
2 0.149358 0.361717 0.063696 0.019451
3 0.247251 0.363429 0.111167 0.018729
0 0.269332 0.363674 0.407066 0.027012
1 0.099947 0.394922 0.062863 0.019442
2 0.168689 0.395685 0.062030 0.019433
0 0.268666 0.397421 0.407066 0.027012
1 0.099367 0.424294 0.062863 0.019442
2 0.160610 0.424974 0.047032 0.019266
3 0.329329 0.427472 0.269483 0.020486
3 0.192258 0.447203 0.174493 0.019432
0 0.267876 0.437416 0.407486 0.048260
1 0.098405 0.473039 0.062863 0.019442
2 0.164231 0.473769 0.056197 0.019368
0 0.267124 0.475537 0.407066 0.027012
1 0.108130 0.508150 0.083694 0.019673
2 0.195620 0.509122 0.078695 0.019618
3 0.348508 0.511444 0.206156 0.019783
3 0.230184 0.531383 0.253651 0.020311
0 0.266223 0.521157 0.407486 0.048260
1 0.096703 0.559279 0.062863 0.019442
2 0.167528 0.560066 0.066196 0.019479
3 0.337914 0.562582 0.253651 0.020311
3 0.276668 0.583155 0.348641 0.021365
3 0.281248 0.604458 0.358639 0.021476
3 0.275829 0.625650 0.348641 0.021365
3 0.204167 0.646107 0.206156 0.019783
0 0.264583 0.604273 0.408744 0.112003
1 0.104811 0.676257 0.083694 0.019673
2 0.184803 0.677145 0.063696 0.019451
3 0.338107 0.679472 0.221988 0.019959
3 0.203119 0.699226 0.206156 0.019783
0 0.262905 0.689264 0.407486 0.048260
1 0.082919 0.729770 0.042032 0.019211
2 0.160828 0.730635 0.101192 0.019867
0 0.262054 0.732384 0.407066 0.027012
1 0.103084 0.763747 0.083694 0.019673
2 0.178493 0.764585 0.054531 0.019349
3 0.335130 0.766949 0.237819 0.020135
3 0.272634 0.787507 0.348641 0.021365
3 0.272215 0.808755 0.348641 0.021365
3 0.271795 0.830003 0.348641 0.021365
3 0.271376 0.851250 0.348641 0.021365
3 0.270956 0.872498 0.348641 0.021365
3 0.270537 0.893746 0.348641 0.021365
3 0.270118 0.914993 0.348641 0.021365
3 0.150961 0.934923 0.111167 0.018729
0 0.259710 0.851121 0.410421 0.196994
1 0.562364 0.085022 0.042032 0.019211
2 0.632356 0.085799 0.085361 0.019692
3 0.812324 0.088422 0.253651 0.020311
3 0.694418 0.108366 0.231987 0.020070
0 0.741289 0.098260 0.407486 0.048260
1 0.571718 0.138882 0.062863 0.019442
2 0.638378 0.139622 0.057864 0.019386
0 0.740438 0.141380 0.407066 0.027012
1 0.571200 0.165129 0.062863 0.019442
2 0.649109 0.165994 0.080361 0.019636
3 0.818661 0.168501 0.237819 0.020135
3 0.656176 0.187950 0.158661 0.019256
0 0.739710 0.178251 0.407486 0.048260
1 0.580555 0.218989 0.083694 0.019673
2 0.649714 0.219756 0.042032 0.019211
3 0.808018 0.222139 0.253651 0.020311
0 0.738859 0.221371 0.407066 0.027012
1 0.559046 0.253128 0.042032 0.019211
2 0.611123 0.253707 0.049531 0.019294
0 0.738180 0.255742 0.407066 0.027012
1 0.579223 0.286481 0.083694 0.019673
2 0.657131 0.287346 0.059530 0.019405
0 0.737527 0.288864 0.407066 0.027012
1 0.578532 0.321477 0.083694 0.019673
2 0.658523 0.322365 0.063696 0.019451
3 0.811827 0.324693 0.221988 0.019959
3 0.673923 0.344414 0.200323 0.019718
0 0.736626 0.334484 0.407486 0.048260
1 0.567043 0.375731 0.062863 0.019442
2 0.648701 0.376637 0.087860 0.019719
3 0.814087 0.379099 0.221988 0.019959
3 0.683682 0.398903 0.221988 0.019959
0 0.735553 0.388853 0.407486 0.048260
1 0.555555 0.429984 0.042032 0.019211
2 0.625130 0.430757 0.084528 0.019682
3 0.804682 0.433375 0.253651 0.020311
3 0.745935 0.453975 0.348641 0.021365
3 0.745516 0.475223 0.348641 0.021365
3 0.745097 0.496471 0.348641 0.021365
3 0.670519 0.516895 0.200323 0.019718
0 0.733851 0.475093 0.408744 0.112003
1 0.553334 0.542472 0.042032 0.019211
2 0.612911 0.543133 0.064530 0.019460
0 0.732469 0.545086 0.407066 0.027012
1 0.573635 0.569575 0.083694 0.019673
2 0.648627 0.570408 0.053698 0.019340
3 0.804847 0.572767 0.237819 0.020135
3 0.743185 0.593335 0.348641 0.021365
3 0.742765 0.614583 0.348641 0.021365
3 0.742346 0.635830 0.348641 0.021365
3 0.741926 0.657078 0.348641 0.021365
3 0.746506 0.678381 0.358639 0.021476
3 0.717340 0.699310 0.301146 0.020838
0 0.730680 0.635701 0.409583 0.154498
1 0.570415 0.732682 0.083694 0.019673
2 0.643324 0.733492 0.049531 0.019294
3 0.802461 0.735884 0.247818 0.020246
3 0.605396 0.754948 0.079503 0.018377
0 0.728509 0.745689 0.407486 0.048260
1 0.559013 0.782561 0.062863 0.019442
2 0.636504 0.783422 0.079528 0.019627
3 0.805640 0.785925 0.237819 0.020135
3 0.738978 0.806437 0.348641 0.021365
3 0.738559 0.827684 0.348641 0.021365
3 0.611487 0.847526 0.095335 0.018553
0 0.727103 0.816931 0.408324 0.090755
1 0.557052 0.881925 0.062863 0.019442
2 0.624961 0.882679 0.060363 0.019414
3 0.792430 0.885164 0.253651 0.020311
3 0.634111 0.904658 0.142830 0.019080
0 0.725561 0.895047 0.407486 0.048260
