3 0.506476 0.033230 0.987047 0.040890
0 0.109752 0.078077 0.063016 0.019739
1 0.192234 0.079388 0.089677 0.020163
2 0.355513 0.082609 0.216279 0.020927
2 0.139128 0.100424 0.047984 0.018251
0 0.108145 0.134939 0.063016 0.019739
1 0.182295 0.136118 0.073014 0.019898
2 0.348074 0.139379 0.237941 0.021271
2 0.279988 0.159551 0.332920 0.022782
0 0.096318 0.184762 0.042187 0.019408
1 0.159637 0.185769 0.072180 0.019885
2 0.334997 0.189182 0.257937 0.021589
2 0.215256 0.208533 0.206282 0.020768
0 0.105160 0.240540 0.063016 0.019739
1 0.167230 0.241527 0.048852 0.019514
2 0.320927 0.244596 0.237941 0.021271
0 0.114603 0.275073 0.083844 0.020070
1 0.203333 0.276484 0.081345 0.020031
0 0.092785 0.309734 0.042187 0.019408
1 0.149856 0.310642 0.059683 0.019686
2 0.324799 0.314048 0.269601 0.021775
2 0.132575 0.332247 0.047984 0.018251
0 0.091425 0.357848 0.042187 0.019408
1 0.148079 0.358749 0.058850 0.019673
2 0.327605 0.362229 0.279599 0.021934
2 0.286597 0.382831 0.358747 0.023192
2 0.280997 0.403997 0.348750 0.023033
2 0.285396 0.425322 0.358747 0.023192
2 0.279796 0.446488 0.348750 0.023033
2 0.284194 0.467812 0.358747 0.023192
2 0.278595 0.488978 0.348750 0.023033
2 0.143441 0.508084 0.079643 0.018755
0 0.096806 0.536099 0.063016 0.019739
1 0.176371 0.537364 0.083844 0.020070
2 0.344649 0.540665 0.232109 0.021179
2 0.134096 0.558572 0.063814 0.018503
0 0.105790 0.586878 0.083844 0.020070
1 0.179106 0.588044 0.050519 0.019541
2 0.333637 0.591126 0.237941 0.021271
2 0.275133 0.611451 0.348750 0.023033
2 0.279532 0.632775 0.358747 0.023192
2 0.278931 0.654020 0.358747 0.023192
2 0.278331 0.675266 0.358747 0.023192
2 0.146093 0.694418 0.095473 0.019006
0 0.091507 0.723557 0.063016 0.019739
1 0.161908 0.724676 0.065515 0.019779
2 0.328936 0.727957 0.247939 0.021430
2 0.200031 0.747162 0.206282 0.020768
0 0.090130 0.772296 0.063016 0.019739
1 0.147200 0.773203 0.038855 0.019355
2 0.311729 0.776444 0.269601 0.021775
2 0.198654 0.795901 0.206282 0.020768
0 0.078108 0.828992 0.042187 0.019408
1 0.137261 0.829933 0.063849 0.019753
2 0.314287 0.833373 0.269601 0.021775
2 0.268280 0.853896 0.348750 0.023033
2 0.267680 0.875141 0.348750 0.023033
2 0.267079 0.896387 0.348750 0.023033
2 0.266479 0.917632 0.348750 0.023033
2 0.265878 0.938877 0.348750 0.023033
2 0.201959 0.959115 0.222111 0.021020
0 0.586729 0.085661 0.083844 0.020070
1 0.674626 0.087058 0.079679 0.020004
0 0.565158 0.111574 0.042187 0.019408
1 0.625561 0.112534 0.066348 0.019792
2 0.772177 0.115490 0.206282 0.020768
0 0.564416 0.137818 0.042187 0.019408
1 0.615238 0.138626 0.047186 0.019488
2 0.791848 0.142059 0.285431 0.022026
2 0.707099 0.161966 0.253771 0.021523
0 0.573329 0.191096 0.063016 0.019739
1 0.636648 0.192103 0.051352 0.019554
2 0.807426 0.195443 0.269601 0.021775
2 0.753087 0.215834 0.348750 0.023033
2 0.752487 0.237079 0.348750 0.023033
2 0.751886 0.258325 0.348750 0.023033
2 0.751286 0.279570 0.348750 0.023033
2 0.750685 0.300815 0.348750 0.023033
2 0.694680 0.321179 0.237941 0.021271
0 0.568843 0.349811 0.063016 0.019739
1 0.644659 0.351016 0.076346 0.019951
2 0.812104 0.354304 0.237941 0.021271
2 0.748601 0.374549 0.348750 0.023033
2 0.752999 0.395873 0.358747 0.023192
2 0.747400 0.417039 0.348750 0.023033
2 0.723055 0.437907 0.301260 0.022278
0 0.575849 0.470574 0.083844 0.020070
1 0.653331 0.471806 0.058850 0.019673
2 0.788283 0.474577 0.190452 0.020516
0 0.574842 0.506191 0.083844 0.020070
1 0.658990 0.507529 0.072180 0.019885
2 0.816437 0.510657 0.222111 0.021020
2 0.744185 0.530764 0.348750 0.023033
2 0.732754 0.551837 0.327088 0.022689
0 0.562432 0.576635 0.063016 0.019739
1 0.621585 0.577575 0.043020 0.019421
2 0.788197 0.580849 0.269601 0.021775
2 0.742190 0.601373 0.348750 0.023033
2 0.741589 0.622618 0.348750 0.023033
2 0.740989 0.643863 0.348750 0.023033
2 0.590005 0.662717 0.047984 0.018251
0 0.569508 0.694899 0.083844 0.020070
1 0.656572 0.696283 0.078012 0.019978
0 0.568660 0.724892 0.083844 0.020070
1 0.646976 0.726137 0.060516 0.019700
2 0.806506 0.729299 0.237941 0.021271
2 0.738004 0.749464 0.348750 0.023033
2 0.742402 0.770789 0.358747 0.023192
2 0.641824 0.790445 0.158792 0.020013
0 0.555455 0.823454 0.063016 0.019739
1 0.629605 0.824633 0.073014 0.019898
2 0.795383 0.827894 0.237941 0.021271
2 0.740212 0.848272 0.358747 0.023192
2 0.734613 0.869437 0.348750 0.023033
2 0.734012 0.890683 0.348750 0.023033
2 0.733411 0.911928 0.348750 0.023033
2 0.709066 0.932796 0.301260 0.022278
