3 0.494966 0.032564 0.989933 0.037359
0 0.088837 0.089402 0.062904 0.019520
1 0.153828 0.088598 0.054571 0.019417
2 0.318403 0.087189 0.253684 0.020629
2 0.253879 0.109239 0.317008 0.021412
0 0.100475 0.144891 0.083734 0.019778
1 0.176714 0.143948 0.056238 0.019438
0 0.075817 0.179575 0.032908 0.019149
1 0.126227 0.178952 0.055405 0.019427
2 0.307049 0.177341 0.285346 0.021021
2 0.129207 0.200793 0.063709 0.018281
0 0.091928 0.230008 0.062904 0.019520
1 0.177333 0.228952 0.095399 0.019922
0 0.082213 0.262007 0.042073 0.019263
1 0.148454 0.261188 0.077902 0.019706
2 0.305946 0.259866 0.216189 0.020166
0 0.082817 0.289504 0.042073 0.019263
1 0.131977 0.288896 0.043740 0.019283
2 0.306967 0.287357 0.285346 0.021021
2 0.279105 0.308955 0.358669 0.021927
2 0.274572 0.330264 0.348671 0.021804
2 0.280039 0.351449 0.358669 0.021927
2 0.275506 0.372758 0.348671 0.021804
2 0.173071 0.395277 0.142865 0.019259
0 0.106628 0.424853 0.083734 0.019778
1 0.199532 0.423704 0.089567 0.019850
2 0.357858 0.422372 0.206190 0.020042
2 0.277086 0.444623 0.348671 0.021804
2 0.277553 0.465870 0.348671 0.021804
2 0.283019 0.487056 0.358669 0.021927
2 0.223078 0.509050 0.237852 0.020434
0 0.109073 0.536088 0.083734 0.019778
1 0.187396 0.535119 0.060404 0.019489
2 0.346971 0.533771 0.237852 0.020434
2 0.239953 0.556347 0.269515 0.020825
0 0.099908 0.593084 0.062904 0.019520
1 0.179897 0.592095 0.084567 0.019788
2 0.319892 0.590989 0.174528 0.019651
0 0.100677 0.628079 0.062904 0.019520
1 0.174001 0.627172 0.071236 0.019623
2 0.338992 0.625757 0.237852 0.020434
2 0.281550 0.647721 0.348671 0.021804
2 0.218692 0.669751 0.222021 0.020238
0 0.091842 0.700073 0.042073 0.019263
1 0.166831 0.699146 0.095399 0.019922
2 0.340988 0.697618 0.232020 0.020361
2 0.172311 0.720956 0.127034 0.019063
0 0.092899 0.748191 0.042073 0.019263
1 0.139976 0.747609 0.039573 0.019232
2 0.320799 0.745999 0.301177 0.021217
2 0.197116 0.768781 0.174528 0.019651
0 0.104564 0.804930 0.062904 0.019520
1 0.174555 0.804064 0.064570 0.019541
2 0.312467 0.802984 0.190359 0.019846
0 0.105320 0.839300 0.062904 0.019520
1 0.170311 0.838497 0.054571 0.019417
2 0.334886 0.837087 0.253684 0.020629
2 0.291192 0.858880 0.358669 0.021927
2 0.286660 0.880189 0.348671 0.021804
2 0.287127 0.901436 0.348671 0.021804
2 0.160944 0.924249 0.095372 0.018672
0 0.545025 0.083762 0.042073 0.019263
1 0.591269 0.083190 0.037907 0.019211
0 0.566433 0.109751 0.083734 0.019778
1 0.636423 0.108885 0.043740 0.019283
2 0.795582 0.107543 0.253684 0.020629
2 0.633988 0.130793 0.142865 0.019259
0 0.567504 0.158494 0.083734 0.019778
1 0.655825 0.157402 0.080401 0.019736
2 0.777906 0.156518 0.142865 0.019259
0 0.568259 0.192864 0.083734 0.019778
1 0.651998 0.191829 0.071236 0.019623
2 0.809074 0.190512 0.222021 0.020238
2 0.738717 0.212635 0.348671 0.021804
2 0.739184 0.233882 0.348671 0.021804
2 0.744650 0.255067 0.358669 0.021927
2 0.740118 0.276376 0.348671 0.021804
2 0.740585 0.297623 0.348671 0.021804
2 0.741052 0.318871 0.348671 0.021804
2 0.741519 0.340118 0.348671 0.021804
2 0.662830 0.362343 0.190359 0.019846
0 0.572696 0.394712 0.083734 0.019778
1 0.666017 0.393558 0.090400 0.019860
2 0.824759 0.392221 0.206190 0.020042
2 0.592757 0.416342 0.047878 0.018085
0 0.553019 0.447462 0.042073 0.019263
1 0.601346 0.446865 0.042073 0.019263
0 0.553747 0.480583 0.042073 0.019263
1 0.611656 0.479867 0.061237 0.019499
2 0.787479 0.478318 0.269515 0.020825
2 0.750035 0.500034 0.358669 0.021927
2 0.745502 0.521343 0.348671 0.021804
2 0.666814 0.543569 0.190359 0.019846
0 0.555917 0.579320 0.042073 0.019263
1 0.612160 0.578624 0.057904 0.019458
2 0.786317 0.577096 0.269515 0.020825
2 0.747206 0.598832 0.348671 0.021804
2 0.747673 0.620080 0.348671 0.021804
2 0.748140 0.641327 0.348671 0.021804
2 0.748607 0.662574 0.348671 0.021804
2 0.717411 0.684212 0.285346 0.021021
0 0.579715 0.714044 0.083734 0.019778
1 0.654288 0.713122 0.052905 0.019396
0 0.570028 0.747293 0.062904 0.019520
1 0.650850 0.746294 0.086234 0.019809
2 0.815425 0.744884 0.222021 0.020238
2 0.755900 0.766873 0.358669 0.021927
2 0.751367 0.788182 0.348671 0.021804
2 0.756834 0.809367 0.358669 0.021927
2 0.752302 0.830676 0.348671 0.021804
2 0.757768 0.851861 0.358669 0.021927
2 0.618670 0.874834 0.079541 0.018476
