0 0.26666666666666666 0.096875 0.4 0.04375
0 0.26666666666666666 0.158125 0.4 0.04375
0 0.26666666666666666 0.219375 0.4 0.04375
0 0.26666666666666666 0.280625 0.4 0.04375
0 0.26666666666666666 0.341875 0.4 0.04375
0 0.26666666666666666 0.39125 0.4 0.02
0 0.26666666666666666 0.440625 0.4 0.04375
0 0.26666666666666666 0.525625 0.4 0.09125
0 0.26666666666666666 0.6225 0.4 0.0675
0 0.26666666666666666 0.695625 0.4 0.04375
0 0.26666666666666666 0.780625 0.4 0.09125
0 0.26666666666666666 0.913125 0.4 0.13875
0 0.7333333333333333 0.120625 0.4 0.09125
0 0.7333333333333333 0.205625 0.4 0.04375
0 0.7333333333333333 0.290625 0.4 0.09125
0 0.7333333333333333 0.375625 0.4 0.04375
0 0.7333333333333333 0.436875 0.4 0.04375
0 0.7333333333333333 0.521875 0.4 0.09125
0 0.7333333333333333 0.606875 0.4 0.04375
0 0.7333333333333333 0.691875 0.4 0.09125
0 0.7333333333333333 0.800625 0.4 0.09125
0 0.7333333333333333 0.92125 0.4 0.115
