1 0.091116 0.088124 0.062803 0.019326
2 0.166944 0.087423 0.076136 0.019450
3 0.334441 0.086499 0.237770 0.019694
3 0.184802 0.109134 0.174441 0.019109
0 0.260038 0.097813 0.407355 0.047506
1 0.081522 0.138216 0.041972 0.019134
2 0.140684 0.137669 0.063637 0.019334
3 0.270268 0.137096 0.174441 0.019109
0 0.260685 0.137185 0.407006 0.026258
1 0.092513 0.173117 0.062803 0.019326
2 0.167507 0.172424 0.074469 0.019434
3 0.334172 0.171508 0.237770 0.019694
3 0.162451 0.194348 0.126945 0.018670
0 0.261435 0.182806 0.407355 0.047506
1 0.093304 0.221239 0.062803 0.019326
2 0.160382 0.220619 0.058637 0.019288
0 0.262051 0.220304 0.407006 0.026258
1 0.104244 0.253015 0.083635 0.019519
2 0.175488 0.252356 0.046138 0.019172
3 0.332987 0.251525 0.247769 0.019787
3 0.179598 0.274195 0.158609 0.018963
0 0.262750 0.262800 0.407355 0.047506
1 0.094639 0.302483 0.062803 0.019326
2 0.172550 0.301762 0.080302 0.019488
3 0.342131 0.300819 0.237770 0.019694
3 0.275402 0.322688 0.348594 0.020719
3 0.275751 0.343936 0.348594 0.020719
3 0.109863 0.366722 0.016120 0.017645
0 0.263911 0.333420 0.408053 0.090003
1 0.096242 0.399975 0.062803 0.019326
2 0.171653 0.399278 0.075302 0.019442
0 0.264989 0.399040 0.407006 0.026258
1 0.096694 0.427473 0.062803 0.019326
2 0.175021 0.426749 0.081135 0.019496
3 0.345019 0.425802 0.237770 0.019694
3 0.277456 0.447679 0.348594 0.020719
3 0.135317 0.470244 0.063616 0.018084
0 0.265791 0.447786 0.407704 0.068755
1 0.097875 0.499343 0.062803 0.019326
2 0.184119 0.498545 0.096967 0.019642
3 0.351200 0.497626 0.216105 0.019494
3 0.278638 0.519548 0.348594 0.020719
3 0.278987 0.540796 0.348594 0.020719
3 0.279336 0.562045 0.348594 0.020719
3 0.284685 0.583247 0.358594 0.020812
3 0.280035 0.604542 0.348594 0.020719
3 0.114147 0.627327 0.016120 0.017645
0 0.267671 0.562153 0.409101 0.153748
1 0.100526 0.660580 0.062803 0.019326
2 0.168437 0.659953 0.060304 0.019303
0 0.269273 0.659645 0.407006 0.026258
1 0.111383 0.687357 0.083635 0.019519
2 0.201376 0.686525 0.083635 0.019519
3 0.356792 0.685713 0.206105 0.019402
3 0.178821 0.708610 0.142777 0.018816
0 0.269889 0.697142 0.407355 0.047506
1 0.112236 0.739228 0.083635 0.019519
2 0.201812 0.738400 0.082802 0.019511
3 0.356811 0.737592 0.206105 0.019402
3 0.282582 0.759530 0.348594 0.020719
3 0.282932 0.780778 0.348594 0.020719
3 0.283281 0.802027 0.348594 0.020719
3 0.133225 0.824666 0.047784 0.017938
0 0.271266 0.780886 0.408403 0.111252
1 0.093376 0.859412 0.041972 0.019134
2 0.152539 0.858865 0.063637 0.019334
3 0.329619 0.857852 0.269434 0.019987
3 0.229142 0.880033 0.237770 0.019694
0 0.272714 0.869004 0.407355 0.047506
1 0.557747 0.083809 0.062803 0.019326
2 0.627325 0.083166 0.063637 0.019334
3 0.793573 0.082254 0.247769 0.019787
3 0.738510 0.104015 0.348594 0.020719
3 0.635950 0.126215 0.142777 0.018816
0 0.726844 0.104123 0.407704 0.068755
1 0.569406 0.159332 0.083635 0.019519
2 0.648983 0.158597 0.062803 0.019326
3 0.801899 0.157808 0.221937 0.019548
3 0.739753 0.179634 0.348594 0.020719
3 0.740102 0.200882 0.348594 0.020719
3 0.740451 0.222131 0.348594 0.020719
3 0.740800 0.243379 0.348594 0.020719
3 0.741150 0.264628 0.348594 0.020719
3 0.583178 0.287340 0.031952 0.017791
0 0.728785 0.222239 0.409101 0.153748
1 0.551255 0.322638 0.041972 0.019134
2 0.603751 0.322152 0.050304 0.019211
3 0.742501 0.321494 0.206105 0.019402
0 0.730419 0.321606 0.407006 0.026258
1 0.562195 0.354414 0.062803 0.019326
2 0.638023 0.353713 0.076136 0.019450
3 0.765940 0.353155 0.158609 0.018963
0 0.730943 0.353479 0.407006 0.026258
1 0.573053 0.381191 0.083635 0.019519
2 0.657213 0.380412 0.071969 0.019411
0 0.731384 0.380352 0.407006 0.026258
1 0.563192 0.415034 0.062803 0.019326
2 0.634853 0.414372 0.067803 0.019373
0 0.731939 0.414099 0.407006 0.026258
1 0.553330 0.448878 0.041972 0.019134
2 0.613743 0.448319 0.066137 0.019357
3 0.792073 0.447296 0.269434 0.019987
3 0.578271 0.470524 0.016120 0.017645
0 0.732668 0.458471 0.407355 0.047506
1 0.564589 0.500028 0.062803 0.019326
2 0.638333 0.499346 0.071969 0.019411
3 0.803747 0.498442 0.237770 0.019694
3 0.745351 0.520233 0.348594 0.020719
3 0.745700 0.541482 0.348594 0.020719
3 0.746050 0.562730 0.348594 0.020719
3 0.746399 0.583978 0.348594 0.020719
3 0.746748 0.605227 0.348594 0.020719
3 0.628357 0.627573 0.111113 0.018523
0 0.734384 0.562838 0.409101 0.153748
1 0.577675 0.662419 0.083635 0.019519
2 0.664752 0.661614 0.077802 0.019465
3 0.822250 0.660783 0.216105 0.019494
3 0.748022 0.682721 0.348594 0.020719
3 0.753371 0.703923 0.358594 0.020812
3 0.748721 0.725218 0.348594 0.020719
3 0.622413 0.747637 0.095280 0.018377
0 0.736706 0.704077 0.408403 0.111252
1 0.579607 0.779910 0.083635 0.019519
2 0.654184 0.779221 0.052804 0.019234
3 0.810016 0.778405 0.237770 0.019694
3 0.615380 0.801456 0.079448 0.018231
0 0.738113 0.789696 0.407355 0.047506
1 0.580521 0.835531 0.083635 0.019519
2 0.653432 0.834857 0.049471 0.019203
0 0.738853 0.834692 0.407006 0.026258
1 0.581045 0.867404 0.083635 0.019519
2 0.657289 0.866699 0.056137 0.019265
3 0.814787 0.865868 0.237770 0.019694
3 0.640567 0.888730 0.126945 0.018670
0 0.739551 0.877189 0.407355 0.047506
