0 0.26666666666666666 0.10875 0.4 0.0675
0 0.26666666666666666 0.24125 0.4 0.1625
0 0.26666666666666666 0.361875 0.4 0.04375
0 0.26666666666666666 0.423125 0.4 0.04375
0 0.26666666666666666 0.484375 0.4 0.04375
0 0.26666666666666666 0.569375 0.4 0.09125
0 0.26666666666666666 0.6425 0.4 0.02
0 0.26666666666666666 0.691875 0.4 0.04375
0 0.26666666666666666 0.74125 0.4 0.02
0 0.26666666666666666 0.790625 0.4 0.04375
0 0.26666666666666666 0.8875 0.4 0.115
0 0.7333333333333333 0.1325 0.4 0.115
0 0.7333333333333333 0.253125 0.4 0.09125
0 0.7333333333333333 0.338125 0.4 0.04375
0 0.7333333333333333 0.423125 0.4 0.09125
0 0.7333333333333333 0.52 0.4 0.0675
0 0.7333333333333333 0.6525 0.4 0.1625
0 0.7333333333333333 0.80875 0.4 0.115
0 0.7333333333333333 0.905625 0.4 0.04375
