1 0.092278 0.081732 0.041880 0.019018
2 0.148109 0.082092 0.056879 0.019115
3 0.321845 0.083836 0.269357 0.019234
3 0.282853 0.104836 0.348521 0.019744
3 0.282610 0.126085 0.348521 0.019744
3 0.282366 0.147334 0.348521 0.019744
3 0.155461 0.167767 0.095197 0.018112
0 0.270943 0.126010 0.407883 0.110117
1 0.091003 0.192978 0.041880 0.019018
2 0.146001 0.193332 0.055213 0.019104
3 0.326820 0.195123 0.285190 0.019336
3 0.131167 0.215112 0.047699 0.017806
0 0.270034 0.205382 0.407153 0.046369
1 0.090358 0.249226 0.041880 0.019018
2 0.151189 0.249618 0.066879 0.019179
3 0.295344 0.251172 0.200193 0.018788
0 0.269511 0.251005 0.406909 0.025120
1 0.100452 0.277417 0.062713 0.019152
2 0.175866 0.277903 0.075212 0.019233
0 0.269189 0.279129 0.406909 0.025120
1 0.100109 0.307416 0.062713 0.019152
2 0.179272 0.307926 0.082712 0.019281
3 0.350092 0.309652 0.237692 0.019030
3 0.280268 0.330453 0.348521 0.019744
0 0.268723 0.319753 0.407153 0.046369
1 0.099536 0.357414 0.062713 0.019152
2 0.175366 0.357902 0.076045 0.019238
3 0.342853 0.359607 0.237692 0.019030
3 0.279695 0.380451 0.348521 0.019744
3 0.279452 0.401700 0.348521 0.019744
3 0.279208 0.422949 0.348521 0.019744
3 0.278965 0.444198 0.348521 0.019744
3 0.278721 0.465448 0.348521 0.019744
3 0.207230 0.486238 0.206026 0.018826
0 0.267542 0.422874 0.408370 0.152616
1 0.087272 0.518591 0.041880 0.019018
2 0.153103 0.519015 0.076879 0.019243
3 0.313090 0.520671 0.221859 0.018928
0 0.266425 0.520370 0.406909 0.025120
1 0.097351 0.548032 0.062713 0.019152
2 0.168599 0.548491 0.066879 0.019179
3 0.336502 0.550198 0.247691 0.019095
0 0.266088 0.549744 0.406909 0.025120
1 0.097029 0.576156 0.062713 0.019152
2 0.180359 0.576693 0.091045 0.019335
3 0.347429 0.578395 0.221859 0.018928
3 0.277189 0.599193 0.348521 0.019744
3 0.281945 0.620474 0.358521 0.019809
3 0.276702 0.641691 0.348521 0.019744
3 0.110214 0.661869 0.016033 0.017601
0 0.265279 0.620367 0.407883 0.110117
1 0.095683 0.693651 0.062713 0.019152
2 0.174430 0.694159 0.081878 0.019276
3 0.341917 0.695863 0.231859 0.018992
3 0.280842 0.716720 0.358521 0.019809
3 0.280599 0.737970 0.358521 0.019809
3 0.275355 0.759187 0.348521 0.019744
3 0.275112 0.780436 0.348521 0.019744
3 0.279868 0.801717 0.358521 0.019809
3 0.258792 0.822832 0.316855 0.019540
0 0.263689 0.759111 0.408370 0.152616
1 0.093921 0.847396 0.062713 0.019152
2 0.176001 0.847925 0.088545 0.019319
3 0.341822 0.849618 0.221859 0.018928
3 0.274081 0.870433 0.348521 0.019744
3 0.273837 0.891682 0.348521 0.019744
3 0.273594 0.912931 0.348521 0.019744
3 0.130855 0.933262 0.063532 0.017908
0 0.262171 0.891607 0.407883 0.110117
1 0.579760 0.084874 0.083545 0.019286
2 0.670173 0.085456 0.084378 0.019292
3 0.825993 0.087086 0.206026 0.018826
0 0.738080 0.086519 0.406909 0.025120
1 0.579452 0.111748 0.083545 0.019286
2 0.661532 0.112277 0.067712 0.019184
3 0.816936 0.113903 0.221859 0.018928
3 0.582951 0.133646 0.016033 0.017601
0 0.737650 0.124018 0.407153 0.046369
1 0.558060 0.160362 0.041880 0.019018
2 0.634308 0.160853 0.097711 0.019378
3 0.765129 0.162321 0.142695 0.018418
0 0.737213 0.162141 0.406909 0.025120
1 0.557752 0.187236 0.041880 0.019018
2 0.631500 0.187711 0.092711 0.019345
3 0.783570 0.189316 0.190194 0.018724
0 0.736905 0.189015 0.406909 0.025120
1 0.578263 0.215494 0.083545 0.019286
2 0.650343 0.215959 0.047713 0.019055
3 0.803664 0.217572 0.237692 0.019030
3 0.629260 0.237698 0.111030 0.018214
0 0.736461 0.227764 0.407153 0.046369
1 0.573028 0.272337 0.074379 0.019227
2 0.648442 0.272823 0.063546 0.019158
0 0.735931 0.274012 0.406909 0.025120
1 0.556370 0.307856 0.041880 0.019018
2 0.623035 0.308286 0.078545 0.019254
3 0.799688 0.310050 0.253524 0.019132
3 0.636117 0.330246 0.126863 0.018316
0 0.735401 0.320261 0.407153 0.046369
1 0.555805 0.357229 0.041880 0.019018
2 0.624135 0.357670 0.081878 0.019276
3 0.802455 0.359444 0.253524 0.019132
3 0.627635 0.379568 0.111030 0.018214
0 0.734836 0.369634 0.407153 0.046369
1 0.565662 0.406045 0.062713 0.019152
2 0.648993 0.406582 0.091045 0.019335
3 0.765648 0.407959 0.121029 0.018278
0 0.734399 0.407757 0.406909 0.025120
1 0.575728 0.436736 0.083545 0.019286
2 0.661975 0.437292 0.076045 0.019238
3 0.821545 0.438945 0.221859 0.018928
3 0.618809 0.458889 0.095197 0.018112
0 0.733926 0.449006 0.407153 0.046369
1 0.564767 0.484167 0.062713 0.019152
2 0.623932 0.484548 0.042713 0.019023
0 0.733504 0.485879 0.406909 0.025120
1 0.574861 0.512358 0.083545 0.019286
2 0.664025 0.512933 0.081878 0.019276
0 0.733181 0.514003 0.406909 0.025120
1 0.564037 0.547914 0.062713 0.019152
2 0.632367 0.548355 0.061046 0.019141
3 0.800271 0.550062 0.253524 0.019132
3 0.617534 0.570135 0.095197 0.018112
0 0.732652 0.560252 0.407153 0.046369
1 0.553048 0.597846 0.041880 0.019018
2 0.628461 0.598332 0.096045 0.019367
3 0.805948 0.600101 0.237692 0.019030
3 0.672376 0.620490 0.206026 0.018826
0 0.732079 0.610250 0.407153 0.046369
1 0.562855 0.651036 0.062713 0.019152
2 0.639519 0.651530 0.077712 0.019249
3 0.807839 0.653240 0.237692 0.019030
3 0.743014 0.674073 0.348521 0.019744
3 0.742771 0.695322 0.348521 0.019744
3 0.742527 0.716571 0.348521 0.019744
3 0.747284 0.737853 0.358521 0.019809
3 0.623295 0.758304 0.111030 0.018214
0 0.730983 0.705871 0.408127 0.131366
1 0.550878 0.787214 0.041880 0.019018
2 0.598793 0.787522 0.041047 0.019012
3 0.772529 0.789267 0.285190 0.019336
3 0.662290 0.809807 0.190194 0.018724
0 0.729909 0.799618 0.407153 0.046369
1 0.571066 0.843596 0.083545 0.019286
2 0.661896 0.844181 0.085212 0.019297
3 0.815216 0.845794 0.200193 0.018788
3 0.740809 0.866566 0.348521 0.019744
3 0.745565 0.887847 0.358521 0.019809
3 0.740322 0.909064 0.348521 0.019744
3 0.740078 0.930313 0.348521 0.019744
3 0.684420 0.951205 0.237692 0.019030
0 0.728777 0.898364 0.408127 0.131366
