0 0.26666666666666666 0.10875 0.4 0.0675
0 0.26666666666666666 0.181875 0.4 0.04375
0 0.26666666666666666 0.243125 0.4 0.04375
0 0.26666666666666666 0.304375 0.4 0.04375
0 0.26666666666666666 0.365625 0.4 0.04375
0 0.26666666666666666 0.426875 0.4 0.04375
0 0.26666666666666666 0.535625 0.4 0.13875
0 0.26666666666666666 0.68 0.4 0.115
0 0.26666666666666666 0.800625 0.4 0.09125
0 0.26666666666666666 0.933125 0.4 0.13875
0 0.7333333333333333 0.096875 0.4 0.04375
0 0.7333333333333333 0.205625 0.4 0.13875
0 0.7333333333333333 0.3025 0.4 0.02
0 0.7333333333333333 0.351875 0.4 0.04375
0 0.7333333333333333 0.44875 0.4 0.115
0 0.7333333333333333 0.5575 0.4 0.0675
0 0.7333333333333333 0.630625 0.4 0.04375
0 0.7333333333333333 0.7275 0.4 0.115
0 0.7333333333333333 0.824375 0.4 0.04375
0 0.7333333333333333 0.885625 0.4 0.04375
