1 0.122358 0.077137 0.083934 0.020312
2 0.216912 0.078916 0.093098 0.020484
3 0.376841 0.082551 0.206354 0.021367
0 0.280621 0.080741 0.407291 0.030144
1 0.100465 0.108610 0.042281 0.019528
2 0.161280 0.109754 0.067273 0.019998
3 0.339952 0.113742 0.269667 0.022559
3 0.132224 0.131089 0.032242 0.018090
0 0.279199 0.123227 0.408002 0.051387
1 0.119390 0.165859 0.083934 0.020312
2 0.192284 0.167231 0.049778 0.019669
0 0.277652 0.169463 0.407291 0.030144
1 0.108057 0.193154 0.063107 0.019920
2 0.174286 0.194401 0.057276 0.019810
0 0.276733 0.196954 0.407291 0.030144
1 0.106886 0.228143 0.063107 0.019920
2 0.176447 0.229452 0.063941 0.019936
3 0.345540 0.233260 0.253839 0.022261
3 0.286514 0.253406 0.348809 0.024048
3 0.285803 0.274649 0.348809 0.024048
3 0.285093 0.295892 0.348809 0.024048
3 0.284382 0.317136 0.348809 0.024048
3 0.283671 0.338379 0.348809 0.024048
3 0.140505 0.356941 0.063899 0.018686
0 0.273430 0.295673 0.411556 0.157604
1 0.101555 0.387468 0.063107 0.019920
2 0.173199 0.388816 0.068106 0.020014
3 0.328546 0.392365 0.222182 0.021665
0 0.270231 0.391268 0.407291 0.030144
1 0.110923 0.418904 0.083934 0.020312
2 0.184234 0.420284 0.050611 0.019685
3 0.338747 0.423817 0.238011 0.021963
3 0.200996 0.442481 0.190526 0.021069
0 0.268831 0.433130 0.408002 0.051387
1 0.098900 0.466818 0.063107 0.019920
2 0.170128 0.468159 0.067273 0.019998
3 0.340887 0.471998 0.253839 0.022261
3 0.136073 0.489400 0.063899 0.018686
0 0.267221 0.481239 0.408002 0.051387
1 0.086773 0.517856 0.042281 0.019528
2 0.139673 0.518852 0.051444 0.019701
0 0.265862 0.521852 0.407291 0.030144
1 0.096266 0.545543 0.063107 0.019920
2 0.165828 0.546852 0.063941 0.019936
3 0.334920 0.550660 0.253839 0.022261
3 0.275894 0.570806 0.348809 0.024048
3 0.275184 0.592049 0.348809 0.024048
3 0.274473 0.613292 0.348809 0.024048
3 0.115479 0.631557 0.032242 0.018090
0 0.263521 0.591830 0.410134 0.115117
1 0.092545 0.656758 0.063107 0.019920
2 0.167105 0.658162 0.073937 0.020124
3 0.333282 0.661914 0.238011 0.021963
3 0.272173 0.682021 0.348809 0.024048
3 0.105265 0.700136 0.016414 0.017792
0 0.260510 0.681801 0.408713 0.072631
1 0.089932 0.734859 0.063107 0.019920
2 0.156161 0.736105 0.057276 0.019810
3 0.321921 0.739850 0.253839 0.022261
3 0.182504 0.758483 0.174697 0.020771
0 0.258253 0.749280 0.408002 0.051387
1 0.068703 0.783850 0.023953 0.019183
2 0.116188 0.784743 0.058942 0.019842
3 0.298610 0.788802 0.285496 0.022857
0 0.256957 0.788018 0.407291 0.030144
1 0.087152 0.817958 0.063107 0.019920
2 0.162961 0.819384 0.076437 0.020171
0 0.255828 0.821757 0.407291 0.030144
1 0.075777 0.846503 0.042281 0.019528
2 0.127844 0.847482 0.049778 0.019669
3 0.305683 0.851455 0.285496 0.022857
3 0.265818 0.871961 0.348809 0.024048
3 0.265108 0.893204 0.348809 0.024048
3 0.185255 0.912958 0.190526 0.021069
0 0.253800 0.882363 0.409424 0.093874
1 0.568051 0.085525 0.042281 0.019528
2 0.626783 0.086630 0.063107 0.019920
0 0.747141 0.089521 0.407291 0.030144
1 0.587833 0.117157 0.083934 0.020312
2 0.684053 0.118968 0.096430 0.020547
3 0.837733 0.122485 0.190526 0.021069
3 0.757048 0.142224 0.348809 0.024048
3 0.756337 0.163467 0.348809 0.024048
3 0.755626 0.184710 0.348809 0.024048
3 0.754915 0.205954 0.348809 0.024048
3 0.759203 0.227291 0.358806 0.024236
3 0.611039 0.245759 0.063899 0.018686
0 0.743963 0.184491 0.411556 0.157604
1 0.572131 0.275036 0.063107 0.019920
2 0.635027 0.276220 0.050611 0.019685
3 0.805370 0.280051 0.269667 0.022559
3 0.601389 0.297469 0.048070 0.018388
0 0.740451 0.289458 0.408002 0.051387
1 0.560108 0.322950 0.042281 0.019528
2 0.618839 0.324056 0.063107 0.019920
3 0.795429 0.328004 0.269667 0.022559
3 0.755148 0.348503 0.358806 0.024236
3 0.749438 0.369652 0.348809 0.024048
3 0.748728 0.390895 0.348809 0.024048
3 0.748017 0.412139 0.348809 0.024048
3 0.660250 0.431744 0.174697 0.020771
0 0.737420 0.380054 0.410845 0.136361
1 0.576335 0.460799 0.083934 0.020312
2 0.665474 0.462476 0.082268 0.020281
0 0.734598 0.464403 0.407291 0.030144
1 0.575165 0.495788 0.083934 0.020312
2 0.656806 0.497324 0.067273 0.019998
3 0.787993 0.500419 0.174697 0.020771
0 0.733427 0.499392 0.407291 0.030144
1 0.548878 0.521551 0.033117 0.019356
2 0.610109 0.522704 0.077270 0.020187
3 0.793780 0.526786 0.269667 0.022559
3 0.672274 0.545756 0.206354 0.021367
0 0.732194 0.536255 0.408002 0.051387
1 0.562284 0.569319 0.063107 0.019920
2 0.642676 0.570832 0.085600 0.020343
3 0.806770 0.574545 0.222182 0.021665
3 0.741913 0.594581 0.348809 0.024048
3 0.741202 0.615825 0.348809 0.024048
3 0.613864 0.634685 0.095555 0.019282
0 0.729894 0.604983 0.409424 0.093874
1 0.543965 0.668380 0.033117 0.019356
2 0.608112 0.669587 0.083101 0.020296
3 0.723471 0.672384 0.127212 0.019878
0 0.727636 0.672462 0.407291 0.030144
1 0.568308 0.700723 0.083934 0.020312
2 0.638286 0.702040 0.043947 0.019559
3 0.797381 0.705660 0.253839 0.022261
3 0.634638 0.723854 0.143040 0.020176
0 0.726215 0.714949 0.408002 0.051387
1 0.556306 0.748012 0.063107 0.019920
2 0.634198 0.749478 0.080602 0.020249
0 0.724982 0.751812 0.407291 0.030144
1 0.544701 0.783430 0.042281 0.019528
2 0.597184 0.784418 0.050611 0.019685
3 0.748782 0.787896 0.232179 0.021853
0 0.723790 0.787426 0.407291 0.030144
1 0.554215 0.810493 0.063107 0.019920
2 0.626692 0.811857 0.069772 0.020045
3 0.790786 0.815570 0.238011 0.021963
3 0.694272 0.835011 0.269667 0.022559
0 0.722536 0.824914 0.408002 0.051387
1 0.542108 0.860906 0.042281 0.019528
2 0.591676 0.861839 0.044780 0.019575
3 0.767017 0.865764 0.285496 0.022857
3 0.573866 0.883385 0.032242 0.018090
0 0.720842 0.875523 0.408002 0.051387
