1 0.089921 0.088793 0.062856 0.019428
2 0.157414 0.088059 0.059523 0.019392
3 0.269081 0.087469 0.142823 0.019048
0 0.258665 0.087582 0.407059 0.026922
1 0.100892 0.117427 0.083687 0.019655
2 0.179217 0.116574 0.060356 0.019401
3 0.338796 0.115463 0.237813 0.020082
3 0.223802 0.137967 0.253645 0.020254
0 0.259427 0.126953 0.407470 0.048169
1 0.091432 0.166910 0.062856 0.019428
2 0.153092 0.166239 0.047858 0.019265
3 0.319336 0.165055 0.263644 0.020363
3 0.272252 0.186820 0.348635 0.021288
3 0.277663 0.208013 0.358634 0.021396
3 0.186000 0.230263 0.174487 0.019393
0 0.260792 0.197570 0.408292 0.090665
1 0.082938 0.266388 0.042025 0.019201
2 0.132933 0.265844 0.045358 0.019238
3 0.308760 0.264556 0.285308 0.020599
3 0.131689 0.287734 0.063665 0.018187
0 0.262303 0.275687 0.407470 0.048169
1 0.094321 0.316269 0.062856 0.019428
2 0.180978 0.315326 0.097852 0.019809
0 0.263065 0.315058 0.407059 0.026922
1 0.094828 0.342516 0.062856 0.019428
2 0.170237 0.341696 0.075355 0.019564
3 0.289820 0.341020 0.142823 0.019048
0 0.263573 0.341305 0.407059 0.026922
1 0.095336 0.368763 0.062856 0.019428
2 0.161579 0.368043 0.057023 0.019364
3 0.327407 0.366864 0.253645 0.020254
3 0.109924 0.390482 0.016170 0.017670
0 0.264286 0.378176 0.407470 0.048169
1 0.106779 0.421770 0.083687 0.019655
2 0.185104 0.420917 0.060356 0.019401
3 0.344683 0.419806 0.237813 0.020082
3 0.158447 0.443085 0.111160 0.018704
0 0.265313 0.431296 0.407470 0.048169
1 0.107710 0.469890 0.083687 0.019655
2 0.191868 0.468974 0.072022 0.019528
3 0.349363 0.467885 0.221982 0.019910
3 0.283114 0.489858 0.358634 0.021396
3 0.120209 0.512883 0.032002 0.017843
0 0.266449 0.490040 0.407881 0.069417
1 0.098708 0.543120 0.062856 0.019428
2 0.159119 0.542463 0.045358 0.019238
3 0.327030 0.541261 0.269477 0.020426
3 0.168707 0.564236 0.126992 0.018876
0 0.267658 0.552533 0.407470 0.048169
1 0.089332 0.596978 0.042025 0.019201
2 0.157242 0.596239 0.081187 0.019627
0 0.268492 0.595654 0.407059 0.026922
1 0.110828 0.631123 0.083687 0.019655
2 0.182071 0.630347 0.046191 0.019247
3 0.318735 0.629486 0.206150 0.019737
0 0.269157 0.630025 0.407059 0.026922
1 0.090674 0.666346 0.042025 0.019201
2 0.142752 0.665779 0.049524 0.019283
3 0.317746 0.664500 0.279476 0.020535
3 0.147341 0.687606 0.079497 0.018359
0 0.270039 0.675645 0.407470 0.048169
1 0.112533 0.719238 0.083687 0.019655
2 0.201690 0.718268 0.082021 0.019636
3 0.356269 0.717211 0.206150 0.019737
3 0.282938 0.739262 0.348635 0.021288
3 0.283349 0.760509 0.348635 0.021288
3 0.283760 0.781757 0.348635 0.021288
3 0.268339 0.803177 0.316972 0.020943
0 0.271683 0.760636 0.408703 0.111913
1 0.093926 0.834453 0.042025 0.019201
2 0.149753 0.833845 0.057023 0.019364
3 0.328496 0.832526 0.279476 0.020535
3 0.285162 0.854249 0.348635 0.021288
3 0.285573 0.875497 0.348635 0.021288
3 0.285984 0.896745 0.348635 0.021288
3 0.291394 0.917938 0.358634 0.021396
3 0.160153 0.940619 0.095328 0.018532
0 0.274113 0.886248 0.409114 0.133161
1 0.566954 0.083603 0.083687 0.019655
2 0.649862 0.082701 0.069522 0.019500
3 0.806107 0.081626 0.221982 0.019910
3 0.674032 0.104315 0.221982 0.019910
0 0.725488 0.093129 0.407470 0.048169
1 0.567872 0.131098 0.083687 0.019655
2 0.653280 0.130169 0.074521 0.019555
3 0.812026 0.129066 0.221982 0.019910
3 0.738278 0.151121 0.348635 0.021288
3 0.738689 0.172369 0.348635 0.021288
3 0.739100 0.193617 0.348635 0.021288
3 0.581194 0.216587 0.032002 0.017843
0 0.727023 0.172496 0.408703 0.111913
1 0.549302 0.248187 0.042025 0.019201
2 0.618461 0.247435 0.083687 0.019655
3 0.797621 0.246111 0.253645 0.020254
3 0.598053 0.269534 0.063665 0.018187
0 0.728667 0.257487 0.407470 0.048169
1 0.550402 0.305056 0.042025 0.019201
2 0.616228 0.304340 0.077021 0.019582
3 0.744560 0.303569 0.158655 0.019221
0 0.729562 0.303732 0.407059 0.026922
1 0.561349 0.332440 0.062856 0.019428
2 0.625926 0.331737 0.053690 0.019328
3 0.790087 0.330576 0.253645 0.020254
3 0.742170 0.352350 0.348635 0.021288
3 0.742581 0.373598 0.348635 0.021288
3 0.742992 0.394845 0.348635 0.021288
3 0.640497 0.417213 0.142823 0.019048
0 0.730915 0.373725 0.408703 0.111913
1 0.574098 0.452939 0.083687 0.019655
2 0.647840 0.452137 0.051191 0.019301
3 0.802836 0.451075 0.237813 0.020082
3 0.744503 0.472962 0.348635 0.021288
3 0.744914 0.494210 0.348635 0.021288
3 0.745325 0.515458 0.348635 0.021288
3 0.737820 0.536792 0.332803 0.021115
0 0.733248 0.494337 0.408703 0.111913
1 0.565979 0.571790 0.062856 0.019428
2 0.646387 0.570915 0.085354 0.019673
3 0.810548 0.569754 0.221982 0.019910
3 0.612230 0.593164 0.079497 0.018359
0 0.734929 0.581203 0.407470 0.048169
1 0.556566 0.623773 0.042025 0.019201
2 0.627392 0.623002 0.087020 0.019691
3 0.808219 0.621660 0.253645 0.020254
0 0.735726 0.622448 0.407059 0.026922
1 0.578062 0.657917 0.083687 0.019655
2 0.661804 0.657006 0.071189 0.019519
3 0.818882 0.655922 0.221982 0.019910
3 0.753467 0.677886 0.358634 0.021396
3 0.748879 0.699188 0.348635 0.021288
3 0.749290 0.720436 0.348635 0.021288
3 0.754700 0.741630 0.358634 0.021396
3 0.750111 0.762932 0.348635 0.021288
3 0.615953 0.785644 0.079497 0.018359
0 0.737624 0.720563 0.409525 0.154408
1 0.560289 0.816252 0.042025 0.019201
2 0.615700 0.815650 0.056190 0.019355
0 0.739449 0.814928 0.407059 0.026922
1 0.581713 0.846648 0.083687 0.019655
2 0.655872 0.845841 0.052024 0.019310
3 0.816284 0.844720 0.247812 0.020191
3 0.657128 0.867704 0.158655 0.019221
0 0.740247 0.856174 0.407470 0.048169
1 0.561800 0.894369 0.042025 0.019201
2 0.629710 0.893630 0.081187 0.019627
3 0.807620 0.892320 0.253645 0.020254
0 0.740960 0.893045 0.407059 0.026922
