3 0.498768 0.032504 0.997535 0.028042
0 0.095672 0.085602 0.062601 0.018940
1 0.158172 0.085412 0.049268 0.018899
2 0.328174 0.085519 0.269259 0.018319
2 0.281206 0.106912 0.358425 0.018590
2 0.228821 0.128322 0.253426 0.018271
0 0.106488 0.159319 0.083434 0.019003
1 0.188987 0.159068 0.068434 0.018958
2 0.344822 0.159219 0.221759 0.018174
2 0.276604 0.180677 0.348425 0.018560
2 0.276719 0.201927 0.348425 0.018560
2 0.276834 0.223177 0.348425 0.018560
2 0.276949 0.244426 0.348425 0.018560
2 0.189982 0.265941 0.174260 0.018030
0 0.096815 0.296850 0.062601 0.018940
1 0.155981 0.296670 0.042601 0.018879
2 0.283066 0.296908 0.190093 0.018078
0 0.107380 0.324318 0.083434 0.019003
1 0.191963 0.324061 0.072601 0.018970
2 0.349881 0.324205 0.221759 0.018174
2 0.111248 0.346181 0.015928 0.017548
0 0.097268 0.380599 0.062601 0.018940
1 0.169350 0.380380 0.068434 0.018958
2 0.274769 0.380684 0.120927 0.017867
0 0.107877 0.416192 0.083434 0.019003
1 0.192459 0.415935 0.072601 0.018970
2 0.302879 0.416224 0.126760 0.017885
0 0.108066 0.451192 0.083434 0.019003
1 0.189732 0.450944 0.066768 0.018953
2 0.344734 0.451097 0.221759 0.018174
2 0.238600 0.472670 0.269259 0.018319
0 0.097930 0.503098 0.062601 0.018940
1 0.165013 0.502894 0.058434 0.018927
2 0.292099 0.503133 0.174260 0.018030
0 0.087659 0.530005 0.041768 0.018877
1 0.155158 0.529799 0.080101 0.018993
2 0.308910 0.529957 0.205926 0.018126
0 0.098234 0.559348 0.062601 0.018940
1 0.174900 0.559115 0.077601 0.018986
2 0.343236 0.559227 0.237593 0.018222
2 0.144186 0.581083 0.079261 0.017741
0 0.098528 0.613722 0.062601 0.018940
1 0.168945 0.613508 0.065101 0.018948
2 0.338947 0.613616 0.253426 0.018271
2 0.176146 0.635361 0.142593 0.017933
0 0.109242 0.668690 0.083434 0.019003
1 0.188408 0.668449 0.061768 0.018937
2 0.293411 0.668755 0.126760 0.017885
0 0.098988 0.698722 0.062601 0.018940
1 0.180237 0.698474 0.086767 0.019014
2 0.313573 0.698694 0.158427 0.017982
0 0.109587 0.732440 0.083434 0.019003
1 0.192503 0.732187 0.069268 0.018960
2 0.348755 0.732337 0.221759 0.018174
2 0.284704 0.753782 0.358425 0.018590
2 0.281902 0.775041 0.352592 0.018572
2 0.279934 0.796297 0.348425 0.018560
2 0.113800 0.818053 0.015928 0.017548
0 0.110233 0.851814 0.083434 0.019003
1 0.188982 0.851574 0.060934 0.018935
0 0.089586 0.886252 0.041768 0.018877
1 0.142919 0.886090 0.051768 0.018907
2 0.322087 0.886169 0.285092 0.018367
2 0.169703 0.907883 0.126760 0.017885
0 0.572751 0.084150 0.083434 0.019003
1 0.661917 0.083879 0.081767 0.018998
2 0.808586 0.084058 0.190093 0.018078
0 0.562480 0.111057 0.062601 0.018940
1 0.622896 0.110873 0.045101 0.018887
2 0.727482 0.111180 0.142593 0.017933
0 0.573042 0.137900 0.083434 0.019003
1 0.648458 0.137670 0.054268 0.018915
2 0.802210 0.137828 0.231759 0.018205
2 0.687743 0.159426 0.237593 0.018222
0 0.562920 0.192306 0.062601 0.018940
1 0.623753 0.192121 0.045934 0.018889
2 0.792088 0.192234 0.269259 0.018319
2 0.743453 0.213632 0.348425 0.018560
2 0.743568 0.234882 0.348425 0.018560
2 0.748683 0.256116 0.358425 0.018590
2 0.712132 0.277478 0.285092 0.018367
0 0.563545 0.307930 0.062601 0.018940
1 0.638544 0.307702 0.074267 0.018975
0 0.553314 0.342337 0.041768 0.018877
1 0.611231 0.342160 0.060934 0.018935
2 0.707900 0.342491 0.110927 0.017837
0 0.574296 0.369773 0.083434 0.019003
1 0.648879 0.369546 0.052601 0.018910
2 0.804714 0.369697 0.237593 0.018222
0 0.574486 0.404773 0.083434 0.019003
1 0.661568 0.404508 0.077601 0.018986
2 0.819070 0.404654 0.215926 0.018156
2 0.744602 0.426130 0.348425 0.018560
2 0.744717 0.447380 0.348425 0.018560
2 0.726083 0.468687 0.310925 0.018445
0 0.575006 0.501022 0.083434 0.019003
1 0.653755 0.500782 0.060934 0.018935
0 0.554339 0.531710 0.041768 0.018877
1 0.617255 0.531519 0.070934 0.018965
0 0.564897 0.557928 0.062601 0.018940
1 0.637397 0.557707 0.069268 0.018960
2 0.801565 0.557833 0.237593 0.018222
2 0.750431 0.579239 0.358425 0.018590
2 0.745546 0.600504 0.348425 0.018560
2 0.745661 0.621754 0.348425 0.018560
2 0.745775 0.643003 0.348425 0.018560
2 0.750890 0.664238 0.358425 0.018590
2 0.746005 0.685503 0.348425 0.018560
2 0.603621 0.707186 0.063427 0.017693
0 0.555468 0.740458 0.041768 0.018877
1 0.627550 0.740239 0.089267 0.019021
2 0.801719 0.740334 0.237593 0.018222
2 0.611835 0.762162 0.079261 0.017741
0 0.576602 0.796019 0.083434 0.019003
1 0.663684 0.795754 0.077601 0.018986
2 0.824103 0.795891 0.221759 0.018174
2 0.746719 0.817377 0.348425 0.018560
2 0.746833 0.838627 0.348425 0.018560
2 0.746948 0.859877 0.348425 0.018560
2 0.747063 0.881126 0.348425 0.018560
2 0.731345 0.902424 0.316759 0.018463
