1 0.075656 0.091137 0.042196 0.019419
2 0.139808 0.090100 0.073855 0.019931
3 0.313952 0.087911 0.253777 0.021589
0 0.254799 0.088867 0.407219 0.029066
1 0.076482 0.119880 0.042196 0.019419
2 0.132302 0.118978 0.057192 0.019661
3 0.226882 0.118075 0.111310 0.019287
0 0.255625 0.117610 0.407219 0.029066
1 0.077380 0.151123 0.042196 0.019419
2 0.127785 0.150308 0.046361 0.019486
3 0.304012 0.148085 0.285437 0.022101
3 0.126330 0.172212 0.063821 0.018519
0 0.256828 0.159475 0.407829 0.050311
1 0.078780 0.199862 0.042196 0.019419
2 0.148347 0.198737 0.084686 0.020106
3 0.304163 0.196844 0.206288 0.020822
0 0.257923 0.197591 0.407219 0.029066
1 0.100453 0.228893 0.083853 0.020092
2 0.185433 0.227520 0.073855 0.019931
3 0.343747 0.225586 0.222118 0.021078
3 0.271042 0.248016 0.348755 0.023125
3 0.113355 0.271820 0.032162 0.018008
0 0.259378 0.248205 0.408440 0.071556
1 0.102463 0.298877 0.083853 0.020092
2 0.178696 0.297645 0.056359 0.019648
3 0.336177 0.295725 0.237948 0.021334
0 0.260778 0.296943 0.407219 0.029066
1 0.098779 0.330194 0.074688 0.019944
2 0.171679 0.329016 0.058858 0.019688
3 0.330410 0.327075 0.237948 0.021334
3 0.250206 0.349626 0.301266 0.022357
0 0.261981 0.338809 0.407829 0.050311
1 0.104923 0.384482 0.083853 0.020092
2 0.189903 0.383109 0.073855 0.019931
0 0.263238 0.382549 0.407219 0.029066
1 0.095317 0.412769 0.063024 0.019756
2 0.174882 0.411483 0.083853 0.020092
3 0.338195 0.409469 0.222118 0.021078
3 0.189257 0.433131 0.174629 0.020310
0 0.264351 0.421290 0.407829 0.050311
1 0.107239 0.465088 0.083853 0.020092
2 0.187221 0.463796 0.063857 0.019769
3 0.340536 0.461943 0.222118 0.021078
3 0.277828 0.484211 0.348755 0.023125
3 0.278439 0.505456 0.348755 0.023125
3 0.279049 0.526701 0.348755 0.023125
3 0.279660 0.547947 0.348755 0.023125
3 0.280270 0.569192 0.348755 0.023125
3 0.280880 0.590437 0.348755 0.023125
3 0.234002 0.612449 0.253777 0.021589
0 0.267690 0.537513 0.411492 0.177781
1 0.091438 0.640384 0.042196 0.019419
2 0.160589 0.639267 0.083853 0.020092
3 0.339732 0.636997 0.253777 0.021589
3 0.287854 0.659090 0.358753 0.023286
3 0.283466 0.680416 0.348755 0.023125
3 0.284076 0.701661 0.348755 0.023125
3 0.134305 0.725336 0.047992 0.018263
0 0.271802 0.680604 0.409660 0.114046
1 0.094706 0.754108 0.042196 0.019419
2 0.155525 0.753125 0.067190 0.019823
0 0.273849 0.751838 0.407219 0.029066
1 0.105982 0.783933 0.063024 0.019756
2 0.177632 0.782775 0.068023 0.019836
3 0.333030 0.780888 0.222118 0.021078
0 0.274710 0.781831 0.407219 0.029066
1 0.096411 0.813469 0.042196 0.019419
2 0.174726 0.812203 0.102182 0.020388
3 0.355119 0.809913 0.237948 0.021334
3 0.292828 0.832175 0.358753 0.023286
3 0.288439 0.853501 0.348755 0.023125
3 0.289050 0.874746 0.348755 0.023125
3 0.218427 0.897142 0.206288 0.020822
0 0.276775 0.853689 0.409660 0.114046
1 0.552629 0.083428 0.063024 0.019756
2 0.632610 0.082135 0.084686 0.020106
3 0.796340 0.080114 0.222118 0.021078
0 0.721358 0.081326 0.407219 0.029066
1 0.543058 0.112964 0.042196 0.019419
2 0.602628 0.112002 0.064690 0.019783
3 0.780105 0.109758 0.269607 0.021845
3 0.734476 0.131751 0.348755 0.023125
3 0.735086 0.152996 0.348755 0.023125
3 0.735697 0.174241 0.348755 0.023125
3 0.609670 0.197533 0.095481 0.019031
0 0.723422 0.153184 0.409660 0.114046
1 0.546398 0.229187 0.042196 0.019419
2 0.608883 0.228177 0.070522 0.019877
3 0.789276 0.225887 0.269607 0.021845
3 0.619093 0.249893 0.111310 0.019287
0 0.725846 0.237540 0.407829 0.050311
1 0.568645 0.278214 0.083853 0.020092
2 0.651126 0.276881 0.068856 0.019850
0 0.726959 0.276281 0.407219 0.029066
1 0.548678 0.308544 0.042196 0.019419
2 0.613663 0.307494 0.075521 0.019958
3 0.725322 0.306314 0.127140 0.019543
0 0.727821 0.306274 0.407219 0.029066
1 0.549504 0.337287 0.042196 0.019419
2 0.614905 0.336230 0.076354 0.019971
3 0.790299 0.334021 0.253777 0.021589
3 0.614284 0.358120 0.095481 0.019031
0 0.728952 0.345640 0.407829 0.050311
1 0.571894 0.391313 0.083853 0.020092
2 0.668122 0.389758 0.096350 0.020294
3 0.821854 0.387898 0.190459 0.020566
3 0.671250 0.411587 0.206288 0.020822
0 0.730514 0.400002 0.407829 0.050311
1 0.573474 0.446300 0.083853 0.020092
2 0.641792 0.445196 0.040529 0.019392
3 0.799273 0.443276 0.253777 0.021589
3 0.744063 0.465423 0.348755 0.023125
3 0.744674 0.486668 0.348755 0.023125
3 0.745284 0.507913 0.348755 0.023125
3 0.690491 0.530054 0.237948 0.021334
0 0.733010 0.486857 0.409660 0.114046
1 0.556075 0.565984 0.042196 0.019419
2 0.610229 0.565109 0.053860 0.019607
0 0.735218 0.563714 0.407219 0.029066
1 0.577891 0.600015 0.083853 0.020092
2 0.668287 0.598554 0.084686 0.020106
3 0.824102 0.596660 0.206288 0.020822
3 0.598098 0.621568 0.047992 0.018263
0 0.736511 0.608704 0.407829 0.050311
1 0.569057 0.655170 0.063024 0.019756
2 0.649455 0.653871 0.085519 0.020119
3 0.813601 0.651843 0.222118 0.021078
3 0.655082 0.675660 0.158799 0.020054
0 0.738091 0.663691 0.407829 0.050311
1 0.570457 0.703909 0.063024 0.019756
2 0.632943 0.702899 0.049694 0.019540
3 0.731688 0.701928 0.127140 0.019543
0 0.739186 0.701807 0.407219 0.029066
1 0.560833 0.731571 0.042196 0.019419
2 0.614987 0.730695 0.053860 0.019607
3 0.794963 0.728412 0.285437 0.022101
3 0.609784 0.752660 0.063821 0.018519
0 0.740281 0.739923 0.407829 0.050311
1 0.562305 0.782809 0.042196 0.019419
2 0.624374 0.781806 0.069689 0.019863
3 0.756861 0.780289 0.174629 0.020310
0 0.741448 0.780539 0.407219 0.029066
1 0.584121 0.816839 0.083853 0.020092
2 0.667852 0.815486 0.071356 0.019890
3 0.824917 0.813573 0.222118 0.021078
3 0.738881 0.836218 0.317096 0.022613
0 0.742741 0.825528 0.407829 0.050311
1 0.564891 0.872788 0.042196 0.019419
2 0.624044 0.871832 0.063857 0.019769
0 0.744034 0.870518 0.407219 0.029066
