0 0.26666666666666666 0.096875 0.4 0.04375
0 0.26666666666666666 0.205625 0.4 0.13875
0 0.26666666666666666 0.314375 0.4 0.04375
0 0.26666666666666666 0.375625 0.4 0.04375
0 0.26666666666666666 0.4725 0.4 0.115
0 0.26666666666666666 0.569375 0.4 0.04375
0 0.26666666666666666 0.630625 0.4 0.04375
0 0.26666666666666666 0.691875 0.4 0.04375
0 0.26666666666666666 0.800625 0.4 0.13875
0 0.7333333333333333 0.085 0.4 0.02
0 0.7333333333333333 0.1225 0.4 0.02
0 0.7333333333333333 0.18375 0.4 0.0675
0 0.7333333333333333 0.304375 0.4 0.13875
0 0.7333333333333333 0.413125 0.4 0.04375
0 0.7333333333333333 0.474375 0.4 0.04375
0 0.7333333333333333 0.583125 0.4 0.13875
0 0.7333333333333333 0.691875 0.4 0.04375
0 0.7333333333333333 0.74125 0.4 0.02
0 0.7333333333333333 0.790625 0.4 0.04375
0 0.7333333333333333 0.851875 0.4 0.04375
