1 0.115401 0.080679 0.083644 0.019542
2 0.187062 0.081361 0.046980 0.019193
3 0.339956 0.083442 0.237777 0.019760
3 0.290017 0.104219 0.358601 0.020911
3 0.284657 0.125419 0.348602 0.020816
3 0.289297 0.146715 0.358601 0.020911
3 0.283938 0.167916 0.348602 0.020816
3 0.288578 0.189212 0.358601 0.020911
3 0.283218 0.210412 0.348602 0.020816
3 0.145370 0.230351 0.073624 0.018197
0 0.272452 0.157181 0.409533 0.175109
1 0.101959 0.259315 0.062812 0.019344
2 0.186536 0.260121 0.093643 0.019637
0 0.270685 0.261547 0.407015 0.026371
1 0.111920 0.286287 0.083644 0.019542
2 0.189830 0.287029 0.059479 0.019312
3 0.348974 0.289170 0.237777 0.019760
3 0.281536 0.309779 0.348602 0.020816
3 0.281176 0.331028 0.348602 0.020816
3 0.193740 0.351447 0.174449 0.019157
0 0.269690 0.320292 0.408094 0.090116
1 0.089522 0.378581 0.041981 0.019145
2 0.154934 0.379204 0.076145 0.019471
3 0.330326 0.381500 0.253609 0.019911
3 0.224558 0.401744 0.237777 0.019760
0 0.268484 0.391537 0.407375 0.047619
1 0.099039 0.431801 0.062812 0.019344
2 0.166117 0.432440 0.058646 0.019304
3 0.309011 0.434426 0.206113 0.019459
0 0.267765 0.434033 0.407015 0.026371
1 0.108915 0.463773 0.083644 0.019542
2 0.205574 0.464693 0.096976 0.019669
3 0.359718 0.466786 0.190281 0.019308
3 0.191455 0.486436 0.174449 0.019157
0 0.267045 0.476530 0.407375 0.047619
1 0.087131 0.519820 0.041981 0.019145
2 0.159209 0.520506 0.089477 0.019598
3 0.333351 0.522790 0.237777 0.019760
3 0.198419 0.542757 0.190281 0.019308
0 0.266093 0.532775 0.407375 0.047619
1 0.086274 0.570441 0.041981 0.019145
2 0.148769 0.571036 0.070312 0.019415
3 0.329161 0.573379 0.269441 0.020062
3 0.276722 0.594131 0.348602 0.020816
3 0.118041 0.613872 0.031960 0.017800
0 0.265056 0.594020 0.407734 0.068867
1 0.095473 0.642409 0.062812 0.019344
2 0.165468 0.643076 0.064479 0.019360
3 0.335027 0.645316 0.253609 0.019911
3 0.275505 0.666001 0.348602 0.020816
3 0.275145 0.687249 0.348602 0.020816
3 0.274786 0.708497 0.348602 0.020816
3 0.274426 0.729745 0.348602 0.020816
3 0.139494 0.749712 0.079457 0.018252
0 0.263300 0.697762 0.408814 0.132612
1 0.082656 0.784174 0.041981 0.019145
2 0.138484 0.784705 0.056980 0.019288
3 0.288462 0.786759 0.221945 0.019609
0 0.261797 0.786505 0.407015 0.026371
1 0.102926 0.817494 0.083644 0.019542
2 0.187503 0.818300 0.072812 0.019439
0 0.261236 0.819627 0.407015 0.026371
1 0.081619 0.845419 0.041981 0.019145
2 0.129948 0.845879 0.041981 0.019145
3 0.304090 0.848162 0.285273 0.020213
3 0.272066 0.869109 0.348602 0.020816
3 0.271707 0.890358 0.348602 0.020816
3 0.276346 0.911653 0.358601 0.020911
3 0.270987 0.932854 0.348602 0.020816
3 0.262711 0.954027 0.332769 0.020665
0 0.259861 0.900871 0.408814 0.132612
1 0.561198 0.084924 0.041981 0.019145
2 0.613694 0.085424 0.050313 0.019225
3 0.768254 0.087521 0.237777 0.019760
0 0.740340 0.087255 0.407015 0.026371
1 0.560627 0.118672 0.041981 0.019145
2 0.624372 0.119279 0.072812 0.019439
3 0.798097 0.121558 0.253609 0.019911
3 0.751075 0.142362 0.348602 0.020816
3 0.755715 0.163658 0.358601 0.020911
3 0.655363 0.183954 0.158617 0.019006
0 0.739229 0.152875 0.408094 0.090116
1 0.569413 0.215013 0.062812 0.019344
2 0.631075 0.215600 0.047814 0.019201
0 0.738139 0.217245 0.407015 0.026371
1 0.579290 0.246985 0.083644 0.019542
2 0.666366 0.247814 0.077811 0.019486
0 0.737600 0.249117 0.407015 0.026371
1 0.578803 0.275732 0.083644 0.019542
2 0.647547 0.276387 0.041147 0.019137
3 0.805441 0.278516 0.253609 0.019911
3 0.621763 0.298018 0.095289 0.018403
0 0.736933 0.288489 0.407375 0.047619
1 0.577957 0.325728 0.083644 0.019542
2 0.659617 0.326506 0.066979 0.019383
3 0.814594 0.328607 0.221945 0.019609
3 0.747573 0.349220 0.348602 0.020816
3 0.747213 0.370469 0.348602 0.020816
3 0.746853 0.391717 0.348602 0.020816
3 0.746493 0.412965 0.348602 0.020816
3 0.746134 0.434214 0.348602 0.020816
3 0.658697 0.454633 0.174449 0.019157
0 0.735187 0.391606 0.409173 0.153860
1 0.564927 0.479992 0.062812 0.019344
2 0.635338 0.480662 0.065312 0.019367
0 0.733653 0.482224 0.407015 0.026371
1 0.574856 0.508839 0.083644 0.019542
2 0.651100 0.509565 0.056146 0.019280
3 0.808577 0.511689 0.237777 0.019760
3 0.749472 0.532378 0.358601 0.020911
3 0.744113 0.553579 0.348602 0.020816
3 0.748752 0.574875 0.358601 0.020911
3 0.653400 0.595218 0.168616 0.019102
0 0.732447 0.553468 0.408454 0.111364
1 0.572878 0.625704 0.083644 0.019542
2 0.651621 0.626454 0.061146 0.019328
3 0.811598 0.628603 0.237777 0.019760
3 0.702914 0.648819 0.269441 0.020062
0 0.731008 0.638461 0.407375 0.047619
1 0.551168 0.677377 0.041981 0.019145
2 0.603664 0.677876 0.050313 0.019225
3 0.781972 0.680200 0.285273 0.020213
3 0.741616 0.701067 0.348602 0.020816
3 0.741256 0.722315 0.348602 0.020816
3 0.740896 0.743564 0.348602 0.020816
3 0.745536 0.764859 0.358601 0.020911
3 0.740177 0.786060 0.348602 0.020816
3 0.739817 0.807308 0.348602 0.020816
3 0.660297 0.827803 0.190281 0.019308
0 0.729051 0.754077 0.409533 0.175109
1 0.558589 0.854336 0.062812 0.019344
2 0.632334 0.855039 0.071978 0.019431
3 0.797726 0.857239 0.237777 0.019760
3 0.604049 0.876646 0.079457 0.018252
0 0.727135 0.867193 0.407375 0.047619
