1 0.102711 0.087388 0.083584 0.019385
2 0.170207 0.086872 0.038586 0.019042
3 0.326874 0.086301 0.253558 0.019434
3 0.151339 0.108892 0.105232 0.018301
0 0.261189 0.097428 0.407240 0.046853
1 0.093041 0.142464 0.062751 0.019226
2 0.174704 0.141841 0.087750 0.019417
3 0.340120 0.141202 0.221893 0.019192
3 0.107504 0.164230 0.016070 0.017620
0 0.261935 0.152425 0.407240 0.046853
1 0.083380 0.198166 0.041919 0.019067
2 0.130461 0.197807 0.039419 0.019048
3 0.308377 0.197073 0.295222 0.019752
3 0.274501 0.218583 0.348553 0.020159
3 0.274789 0.239831 0.348553 0.020159
3 0.275078 0.261080 0.348553 0.020159
3 0.251618 0.282511 0.301055 0.019797
0 0.263123 0.239921 0.408105 0.110600
1 0.084891 0.309410 0.041919 0.019067
2 0.155721 0.308869 0.086917 0.019411
0 0.264057 0.308667 0.406951 0.025605
1 0.085307 0.340034 0.041919 0.019067
2 0.153636 0.339512 0.081917 0.019373
3 0.331969 0.338775 0.253558 0.019434
3 0.276427 0.360450 0.348553 0.020159
3 0.281715 0.381661 0.358552 0.020236
3 0.134511 0.404036 0.063568 0.017983
0 0.264905 0.371164 0.407817 0.089351
1 0.086563 0.432529 0.041919 0.019067
2 0.145726 0.432077 0.063585 0.019233
3 0.322809 0.431350 0.269390 0.019555
0 0.265728 0.431786 0.406951 0.025605
1 0.107751 0.458618 0.083584 0.019385
2 0.179414 0.458071 0.046919 0.019105
0 0.266085 0.458034 0.406951 0.025605
1 0.108158 0.488617 0.083584 0.019385
2 0.188988 0.488000 0.065251 0.019245
3 0.343155 0.487447 0.221893 0.019192
3 0.128038 0.510341 0.047735 0.017862
0 0.266636 0.498657 0.407240 0.046853
1 0.088022 0.540023 0.041919 0.019067
2 0.151769 0.539537 0.072751 0.019303
3 0.330518 0.538796 0.263557 0.019510
3 0.128734 0.561589 0.047735 0.017862
0 0.267332 0.549904 0.407240 0.046853
1 0.099109 0.589316 0.062751 0.019226
2 0.172438 0.588756 0.071084 0.019290
3 0.337438 0.588121 0.237725 0.019313
3 0.216483 0.610296 0.221893 0.019192
0 0.268003 0.599277 0.407240 0.046853
1 0.110187 0.637984 0.083584 0.019385
2 0.203098 0.637275 0.089417 0.019430
3 0.361432 0.636690 0.206060 0.019071
3 0.130066 0.659708 0.047735 0.017862
0 0.268664 0.648024 0.407240 0.046853
1 0.090110 0.693765 0.041919 0.019067
2 0.152606 0.693288 0.070251 0.019284
3 0.333022 0.692535 0.269390 0.019555
0 0.269275 0.693022 0.406951 0.025605
1 0.111417 0.728604 0.083584 0.019385
2 0.181413 0.728070 0.043586 0.019080
3 0.340580 0.727479 0.253558 0.019434
3 0.281705 0.749180 0.348553 0.020159
3 0.281994 0.770429 0.348553 0.020159
3 0.282282 0.791678 0.348553 0.020159
3 0.179659 0.813713 0.142730 0.018587
0 0.270328 0.770518 0.408105 0.110600
1 0.102511 0.839928 0.062751 0.019226
2 0.185424 0.839295 0.090250 0.019436
3 0.349174 0.838669 0.216060 0.019147
3 0.124890 0.861633 0.031903 0.017741
0 0.271405 0.849889 0.407240 0.046853
1 0.103233 0.893051 0.062751 0.019226
2 0.166979 0.892564 0.051919 0.019144
3 0.335312 0.891903 0.263557 0.019510
3 0.157277 0.914514 0.095233 0.018225
0 0.272127 0.903011 0.407240 0.046853
1 0.548521 0.083983 0.041919 0.019067
2 0.619767 0.083439 0.087750 0.019417
0 0.727687 0.083240 0.406951 0.025605
1 0.559310 0.111402 0.062751 0.019226
2 0.625974 0.110893 0.057752 0.019188
3 0.792223 0.110248 0.253558 0.019434
3 0.668768 0.132442 0.206060 0.019071
0 0.728204 0.121363 0.407240 0.046853
1 0.570465 0.165695 0.083584 0.019385
2 0.644211 0.165131 0.051085 0.019137
3 0.783379 0.164693 0.206060 0.019071
0 0.728798 0.165110 0.406951 0.025605
1 0.560515 0.200147 0.062751 0.019226
2 0.636761 0.199565 0.076917 0.019335
3 0.804678 0.198908 0.237725 0.019313
3 0.741220 0.220643 0.348553 0.020159
3 0.741508 0.241892 0.348553 0.020159
3 0.746796 0.263103 0.358552 0.020236
3 0.686671 0.284813 0.237725 0.019313
0 0.729842 0.241981 0.408105 0.110600
1 0.551627 0.312721 0.041919 0.019067
2 0.608707 0.312285 0.059418 0.019201
3 0.783706 0.311574 0.269390 0.019555
3 0.742747 0.333137 0.348553 0.020159
3 0.743036 0.354386 0.348553 0.020159
3 0.743324 0.375635 0.348553 0.020159
3 0.743613 0.396884 0.348553 0.020159
3 0.609325 0.419161 0.079400 0.018104
0 0.731514 0.365100 0.408394 0.131849
1 0.563876 0.447634 0.062751 0.019226
2 0.630956 0.447122 0.058585 0.019195
3 0.797622 0.446474 0.253558 0.019434
3 0.665417 0.468735 0.190228 0.018950
0 0.732770 0.457595 0.407240 0.046853
1 0.554130 0.497086 0.041919 0.019067
2 0.612460 0.496641 0.061918 0.019220
3 0.788710 0.495920 0.269390 0.019555
3 0.750250 0.517465 0.358552 0.020236
3 0.745539 0.538752 0.348553 0.020159
3 0.745827 0.560001 0.348553 0.020159
3 0.746116 0.581250 0.348553 0.020159
3 0.595996 0.603647 0.047735 0.017862
0 0.734017 0.549465 0.408394 0.131849
1 0.576880 0.638170 0.083584 0.019385
2 0.648126 0.637626 0.046086 0.019099
0 0.735214 0.637586 0.406951 0.025605
1 0.566863 0.667623 0.062751 0.019226
2 0.643525 0.667038 0.077751 0.019341
3 0.808942 0.666399 0.231892 0.019268
3 0.747567 0.688119 0.348553 0.020159
3 0.747855 0.709368 0.348553 0.020159
3 0.724395 0.730798 0.301055 0.019797
0 0.736045 0.698833 0.407817 0.089351
1 0.557796 0.767072 0.041919 0.019067
2 0.630292 0.766519 0.090250 0.019436
3 0.765293 0.766113 0.158563 0.018708
0 0.736962 0.766329 0.406951 0.025605
1 0.558262 0.801446 0.041919 0.019067
2 0.626176 0.800927 0.081084 0.019366
3 0.804091 0.800193 0.253558 0.019434
3 0.749383 0.821862 0.348553 0.020159
3 0.749671 0.843111 0.348553 0.020159
3 0.749960 0.864360 0.348553 0.020159
3 0.755248 0.885571 0.358552 0.020236
3 0.750537 0.906858 0.348553 0.020159
3 0.750825 0.928107 0.348553 0.020159
3 0.756114 0.949317 0.358552 0.020236
3 0.648491 0.971390 0.142730 0.018587
0 0.738582 0.885698 0.409259 0.195596
