1 0.109330 0.083847 0.083378 0.018862
2 0.186414 0.083951 0.057545 0.018828
3 0.344745 0.084790 0.237542 0.017820
3 0.279278 0.105952 0.348375 0.017970
3 0.279227 0.127202 0.348375 0.017970
3 0.279176 0.148452 0.348375 0.017970
3 0.247458 0.169659 0.285041 0.017884
0 0.267560 0.127186 0.406924 0.108048
1 0.088221 0.198819 0.041712 0.018806
2 0.155721 0.198910 0.080045 0.018858
3 0.333220 0.199775 0.253375 0.017842
3 0.144419 0.220770 0.079208 0.017607
0 0.267361 0.210311 0.406771 0.044298
1 0.088100 0.249444 0.041712 0.018806
2 0.149767 0.249527 0.068378 0.018842
3 0.289765 0.250341 0.190042 0.017756
0 0.267265 0.250311 0.406720 0.023048
1 0.088018 0.283819 0.041712 0.018806
2 0.148851 0.283901 0.066712 0.018840
0 0.267183 0.284686 0.406720 0.023048
1 0.108769 0.318222 0.083378 0.018862
2 0.198352 0.318343 0.082545 0.018861
3 0.353350 0.319177 0.205875 0.017778
3 0.112466 0.340102 0.015875 0.017521
0 0.267075 0.329686 0.406771 0.044298
1 0.087808 0.371319 0.041712 0.018806
2 0.159891 0.371416 0.089211 0.018870
3 0.302389 0.372233 0.174208 0.017735
0 0.266973 0.372186 0.406720 0.023048
1 0.098153 0.401333 0.062545 0.018834
2 0.161902 0.401419 0.051712 0.018820
0 0.266901 0.402185 0.406720 0.023048
1 0.108490 0.434472 0.083378 0.018862
2 0.188073 0.434579 0.062545 0.018834
3 0.340988 0.435410 0.221708 0.017799
3 0.207187 0.456480 0.205875 0.017778
0 0.266796 0.445935 0.406771 0.044298
1 0.097946 0.487583 0.062545 0.018834
2 0.170862 0.487681 0.070045 0.018844
3 0.335444 0.488528 0.237542 0.017820
3 0.283310 0.509708 0.358375 0.017983
3 0.283259 0.530958 0.358375 0.017983
3 0.278208 0.552201 0.348375 0.017970
3 0.278157 0.573451 0.348375 0.017970
3 0.191023 0.594583 0.174208 0.017735
0 0.266567 0.541560 0.406975 0.129298
1 0.108040 0.621972 0.083378 0.018862
2 0.178873 0.622067 0.045045 0.018811
3 0.338872 0.622908 0.253375 0.017842
3 0.277988 0.644076 0.348375 0.017970
3 0.277937 0.665326 0.348375 0.017970
3 0.214552 0.686490 0.221708 0.017799
0 0.266295 0.654685 0.406873 0.086798
1 0.107824 0.711971 0.083378 0.018862
2 0.182824 0.712073 0.053378 0.018822
3 0.339073 0.712908 0.237542 0.017820
3 0.222355 0.734001 0.237542 0.017820
0 0.266131 0.723435 0.406771 0.044298
1 0.107709 0.760096 0.083378 0.018862
2 0.195209 0.760214 0.078378 0.018856
3 0.348124 0.761046 0.205875 0.017778
3 0.222240 0.782126 0.237542 0.017820
0 0.266015 0.771560 0.406771 0.044298
1 0.107574 0.816346 0.083378 0.018862
2 0.194241 0.816463 0.076711 0.018853
3 0.338406 0.817283 0.190042 0.017756
0 0.265906 0.817185 0.406720 0.023048
1 0.107501 0.846971 0.083378 0.018862
2 0.192084 0.847085 0.072545 0.018848
0 0.265832 0.847810 0.406720 0.023048
1 0.097008 0.878832 0.062545 0.018834
2 0.158674 0.878915 0.047545 0.018814
3 0.327839 0.879768 0.269208 0.017863
0 0.265756 0.879685 0.406720 0.023048
1 0.575996 0.084477 0.083378 0.018862
2 0.663080 0.084594 0.077545 0.018854
0 0.734328 0.085315 0.406720 0.023048
1 0.565509 0.113838 0.062545 0.018834
2 0.626759 0.113920 0.046712 0.018813
3 0.795507 0.114773 0.269208 0.017863
3 0.666707 0.135849 0.190042 0.017756
0 0.734232 0.125315 0.406771 0.044298
1 0.554968 0.165699 0.041712 0.018806
2 0.607052 0.165769 0.049212 0.018816
0 0.734133 0.166565 0.406720 0.023048
1 0.565302 0.200088 0.062545 0.018834
2 0.638636 0.200186 0.070878 0.018845
3 0.808634 0.201041 0.247542 0.017834
3 0.745666 0.222206 0.348375 0.017970
3 0.745615 0.243456 0.348375 0.017970
3 0.745565 0.264706 0.348375 0.017970
3 0.750514 0.285963 0.358375 0.017983
3 0.745463 0.307206 0.348375 0.017970
3 0.745412 0.328456 0.348375 0.017970
3 0.745361 0.349706 0.348375 0.017970
3 0.618643 0.370785 0.095042 0.017628
0 0.733847 0.285940 0.407128 0.193048
1 0.554408 0.399448 0.041712 0.018806
2 0.619824 0.399536 0.075878 0.018852
3 0.795239 0.400398 0.253375 0.017842
3 0.689772 0.421506 0.237542 0.017820
0 0.733547 0.410940 0.406771 0.044298
1 0.564703 0.450087 0.062545 0.018834
2 0.646370 0.450197 0.087545 0.018868
0 0.733451 0.450940 0.406720 0.023048
1 0.564640 0.476337 0.062545 0.018834
2 0.635890 0.476433 0.066712 0.018840
3 0.806722 0.477289 0.253375 0.017842
3 0.578754 0.498231 0.015875 0.017521
0 0.733363 0.487815 0.406771 0.044298
1 0.554093 0.530698 0.041712 0.018806
2 0.620343 0.530787 0.077545 0.018854
3 0.780758 0.531629 0.221708 0.017799
0 0.733258 0.531565 0.406720 0.023048
1 0.564435 0.561962 0.062545 0.018834
2 0.620685 0.562038 0.036712 0.018799
3 0.784433 0.562884 0.269208 0.017863
3 0.626049 0.583920 0.110875 0.017649
0 0.733158 0.573440 0.406771 0.044298
1 0.574726 0.614476 0.083378 0.018862
2 0.660976 0.614592 0.075878 0.018852
3 0.820557 0.615432 0.221708 0.017799
3 0.710090 0.636534 0.279208 0.017876
0 0.733032 0.625939 0.406771 0.044298
1 0.574595 0.668851 0.083378 0.018862
2 0.654595 0.668959 0.063378 0.018835
3 0.807927 0.669791 0.221708 0.017799
3 0.649543 0.690827 0.158375 0.017714
0 0.732901 0.680314 0.406771 0.044298
1 0.564048 0.723212 0.062545 0.018834
2 0.628632 0.723299 0.053378 0.018822
3 0.792796 0.724145 0.253375 0.017842
3 0.744412 0.745330 0.348375 0.017970
3 0.744361 0.766580 0.348375 0.017970
3 0.744310 0.787830 0.348375 0.017970
3 0.744259 0.809080 0.348375 0.017970
3 0.744208 0.830330 0.348375 0.017970
3 0.744157 0.851580 0.348375 0.017970
3 0.585773 0.872616 0.031709 0.017543
0 0.732618 0.798439 0.407077 0.171798
