3 0.501358 0.038755 0.997284 0.028398
0 0.110848 0.083048 0.083446 0.019033
1 0.186264 0.083305 0.054279 0.018934
2 0.340009 0.084452 0.231770 0.018287
2 0.280714 0.105501 0.348435 0.018683
2 0.285586 0.126768 0.358435 0.018717
2 0.248791 0.147893 0.285103 0.018468
0 0.110282 0.176797 0.083446 0.019033
1 0.199864 0.177102 0.082612 0.019030
2 0.359859 0.178270 0.215937 0.018233
2 0.177232 0.198900 0.142604 0.017984
0 0.089135 0.228601 0.041780 0.018891
1 0.140801 0.228777 0.048446 0.018914
2 0.318296 0.230005 0.285103 0.018468
2 0.279835 0.251124 0.348435 0.018683
2 0.279706 0.272374 0.348435 0.018683
2 0.284578 0.293641 0.358435 0.018717
2 0.279449 0.314874 0.348435 0.018683
2 0.279321 0.336123 0.348435 0.018683
2 0.239610 0.357239 0.269270 0.018414
0 0.088169 0.388599 0.041780 0.018891
1 0.154001 0.388823 0.076779 0.019010
2 0.329829 0.390046 0.253436 0.018361
2 0.278868 0.411123 0.348435 0.018683
2 0.278740 0.432372 0.348435 0.018683
2 0.278611 0.453622 0.348435 0.018683
2 0.278483 0.474872 0.348435 0.018683
2 0.278354 0.496122 0.348435 0.018683
2 0.278226 0.517372 0.348435 0.018683
2 0.278098 0.538621 0.348435 0.018683
2 0.127554 0.559360 0.047605 0.017661
0 0.107760 0.594293 0.083446 0.019033
1 0.183176 0.594549 0.054279 0.018934
2 0.341920 0.595714 0.241770 0.018321
2 0.282626 0.616763 0.358435 0.018717
2 0.277497 0.637995 0.348435 0.018683
2 0.253619 0.659164 0.300936 0.018522
0 0.096754 0.691757 0.062613 0.018962
1 0.179253 0.692037 0.089279 0.019053
2 0.345498 0.693227 0.221770 0.018253
2 0.277037 0.714245 0.348435 0.018683
2 0.281908 0.735511 0.358435 0.018717
0 0.085881 0.767346 0.041780 0.018891
1 0.154630 0.767579 0.082612 0.019030
0 0.085684 0.799845 0.041780 0.018891
1 0.141934 0.800036 0.057613 0.018945
2 0.260679 0.801065 0.158437 0.018038
0 0.106317 0.833041 0.083446 0.019033
1 0.192983 0.833335 0.076779 0.019010
2 0.352978 0.834504 0.221770 0.018253
2 0.276183 0.855493 0.348435 0.018683
2 0.276055 0.876743 0.348435 0.018683
2 0.275927 0.897993 0.348435 0.018683
2 0.149133 0.918812 0.095105 0.017823
0 0.556677 0.084563 0.041780 0.018891
1 0.621260 0.084783 0.074279 0.019002
2 0.795837 0.086001 0.253436 0.018361
2 0.644461 0.106737 0.142604 0.017984
0 0.566750 0.141473 0.062613 0.018962
1 0.637166 0.141712 0.065113 0.018971
2 0.799244 0.142888 0.237603 0.018307
0 0.576981 0.172133 0.083446 0.019033
1 0.659064 0.172412 0.067613 0.018979
2 0.814475 0.173565 0.221770 0.018253
2 0.746848 0.194586 0.348435 0.018683
2 0.604221 0.215351 0.063438 0.017715
0 0.555699 0.246437 0.041780 0.018891
1 0.620698 0.246658 0.075113 0.019005
2 0.795693 0.247877 0.253436 0.018361
2 0.627649 0.268556 0.110938 0.017876
0 0.555355 0.303311 0.041780 0.018891
1 0.629105 0.303562 0.092612 0.019064
0 0.565579 0.335221 0.062613 0.018962
1 0.626829 0.335429 0.046779 0.018908
2 0.737241 0.336429 0.152604 0.018018
0 0.575785 0.370256 0.083446 0.019033
1 0.670784 0.370579 0.093446 0.019067
0 0.554766 0.400810 0.041780 0.018891
1 0.626849 0.401055 0.089279 0.019053
2 0.801010 0.402272 0.237603 0.018307
2 0.579217 0.422768 0.015939 0.017554
0 0.564870 0.452720 0.062613 0.018962
1 0.633202 0.452952 0.060946 0.018957
0 0.564666 0.486470 0.062613 0.018962
1 0.638415 0.486720 0.071779 0.018993
2 0.787993 0.487854 0.205937 0.018199
0 0.564496 0.514594 0.062613 0.018962
1 0.635745 0.514836 0.066779 0.018976
2 0.774907 0.515934 0.190104 0.018145
0 0.553894 0.545184 0.041780 0.018891
1 0.612227 0.545382 0.061779 0.018959
2 0.780555 0.546579 0.253436 0.018361
0 0.553709 0.575808 0.041780 0.018891
1 0.603709 0.575978 0.045113 0.018903
2 0.779536 0.577201 0.285103 0.018468
2 0.657326 0.598036 0.174271 0.018092
0 0.553366 0.632683 0.041780 0.018891
1 0.610865 0.632878 0.060113 0.018954
0 0.563567 0.668343 0.062613 0.018962
1 0.644400 0.668617 0.085946 0.019041
2 0.808977 0.669802 0.221770 0.018253
2 0.688434 0.690642 0.237603 0.018307
0 0.552826 0.722057 0.041780 0.018891
1 0.610742 0.722254 0.060946 0.018957
2 0.707404 0.723207 0.110938 0.017876
0 0.573474 0.752752 0.083446 0.019033
1 0.648890 0.753009 0.054279 0.018934
2 0.805551 0.754166 0.237603 0.018307
2 0.680007 0.774990 0.221770 0.018253
0 0.562770 0.800216 0.062613 0.018962
1 0.640686 0.800481 0.080112 0.019022
2 0.778598 0.801575 0.174271 0.018092
0 0.552188 0.827681 0.041780 0.018891
1 0.602604 0.827852 0.045946 0.018906
2 0.739265 0.828941 0.205937 0.018199
0 0.572828 0.859626 0.083446 0.019033
1 0.643244 0.859865 0.044279 0.018900
2 0.802822 0.861033 0.253436 0.018361
2 0.742694 0.882079 0.348435 0.018683
2 0.747566 0.903345 0.358435 0.018717
2 0.742438 0.924578 0.348435 0.018683
2 0.742309 0.945828 0.348435 0.018683
2 0.742181 0.967078 0.348435 0.018683
