1 0.239167 0.085938 0.150000 0.021875
0 0.266667 0.095312 0.400000 0.040625
1 0.171250 0.135313 0.060833 0.021875
0 0.266667 0.144687 0.400000 0.040625
1 0.197083 0.187812 0.065833 0.021875
0 0.266667 0.206563 0.400000 0.059375
1 0.168333 0.255937 0.101667 0.021875
0 0.266667 0.255937 0.400000 0.021875
1 0.177083 0.286562 0.072500 0.021875
0 0.266667 0.286562 0.400000 0.021875
1 0.184583 0.317188 0.087500 0.021875
0 0.266667 0.317188 0.400000 0.021875
1 0.177917 0.349687 0.120833 0.021875
0 0.266667 0.415312 0.400000 0.153125
1 0.182917 0.512813 0.084167 0.021875
0 0.266667 0.550312 0.400000 0.096875
1 0.160000 0.617188 0.038333 0.021875
0 0.266667 0.664062 0.400000 0.115625
1 0.190833 0.741563 0.053333 0.021875
0 0.266667 0.750938 0.400000 0.040625
1 0.186250 0.790937 0.137500 0.021875
0 0.266667 0.790937 0.400000 0.021875
1 0.188750 0.824063 0.095833 0.021875
0 0.266667 0.833438 0.400000 0.040625
1 0.185833 0.875313 0.136667 0.021875
0 0.266667 0.922188 0.400000 0.115625
1 0.640417 0.085938 0.112500 0.021875
0 0.733333 0.114062 0.400000 0.078125
1 0.662500 0.170937 0.110000 0.021875
0 0.733333 0.170937 0.400000 0.021875
1 0.633750 0.202813 0.052500 0.021875
0 0.733333 0.230937 0.400000 0.078125
1 0.709167 0.291563 0.156667 0.021875
0 0.733333 0.310312 0.400000 0.059375
1 0.625000 0.360312 0.081667 0.021875
0 0.733333 0.397813 0.400000 0.096875
1 0.630417 0.467187 0.092500 0.021875
0 0.733333 0.476562 0.400000 0.040625
1 0.632500 0.517813 0.096667 0.021875
0 0.733333 0.527188 0.400000 0.040625
1 0.659167 0.564688 0.056667 0.021875
0 0.733333 0.583438 0.400000 0.059375
1 0.662500 0.636563 0.110000 0.021875
0 0.733333 0.636563 0.400000 0.021875
1 0.685417 0.669063 0.109167 0.021875
0 0.733333 0.706562 0.400000 0.096875
1 0.665000 0.772813 0.115000 0.021875
0 0.733333 0.772813 0.400000 0.021875
1 0.612917 0.803438 0.057500 0.021875
0 0.733333 0.803438 0.400000 0.021875
1 0.689167 0.835938 0.116667 0.021875
0 0.733333 0.854688 0.400000 0.059375
1 0.640833 0.905937 0.066667 0.021875
0 0.733333 0.915312 0.400000 0.040625
