1 0.122909 0.076861 0.083957 0.020372
2 0.201632 0.078400 0.061464 0.019933
3 0.358640 0.082095 0.232196 0.022022
3 0.149639 0.099266 0.063920 0.018732
0 0.280798 0.091202 0.408049 0.051684
1 0.100302 0.127686 0.042304 0.019558
2 0.156533 0.128785 0.058132 0.019868
3 0.330618 0.132815 0.269683 0.022755
3 0.226998 0.152046 0.222199 0.021827
0 0.279017 0.142434 0.408049 0.051684
1 0.108934 0.179122 0.063130 0.019965
2 0.168914 0.180295 0.044803 0.019607
3 0.333419 0.184137 0.263852 0.022641
3 0.241045 0.203588 0.253855 0.022446
0 0.277236 0.193667 0.408049 0.051684
1 0.106979 0.235353 0.063130 0.019965
2 0.183620 0.236852 0.078125 0.020258
3 0.351874 0.240767 0.238027 0.022136
3 0.286575 0.260747 0.348823 0.024303
3 0.127557 0.278895 0.032264 0.018113
0 0.274912 0.260519 0.408787 0.072927
1 0.104373 0.310328 0.063130 0.019965
2 0.191010 0.312022 0.098118 0.020649
3 0.305950 0.314894 0.111404 0.019660
0 0.273044 0.314251 0.407310 0.030441
1 0.109032 0.344180 0.074793 0.020193
2 0.196086 0.345882 0.087289 0.020438
0 0.271871 0.347989 0.407310 0.030441
1 0.091680 0.375727 0.042304 0.019558
2 0.160823 0.377079 0.083957 0.020372
3 0.324079 0.380896 0.222199 0.021827
0 0.270764 0.379853 0.407310 0.030441
1 0.101029 0.406545 0.063130 0.019965
2 0.158093 0.407661 0.038972 0.019493
3 0.322598 0.411502 0.269683 0.022755
3 0.193570 0.430237 0.174716 0.020898
0 0.269330 0.421089 0.408049 0.051684
1 0.088835 0.457574 0.042304 0.019558
2 0.140484 0.458584 0.048968 0.019688
3 0.314986 0.462621 0.279680 0.022951
3 0.149304 0.480639 0.089744 0.019237
0 0.267549 0.472322 0.408049 0.051684
1 0.107815 0.511088 0.083957 0.020372
2 0.178208 0.512464 0.044803 0.019607
3 0.337715 0.516208 0.253855 0.022446
3 0.276997 0.536278 0.348823 0.024303
3 0.276259 0.557521 0.348823 0.024303
0 0.265334 0.536050 0.408787 0.072927
1 0.084274 0.588779 0.042304 0.019558
2 0.149252 0.590050 0.075626 0.020210
3 0.324171 0.594095 0.253855 0.022446
0 0.263358 0.592906 0.407310 0.030441
1 0.103927 0.622925 0.083957 0.020372
2 0.191814 0.624643 0.079791 0.020291
0 0.262185 0.626645 0.407310 0.030441
1 0.081863 0.658131 0.042304 0.019558
2 0.154338 0.659548 0.090621 0.020503
3 0.328841 0.663585 0.238027 0.022136
3 0.271871 0.683728 0.348823 0.024303
3 0.271133 0.704971 0.348823 0.024303
3 0.270395 0.726214 0.348823 0.024303
3 0.269656 0.747457 0.348823 0.024303
3 0.268918 0.768699 0.348823 0.024303
3 0.165298 0.787931 0.143060 0.020279
0 0.258732 0.725986 0.411741 0.157898
1 0.097238 0.815360 0.083957 0.020372
2 0.185541 0.817086 0.080624 0.020307
3 0.339218 0.820716 0.206372 0.021517
3 0.266420 0.840550 0.348823 0.024303
3 0.265682 0.861793 0.348823 0.024303
3 0.209546 0.881952 0.238027 0.022136
0 0.254388 0.850943 0.409526 0.094170
1 0.568591 0.085575 0.042304 0.019558
2 0.636068 0.086894 0.080624 0.020307
0 0.747675 0.089702 0.407310 0.030441
1 0.588244 0.119721 0.083957 0.020372
2 0.668217 0.121284 0.063963 0.019982
3 0.821477 0.124906 0.222199 0.021827
3 0.599147 0.141816 0.032264 0.018113
0 0.746133 0.134062 0.408049 0.051684
1 0.565681 0.169296 0.042304 0.019558
2 0.621078 0.170380 0.056466 0.019835
3 0.731019 0.173155 0.143060 0.020279
0 0.744765 0.173423 0.407310 0.030441
1 0.575030 0.200115 0.063130 0.019965
2 0.639174 0.201369 0.053134 0.019770
0 0.743700 0.204038 0.407310 0.030441
1 0.584487 0.227809 0.083957 0.020372
2 0.665709 0.229397 0.066463 0.020030
3 0.820219 0.233043 0.222199 0.021827
3 0.753669 0.252999 0.348823 0.024303
3 0.752931 0.274242 0.348823 0.024303
3 0.609741 0.292700 0.063920 0.018732
0 0.741637 0.263393 0.409526 0.094170
1 0.560294 0.324244 0.042304 0.019558
2 0.621107 0.325433 0.067296 0.020047
3 0.783947 0.329242 0.238027 0.022136
0 0.739379 0.328371 0.407310 0.030441
1 0.579970 0.357765 0.083957 0.020372
2 0.657860 0.359288 0.059798 0.019900
3 0.809037 0.362869 0.222199 0.021827
0 0.738228 0.361484 0.407310 0.030441
1 0.574280 0.389539 0.074793 0.020193
2 0.640091 0.390826 0.044803 0.019607
3 0.775857 0.394106 0.206372 0.021517
0 0.737120 0.393349 0.407310 0.030441
1 0.577646 0.424617 0.083957 0.020372
2 0.659285 0.426213 0.067296 0.020047
0 0.735904 0.428337 0.407310 0.030441
1 0.576560 0.455856 0.083957 0.020372
2 0.667362 0.457632 0.085623 0.020405
3 0.823538 0.461311 0.206372 0.021517
3 0.595376 0.478107 0.048092 0.018423
0 0.734449 0.470197 0.408049 0.051684
1 0.574714 0.508963 0.083957 0.020372
2 0.648439 0.510405 0.051468 0.019737
3 0.779623 0.513595 0.190544 0.021208
0 0.732972 0.512683 0.407310 0.030441
1 0.573650 0.539578 0.083957 0.020372
2 0.640294 0.540881 0.037306 0.019460
3 0.769395 0.544031 0.200540 0.021403
0 0.731908 0.543298 0.407310 0.030441
1 0.551651 0.572909 0.042304 0.019558
2 0.620794 0.574261 0.083957 0.020372
3 0.799878 0.578388 0.253855 0.022446
3 0.599207 0.595722 0.063920 0.018732
0 0.730366 0.587658 0.408049 0.051684
1 0.570826 0.620800 0.083957 0.020372
2 0.639553 0.622144 0.041471 0.019542
3 0.797394 0.625856 0.253855 0.022446
3 0.740008 0.645991 0.348823 0.024303
3 0.739270 0.667234 0.348823 0.024303
3 0.743530 0.688574 0.358820 0.024498
3 0.714051 0.709255 0.301339 0.023374
0 0.727607 0.667006 0.410264 0.115412
1 0.556417 0.735558 0.063130 0.019965
2 0.634724 0.737089 0.081457 0.020324
3 0.804644 0.741037 0.238027 0.022136
3 0.609389 0.758476 0.095576 0.019351
0 0.724719 0.750102 0.408049 0.051684
1 0.544310 0.784088 0.042304 0.019558
2 0.600957 0.785195 0.058965 0.019884
3 0.775460 0.789232 0.269683 0.022755
3 0.631437 0.807674 0.143060 0.020279
0 0.723025 0.798836 0.408049 0.051684
1 0.563399 0.834478 0.083957 0.020372
2 0.651286 0.836196 0.079791 0.020291
3 0.804545 0.839818 0.206372 0.021517
3 0.653441 0.858121 0.190544 0.021208
0 0.721287 0.848819 0.408049 0.051684
1 0.551248 0.884257 0.063130 0.019965
2 0.618725 0.885577 0.059798 0.019900
0 0.719919 0.888180 0.407310 0.030441
