1 0.237083 0.085938 0.145833 0.021875
0 0.266667 0.104688 0.400000 0.059375
1 0.208333 0.152188 0.088333 0.021875
0 0.266667 0.152188 0.400000 0.021875
1 0.167500 0.184062 0.100000 0.021875
0 0.266667 0.184062 0.400000 0.021875
1 0.210000 0.215938 0.091667 0.021875
0 0.266667 0.215938 0.400000 0.021875
1 0.176667 0.249688 0.071667 0.021875
0 0.266667 0.249688 0.400000 0.021875
1 0.199583 0.282187 0.117500 0.021875
0 0.266667 0.319688 0.400000 0.096875
1 0.164583 0.387813 0.094167 0.021875
0 0.266667 0.415938 0.400000 0.078125
1 0.191250 0.477812 0.147500 0.021875
0 0.266667 0.487187 0.400000 0.040625
1 0.145000 0.530312 0.055000 0.021875
0 0.266667 0.539687 0.400000 0.040625
1 0.174583 0.579063 0.067500 0.021875
0 0.266667 0.579063 0.400000 0.021875
1 0.177083 0.609688 0.072500 0.021875
0 0.266667 0.609688 0.400000 0.021875
1 0.151250 0.642188 0.067500 0.021875
0 0.266667 0.642188 0.400000 0.021875
1 0.158750 0.676562 0.082500 0.021875
0 0.266667 0.685937 0.400000 0.040625
1 0.197500 0.724063 0.066667 0.021875
0 0.266667 0.724063 0.400000 0.021875
1 0.173750 0.754687 0.112500 0.021875
0 0.266667 0.764062 0.400000 0.040625
1 0.228750 0.807813 0.129167 0.021875
0 0.266667 0.807813 0.400000 0.021875
1 0.217083 0.837812 0.105833 0.021875
0 0.266667 0.837812 0.400000 0.021875
1 0.210833 0.867812 0.093333 0.021875
0 0.266667 0.895938 0.400000 0.078125
1 0.660833 0.085938 0.060000 0.021875
0 0.733333 0.095312 0.400000 0.040625
1 0.658750 0.138437 0.102500 0.021875
0 0.733333 0.138437 0.400000 0.021875
1 0.644583 0.168437 0.074167 0.021875
0 0.733333 0.177813 0.400000 0.040625
1 0.611250 0.220938 0.054167 0.021875
0 0.733333 0.230313 0.400000 0.040625
1 0.624167 0.271562 0.080000 0.021875
0 0.733333 0.346562 0.400000 0.171875
1 0.647917 0.455937 0.080833 0.021875
0 0.733333 0.465313 0.400000 0.040625
1 0.624167 0.505313 0.080000 0.021875
0 0.733333 0.514687 0.400000 0.040625
1 0.650000 0.552813 0.131667 0.021875
0 0.733333 0.562187 0.400000 0.040625
1 0.663750 0.600938 0.112500 0.021875
0 0.733333 0.638437 0.400000 0.096875
1 0.629583 0.704063 0.044167 0.021875
0 0.733333 0.732187 0.400000 0.078125
1 0.684583 0.794063 0.154167 0.021875
0 0.733333 0.803438 0.400000 0.040625
1 0.662500 0.847187 0.110000 0.021875
0 0.733333 0.912813 0.400000 0.153125
