0 0.26666666666666666 0.096875 0.4 0.04375
0 0.26666666666666666 0.181875 0.4 0.09125
0 0.26666666666666666 0.266875 0.4 0.04375
0 0.26666666666666666 0.31625 0.4 0.02
0 0.26666666666666666 0.413125 0.4 0.13875
0 0.26666666666666666 0.5575 0.4 0.115
0 0.26666666666666666 0.654375 0.4 0.04375
0 0.26666666666666666 0.739375 0.4 0.09125
0 0.26666666666666666 0.848125 0.4 0.09125
0 0.7333333333333333 0.085 0.4 0.02
0 0.7333333333333333 0.134375 0.4 0.04375
0 0.7333333333333333 0.195625 0.4 0.04375
0 0.7333333333333333 0.26875 0.4 0.0675
0 0.7333333333333333 0.341875 0.4 0.04375
0 0.7333333333333333 0.403125 0.4 0.04375
0 0.7333333333333333 0.511875 0.4 0.13875
0 0.7333333333333333 0.620625 0.4 0.04375
0 0.7333333333333333 0.705625 0.4 0.09125
0 0.7333333333333333 0.814375 0.4 0.09125
0 0.7333333333333333 0.899375 0.4 0.04375
