0 0.117193 0.079758 0.083720 0.019741
1 0.197599 0.080716 0.064556 0.019513
0 0.095805 0.105756 0.042059 0.019244
1 0.159131 0.106511 0.072055 0.019602
2 0.340345 0.109297 0.269504 0.020707
2 0.286151 0.129904 0.348660 0.021651
2 0.285701 0.151151 0.348660 0.021651
2 0.285250 0.172398 0.348660 0.021651
2 0.289799 0.193705 0.358659 0.021770
2 0.221024 0.214138 0.222010 0.020141
0 0.092944 0.240739 0.042059 0.019244
1 0.142521 0.241330 0.044559 0.019274
2 0.317902 0.244047 0.285335 0.020896
2 0.283290 0.264886 0.348660 0.021651
2 0.267008 0.285945 0.316998 0.021273
0 0.091341 0.316354 0.042059 0.019244
1 0.146334 0.317010 0.055390 0.019403
2 0.319216 0.319697 0.269504 0.020707
0 0.111589 0.344099 0.083720 0.019741
1 0.200328 0.345157 0.081221 0.019711
2 0.354462 0.347620 0.206178 0.019952
2 0.201947 0.367055 0.190347 0.019763
0 0.089566 0.400094 0.042059 0.019244
1 0.141226 0.400710 0.048725 0.019324
2 0.302859 0.403262 0.253672 0.020518
0 0.099306 0.432089 0.062890 0.019493
1 0.160964 0.432824 0.047891 0.019314
2 0.330096 0.435466 0.269504 0.020707
2 0.279236 0.456112 0.348660 0.021651
2 0.278785 0.477360 0.348660 0.021651
2 0.278335 0.498607 0.348660 0.021651
2 0.206643 0.519005 0.206178 0.019952
0 0.096855 0.547699 0.062890 0.019493
1 0.180594 0.548698 0.092053 0.019841
2 0.324313 0.551037 0.174516 0.019574
0 0.096153 0.580820 0.062890 0.019493
1 0.170726 0.581709 0.073721 0.019622
2 0.321111 0.584128 0.206178 0.019952
0 0.095397 0.616441 0.062890 0.019493
1 0.153723 0.617136 0.041226 0.019234
2 0.319523 0.619738 0.269504 0.020707
2 0.275328 0.640464 0.348660 0.021651
2 0.219468 0.661051 0.237841 0.020329
0 0.083379 0.691932 0.042059 0.019244
1 0.137956 0.692583 0.054557 0.019393
0 0.103468 0.727176 0.083720 0.019741
1 0.181791 0.728110 0.060390 0.019463
2 0.333426 0.730543 0.222010 0.020141
0 0.092297 0.762672 0.062890 0.019493
1 0.160622 0.763487 0.061223 0.019473
0 0.102050 0.794042 0.083720 0.019741
1 0.190789 0.795101 0.081221 0.019711
2 0.344923 0.797564 0.206178 0.019952
2 0.271565 0.817942 0.348660 0.021651
2 0.271115 0.839189 0.348660 0.021651
2 0.270664 0.860436 0.348660 0.021651
2 0.270214 0.881683 0.348660 0.021651
2 0.235185 0.902518 0.279502 0.020826
0 0.562970 0.085073 0.042059 0.019244
1 0.616296 0.085709 0.052058 0.019364
2 0.795427 0.088470 0.285335 0.020896
2 0.753315 0.109221 0.348660 0.021651
2 0.752865 0.130468 0.348660 0.021651
2 0.757414 0.151775 0.358659 0.021770
2 0.672807 0.172019 0.190347 0.019763
0 0.581363 0.200307 0.083720 0.019741
1 0.674684 0.201420 0.090386 0.019821
2 0.833401 0.203938 0.206178 0.019952
2 0.584649 0.222224 0.016202 0.017687
0 0.569782 0.255176 0.062890 0.019493
1 0.633523 0.255936 0.052058 0.019364
2 0.788907 0.258414 0.237841 0.020329
0 0.569026 0.290797 0.062890 0.019493
1 0.653182 0.291800 0.092886 0.019851
2 0.821065 0.294427 0.222010 0.020141
2 0.653969 0.313687 0.158684 0.019386
0 0.578422 0.339040 0.083720 0.019741
1 0.660911 0.340023 0.068722 0.019562
2 0.816712 0.342506 0.222010 0.020141
2 0.752936 0.362998 0.358659 0.021770
2 0.752485 0.384246 0.358659 0.021770
2 0.747036 0.405433 0.348660 0.021651
2 0.746585 0.426681 0.348660 0.021651
2 0.666978 0.446984 0.190347 0.019763
0 0.565185 0.472024 0.062890 0.019493
1 0.631426 0.472814 0.057057 0.019423
2 0.797225 0.475416 0.253672 0.020518
2 0.745115 0.496047 0.348660 0.021651
2 0.744664 0.517294 0.348660 0.021651
2 0.744214 0.538542 0.348660 0.021651
2 0.743763 0.559789 0.348660 0.021651
2 0.743313 0.581036 0.348660 0.021651
2 0.742863 0.602284 0.348660 0.021651
2 0.655340 0.622493 0.174516 0.019574
0 0.571758 0.653375 0.083720 0.019741
1 0.650082 0.654309 0.060390 0.019463
2 0.809631 0.656837 0.237841 0.020329
2 0.741273 0.677274 0.348660 0.021651
2 0.740822 0.698521 0.348660 0.021651
2 0.740372 0.719769 0.348660 0.021651
2 0.716175 0.740733 0.301166 0.021085
0 0.569254 0.771485 0.083720 0.019741
1 0.650911 0.772459 0.067056 0.019542
2 0.805878 0.774932 0.222010 0.020141
2 0.738769 0.795384 0.348660 0.021651
2 0.738319 0.816631 0.348660 0.021651
2 0.742868 0.837938 0.358659 0.021770
2 0.737418 0.859126 0.348660 0.021651
2 0.736967 0.880373 0.348660 0.021651
2 0.717769 0.901397 0.311165 0.021204
