1 0.116531 0.080097 0.083692 0.019668
2 0.201522 0.081035 0.073693 0.019557
3 0.359826 0.083408 0.221986 0.019945
3 0.286083 0.103846 0.348639 0.021343
3 0.285666 0.125094 0.348639 0.021343
3 0.285249 0.146341 0.348639 0.021343
3 0.269001 0.167414 0.316976 0.020993
0 0.274001 0.124965 0.408732 0.111977
1 0.114336 0.191960 0.083692 0.019668
2 0.192661 0.192825 0.060361 0.019410
3 0.352214 0.195211 0.237818 0.020119
3 0.268057 0.215534 0.316976 0.020993
0 0.272431 0.204956 0.407481 0.048234
1 0.113330 0.243204 0.083692 0.019668
2 0.204987 0.244216 0.087025 0.019705
3 0.359125 0.246543 0.200322 0.019706
3 0.179977 0.265817 0.142828 0.019071
0 0.271426 0.256201 0.407481 0.048234
1 0.091567 0.290469 0.042030 0.019208
2 0.149894 0.291113 0.062028 0.019429
3 0.326113 0.293683 0.269481 0.020469
3 0.179045 0.313312 0.142828 0.019071
0 0.270494 0.303696 0.407481 0.048234
1 0.111393 0.341944 0.083692 0.019668
2 0.180968 0.342712 0.042863 0.019217
3 0.336773 0.345057 0.247817 0.020230
3 0.280945 0.365693 0.348639 0.021343
3 0.280528 0.386940 0.348639 0.021343
0 0.269280 0.365564 0.407898 0.069481
1 0.089188 0.411706 0.042030 0.019208
2 0.146265 0.412336 0.059528 0.019401
3 0.321234 0.414893 0.269481 0.020469
3 0.279571 0.435685 0.348639 0.021343
3 0.279154 0.456933 0.348639 0.021343
3 0.270822 0.478093 0.332807 0.021168
0 0.267698 0.446180 0.408315 0.090729
1 0.087238 0.511070 0.042030 0.019208
2 0.136399 0.511613 0.043697 0.019226
3 0.253041 0.513526 0.168658 0.019356
0 0.266373 0.513673 0.407064 0.026986
1 0.097065 0.541182 0.062861 0.019438
2 0.173723 0.542028 0.077860 0.019603
3 0.342026 0.544511 0.237818 0.020119
3 0.277033 0.565046 0.348639 0.021343
3 0.276616 0.586294 0.348639 0.021343
3 0.276199 0.607542 0.348639 0.021343
3 0.275782 0.628789 0.348639 0.021343
3 0.275365 0.650037 0.348639 0.021343
3 0.272032 0.671252 0.342806 0.021278
0 0.264534 0.607413 0.409566 0.154472
1 0.093925 0.701165 0.062861 0.019438
2 0.160585 0.701901 0.057862 0.019383
0 0.262645 0.703652 0.407064 0.026986
1 0.093288 0.733661 0.062861 0.019438
2 0.171613 0.734526 0.081192 0.019640
3 0.302003 0.736590 0.158660 0.019246
0 0.262007 0.736149 0.407064 0.026986
1 0.092773 0.759908 0.062861 0.019438
2 0.151516 0.760557 0.042030 0.019208
3 0.317736 0.763017 0.269481 0.020469
3 0.272741 0.783772 0.348639 0.021343
3 0.272324 0.805020 0.348639 0.021343
3 0.145254 0.824870 0.095333 0.018547
0 0.260867 0.794267 0.408315 0.090729
1 0.101349 0.853763 0.083692 0.019668
2 0.176341 0.854591 0.053695 0.019337
3 0.332561 0.856941 0.237818 0.020119
3 0.152164 0.876202 0.111165 0.018721
0 0.259444 0.866760 0.407481 0.048234
1 0.572732 0.085133 0.062861 0.019438
2 0.639808 0.085873 0.058695 0.019392
3 0.803528 0.088306 0.247817 0.020230
3 0.752700 0.108997 0.348639 0.021343
3 0.752283 0.130244 0.348639 0.021343
3 0.680623 0.150706 0.206154 0.019770
0 0.740826 0.119492 0.408315 0.090729
1 0.581246 0.182112 0.083692 0.019668
2 0.650822 0.182880 0.042863 0.019217
3 0.809543 0.185257 0.253649 0.020294
3 0.679556 0.205075 0.206154 0.019770
0 0.739342 0.195109 0.407481 0.048234
1 0.580130 0.238981 0.083692 0.019668
2 0.655122 0.239809 0.053695 0.019337
3 0.803427 0.242071 0.221986 0.019945
0 0.738434 0.241354 0.407064 0.026986
1 0.579493 0.271478 0.083692 0.019668
2 0.669066 0.272466 0.082859 0.019659
3 0.824037 0.274802 0.206154 0.019770
3 0.749045 0.295227 0.348639 0.021343
3 0.748628 0.316474 0.348639 0.021343
3 0.732379 0.337547 0.316976 0.020993
0 0.737171 0.305722 0.408315 0.090729
1 0.577678 0.363968 0.083692 0.019668
2 0.656002 0.364832 0.060361 0.019410
3 0.815556 0.367218 0.237818 0.020119
3 0.752229 0.387772 0.358638 0.021453
3 0.746813 0.408964 0.348639 0.021343
3 0.751396 0.430267 0.358638 0.021453
3 0.745979 0.451460 0.348639 0.021343
3 0.595162 0.471047 0.047838 0.018022
0 0.734939 0.419459 0.409149 0.133225
1 0.554222 0.497473 0.042030 0.019208
2 0.621715 0.498218 0.080359 0.019631
3 0.764604 0.500421 0.184490 0.019531
0 0.733357 0.500076 0.407064 0.026986
1 0.553535 0.532469 0.042030 0.019208
2 0.613112 0.533127 0.064528 0.019456
0 0.732670 0.535072 0.407064 0.026986
1 0.552898 0.564966 0.042030 0.019208
2 0.607892 0.565573 0.055362 0.019355
0 0.732033 0.567568 0.407064 0.026986
1 0.562737 0.594453 0.062861 0.019438
2 0.634396 0.595244 0.067861 0.019493
3 0.781867 0.597497 0.206154 0.019770
0 0.731456 0.596940 0.407064 0.026986
1 0.562062 0.628824 0.062861 0.019438
2 0.626639 0.629537 0.053695 0.019337
0 0.730782 0.631311 0.407064 0.026986
1 0.551132 0.654956 0.042030 0.019208
2 0.616958 0.655683 0.077026 0.019594
3 0.797759 0.658304 0.263648 0.020405
3 0.622778 0.677624 0.111165 0.018721
0 0.730058 0.668182 0.407481 0.048234
1 0.560431 0.711940 0.062861 0.019438
2 0.630840 0.712717 0.065361 0.019465
3 0.800810 0.715218 0.253649 0.020294
3 0.740399 0.735804 0.348639 0.021343
0 0.728942 0.725051 0.407481 0.048234
1 0.569841 0.763299 0.083692 0.019668
2 0.660665 0.764302 0.085359 0.019686
3 0.816885 0.766651 0.206154 0.019770
3 0.739394 0.787048 0.348639 0.021343
3 0.738977 0.808296 0.348639 0.021343
3 0.738560 0.829544 0.348639 0.021343
3 0.738143 0.850791 0.348639 0.021343
3 0.737726 0.872039 0.348639 0.021343
3 0.697730 0.892850 0.269481 0.020469
0 0.726894 0.829415 0.409566 0.154472
