0 0.114741 0.081020 0.083616 0.019468
1 0.192236 0.081689 0.058617 0.019253
2 0.327217 0.083480 0.190256 0.019140
0 0.114338 0.107268 0.083616 0.019468
1 0.198082 0.107991 0.071117 0.019361
2 0.355146 0.109973 0.221921 0.019413
2 0.188997 0.129789 0.158592 0.018866
0 0.092700 0.159585 0.041952 0.019109
1 0.145196 0.160038 0.050285 0.019181
0 0.092297 0.185833 0.041952 0.019109
1 0.146460 0.186301 0.053618 0.019209
0 0.112678 0.215386 0.083616 0.019468
1 0.200589 0.216145 0.079449 0.019433
2 0.353902 0.218094 0.206088 0.019277
2 0.171505 0.237770 0.126927 0.018593
0 0.101388 0.272167 0.062784 0.019289
1 0.169717 0.272757 0.061117 0.019274
0 0.100928 0.302165 0.062784 0.019289
1 0.162174 0.302694 0.046951 0.019152
2 0.243825 0.304024 0.095262 0.018319
0 0.089974 0.337073 0.041952 0.019109
1 0.155803 0.337641 0.076949 0.019411
2 0.323699 0.339717 0.237753 0.019550
0 0.110269 0.372251 0.083616 0.019468
1 0.182764 0.372877 0.048618 0.019166
2 0.328578 0.374761 0.221921 0.019413
0 0.088996 0.400819 0.041952 0.019109
1 0.137326 0.401236 0.041952 0.019109
0 0.088525 0.431442 0.041952 0.019109
1 0.142272 0.431906 0.052784 0.019202
2 0.321834 0.434082 0.285250 0.019960
2 0.279010 0.454963 0.348579 0.020507
2 0.278684 0.476212 0.348579 0.020507
2 0.283357 0.497504 0.358578 0.020594
2 0.278031 0.518709 0.348579 0.020507
2 0.277705 0.539958 0.348579 0.020507
2 0.282378 0.561250 0.358578 0.020594
2 0.245388 0.582181 0.285250 0.019960
0 0.106651 0.607860 0.083616 0.019468
1 0.187479 0.608558 0.065284 0.019310
2 0.341626 0.610514 0.221921 0.019413
2 0.133813 0.629971 0.063598 0.018046
0 0.105787 0.664106 0.083616 0.019468
1 0.188282 0.664819 0.068617 0.019339
2 0.344095 0.666790 0.221921 0.019413
2 0.275440 0.687448 0.348579 0.020507
2 0.280114 0.708740 0.358578 0.020594
2 0.274788 0.729945 0.348579 0.020507
2 0.276545 0.751212 0.352745 0.020543
2 0.274135 0.772442 0.348579 0.020507
2 0.147151 0.792597 0.095262 0.018319
0 0.082508 0.823291 0.041952 0.019109
1 0.148754 0.823863 0.077783 0.019418
0 0.092397 0.857753 0.062784 0.019289
1 0.159475 0.858333 0.058617 0.019253
2 0.326122 0.860397 0.253585 0.019687
2 0.272465 0.881185 0.348579 0.020507
2 0.272139 0.902434 0.348579 0.020507
2 0.271813 0.923682 0.348579 0.020507
2 0.128996 0.943700 0.063598 0.018046
0 0.570961 0.084960 0.062784 0.019289
1 0.644289 0.085594 0.071117 0.019361
2 0.777604 0.087370 0.174424 0.019003
0 0.560103 0.113618 0.041952 0.019109
1 0.614683 0.114090 0.054451 0.019217
2 0.763414 0.116000 0.221921 0.019413
0 0.570078 0.142457 0.062784 0.019289
1 0.634240 0.143011 0.052784 0.019202
2 0.797970 0.145050 0.253585 0.019687
2 0.583908 0.164452 0.016101 0.017636
0 0.558827 0.196738 0.041952 0.019109
1 0.630489 0.197357 0.088615 0.019512
2 0.809217 0.199526 0.247752 0.019636
2 0.622653 0.219166 0.095262 0.018319
0 0.578805 0.252539 0.083616 0.019468
1 0.648384 0.253140 0.042785 0.019116
0 0.567871 0.286197 0.062784 0.019289
1 0.646199 0.286874 0.081116 0.019447
2 0.816178 0.288967 0.237753 0.019550
2 0.752939 0.309672 0.358578 0.020594
2 0.747613 0.330877 0.348579 0.020507
2 0.747287 0.352126 0.348579 0.020507
2 0.746961 0.373375 0.348579 0.020507
2 0.746634 0.394623 0.348579 0.020507
2 0.746308 0.415872 0.348579 0.020507
2 0.714317 0.436847 0.285250 0.019960
0 0.554643 0.469220 0.041952 0.019109
1 0.620889 0.469792 0.077783 0.019418
0 0.564598 0.499308 0.062784 0.019289
1 0.636677 0.499930 0.068617 0.019339
0 0.574467 0.535020 0.083616 0.019468
1 0.653629 0.535704 0.061950 0.019281
0 0.563629 0.562429 0.062784 0.019289
1 0.649873 0.563174 0.096948 0.019584
2 0.819852 0.565267 0.221921 0.019413
2 0.748698 0.585904 0.358578 0.020594
2 0.743372 0.607109 0.348579 0.020507
2 0.592639 0.627059 0.047766 0.017909
0 0.551802 0.654208 0.041952 0.019109
1 0.600966 0.654632 0.043618 0.019123
2 0.775945 0.656769 0.285250 0.019960
2 0.655210 0.676977 0.174424 0.019003
0 0.561355 0.710544 0.062784 0.019289
1 0.630933 0.711145 0.063617 0.019296
0 0.550449 0.742327 0.041952 0.019109
1 0.631277 0.743025 0.106947 0.019670
2 0.806256 0.745161 0.221921 0.019413
0 0.560395 0.773040 0.062784 0.019289
1 0.634973 0.773684 0.073616 0.019382
2 0.769538 0.775471 0.174424 0.019003
0 0.549451 0.807322 0.041952 0.019109
1 0.621530 0.807945 0.089449 0.019519
2 0.756095 0.809732 0.158592 0.018866
0 0.569823 0.837500 0.083616 0.019468
1 0.653150 0.838220 0.070283 0.019353
2 0.809797 0.840198 0.221921 0.019413
2 0.581153 0.859475 0.031933 0.017772
0 0.548117 0.894192 0.041952 0.019109
1 0.614363 0.894764 0.077783 0.019418
