3 0.496513 0.034406 0.993026 0.033615
0 0.091577 0.087867 0.062783 0.019287
1 0.162405 0.087257 0.066116 0.019316
2 0.285323 0.086822 0.158591 0.018863
0 0.092017 0.116615 0.062783 0.019287
1 0.174512 0.115904 0.089448 0.019517
2 0.340760 0.115097 0.221920 0.019409
2 0.272757 0.136934 0.348578 0.020500
2 0.273082 0.158183 0.348578 0.020500
2 0.273408 0.179431 0.348578 0.020500
2 0.273733 0.200680 0.348578 0.020500
2 0.115736 0.223293 0.031933 0.017772
0 0.094171 0.257231 0.062783 0.019287
1 0.164167 0.256628 0.064450 0.019302
0 0.084263 0.290443 0.041951 0.019108
1 0.161341 0.289779 0.099447 0.019603
2 0.340505 0.288860 0.237752 0.019545
2 0.275418 0.310673 0.348578 0.020500
2 0.275744 0.331921 0.348578 0.020500
2 0.276069 0.353170 0.348578 0.020500
2 0.276395 0.374418 0.348578 0.020500
2 0.276720 0.395667 0.348578 0.020500
2 0.134555 0.418143 0.063597 0.018045
0 0.097043 0.444718 0.062783 0.019287
1 0.158706 0.444187 0.047784 0.019158
2 0.327871 0.443354 0.269417 0.019818
2 0.277783 0.465037 0.348578 0.020500
2 0.278109 0.486286 0.348578 0.020500
2 0.159692 0.508558 0.111094 0.018454
0 0.098508 0.540337 0.062783 0.019287
1 0.173503 0.539691 0.074449 0.019388
2 0.340168 0.538880 0.237752 0.019545
2 0.208003 0.561270 0.206088 0.019272
0 0.088829 0.588549 0.041951 0.019108
1 0.144242 0.588071 0.056117 0.019230
2 0.254245 0.587748 0.142759 0.018727
0 0.105576 0.620906 0.074449 0.019388
1 0.179321 0.620271 0.060283 0.019266
2 0.338904 0.619521 0.237752 0.019545
2 0.122160 0.642640 0.031933 0.017772
0 0.110982 0.674613 0.083615 0.019467
1 0.190977 0.673924 0.063616 0.019294
2 0.344310 0.673228 0.221920 0.019409
2 0.170480 0.695977 0.126926 0.018590
0 0.090878 0.722290 0.041951 0.019108
1 0.143791 0.721834 0.051117 0.019187
2 0.322539 0.720919 0.285249 0.019955
2 0.139543 0.743747 0.063597 0.018045
0 0.102165 0.779071 0.062783 0.019287
1 0.170494 0.778483 0.061117 0.019273
2 0.290912 0.778070 0.158591 0.018863
0 0.113079 0.811479 0.083615 0.019467
1 0.198907 0.810740 0.075282 0.019395
0 0.103065 0.837817 0.062783 0.019287
1 0.170561 0.837236 0.059450 0.019259
2 0.337643 0.836421 0.253585 0.019682
2 0.288805 0.858093 0.358578 0.020586
2 0.284130 0.879385 0.348578 0.020500
2 0.181546 0.901520 0.142759 0.018727
0 0.568629 0.083756 0.083615 0.019467
1 0.650290 0.083053 0.066949 0.019323
0 0.548314 0.117683 0.041951 0.019108
1 0.621642 0.117052 0.091948 0.019539
2 0.741644 0.116643 0.126926 0.018590
0 0.548802 0.149556 0.041951 0.019108
1 0.602132 0.149097 0.051950 0.019194
2 0.781296 0.148178 0.285249 0.019955
2 0.739958 0.169786 0.348578 0.020500
2 0.740283 0.191034 0.348578 0.020500
2 0.740609 0.212283 0.348578 0.020500
2 0.740934 0.233531 0.348578 0.020500
2 0.741260 0.254780 0.348578 0.020500
2 0.741585 0.276029 0.348578 0.020500
2 0.746910 0.297234 0.358578 0.020586
2 0.591829 0.319822 0.047765 0.017908
0 0.572659 0.346864 0.083615 0.019467
1 0.655987 0.346146 0.070283 0.019352
2 0.812653 0.345421 0.221920 0.019409
2 0.747983 0.367230 0.358578 0.020586
2 0.743308 0.388521 0.348578 0.020500
2 0.624892 0.410793 0.111094 0.018454
0 0.553330 0.445162 0.041951 0.019108
1 0.607077 0.444699 0.052784 0.019201
0 0.553847 0.478910 0.041951 0.019108
1 0.623843 0.478306 0.085282 0.019481
2 0.732595 0.477994 0.111094 0.018454
0 0.575167 0.510603 0.083615 0.019467
1 0.647246 0.509982 0.047784 0.019158
2 0.800579 0.509286 0.237752 0.019545
2 0.603001 0.532240 0.063597 0.018045
0 0.575933 0.560600 0.083615 0.019467
1 0.648428 0.559975 0.048617 0.019165
2 0.807178 0.559232 0.247752 0.019631
2 0.746257 0.581009 0.348578 0.020500
2 0.746583 0.602257 0.348578 0.020500
2 0.751908 0.623463 0.358578 0.020586
2 0.660156 0.645505 0.174423 0.019000
0 0.577704 0.676217 0.083615 0.019467
1 0.662699 0.675485 0.073616 0.019381
2 0.821031 0.674745 0.221920 0.019409
2 0.589705 0.697990 0.031933 0.017772
0 0.578509 0.728714 0.083615 0.019467
1 0.653504 0.728067 0.053617 0.019208
2 0.806836 0.727371 0.231919 0.019495
2 0.582593 0.750555 0.016100 0.017635
0 0.568945 0.784425 0.062783 0.019287
1 0.635190 0.783854 0.056950 0.019237
0 0.579830 0.814958 0.083615 0.019467
1 0.664824 0.814226 0.073616 0.019381
0 0.559524 0.849510 0.041951 0.019108
1 0.611188 0.849065 0.048617 0.019165
2 0.788685 0.848161 0.285249 0.019955
2 0.644854 0.870651 0.136926 0.018676
