0 0.26666666666666666 0.120625 0.4 0.09125
0 0.26666666666666666 0.229375 0.4 0.09125
0 0.26666666666666666 0.314375 0.4 0.04375
0 0.26666666666666666 0.399375 0.4 0.09125
0 0.26666666666666666 0.484375 0.4 0.04375
0 0.26666666666666666 0.58125 0.4 0.115
0 0.26666666666666666 0.678125 0.4 0.04375
0 0.26666666666666666 0.775 0.4 0.115
0 0.26666666666666666 0.9075 0.4 0.115
0 0.7333333333333333 0.085 0.4 0.02
0 0.7333333333333333 0.181875 0.4 0.13875
0 0.7333333333333333 0.338125 0.4 0.13875
0 0.7333333333333333 0.470625 0.4 0.09125
0 0.7333333333333333 0.555625 0.4 0.04375
0 0.7333333333333333 0.62875 0.4 0.0675
0 0.7333333333333333 0.701875 0.4 0.04375
0 0.7333333333333333 0.763125 0.4 0.04375
0 0.7333333333333333 0.824375 0.4 0.04375
0 0.7333333333333333 0.909375 0.4 0.09125
