1 0.080205 0.088504 0.041994 0.019162
2 0.141866 0.087892 0.068658 0.019426
3 0.281865 0.087128 0.190292 0.019384
0 0.259367 0.087351 0.407028 0.026533
1 0.091095 0.115273 0.062825 0.019368
2 0.165672 0.114533 0.073658 0.019476
3 0.329002 0.113538 0.231955 0.019797
3 0.145226 0.136613 0.095300 0.018441
0 0.260029 0.124848 0.407403 0.047781
1 0.081528 0.163498 0.041994 0.019162
2 0.144439 0.162873 0.071158 0.019451
3 0.325268 0.161704 0.269452 0.020169
3 0.130243 0.184891 0.063636 0.018127
0 0.260877 0.172969 0.407403 0.047781
1 0.092793 0.211515 0.062825 0.019368
2 0.170702 0.210742 0.080324 0.019542
3 0.340282 0.209684 0.237788 0.019855
3 0.186504 0.232462 0.174460 0.019227
0 0.261726 0.221090 0.407403 0.047781
1 0.093774 0.267135 0.062825 0.019368
2 0.161684 0.266461 0.060325 0.019344
0 0.262520 0.266086 0.407028 0.026533
1 0.083821 0.293486 0.041994 0.019162
2 0.145482 0.292874 0.068658 0.019426
3 0.285481 0.292110 0.190292 0.019384
0 0.262983 0.292333 0.407028 0.026533
1 0.084306 0.320984 0.041994 0.019162
2 0.145134 0.320380 0.066992 0.019410
3 0.323879 0.319232 0.269452 0.020169
0 0.263468 0.319831 0.407028 0.026533
1 0.084868 0.352856 0.041994 0.019162
2 0.131531 0.352393 0.038661 0.019129
3 0.311943 0.351228 0.301116 0.020483
3 0.188995 0.373700 0.174460 0.019227
0 0.264218 0.362327 0.407403 0.047781
1 0.096122 0.400248 0.062825 0.019368
2 0.164033 0.399575 0.060325 0.019344
3 0.331529 0.398538 0.253620 0.020012
3 0.118589 0.421902 0.031973 0.017813
0 0.265056 0.409823 0.407403 0.047781
1 0.107541 0.457015 0.083657 0.019575
2 0.181284 0.456283 0.051160 0.019253
0 0.265871 0.456069 0.407028 0.026533
1 0.108070 0.487012 0.083657 0.019575
2 0.185980 0.486239 0.059492 0.019335
3 0.345144 0.485285 0.237788 0.019855
0 0.266400 0.486066 0.407028 0.026533
1 0.098183 0.517113 0.062825 0.019368
2 0.180260 0.516299 0.088656 0.019625
3 0.346089 0.515278 0.221956 0.019698
3 0.120651 0.538767 0.031973 0.017813
0 0.267117 0.526688 0.407403 0.047781
1 0.088716 0.570962 0.041994 0.019162
2 0.141628 0.570437 0.051160 0.019253
0 0.267878 0.569809 0.407028 0.026533
1 0.099661 0.600856 0.062825 0.019368
2 0.175487 0.600103 0.076157 0.019501
3 0.342984 0.599067 0.237788 0.019855
3 0.209204 0.621646 0.206124 0.019541
0 0.268594 0.610431 0.407403 0.047781
1 0.100598 0.653976 0.062825 0.019368
2 0.181007 0.653178 0.085323 0.019592
3 0.345171 0.652174 0.221956 0.019698
3 0.154729 0.675316 0.095300 0.018441
0 0.269531 0.663551 0.407403 0.047781
1 0.111939 0.706368 0.083657 0.019575
2 0.199432 0.705500 0.078657 0.019526
3 0.352346 0.704608 0.206124 0.019541
3 0.287310 0.726505 0.358611 0.021054
3 0.282685 0.747803 0.348612 0.020955
3 0.283060 0.769051 0.348612 0.020955
3 0.283435 0.790299 0.348612 0.020955
3 0.265061 0.811733 0.311115 0.020582
0 0.271207 0.758543 0.408902 0.132774
1 0.103916 0.842085 0.062825 0.019368
2 0.173077 0.841399 0.062825 0.019368
3 0.341823 0.840349 0.253620 0.020012
3 0.197627 0.863032 0.174460 0.019227
0 0.272850 0.851659 0.407403 0.047781
1 0.094448 0.895933 0.041994 0.019162
2 0.170275 0.895181 0.096989 0.019707
3 0.348187 0.894041 0.237788 0.019855
3 0.206491 0.916699 0.190292 0.019384
0 0.273798 0.905405 0.407403 0.047781
1 0.546831 0.083874 0.041994 0.019162
2 0.603493 0.083312 0.058659 0.019327
0 0.725993 0.082721 0.407028 0.026533
1 0.557798 0.115018 0.062825 0.019368
2 0.634458 0.114257 0.077824 0.019517
0 0.726544 0.113969 0.407028 0.026533
1 0.547933 0.146368 0.041994 0.019162
2 0.602095 0.145831 0.053659 0.019278
3 0.718763 0.145298 0.158628 0.019069
0 0.727095 0.145216 0.407028 0.026533
1 0.548407 0.173241 0.041994 0.019162
2 0.620484 0.172526 0.089490 0.019633
3 0.794647 0.171423 0.237788 0.019855
3 0.700030 0.193614 0.269452 0.020169
0 0.727757 0.182712 0.407403 0.047781
1 0.549278 0.222612 0.041994 0.019162
2 0.613856 0.221971 0.074491 0.019484
3 0.748855 0.221257 0.174460 0.019227
0 0.728440 0.221459 0.407028 0.026533
1 0.549807 0.252609 0.041994 0.019162
2 0.602303 0.252088 0.050326 0.019244
3 0.780632 0.250944 0.285284 0.020326
3 0.741010 0.272589 0.348612 0.020955
3 0.741385 0.293837 0.348612 0.020955
3 0.686348 0.315635 0.237788 0.019855
0 0.729532 0.283329 0.408152 0.090277
1 0.572315 0.347394 0.083657 0.019575
2 0.661057 0.346514 0.081157 0.019550
3 0.815221 0.345609 0.206124 0.019541
3 0.623946 0.368759 0.111132 0.018598
0 0.730832 0.357072 0.407403 0.047781
1 0.573296 0.403014 0.083657 0.019575
2 0.647873 0.402274 0.052826 0.019269
3 0.803703 0.401353 0.237788 0.019855
3 0.743667 0.423201 0.348612 0.020955
3 0.744042 0.444449 0.348612 0.020955
3 0.681089 0.466325 0.221956 0.019698
0 0.732188 0.433941 0.408152 0.090277
1 0.564512 0.495610 0.062825 0.019368
2 0.629506 0.494965 0.054493 0.019286
3 0.794086 0.493957 0.253620 0.020012
3 0.745298 0.515693 0.348612 0.020955
0 0.733445 0.505184 0.407403 0.047781
1 0.565515 0.552480 0.062825 0.019368
2 0.639675 0.551744 0.072824 0.019468
3 0.805505 0.550723 0.237788 0.019855
3 0.706722 0.572955 0.269452 0.020169
0 0.734448 0.562054 0.407403 0.047781
1 0.576857 0.604872 0.083657 0.019575
2 0.648100 0.604165 0.046160 0.019203
3 0.808514 0.603198 0.253620 0.020012
3 0.747227 0.625058 0.348612 0.020955
3 0.747602 0.646306 0.348612 0.020955
3 0.747977 0.667554 0.348612 0.020955
3 0.748352 0.688802 0.348612 0.020955
3 0.748727 0.710051 0.348612 0.020955
3 0.701606 0.731770 0.253620 0.020012
0 0.736311 0.667670 0.409277 0.154022
1 0.569285 0.766211 0.062825 0.019368
2 0.634279 0.765566 0.054493 0.019286
3 0.798859 0.764558 0.253620 0.020012
3 0.750072 0.786294 0.348612 0.020955
3 0.750447 0.807542 0.348612 0.020955
3 0.750821 0.828790 0.348612 0.020955
3 0.751196 0.850038 0.348612 0.020955
3 0.751571 0.871286 0.348612 0.020955
3 0.751946 0.892535 0.348612 0.020955
3 0.673161 0.914568 0.190292 0.019384
0 0.739343 0.839530 0.409652 0.175270
