0 0.090831 0.093971 0.084089 0.020737
1 0.169125 0.092094 0.060768 0.020178
2 0.294087 0.089724 0.168993 0.021524
0 0.071313 0.125079 0.042444 0.019739
1 0.120038 0.123911 0.043277 0.019759
2 0.294559 0.120353 0.285600 0.024319
2 0.262980 0.142371 0.348901 0.025836
2 0.263886 0.163610 0.348901 0.025836
2 0.264791 0.184849 0.348901 0.025836
2 0.270693 0.205969 0.358896 0.026076
2 0.266601 0.227328 0.348901 0.025836
0 0.098152 0.265758 0.084089 0.020737
1 0.172280 0.263981 0.052439 0.019978
2 0.332642 0.260762 0.248119 0.023421
2 0.268996 0.283549 0.348901 0.025836
2 0.269902 0.304788 0.348901 0.025836
2 0.270807 0.326027 0.348901 0.025836
2 0.276709 0.347147 0.358896 0.026076
2 0.177665 0.370781 0.158998 0.021284
0 0.103955 0.401938 0.084089 0.020737
1 0.189328 0.399892 0.074927 0.020517
2 0.348023 0.396713 0.222299 0.022802
2 0.240234 0.420558 0.279770 0.024179
0 0.085262 0.452412 0.042444 0.019739
1 0.132737 0.451274 0.040778 0.019699
2 0.282271 0.448315 0.238124 0.023181
0 0.107229 0.478774 0.084089 0.020737
1 0.193018 0.476718 0.075760 0.020537
2 0.352130 0.473529 0.222299 0.022802
2 0.278074 0.496565 0.348901 0.025836
2 0.283976 0.517684 0.358896 0.026076
2 0.121631 0.542837 0.032396 0.018250
0 0.090266 0.569852 0.042444 0.019739
1 0.155233 0.568295 0.075760 0.020537
2 0.335168 0.564607 0.263944 0.023800
2 0.131594 0.590747 0.048221 0.018629
0 0.092369 0.619202 0.042444 0.019739
1 0.144009 0.617964 0.049107 0.019898
2 0.321445 0.614336 0.285600 0.024319
2 0.284037 0.636494 0.348901 0.025836
2 0.284942 0.657733 0.348901 0.025836
2 0.285847 0.678972 0.348901 0.025836
2 0.288834 0.700161 0.353065 0.025936
2 0.287657 0.721450 0.348901 0.025836
2 0.154047 0.745914 0.079872 0.019388
0 0.119740 0.772374 0.084089 0.020737
1 0.204697 0.770338 0.074094 0.020497
2 0.328410 0.767998 0.153168 0.021145
0 0.121231 0.807356 0.084089 0.020737
1 0.195776 0.805569 0.053272 0.019998
2 0.351556 0.802461 0.238124 0.023181
2 0.205037 0.827234 0.174823 0.021664
0 0.113162 0.862578 0.063267 0.020238
1 0.184376 0.860871 0.067431 0.020338
2 0.355148 0.857403 0.253949 0.023560
2 0.294418 0.880119 0.348901 0.025836
2 0.295323 0.901358 0.348901 0.025836
2 0.296228 0.922598 0.348901 0.025836
2 0.297133 0.943837 0.348901 0.025836
0 0.557260 0.082790 0.084089 0.020737
1 0.645131 0.080684 0.079925 0.020637
2 0.798413 0.077635 0.206474 0.022422
2 0.622325 0.103117 0.137342 0.020765
0 0.559576 0.137138 0.084089 0.020737
1 0.636203 0.135301 0.057436 0.020098
2 0.794066 0.132142 0.238124 0.023181
2 0.659207 0.156636 0.206474 0.022422
0 0.561918 0.192109 0.084089 0.020737
1 0.637713 0.190293 0.055771 0.020058
2 0.794743 0.187154 0.238124 0.023181
2 0.724850 0.210090 0.333076 0.025457
0 0.553769 0.245457 0.063267 0.020238
1 0.627065 0.243700 0.071596 0.020437
2 0.792008 0.240372 0.238124 0.023181
2 0.616336 0.265843 0.111522 0.020146
0 0.545434 0.294432 0.042444 0.019739
1 0.607486 0.292944 0.069930 0.020398
2 0.787421 0.289257 0.269775 0.023940
2 0.737102 0.311724 0.348901 0.025836
2 0.738007 0.332963 0.348901 0.025836
2 0.704346 0.355030 0.279770 0.024179
0 0.570277 0.388259 0.084089 0.020737
1 0.655233 0.386223 0.074094 0.020497
2 0.813512 0.383054 0.222299 0.022802
2 0.717384 0.406619 0.301425 0.024698
0 0.572459 0.439483 0.084089 0.020737
1 0.649920 0.437626 0.059102 0.020138
2 0.808616 0.434448 0.238124 0.023181
2 0.600877 0.460688 0.064046 0.019008
0 0.574483 0.486959 0.084089 0.020737
1 0.656940 0.484982 0.069097 0.020378
2 0.812721 0.481874 0.222299 0.022802
2 0.666201 0.506647 0.190648 0.022043
0 0.566227 0.537808 0.063267 0.020238
1 0.639523 0.536051 0.071596 0.020437
2 0.804466 0.532722 0.238124 0.023181
2 0.747484 0.555349 0.348901 0.025836
2 0.748389 0.576588 0.348901 0.025836
2 0.741381 0.598017 0.333076 0.025457
0 0.570087 0.628386 0.063267 0.020238
1 0.638802 0.626739 0.062434 0.020218
2 0.807076 0.623331 0.253949 0.023560
2 0.601004 0.649532 0.048221 0.018629
0 0.561832 0.679235 0.042444 0.019739
1 0.610141 0.678077 0.042444 0.019739
2 0.784245 0.674529 0.285600 0.024319
2 0.753500 0.696527 0.348901 0.025836
2 0.756487 0.717716 0.353065 0.025936
2 0.760307 0.738886 0.358896 0.026076
2 0.700827 0.761572 0.238124 0.023181
0 0.566624 0.791678 0.042444 0.019739
1 0.639087 0.789941 0.090753 0.020897
2 0.813607 0.786383 0.238124 0.023181
2 0.758291 0.808970 0.348901 0.025836
2 0.759196 0.830209 0.348901 0.025836
0 0.590587 0.864891 0.084089 0.020737
1 0.675961 0.862845 0.074927 0.020517
2 0.834656 0.859666 0.222299 0.022802
2 0.747689 0.883011 0.321415 0.025177
