1 0.100421 0.088633 0.083684 0.019645
2 0.173331 0.087848 0.049520 0.019277
0 0.258750 0.087554 0.407055 0.026874
1 0.090640 0.121867 0.062852 0.019421
2 0.158966 0.121131 0.061186 0.019403
3 0.326877 0.119949 0.253642 0.020225
3 0.271456 0.141798 0.348632 0.021247
3 0.271863 0.163046 0.348632 0.021247
3 0.272269 0.184293 0.348632 0.021247
3 0.233097 0.205967 0.269474 0.020395
0 0.260197 0.163171 0.408682 0.111866
1 0.082460 0.238842 0.042021 0.019197
2 0.150786 0.238106 0.082017 0.019627
3 0.273702 0.237408 0.142820 0.019032
0 0.261620 0.237539 0.407055 0.026874
1 0.103949 0.272989 0.083684 0.019645
2 0.189357 0.272070 0.074518 0.019546
3 0.348103 0.270986 0.221979 0.019884
3 0.179360 0.294055 0.158652 0.019202
0 0.262481 0.282534 0.407462 0.048122
1 0.094538 0.325596 0.062852 0.019421
2 0.171197 0.324771 0.077851 0.019582
3 0.339525 0.323584 0.237810 0.020054
3 0.275355 0.345527 0.348632 0.021247
3 0.280761 0.366721 0.358631 0.021355
3 0.281167 0.387969 0.358631 0.021355
3 0.281574 0.409216 0.358631 0.021355
3 0.276981 0.430518 0.348632 0.021247
3 0.277388 0.451766 0.348632 0.021247
3 0.159056 0.474292 0.111157 0.018691
0 0.264706 0.398772 0.409901 0.175609
1 0.098030 0.508077 0.062852 0.019421
2 0.170939 0.507292 0.070352 0.019501
3 0.335517 0.506146 0.237810 0.020054
3 0.144277 0.529457 0.079493 0.018350
0 0.266978 0.517510 0.407462 0.048122
1 0.088619 0.560684 0.042021 0.019197
2 0.153195 0.559989 0.074518 0.019546
0 0.267779 0.559380 0.407055 0.026874
1 0.099704 0.595568 0.062852 0.019421
2 0.163864 0.594877 0.052853 0.019313
0 0.268449 0.594377 0.407055 0.026874
1 0.106171 0.628627 0.074518 0.019546
2 0.173247 0.627905 0.047021 0.019250
3 0.294496 0.627225 0.174484 0.019373
0 0.269082 0.627498 0.407055 0.026874
1 0.111399 0.662324 0.083684 0.019645
2 0.189724 0.661481 0.060353 0.019394
3 0.349303 0.660388 0.237810 0.020054
0 0.269728 0.661245 0.407055 0.026874
1 0.112057 0.696696 0.083684 0.019645
2 0.193298 0.695821 0.066185 0.019457
3 0.347878 0.694782 0.221979 0.019884
3 0.208299 0.717537 0.200314 0.019651
0 0.270589 0.706240 0.407462 0.048122
1 0.092278 0.751914 0.042021 0.019197
2 0.148939 0.751304 0.058686 0.019376
3 0.268105 0.750647 0.158652 0.019202
0 0.271438 0.750611 0.407055 0.026874
1 0.103280 0.782424 0.062852 0.019421
2 0.174939 0.781652 0.067852 0.019475
0 0.272024 0.781233 0.407055 0.026874
1 0.114377 0.817933 0.083684 0.019645
2 0.191869 0.817099 0.058686 0.019376
3 0.350614 0.816015 0.237810 0.020054
3 0.158124 0.839339 0.095325 0.018521
0 0.272909 0.827478 0.407462 0.048122
1 0.115441 0.873552 0.083684 0.019645
2 0.190433 0.872745 0.053687 0.019322
3 0.346679 0.871688 0.237810 0.020054
3 0.222515 0.894277 0.221979 0.019884
0 0.273973 0.883097 0.407462 0.048122
1 0.567040 0.083611 0.083684 0.019645
2 0.656614 0.082646 0.082850 0.019636
3 0.779947 0.081944 0.142820 0.019032
0 0.725369 0.082531 0.407055 0.026874
1 0.563103 0.117406 0.074518 0.019546
2 0.638928 0.116590 0.064519 0.019439
3 0.797674 0.115507 0.231978 0.019992
3 0.727255 0.137517 0.326968 0.021014
0 0.726218 0.126902 0.407462 0.048122
1 0.558251 0.168714 0.062852 0.019421
2 0.624077 0.168005 0.056186 0.019349
3 0.789489 0.166850 0.253642 0.020225
3 0.644077 0.189667 0.158652 0.019202
0 0.727199 0.178147 0.407462 0.048122
1 0.569707 0.222971 0.083684 0.019645
2 0.657198 0.222030 0.078684 0.019591
3 0.810111 0.221009 0.206147 0.019713
3 0.740108 0.243014 0.348632 0.021247
3 0.740514 0.264262 0.348632 0.021247
3 0.740921 0.285510 0.348632 0.021247
3 0.685917 0.307354 0.237810 0.020054
0 0.728849 0.264388 0.408682 0.111866
1 0.551160 0.342558 0.042021 0.019197
2 0.598655 0.342047 0.040355 0.019179
3 0.779898 0.340721 0.301137 0.020736
3 0.742392 0.362377 0.348632 0.021247
3 0.742798 0.383625 0.348632 0.021247
3 0.743205 0.404873 0.348632 0.021247
3 0.585294 0.427825 0.031998 0.017839
0 0.731133 0.383750 0.408682 0.111866
1 0.563775 0.457434 0.062852 0.019421
2 0.650433 0.456501 0.097849 0.019797
3 0.820844 0.455292 0.221979 0.019884
3 0.744592 0.477365 0.348632 0.021247
3 0.744999 0.498613 0.348632 0.021247
3 0.587088 0.521565 0.031998 0.017839
0 0.733130 0.488115 0.408275 0.090618
1 0.565569 0.551175 0.062852 0.019421
2 0.648061 0.550287 0.089516 0.019708
0 0.734314 0.549983 0.407055 0.026874
1 0.555716 0.580659 0.042021 0.019197
2 0.611543 0.580058 0.057020 0.019358
3 0.785287 0.578813 0.269474 0.020395
3 0.746948 0.600478 0.348632 0.021247
3 0.747354 0.621725 0.348632 0.021247
3 0.747761 0.642973 0.348632 0.021247
3 0.676925 0.664988 0.206147 0.019713
0 0.735689 0.621851 0.408682 0.111866
1 0.578723 0.694173 0.083684 0.019645
2 0.672047 0.693168 0.090349 0.019717
3 0.830793 0.692085 0.206147 0.019713
3 0.749124 0.714216 0.348632 0.021247
3 0.749531 0.735464 0.348632 0.021247
3 0.749937 0.756711 0.348632 0.021247
3 0.750344 0.777959 0.348632 0.021247
3 0.608265 0.800741 0.063662 0.018180
0 0.738069 0.746213 0.409088 0.133114
1 0.560439 0.827508 0.042021 0.019197
2 0.630849 0.826750 0.086183 0.019672
3 0.811259 0.825434 0.253642 0.020225
0 0.739599 0.826205 0.407055 0.026874
1 0.571393 0.855518 0.062852 0.019421
2 0.640136 0.854778 0.062019 0.019412
3 0.808464 0.853592 0.253642 0.020225
3 0.757209 0.875395 0.358631 0.021355
3 0.665542 0.897634 0.174484 0.019373
0 0.740544 0.875575 0.407868 0.069370
