3 0.504612 0.036304 0.990776 0.036423
0 0.095990 0.079710 0.042043 0.019224
1 0.153484 0.080367 0.060374 0.019433
2 0.328867 0.082996 0.269491 0.020573
2 0.183453 0.102587 0.142839 0.019126
0 0.111159 0.133015 0.074539 0.019595
1 0.203232 0.134067 0.097036 0.019852
2 0.341537 0.136272 0.158670 0.019307
0 0.094188 0.168450 0.042043 0.019224
1 0.155431 0.169150 0.067873 0.019519
0 0.103994 0.198565 0.062874 0.019462
1 0.172319 0.199346 0.061207 0.019443
0 0.113686 0.234305 0.083705 0.019700
1 0.186594 0.235138 0.049542 0.019310
2 0.340730 0.237525 0.237828 0.020212
2 0.132822 0.256401 0.047850 0.018041
0 0.102229 0.285430 0.062874 0.019462
1 0.184303 0.286368 0.088704 0.019757
0 0.101620 0.315427 0.062874 0.019462
1 0.168695 0.316193 0.058707 0.019414
2 0.332413 0.318689 0.247827 0.020326
2 0.123256 0.337551 0.032018 0.017860
0 0.090062 0.371551 0.042043 0.019224
1 0.144222 0.372170 0.053708 0.019357
2 0.324188 0.374852 0.285322 0.020754
2 0.169608 0.394338 0.127007 0.018945
0 0.099512 0.419165 0.062874 0.019462
1 0.164505 0.419907 0.054541 0.019367
0 0.109280 0.451155 0.083705 0.019700
1 0.195520 0.452140 0.076205 0.019614
2 0.355072 0.454589 0.221996 0.020031
2 0.278816 0.474970 0.348648 0.021478
2 0.278384 0.496217 0.348648 0.021478
2 0.277953 0.517465 0.348648 0.021478
2 0.277521 0.538712 0.348648 0.021478
2 0.142522 0.558422 0.079513 0.018403
0 0.096021 0.591020 0.062874 0.019462
1 0.165596 0.591815 0.063707 0.019471
2 0.315983 0.594158 0.216164 0.019964
0 0.085060 0.617773 0.042043 0.019224
1 0.152552 0.618544 0.080372 0.019662
2 0.330018 0.621197 0.253659 0.020393
2 0.275426 0.641825 0.348648 0.021478
2 0.274995 0.663073 0.348648 0.021478
2 0.274563 0.684321 0.348648 0.021478
2 0.202890 0.704754 0.206165 0.019850
0 0.082787 0.729635 0.042043 0.019224
1 0.142780 0.730320 0.065373 0.019491
2 0.320663 0.732978 0.269491 0.020573
2 0.273154 0.753688 0.348648 0.021478
2 0.272722 0.774935 0.348648 0.021478
2 0.161470 0.794916 0.127007 0.018945
0 0.101625 0.827986 0.083705 0.019700
1 0.171200 0.828781 0.042876 0.019233
2 0.329919 0.831220 0.253659 0.020393
2 0.271161 0.851801 0.348648 0.021478
2 0.270729 0.873049 0.348648 0.021478
2 0.270297 0.894296 0.348648 0.021478
2 0.269866 0.915544 0.348648 0.021478
2 0.269434 0.936791 0.348648 0.021478
2 0.126519 0.956411 0.063681 0.018222
0 0.583434 0.085280 0.083705 0.019700
1 0.664258 0.086204 0.065373 0.019491
2 0.818394 0.088590 0.221996 0.020031
2 0.721307 0.108733 0.285322 0.020754
0 0.582380 0.137149 0.083705 0.019700
1 0.651539 0.137939 0.042043 0.019224
2 0.809841 0.140373 0.253659 0.020393
2 0.756915 0.161021 0.358647 0.021592
2 0.756484 0.182269 0.358647 0.021592
2 0.751053 0.203459 0.348648 0.021478
2 0.600222 0.222988 0.047850 0.018041
0 0.559201 0.252523 0.042043 0.019224
1 0.621693 0.253237 0.070373 0.019548
2 0.802076 0.255923 0.269491 0.020573
2 0.583337 0.274676 0.016187 0.017679
0 0.558236 0.300017 0.042043 0.019224
1 0.629061 0.300827 0.087037 0.019738
2 0.809860 0.303518 0.253659 0.020393
2 0.582372 0.322171 0.016187 0.017679
0 0.578051 0.350249 0.083705 0.019700
1 0.664708 0.351240 0.077039 0.019624
2 0.818844 0.353626 0.210331 0.019897
2 0.597188 0.372346 0.047850 0.018041
0 0.576984 0.402743 0.083705 0.019700
1 0.678223 0.403900 0.106202 0.019957
2 0.836942 0.406339 0.190333 0.019669
2 0.746520 0.426558 0.348648 0.021478
2 0.746089 0.447806 0.348648 0.021478
2 0.745657 0.469053 0.348648 0.021478
2 0.745225 0.490301 0.348648 0.021478
2 0.586479 0.509739 0.032018 0.017860
0 0.563687 0.544483 0.062874 0.019462
1 0.622847 0.545159 0.042876 0.019233
0 0.552726 0.571236 0.042043 0.019224
1 0.605220 0.571836 0.050375 0.019319
2 0.783520 0.574498 0.285322 0.020754
2 0.719345 0.595017 0.301154 0.020935
0 0.551621 0.625604 0.042043 0.019224
1 0.609531 0.626266 0.061207 0.019443
2 0.785331 0.628900 0.269491 0.020573
2 0.702409 0.649205 0.269491 0.020573
0 0.571437 0.675837 0.083705 0.019700
1 0.658510 0.676832 0.077872 0.019633
2 0.818895 0.679289 0.221996 0.020031
2 0.582658 0.697842 0.032018 0.017860
0 0.559929 0.729461 0.062874 0.019462
1 0.628671 0.730247 0.062040 0.019452
2 0.796972 0.732795 0.253659 0.020393
2 0.739881 0.753395 0.348648 0.021478
2 0.739449 0.774643 0.348648 0.021478
2 0.580702 0.794081 0.032018 0.017860
0 0.547508 0.828081 0.042043 0.019224
1 0.606251 0.828752 0.062874 0.019462
2 0.782885 0.831396 0.269491 0.020573
2 0.603307 0.850596 0.079513 0.018403
0 0.567260 0.881438 0.083705 0.019700
1 0.660582 0.882504 0.090370 0.019776
2 0.819301 0.884943 0.206165 0.019850
2 0.720964 0.905072 0.316985 0.021116
