1 0.112653 0.082104 0.083525 0.019235
2 0.205984 0.082648 0.090192 0.019274
3 0.338057 0.084043 0.152677 0.018389
0 0.270975 0.083652 0.406888 0.024870
1 0.091510 0.111982 0.041860 0.018992
2 0.158591 0.112373 0.079359 0.019211
3 0.327746 0.113984 0.237674 0.018884
0 0.270664 0.113651 0.406888 0.024870
1 0.111999 0.145227 0.083525 0.019235
2 0.186580 0.145662 0.052693 0.019056
3 0.342402 0.147195 0.237674 0.018884
3 0.215519 0.167706 0.216008 0.018758
0 0.270211 0.157400 0.407108 0.046120
1 0.090635 0.196354 0.041860 0.018992
2 0.151883 0.196711 0.067692 0.019143
3 0.331038 0.198381 0.269340 0.019069
3 0.154573 0.218602 0.095179 0.018053
0 0.269680 0.208648 0.407108 0.046120
1 0.100533 0.246413 0.062692 0.019114
2 0.169698 0.246816 0.062692 0.019114
3 0.338436 0.248425 0.253507 0.018977
3 0.280718 0.269339 0.348504 0.019530
3 0.280497 0.290589 0.348504 0.019530
3 0.280277 0.311838 0.348504 0.019530
3 0.280057 0.333088 0.348504 0.019530
3 0.216505 0.353968 0.221841 0.018792
0 0.268721 0.301145 0.407989 0.131117
1 0.109492 0.387095 0.083525 0.019235
2 0.184906 0.387534 0.054359 0.019065
3 0.341562 0.389073 0.237674 0.018884
3 0.176346 0.409360 0.142677 0.018330
0 0.267704 0.399268 0.407108 0.046120
1 0.088134 0.437597 0.041860 0.018992
2 0.151466 0.437966 0.071859 0.019167
3 0.329787 0.439631 0.263507 0.019035
3 0.172905 0.459967 0.136844 0.018296
0 0.267179 0.449891 0.407108 0.046120
1 0.108462 0.486467 0.083525 0.019235
2 0.200959 0.487006 0.088525 0.019264
3 0.355948 0.488535 0.200175 0.018666
3 0.175316 0.508732 0.142677 0.018330
0 0.266674 0.498640 0.407108 0.046120
1 0.107931 0.537715 0.083525 0.019235
2 0.194178 0.538218 0.076025 0.019192
3 0.353750 0.539773 0.221841 0.018792
3 0.277699 0.560581 0.348504 0.019530
3 0.158732 0.581138 0.111011 0.018146
0 0.266032 0.560513 0.407328 0.067369
1 0.107179 0.610213 0.083525 0.019235
2 0.197176 0.610738 0.083525 0.019235
3 0.352582 0.612269 0.206009 0.018700
3 0.276947 0.633078 0.348504 0.019530
3 0.276727 0.654328 0.348504 0.019530
3 0.276507 0.675577 0.348504 0.019530
3 0.281286 0.696856 0.358504 0.019589
3 0.281066 0.718105 0.358504 0.019589
3 0.275846 0.739325 0.348504 0.019530
3 0.275626 0.760575 0.348504 0.019530
3 0.137909 0.781022 0.073513 0.017927
0 0.264620 0.696759 0.408650 0.194865
1 0.084267 0.810710 0.041860 0.018992
2 0.142182 0.811048 0.061026 0.019104
3 0.318003 0.812698 0.269340 0.019069
3 0.195703 0.833236 0.190176 0.018607
0 0.263311 0.823005 0.407108 0.046120
1 0.083710 0.864459 0.041860 0.018992
2 0.150374 0.864847 0.078525 0.019206
3 0.319113 0.866456 0.237674 0.018884
0 0.262864 0.866128 0.406888 0.024870
1 0.558473 0.084703 0.041860 0.018992
2 0.626388 0.085099 0.081025 0.019221
3 0.804293 0.086762 0.253507 0.018977
3 0.638244 0.107044 0.126844 0.018238
0 0.737518 0.096998 0.407108 0.046120
1 0.568378 0.134138 0.062692 0.019114
2 0.641709 0.134565 0.071026 0.019162
0 0.737116 0.135747 0.406888 0.024870
1 0.568034 0.167262 0.062692 0.019114
2 0.653032 0.167757 0.094358 0.019298
3 0.798021 0.169228 0.174343 0.018515
0 0.736773 0.168871 0.406888 0.024870
1 0.578179 0.193572 0.083525 0.019235
2 0.664843 0.194077 0.076859 0.019196
3 0.824831 0.195635 0.221841 0.018792
3 0.732114 0.216345 0.316838 0.019346
0 0.736391 0.205744 0.407108 0.046120
1 0.567205 0.247259 0.062692 0.019114
2 0.623870 0.247590 0.037693 0.018968
3 0.772192 0.249079 0.237674 0.018884
0 0.735944 0.248868 0.406888 0.024870
1 0.556426 0.282197 0.041860 0.018992
2 0.632674 0.282642 0.097691 0.019318
3 0.808079 0.284290 0.231841 0.018850
3 0.747027 0.305184 0.348504 0.019530
3 0.751806 0.326463 0.358504 0.019589
3 0.751586 0.347712 0.358504 0.019589
3 0.730533 0.368840 0.316838 0.019346
0 0.735140 0.326366 0.407769 0.109868
1 0.576086 0.395440 0.083525 0.019235
2 0.664417 0.395956 0.080192 0.019216
3 0.818156 0.397477 0.206009 0.018700
3 0.745854 0.418306 0.348504 0.019530
3 0.745634 0.439555 0.348504 0.019530
3 0.745414 0.460805 0.348504 0.019530
3 0.745193 0.482054 0.348504 0.019530
3 0.665809 0.502842 0.190176 0.018607
0 0.733858 0.450112 0.407989 0.131117
1 0.574674 0.531686 0.083525 0.019235
2 0.663838 0.532206 0.081859 0.019226
3 0.818410 0.533733 0.206009 0.018700
3 0.744442 0.554552 0.348504 0.019530
3 0.736305 0.575755 0.332671 0.019438
0 0.732776 0.554484 0.407328 0.067369
1 0.563538 0.600999 0.062692 0.019114
2 0.624787 0.601356 0.046860 0.019022
3 0.753943 0.602734 0.190176 0.018607
0 0.732277 0.602607 0.406888 0.024870
1 0.573618 0.633558 0.083525 0.019235
2 0.666115 0.634098 0.088525 0.019264
3 0.824020 0.635643 0.206009 0.018700
3 0.743386 0.656424 0.348504 0.019530
3 0.743166 0.677673 0.348504 0.019530
3 0.742945 0.698923 0.348504 0.019530
3 0.747725 0.720201 0.358504 0.019589
3 0.687090 0.741098 0.237674 0.018884
0 0.731389 0.688230 0.407989 0.131117
1 0.551334 0.773433 0.041860 0.018992
2 0.607166 0.773758 0.056859 0.019080
3 0.780904 0.775396 0.269340 0.019069
3 0.702353 0.796189 0.269340 0.019069
0 0.730379 0.785727 0.407108 0.046120
1 0.571629 0.825427 0.083525 0.019235
2 0.658293 0.825933 0.076859 0.019196
3 0.815365 0.827474 0.216008 0.018758
3 0.662233 0.847831 0.190176 0.018607
0 0.729841 0.837600 0.407108 0.046120
1 0.550220 0.880929 0.041860 0.018992
2 0.615634 0.881311 0.076025 0.019192
3 0.796039 0.882988 0.263507 0.019035
3 0.701238 0.903686 0.269340 0.019069
0 0.729264 0.893224 0.407108 0.046120
