1 0.178333 0.085938 0.121667 0.021875
0 0.266667 0.085938 0.400000 0.021875
1 0.220833 0.116562 0.160000 0.021875
0 0.266667 0.125938 0.400000 0.040625
1 0.221667 0.164062 0.115000 0.021875
0 0.266667 0.201563 0.400000 0.096875
1 0.165417 0.269688 0.049167 0.021875
0 0.266667 0.269688 0.400000 0.021875
1 0.177917 0.302812 0.074167 0.021875
0 0.266667 0.302812 0.400000 0.021875
1 0.192500 0.334688 0.150000 0.021875
0 0.266667 0.353438 0.400000 0.059375
1 0.207083 0.403438 0.085833 0.021875
0 0.266667 0.403438 0.400000 0.021875
1 0.232083 0.431563 0.135833 0.021875
0 0.266667 0.431563 0.400000 0.021875
1 0.227917 0.462813 0.127500 0.021875
0 0.266667 0.462813 0.400000 0.021875
1 0.148333 0.494688 0.061667 0.021875
0 0.266667 0.494688 0.400000 0.021875
1 0.140417 0.527813 0.045833 0.021875
0 0.266667 0.527813 0.400000 0.021875
1 0.157917 0.558438 0.080833 0.021875
0 0.266667 0.586562 0.400000 0.078125
1 0.199167 0.645312 0.070000 0.021875
0 0.266667 0.673438 0.400000 0.078125
1 0.164583 0.730938 0.094167 0.021875
0 0.266667 0.768437 0.400000 0.096875
1 0.160833 0.839063 0.086667 0.021875
0 0.266667 0.848437 0.400000 0.040625
1 0.179583 0.890938 0.077500 0.021875
0 0.266667 0.900312 0.400000 0.040625
1 0.662083 0.085938 0.062500 0.021875
0 0.733333 0.142187 0.400000 0.134375
1 0.688750 0.229687 0.115833 0.021875
0 0.733333 0.229687 0.400000 0.021875
1 0.620833 0.259688 0.073333 0.021875
0 0.733333 0.259688 0.400000 0.021875
1 0.635417 0.287813 0.102500 0.021875
0 0.733333 0.325313 0.400000 0.096875
1 0.616250 0.390937 0.064167 0.021875
0 0.733333 0.400313 0.400000 0.040625
1 0.670417 0.440937 0.079167 0.021875
0 0.733333 0.440937 0.400000 0.021875
1 0.634167 0.475313 0.100000 0.021875
0 0.733333 0.475313 0.400000 0.021875
1 0.624583 0.509062 0.080833 0.021875
0 0.733333 0.518437 0.400000 0.040625
1 0.650833 0.556562 0.133333 0.021875
0 0.733333 0.556562 0.400000 0.021875
1 0.623750 0.585313 0.079167 0.021875
0 0.733333 0.594688 0.400000 0.040625
1 0.661250 0.635938 0.107500 0.021875
0 0.733333 0.645312 0.400000 0.040625
1 0.664583 0.684688 0.067500 0.021875
0 0.733333 0.694063 0.400000 0.040625
1 0.650417 0.737187 0.132500 0.021875
0 0.733333 0.755938 0.400000 0.059375
1 0.655833 0.807813 0.096667 0.021875
0 0.733333 0.873437 0.400000 0.153125
