1 0.094935 0.086007 0.062634 0.019002
2 0.169934 0.085704 0.074300 0.019050
3 0.336603 0.085655 0.237622 0.018460
3 0.117175 0.107792 0.031792 0.017628
0 0.263763 0.096574 0.406975 0.045394
1 0.095303 0.137256 0.062634 0.019002
2 0.154469 0.137017 0.042634 0.018922
3 0.321138 0.136968 0.269289 0.018588
0 0.264055 0.137199 0.406822 0.024144
1 0.105922 0.165339 0.083467 0.019087
2 0.185921 0.165015 0.063467 0.019006
3 0.339256 0.165020 0.221789 0.018396
3 0.173162 0.186942 0.142624 0.018076
0 0.264334 0.175948 0.406975 0.045394
1 0.106281 0.215338 0.083467 0.019087
2 0.196697 0.214972 0.084300 0.019090
3 0.352532 0.214967 0.205956 0.018332
3 0.173521 0.236941 0.142624 0.018076
0 0.264693 0.225947 0.406975 0.045394
1 0.096251 0.269129 0.062634 0.019002
2 0.170833 0.268828 0.073467 0.019046
3 0.337086 0.268780 0.237622 0.018460
3 0.150158 0.290787 0.095124 0.017884
0 0.265080 0.279697 0.406975 0.045394
1 0.096633 0.322253 0.062634 0.019002
2 0.172465 0.321947 0.075967 0.019056
3 0.339967 0.321894 0.237622 0.018460
3 0.210955 0.343666 0.215956 0.018372
0 0.265462 0.332821 0.406975 0.045394
1 0.097019 0.376003 0.062634 0.019002
2 0.171185 0.375703 0.072634 0.019043
0 0.265772 0.375945 0.406822 0.024144
1 0.107674 0.409085 0.083467 0.019087
2 0.194756 0.408733 0.077634 0.019063
3 0.323509 0.408837 0.158457 0.018140
0 0.266010 0.409070 0.406822 0.024144
1 0.087075 0.441669 0.041801 0.018918
2 0.145407 0.441433 0.061801 0.018999
3 0.305826 0.441409 0.237622 0.018460
0 0.266243 0.441569 0.406822 0.024144
1 0.097725 0.474126 0.062634 0.019002
2 0.161474 0.473868 0.051801 0.018959
3 0.261477 0.474089 0.126791 0.018012
0 0.266477 0.474069 0.406822 0.024144
1 0.097967 0.507876 0.062634 0.019002
2 0.177550 0.507554 0.083467 0.019087
3 0.340885 0.507518 0.221789 0.018396
0 0.266719 0.507818 0.406822 0.024144
1 0.098161 0.534750 0.062634 0.019002
2 0.176909 0.534432 0.081800 0.019080
0 0.266913 0.534693 0.406822 0.024144
1 0.108824 0.569083 0.083467 0.019087
2 0.190490 0.568752 0.066800 0.019019
3 0.290076 0.568975 0.110958 0.017948
0 0.267160 0.569067 0.406822 0.024144
1 0.109067 0.602832 0.083467 0.019087
2 0.191982 0.602497 0.069300 0.019029
3 0.345318 0.602502 0.215956 0.018372
3 0.279222 0.624019 0.348454 0.018908
3 0.279374 0.645269 0.348454 0.018908
3 0.279527 0.666519 0.348454 0.018908
0 0.267631 0.634692 0.407281 0.087893
1 0.099338 0.698498 0.062634 0.019002
2 0.159337 0.698255 0.044301 0.018928
3 0.326839 0.698203 0.269289 0.018588
3 0.279909 0.719643 0.348454 0.018908
3 0.280062 0.740893 0.348454 0.018908
3 0.285214 0.762122 0.358454 0.018949
3 0.280367 0.783392 0.348454 0.018908
3 0.153855 0.805154 0.095124 0.017884
0 0.268472 0.751565 0.407586 0.130392
1 0.089896 0.834163 0.041801 0.018918
2 0.152395 0.833910 0.070134 0.019033
3 0.293231 0.833966 0.190123 0.018268
0 0.269065 0.834064 0.406822 0.024144
1 0.110976 0.868453 0.083467 0.019087
2 0.202642 0.868083 0.086800 0.019100
3 0.359727 0.868073 0.205956 0.018332
3 0.241548 0.889801 0.269289 0.018588
0 0.269388 0.879063 0.406975 0.045394
1 0.561595 0.084120 0.062634 0.019002
2 0.629094 0.083847 0.059301 0.018989
3 0.796179 0.083796 0.253455 0.018524
3 0.742166 0.105265 0.348454 0.018908
3 0.742319 0.126515 0.348454 0.018908
3 0.742472 0.147764 0.348454 0.018908
3 0.742624 0.169014 0.348454 0.018908
3 0.608196 0.190808 0.079291 0.017820
0 0.730729 0.137187 0.407586 0.130392
1 0.562570 0.219743 0.062634 0.019002
2 0.633819 0.219455 0.066800 0.019019
3 0.804654 0.219389 0.253455 0.018524
3 0.743141 0.240888 0.348454 0.018908
3 0.737460 0.262161 0.336788 0.018861
0 0.731474 0.240935 0.407128 0.066643
1 0.563100 0.293492 0.062634 0.019002
2 0.638515 0.293187 0.075134 0.019053
3 0.805601 0.293136 0.237622 0.018460
3 0.743671 0.314637 0.348454 0.018908
3 0.748824 0.335867 0.358454 0.018949
3 0.585646 0.357777 0.031792 0.017628
0 0.732081 0.325309 0.407281 0.087893
1 0.574163 0.383448 0.083467 0.019087
2 0.654162 0.383125 0.063467 0.019006
3 0.807498 0.383130 0.221789 0.018396
3 0.585987 0.405276 0.031792 0.017628
0 0.732575 0.394058 0.406975 0.045394
1 0.553726 0.438532 0.041801 0.018918
2 0.612058 0.438296 0.061801 0.018999
3 0.788310 0.438208 0.269289 0.018588
3 0.744713 0.459635 0.348454 0.018908
3 0.744866 0.480885 0.348454 0.018908
3 0.745019 0.502134 0.348454 0.018908
3 0.642256 0.523800 0.142624 0.018076
0 0.733200 0.480932 0.407433 0.109143
1 0.554588 0.558530 0.041801 0.018918
2 0.606671 0.558320 0.049301 0.018949
3 0.784589 0.558225 0.285122 0.018652
3 0.610995 0.580177 0.079291 0.017820
0 0.733833 0.569056 0.406975 0.045394
1 0.565414 0.615362 0.062634 0.019002
2 0.643329 0.615047 0.080134 0.019073
3 0.812914 0.614986 0.237622 0.018460
3 0.745985 0.636507 0.348454 0.018908
3 0.746138 0.657757 0.348454 0.018908
3 0.690874 0.679231 0.237622 0.018460
0 0.734395 0.647179 0.407281 0.087893
1 0.576544 0.714694 0.083467 0.019087
2 0.661543 0.714350 0.073467 0.019046
3 0.819879 0.714335 0.221789 0.018396
3 0.746699 0.735881 0.348454 0.018908
3 0.746852 0.757131 0.348454 0.018908
3 0.752005 0.778360 0.358454 0.018949
3 0.752157 0.799610 0.358454 0.018949
3 0.747310 0.820880 0.348454 0.018908
3 0.747463 0.842129 0.348454 0.018908
3 0.747616 0.863379 0.348454 0.018908
3 0.605270 0.885205 0.063458 0.017756
0 0.735491 0.799677 0.408044 0.194142
