0 0.104461 0.086443 0.083506 0.019187
1 0.191542 0.085985 0.077673 0.019157
2 0.351961 0.085768 0.221825 0.018664
2 0.195496 0.107840 0.190159 0.018498
0 0.104969 0.140817 0.083506 0.019187
1 0.192050 0.140359 0.077673 0.019157
2 0.352469 0.140141 0.221825 0.018664
2 0.116840 0.162630 0.031829 0.017666
0 0.105453 0.192690 0.083506 0.019187
1 0.178368 0.192307 0.049341 0.019008
2 0.332537 0.192122 0.237658 0.018747
2 0.275654 0.213672 0.348488 0.019330
2 0.280852 0.234895 0.358488 0.019382
2 0.276051 0.256171 0.348488 0.019330
2 0.276249 0.277420 0.348488 0.019330
2 0.260615 0.298753 0.316822 0.019163
0 0.096310 0.328992 0.062674 0.019078
1 0.161725 0.328648 0.055174 0.019038
2 0.326726 0.328406 0.253491 0.018830
2 0.276926 0.349918 0.348488 0.019330
2 0.277125 0.371168 0.348488 0.019330
2 0.277323 0.392417 0.348488 0.019330
2 0.237939 0.413875 0.269324 0.018914
0 0.107841 0.448309 0.083506 0.019187
1 0.196172 0.447845 0.080173 0.019170
2 0.349924 0.447662 0.205992 0.018581
2 0.127628 0.470081 0.047662 0.017749
0 0.087528 0.504042 0.041841 0.018968
1 0.161692 0.503652 0.093506 0.019240
2 0.342944 0.503325 0.247657 0.018800
2 0.128148 0.525704 0.047662 0.017749
0 0.088053 0.560291 0.041841 0.018968
1 0.142635 0.560004 0.054340 0.019034
2 0.299304 0.559806 0.237658 0.018747
0 0.088362 0.593415 0.041841 0.018968
1 0.144194 0.593122 0.056840 0.019047
2 0.286280 0.593000 0.205992 0.018581
0 0.099047 0.622109 0.062674 0.019078
1 0.173212 0.621720 0.072673 0.019130
2 0.339047 0.621474 0.237658 0.018747
2 0.216332 0.643369 0.221825 0.018664
0 0.109954 0.674553 0.083506 0.019187
1 0.198702 0.674087 0.081006 0.019174
2 0.352871 0.673902 0.205992 0.018581
2 0.285154 0.695509 0.358488 0.019382
2 0.280353 0.716784 0.348488 0.019330
2 0.280551 0.738034 0.348488 0.019330
2 0.114504 0.760157 0.015996 0.017583
0 0.100583 0.786480 0.062674 0.019078
1 0.158081 0.786178 0.039341 0.018955
2 0.323083 0.785936 0.269324 0.018914
2 0.151619 0.808088 0.089328 0.017968
0 0.090680 0.841534 0.041841 0.018968
1 0.145262 0.841247 0.054340 0.019034
2 0.262348 0.841257 0.158493 0.018331
0 0.111816 0.873924 0.083506 0.019187
1 0.190148 0.873512 0.060174 0.019065
2 0.349733 0.873299 0.237658 0.018747
2 0.115770 0.895778 0.015996 0.017583
0 0.550283 0.084101 0.041841 0.018968
1 0.609032 0.083792 0.062674 0.019078
2 0.785700 0.083489 0.269324 0.018914
2 0.590903 0.105763 0.047662 0.017749
0 0.571636 0.139615 0.083506 0.019187
1 0.645801 0.139225 0.051841 0.019021
2 0.801219 0.139034 0.237658 0.018747
2 0.659755 0.161027 0.184326 0.018467
0 0.557132 0.192817 0.053507 0.019030
1 0.621714 0.192478 0.062674 0.019078
2 0.719218 0.192591 0.110994 0.018082
0 0.572430 0.224613 0.083506 0.019187
1 0.644511 0.224234 0.047674 0.018999
2 0.797847 0.224053 0.237658 0.018747
2 0.747630 0.245568 0.358488 0.019382
2 0.742828 0.266844 0.348488 0.019330
2 0.748027 0.288067 0.358488 0.019382
2 0.743225 0.309343 0.348488 0.019330
2 0.743424 0.330592 0.348488 0.019330
2 0.743622 0.351841 0.348488 0.019330
2 0.577575 0.373964 0.015996 0.017583
0 0.574093 0.402733 0.083506 0.019187
1 0.647425 0.402348 0.050174 0.019012
2 0.802010 0.402161 0.237658 0.018747
2 0.744294 0.423715 0.348488 0.019330
2 0.744492 0.444964 0.348488 0.019330
2 0.728858 0.466297 0.316822 0.019163
0 0.554148 0.497840 0.041841 0.018968
1 0.607063 0.497562 0.051007 0.019017
2 0.785815 0.497248 0.285156 0.018997
2 0.610601 0.519419 0.079328 0.017915
0 0.565066 0.551534 0.062674 0.019078
1 0.636731 0.551158 0.067673 0.019104
2 0.800066 0.550925 0.237658 0.018747
2 0.714017 0.572627 0.285156 0.018997
0 0.575991 0.605853 0.083506 0.019187
1 0.659738 0.605413 0.071007 0.019122
2 0.816824 0.605213 0.221825 0.018664
2 0.667026 0.627251 0.190159 0.018498
0 0.576440 0.653977 0.083506 0.019187
1 0.666438 0.653504 0.083506 0.019187
2 0.821856 0.653313 0.205992 0.018581
2 0.667475 0.675374 0.190159 0.018498
0 0.576942 0.707726 0.083506 0.019187
1 0.667773 0.707249 0.085173 0.019196
2 0.824025 0.707053 0.205992 0.018581
2 0.628395 0.729331 0.110994 0.018082
0 0.556594 0.759709 0.041841 0.018968
1 0.602843 0.759466 0.037674 0.018947
2 0.782844 0.759145 0.300989 0.019080
2 0.613047 0.781288 0.079328 0.017915
0 0.557090 0.812833 0.041841 0.018968
1 0.602089 0.812596 0.035174 0.018933
2 0.780840 0.812282 0.300989 0.019080
2 0.653125 0.834204 0.158493 0.018331
0 0.557598 0.867206 0.041841 0.018968
1 0.607180 0.866946 0.044341 0.018982
2 0.750932 0.866816 0.221825 0.018664
0 0.578682 0.893971 0.083506 0.019187
1 0.662013 0.893533 0.070173 0.019117
2 0.818682 0.893335 0.221825 0.018664
2 0.748882 0.914953 0.348488 0.019330
2 0.749080 0.936202 0.348488 0.019330
2 0.583033 0.958325 0.015996 0.017583
