0 0.26666666666666666 0.096875 0.4 0.04375
0 0.26666666666666666 0.181875 0.4 0.09125
0 0.26666666666666666 0.290625 0.4 0.09125
0 0.26666666666666666 0.423125 0.4 0.13875
0 0.26666666666666666 0.531875 0.4 0.04375
0 0.26666666666666666 0.616875 0.4 0.09125
0 0.26666666666666666 0.7375 0.4 0.115
0 0.26666666666666666 0.834375 0.4 0.04375
0 0.26666666666666666 0.93125 0.4 0.115
0 0.7333333333333333 0.096875 0.4 0.04375
0 0.7333333333333333 0.2175 0.4 0.1625
0 0.7333333333333333 0.35 0.4 0.0675
0 0.7333333333333333 0.423125 0.4 0.04375
0 0.7333333333333333 0.484375 0.4 0.04375
0 0.7333333333333333 0.545625 0.4 0.04375
0 0.7333333333333333 0.606875 0.4 0.04375
0 0.7333333333333333 0.691875 0.4 0.09125
0 0.7333333333333333 0.800625 0.4 0.09125
0 0.7333333333333333 0.885625 0.4 0.04375
