3 0.501761 0.035633 0.996478 0.029373
0 0.111572 0.082669 0.083478 0.019114
1 0.204070 0.083074 0.088478 0.019136
2 0.359062 0.084377 0.200133 0.018374
2 0.162651 0.104768 0.110968 0.017984
0 0.100747 0.135123 0.062645 0.019023
1 0.171996 0.135434 0.066811 0.019041
2 0.342821 0.136806 0.253465 0.018608
2 0.178075 0.157336 0.142634 0.018123
0 0.110789 0.183292 0.083478 0.019114
1 0.180788 0.183599 0.043478 0.018939
2 0.316197 0.184816 0.205966 0.018400
0 0.110575 0.210792 0.083478 0.019114
1 0.182241 0.211105 0.046812 0.018954
2 0.279734 0.212157 0.126801 0.018054
0 0.089480 0.244450 0.041812 0.018932
1 0.147396 0.244704 0.060978 0.019016
2 0.323221 0.246098 0.269298 0.018677
2 0.280140 0.267159 0.348463 0.019023
2 0.279975 0.288409 0.348463 0.019023
2 0.279810 0.309659 0.348463 0.019023
2 0.279644 0.330908 0.348463 0.019023
2 0.231980 0.351950 0.253465 0.018608
0 0.109249 0.381414 0.083478 0.019114
1 0.191331 0.381773 0.067645 0.019045
2 0.322990 0.382974 0.174300 0.018261
0 0.098599 0.411368 0.062645 0.019023
1 0.166098 0.411663 0.059311 0.019008
0 0.098327 0.446367 0.062645 0.019023
1 0.166242 0.446664 0.060145 0.019012
2 0.317902 0.447953 0.221799 0.018469
0 0.087658 0.478821 0.041812 0.018932
1 0.156823 0.479124 0.083478 0.019114
0 0.097802 0.513866 0.062645 0.019023
1 0.156134 0.514121 0.040978 0.018928
2 0.321960 0.515472 0.269298 0.018677
2 0.262212 0.536461 0.316797 0.018885
0 0.097394 0.566365 0.062645 0.019023
1 0.164893 0.566661 0.059311 0.019008
2 0.329052 0.568004 0.247632 0.018582
2 0.277637 0.589029 0.348463 0.019023
2 0.277472 0.610279 0.348463 0.019023
2 0.253557 0.631424 0.300964 0.018815
0 0.086258 0.658818 0.041812 0.018932
1 0.150424 0.659099 0.073478 0.019070
2 0.324583 0.660486 0.253465 0.018608
2 0.189836 0.681147 0.174300 0.018261
0 0.096300 0.706988 0.062645 0.019023
1 0.165049 0.707289 0.061811 0.019019
2 0.333375 0.708650 0.253465 0.018608
2 0.276544 0.729652 0.348463 0.019023
2 0.281379 0.750923 0.358463 0.019067
2 0.276214 0.772151 0.348463 0.019023
2 0.281048 0.793422 0.358463 0.019067
2 0.275883 0.814650 0.348463 0.019023
2 0.275718 0.835900 0.348463 0.019023
2 0.164721 0.856665 0.126801 0.018054
0 0.094925 0.883860 0.062645 0.019023
1 0.172007 0.884197 0.078478 0.019092
2 0.340750 0.885560 0.237632 0.018538
2 0.275169 0.906524 0.348463 0.019023
2 0.275004 0.927773 0.348463 0.019023
2 0.274838 0.949023 0.348463 0.019023
2 0.274673 0.970273 0.348463 0.019023
2 0.260758 0.991005 0.320964 0.017989
0 0.557397 0.084619 0.041812 0.018932
1 0.608646 0.084843 0.047645 0.018957
2 0.714473 0.085931 0.142634 0.018123
0 0.578002 0.114085 0.083478 0.019114
1 0.650084 0.114400 0.047645 0.018957
2 0.745078 0.115440 0.120967 0.018028
0 0.577764 0.144709 0.083478 0.019114
1 0.669846 0.145112 0.087644 0.019132
2 0.819421 0.146391 0.190133 0.018331
0 0.577535 0.174084 0.083478 0.019114
1 0.670867 0.174492 0.090144 0.019143
2 0.826693 0.175798 0.200133 0.018374
2 0.747362 0.196702 0.348463 0.019023
2 0.747197 0.217951 0.348463 0.019023
2 0.747032 0.239201 0.348463 0.019023
2 0.746867 0.260451 0.348463 0.019023
2 0.746702 0.281700 0.348463 0.019023
2 0.746536 0.302950 0.348463 0.019023
2 0.683039 0.323923 0.221799 0.018469
0 0.565758 0.349035 0.062645 0.019023
1 0.629090 0.349312 0.050978 0.018972
2 0.799916 0.350684 0.269298 0.018677
2 0.746002 0.371699 0.348463 0.019023
2 0.750836 0.392970 0.358463 0.019067
2 0.745671 0.414198 0.348463 0.019023
2 0.713840 0.435309 0.285131 0.018746
0 0.564864 0.464033 0.062645 0.019023
1 0.644863 0.464383 0.084311 0.019118
2 0.813605 0.465746 0.231799 0.018513
2 0.665942 0.486351 0.190133 0.018331
0 0.554020 0.518987 0.041812 0.018932
1 0.622352 0.519285 0.081811 0.019107
2 0.800678 0.520690 0.253465 0.018608
2 0.744680 0.541696 0.348463 0.019023
2 0.744515 0.562945 0.348463 0.019023
2 0.744350 0.584195 0.348463 0.019023
2 0.744184 0.605445 0.348463 0.019023
2 0.656937 0.626314 0.174300 0.018261
0 0.552965 0.654609 0.041812 0.018932
1 0.616298 0.654886 0.071811 0.019063
2 0.797540 0.656304 0.269298 0.018677
2 0.743625 0.677319 0.348463 0.019023
2 0.743460 0.698568 0.348463 0.019023
2 0.743295 0.719818 0.348463 0.019023
2 0.616465 0.740513 0.095134 0.017915
0 0.552032 0.774607 0.041812 0.018932
1 0.622448 0.774915 0.085978 0.019125
2 0.802857 0.776329 0.253465 0.018608
2 0.742692 0.797316 0.348463 0.019023
2 0.747527 0.818588 0.358463 0.019067
2 0.742362 0.839816 0.348463 0.019023
2 0.742197 0.861065 0.348463 0.019023
2 0.742032 0.882315 0.348463 0.019023
2 0.686451 0.903322 0.237632 0.018538
