1 0.087116 0.090374 0.062979 0.019667
2 0.150854 0.089436 0.052147 0.019507
3 0.314172 0.087656 0.253743 0.021226
3 0.204750 0.110522 0.222082 0.020760
0 0.256128 0.099138 0.407733 0.049728
1 0.078076 0.143018 0.042149 0.019360
2 0.131815 0.142226 0.052981 0.019519
3 0.295550 0.140441 0.253743 0.021226
0 0.257224 0.141005 0.407177 0.028483
1 0.089276 0.172859 0.062979 0.019667
2 0.147181 0.172006 0.040483 0.019335
0 0.258009 0.170999 0.407177 0.028483
1 0.100574 0.206449 0.083808 0.019973
2 0.181808 0.205253 0.066311 0.019716
3 0.336378 0.203602 0.222082 0.020760
3 0.212791 0.226676 0.232080 0.020907
0 0.259171 0.215366 0.407733 0.049728
1 0.101997 0.260813 0.083808 0.019973
2 0.170733 0.259801 0.041316 0.019348
3 0.328636 0.258101 0.253743 0.021226
3 0.225046 0.280881 0.253743 0.021226
0 0.260594 0.269730 0.407733 0.049728
1 0.092907 0.311582 0.062979 0.019667
2 0.164976 0.310521 0.068811 0.019752
3 0.294135 0.309244 0.168759 0.019975
0 0.261641 0.309722 0.407177 0.028483
1 0.104041 0.338923 0.083808 0.019973
2 0.185692 0.337721 0.067145 0.019728
3 0.340679 0.336064 0.222082 0.020760
3 0.116278 0.360622 0.032119 0.017963
0 0.262639 0.347840 0.407733 0.049728
1 0.105366 0.389538 0.083808 0.019973
2 0.199931 0.388146 0.092973 0.020108
0 0.263685 0.387832 0.407177 0.028483
1 0.085469 0.425463 0.042149 0.019360
2 0.143791 0.424605 0.062146 0.019654
3 0.320024 0.422635 0.269573 0.021459
3 0.276838 0.444525 0.348724 0.022625
3 0.277395 0.465771 0.348724 0.022625
3 0.277951 0.487016 0.348724 0.022625
3 0.278507 0.508262 0.348724 0.022625
3 0.279063 0.529508 0.348724 0.022625
3 0.176722 0.552269 0.142931 0.019594
0 0.266286 0.487188 0.410514 0.155958
1 0.089624 0.584183 0.042149 0.019360
2 0.141281 0.583422 0.048815 0.019458
3 0.318763 0.581434 0.285403 0.021692
3 0.130606 0.605458 0.047949 0.018196
0 0.269051 0.592793 0.407733 0.049728
1 0.101413 0.636519 0.062979 0.019667
2 0.171399 0.635489 0.064645 0.019691
3 0.340966 0.633617 0.253743 0.021226
3 0.124064 0.658065 0.032119 0.017963
0 0.270425 0.645283 0.407733 0.049728
1 0.113283 0.691980 0.083808 0.019973
2 0.200350 0.690698 0.077976 0.019887
0 0.271603 0.690274 0.407177 0.028483
1 0.093272 0.723531 0.042149 0.019360
2 0.144512 0.722776 0.047982 0.019446
3 0.321578 0.720794 0.285403 0.021692
3 0.284641 0.742592 0.348724 0.022625
3 0.285197 0.763838 0.348724 0.022625
3 0.285753 0.785084 0.348724 0.022625
3 0.120092 0.808777 0.016288 0.017730
0 0.273533 0.764010 0.409402 0.113466
1 0.117111 0.838202 0.083808 0.019973
2 0.201678 0.836957 0.072977 0.019814
3 0.356665 0.835300 0.216250 0.020674
3 0.292650 0.857496 0.358722 0.022772
3 0.209056 0.879981 0.190421 0.020294
0 0.275986 0.857742 0.408290 0.070974
1 0.553693 0.083504 0.062979 0.019667
2 0.634927 0.082308 0.087141 0.020022
0 0.722427 0.081645 0.407177 0.028483
1 0.554413 0.110999 0.062979 0.019667
2 0.634397 0.109821 0.084641 0.019985
3 0.798132 0.108035 0.222082 0.020760
3 0.672046 0.131146 0.222082 0.020760
0 0.723425 0.119763 0.407733 0.049728
1 0.545470 0.167392 0.042149 0.019360
2 0.605459 0.166508 0.065478 0.019703
3 0.783358 0.164514 0.269573 0.021459
3 0.578537 0.188784 0.032119 0.017963
0 0.724897 0.176002 0.407733 0.049728
1 0.546959 0.224256 0.042149 0.019360
2 0.595699 0.223538 0.042983 0.019372
3 0.770266 0.221593 0.285403 0.021692
3 0.743327 0.243243 0.358722 0.022772
3 0.743883 0.264489 0.358722 0.022772
3 0.739440 0.285809 0.348724 0.022625
3 0.744995 0.306981 0.358722 0.022772
3 0.590165 0.330515 0.047949 0.018196
0 0.727498 0.275358 0.409958 0.134712
1 0.571272 0.357048 0.083808 0.019973
2 0.644175 0.355975 0.049648 0.019470
0 0.729592 0.355342 0.407177 0.028483
1 0.572058 0.387042 0.083808 0.019973
2 0.664123 0.385687 0.087974 0.020035
3 0.821609 0.383993 0.206252 0.020527
0 0.730377 0.385336 0.407177 0.028483
1 0.551997 0.416718 0.042149 0.019360
2 0.612819 0.415823 0.067145 0.019728
3 0.791551 0.413816 0.269573 0.021459
3 0.577148 0.438227 0.016288 0.017730
0 0.731424 0.425329 0.407733 0.049728
1 0.574119 0.465777 0.083808 0.019973
2 0.659102 0.464526 0.073810 0.019826
0 0.732438 0.464071 0.407177 0.028483
1 0.564620 0.500924 0.062979 0.019667
2 0.624608 0.500041 0.044649 0.019397
3 0.784177 0.498316 0.253743 0.021226
0 0.733354 0.499064 0.407177 0.028483
1 0.575803 0.530140 0.083808 0.019973
2 0.659954 0.528901 0.072144 0.019801
3 0.817440 0.527207 0.222082 0.020760
3 0.603871 0.551606 0.063779 0.018429
0 0.734401 0.539057 0.407733 0.049728
1 0.556266 0.579812 0.042149 0.019360
2 0.610839 0.579008 0.054647 0.019544
3 0.791237 0.576977 0.285403 0.021692
3 0.747635 0.598873 0.348724 0.022625
3 0.748192 0.620119 0.348724 0.022625
3 0.748748 0.641365 0.348724 0.022625
3 0.749304 0.662611 0.348724 0.022625
3 0.749860 0.683857 0.348724 0.022625
3 0.750416 0.705103 0.348724 0.022625
3 0.655991 0.727747 0.158761 0.019828
0 0.737361 0.652160 0.411070 0.177204
1 0.577257 0.760788 0.074643 0.019838
2 0.650993 0.759702 0.060479 0.019630
3 0.810562 0.757978 0.237912 0.020993
3 0.649482 0.781604 0.142931 0.019594
0 0.740437 0.769637 0.407733 0.049728
1 0.562499 0.817891 0.042149 0.019360
2 0.628736 0.816916 0.077976 0.019887
3 0.804968 0.814946 0.253743 0.021226
0 0.741647 0.815878 0.407177 0.028483
1 0.563431 0.853509 0.042149 0.019360
2 0.624669 0.852608 0.067978 0.019740
3 0.800902 0.850638 0.263741 0.021373
3 0.604412 0.874785 0.047949 0.018196
0 0.742858 0.862119 0.407733 0.049728
