3 0.494385 0.033204 0.988771 0.038793
0 0.098205 0.089849 0.083779 0.019897
1 0.182358 0.088688 0.072114 0.019736
0 0.078096 0.119507 0.042120 0.019322
1 0.139336 0.118662 0.067948 0.019678
2 0.320570 0.116786 0.273716 0.021268
2 0.269434 0.138745 0.348704 0.022303
2 0.238293 0.160428 0.285381 0.021429
0 0.100750 0.193582 0.083779 0.019897
1 0.189902 0.192351 0.082113 0.019874
2 0.296982 0.191499 0.111244 0.019026
0 0.091178 0.228094 0.062949 0.019609
1 0.163249 0.227100 0.068782 0.019690
2 0.326987 0.225466 0.237889 0.020774
2 0.272101 0.247477 0.348704 0.022303
2 0.272622 0.268723 0.348704 0.022303
2 0.273143 0.289969 0.348704 0.022303
2 0.273665 0.311216 0.348704 0.022303
2 0.274186 0.332462 0.348704 0.022303
2 0.274707 0.353709 0.348704 0.022303
2 0.132752 0.376921 0.063752 0.018371
0 0.085148 0.406958 0.042120 0.019322
1 0.149303 0.406073 0.073781 0.019759
2 0.323456 0.404295 0.253720 0.020992
2 0.197332 0.427289 0.190397 0.020118
0 0.096804 0.457431 0.062949 0.019609
1 0.168042 0.456448 0.067115 0.019667
0 0.087125 0.487569 0.042120 0.019322
1 0.139200 0.486851 0.049618 0.019425
2 0.293356 0.485349 0.237889 0.020774
0 0.108798 0.521651 0.083779 0.019897
1 0.202949 0.520352 0.092111 0.020012
0 0.109488 0.549771 0.083779 0.019897
1 0.203639 0.548472 0.092111 0.020012
2 0.363210 0.546895 0.206228 0.020337
2 0.284995 0.569228 0.358702 0.022441
2 0.280517 0.590544 0.348704 0.022303
2 0.281038 0.611790 0.348704 0.022303
2 0.281559 0.633036 0.348704 0.022303
2 0.234589 0.654938 0.253720 0.020992
0 0.102338 0.683017 0.062949 0.019609
1 0.177326 0.681983 0.074614 0.019770
2 0.343979 0.680308 0.237889 0.020774
2 0.283261 0.702400 0.348704 0.022303
2 0.283782 0.723646 0.348704 0.022303
2 0.284304 0.744892 0.348704 0.022303
2 0.284825 0.766139 0.348704 0.022303
2 0.285346 0.787385 0.348704 0.022303
2 0.290866 0.808563 0.358702 0.022441
2 0.159743 0.831626 0.095413 0.018808
0 0.096415 0.866255 0.042120 0.019322
1 0.173902 0.865186 0.100443 0.020127
0 0.107704 0.901730 0.062949 0.019609
1 0.171026 0.900857 0.051285 0.019448
0 0.564793 0.083411 0.083779 0.019897
1 0.649362 0.082244 0.072948 0.019747
2 0.807267 0.080690 0.222058 0.020555
2 0.592825 0.104902 0.063752 0.018371
0 0.555620 0.134171 0.062949 0.019609
1 0.627691 0.133176 0.068782 0.019690
2 0.791429 0.131542 0.237889 0.020774
2 0.591150 0.155559 0.057920 0.018290
0 0.546370 0.181806 0.042120 0.019322
1 0.615108 0.180858 0.082946 0.019885
2 0.793843 0.179017 0.253720 0.020992
2 0.587316 0.203120 0.047921 0.018152
0 0.558042 0.232904 0.062949 0.019609
1 0.635529 0.231835 0.079613 0.019839
2 0.796767 0.230235 0.222058 0.020555
0 0.558793 0.263524 0.062949 0.019609
1 0.637946 0.262432 0.082946 0.019885
2 0.808766 0.260699 0.237889 0.020774
2 0.739716 0.282906 0.348704 0.022303
2 0.581930 0.306337 0.032091 0.017934
0 0.550248 0.339905 0.042120 0.019322
1 0.606072 0.339134 0.057117 0.019529
0 0.551076 0.373649 0.042120 0.019322
1 0.598985 0.372988 0.041286 0.019310
2 0.772721 0.371216 0.285381 0.021429
2 0.584107 0.395072 0.032091 0.017934
0 0.552471 0.430514 0.042120 0.019322
1 0.612044 0.429692 0.064616 0.019632
2 0.789530 0.427868 0.269550 0.021211
2 0.640910 0.451173 0.142905 0.019463
0 0.564082 0.479112 0.062949 0.019609
1 0.629487 0.478210 0.055451 0.019506
2 0.794475 0.476558 0.253720 0.020992
2 0.642105 0.499914 0.142905 0.019463
0 0.575815 0.532710 0.083779 0.019897
1 0.643304 0.531778 0.038787 0.019276
2 0.799959 0.530242 0.253720 0.020992
2 0.603847 0.554201 0.063752 0.018371
0 0.556334 0.587988 0.042120 0.019322
1 0.605076 0.587315 0.042953 0.019333
0 0.557101 0.619232 0.042120 0.019322
1 0.610009 0.618502 0.051285 0.019448
2 0.788744 0.616661 0.285381 0.021429
0 0.568267 0.649708 0.062949 0.019609
1 0.627424 0.648892 0.042953 0.019333
2 0.794077 0.647218 0.269550 0.021211
2 0.582968 0.671384 0.016260 0.017715
0 0.579847 0.697057 0.083779 0.019897
1 0.650252 0.696085 0.044619 0.019356
2 0.762331 0.695164 0.158736 0.019682
0 0.559722 0.726089 0.042120 0.019322
1 0.613463 0.725348 0.052951 0.019471
2 0.790115 0.723535 0.279549 0.021349
2 0.751060 0.745328 0.348704 0.022303
2 0.751581 0.766574 0.348704 0.022303
2 0.752102 0.787820 0.348704 0.022303
2 0.752623 0.809067 0.348704 0.022303
2 0.753145 0.830313 0.348704 0.022303
2 0.674513 0.852652 0.190397 0.020118
0 0.563723 0.889187 0.042120 0.019322
1 0.617464 0.888445 0.052951 0.019471
2 0.789117 0.886702 0.269550 0.021211
