1 0.096767 0.090644 0.083841 0.020060
2 0.172583 0.089448 0.055514 0.019613
3 0.329649 0.087595 0.237938 0.021242
3 0.101129 0.112455 0.016320 0.017746
0 0.255381 0.099394 0.407803 0.050154
1 0.093762 0.146954 0.074676 0.019916
2 0.159997 0.145909 0.045516 0.019456
0 0.256660 0.145009 0.407208 0.028909
1 0.094638 0.178197 0.074676 0.019916
2 0.174620 0.176935 0.073010 0.019889
3 0.332519 0.175070 0.222108 0.020992
3 0.238136 0.197813 0.285428 0.021991
0 0.257834 0.186875 0.407803 0.050154
1 0.100587 0.226864 0.083841 0.020060
2 0.176403 0.225668 0.055514 0.019613
3 0.317640 0.224065 0.206278 0.020742
0 0.258903 0.224992 0.407208 0.028909
1 0.080529 0.254686 0.042183 0.019403
2 0.155513 0.253503 0.095505 0.020244
3 0.332574 0.251336 0.237938 0.021242
3 0.134464 0.275715 0.073808 0.018653
0 0.259972 0.263108 0.407803 0.050154
1 0.102777 0.304972 0.083841 0.020060
2 0.194424 0.303526 0.087173 0.020113
3 0.351490 0.301673 0.206278 0.020742
3 0.273353 0.324161 0.348747 0.022990
3 0.139395 0.347528 0.079640 0.018745
0 0.261689 0.324345 0.408399 0.071399
1 0.104705 0.373706 0.083841 0.020060
2 0.180105 0.372517 0.054680 0.019600
3 0.305095 0.371170 0.174619 0.020243
0 0.263021 0.371834 0.407208 0.028909
1 0.095167 0.405114 0.063012 0.019732
2 0.175149 0.403852 0.084674 0.020073
3 0.338880 0.401894 0.222108 0.020992
3 0.204923 0.425262 0.206278 0.020742
0 0.264195 0.413700 0.407803 0.050154
1 0.107018 0.456188 0.083841 0.020060
2 0.193249 0.454828 0.076342 0.019942
3 0.352815 0.452936 0.222108 0.020992
3 0.277594 0.475377 0.348747 0.022990
3 0.278190 0.496622 0.348747 0.022990
3 0.278785 0.517868 0.348747 0.022990
3 0.279381 0.539113 0.348747 0.022990
3 0.279977 0.560358 0.348747 0.022990
3 0.280573 0.581604 0.348747 0.022990
3 0.194105 0.604222 0.174619 0.020243
0 0.267419 0.528674 0.411378 0.177626
1 0.091201 0.635227 0.042183 0.019403
2 0.154520 0.634228 0.072177 0.019876
3 0.335748 0.631995 0.269598 0.021741
3 0.211371 0.655211 0.206278 0.020742
0 0.270644 0.643649 0.407803 0.050154
1 0.103052 0.686302 0.063012 0.019732
2 0.170121 0.685244 0.058846 0.019666
3 0.336768 0.683240 0.253768 0.021491
3 0.260298 0.705701 0.301257 0.022241
0 0.272080 0.694888 0.407803 0.050154
1 0.094022 0.735830 0.042183 0.019403
2 0.164423 0.734719 0.086340 0.020100
3 0.321073 0.732873 0.206278 0.020742
0 0.273167 0.733629 0.407208 0.028909
1 0.094811 0.763949 0.042183 0.019403
2 0.156881 0.762970 0.069677 0.019837
0 0.273955 0.761748 0.407208 0.028909
1 0.116393 0.790489 0.083841 0.020060
2 0.205957 0.789076 0.083007 0.020047
3 0.360940 0.787257 0.206278 0.020742
3 0.199905 0.811052 0.174619 0.020243
0 0.275007 0.799240 0.407803 0.050154
1 0.107433 0.842517 0.063012 0.019732
2 0.170753 0.841518 0.051348 0.019548
0 0.276163 0.840480 0.407208 0.028909
1 0.108380 0.876260 0.063012 0.019732
2 0.187112 0.875018 0.082174 0.020034
0 0.277110 0.874223 0.407208 0.028909
1 0.542502 0.083613 0.042183 0.019403
2 0.600822 0.082693 0.062179 0.019718
3 0.777051 0.080538 0.269598 0.021741
3 0.733906 0.102473 0.348747 0.022990
3 0.568289 0.126340 0.016320 0.017746
0 0.722242 0.102657 0.408399 0.071399
1 0.565381 0.156393 0.083841 0.020060
2 0.657860 0.154934 0.088840 0.020139
3 0.815759 0.153068 0.206278 0.020742
3 0.569743 0.178204 0.016320 0.017746
0 0.723994 0.165143 0.407803 0.050154
1 0.545954 0.206710 0.042183 0.019403
2 0.601358 0.205836 0.056347 0.019626
3 0.782586 0.203603 0.285428 0.021991
3 0.644462 0.227036 0.162955 0.020059
0 0.725396 0.215132 0.407803 0.050154
1 0.568377 0.263244 0.083841 0.020060
2 0.660857 0.261785 0.088840 0.020139
0 0.726693 0.261372 0.407208 0.028909
1 0.548477 0.296691 0.042183 0.019403
2 0.615546 0.295633 0.079675 0.019994
3 0.792607 0.293465 0.253768 0.021491
3 0.739882 0.315551 0.348747 0.022990
3 0.740477 0.336796 0.348747 0.022990
3 0.741073 0.358042 0.348747 0.022990
3 0.743752 0.379254 0.352913 0.023055
3 0.742265 0.400532 0.348747 0.022990
3 0.742861 0.421778 0.348747 0.022990
3 0.743456 0.443023 0.348747 0.022990
3 0.593669 0.466640 0.047980 0.018245
0 0.730005 0.379471 0.411974 0.198871
1 0.554120 0.497896 0.042183 0.019403
2 0.614523 0.496943 0.066344 0.019784
3 0.792834 0.494755 0.269598 0.021741
0 0.733264 0.495695 0.407208 0.028909
1 0.565270 0.523976 0.063012 0.019732
2 0.646085 0.522701 0.086340 0.020100
3 0.815649 0.520651 0.232106 0.021150
3 0.751259 0.542922 0.358745 0.023147
3 0.746856 0.564246 0.348747 0.022990
3 0.747452 0.585491 0.348747 0.022990
3 0.753046 0.606658 0.358745 0.023147
3 0.748643 0.627982 0.348747 0.022990
3 0.749239 0.649227 0.348747 0.022990
3 0.749835 0.670473 0.348747 0.022990
3 0.750431 0.691718 0.348747 0.022990
3 0.624388 0.714961 0.095470 0.018994
0 0.736681 0.617543 0.412570 0.220116
1 0.581975 0.748137 0.083841 0.020060
2 0.663207 0.746856 0.066344 0.019784
0 0.740291 0.746265 0.407208 0.028909
1 0.572560 0.783918 0.063012 0.019732
2 0.654625 0.782624 0.088840 0.020139
0 0.741290 0.781882 0.407208 0.028909
1 0.583745 0.811248 0.083841 0.020060
2 0.671642 0.809862 0.079675 0.019994
3 0.824959 0.808068 0.206278 0.020742
3 0.722661 0.830937 0.285428 0.021991
0 0.742359 0.819998 0.407803 0.050154
1 0.564318 0.861566 0.042183 0.019403
2 0.634303 0.860462 0.085507 0.020086
3 0.811365 0.858294 0.247936 0.021399
3 0.605339 0.882798 0.047980 0.018245
0 0.743761 0.869987 0.407803 0.050154
