1 0.094629 0.091833 0.083931 0.020304
2 0.170855 0.090407 0.056440 0.019789
3 0.328327 0.088084 0.238008 0.021939
3 0.265304 0.110521 0.348807 0.024013
3 0.271009 0.131670 0.358804 0.024200
3 0.266717 0.153007 0.348807 0.024013
3 0.267424 0.174251 0.348807 0.024013
3 0.268131 0.195494 0.348807 0.024013
3 0.268838 0.216737 0.348807 0.024013
3 0.158746 0.240055 0.127209 0.019865
0 0.255408 0.163847 0.412237 0.178806
1 0.079935 0.276541 0.042277 0.019524
2 0.143249 0.275356 0.072268 0.020085
0 0.259067 0.273813 0.407289 0.030103
1 0.081079 0.310905 0.042277 0.019524
2 0.149391 0.309627 0.082265 0.020272
3 0.327690 0.306914 0.253837 0.022235
3 0.161782 0.331276 0.127209 0.019865
0 0.260564 0.318799 0.407995 0.051346
1 0.103777 0.366748 0.083931 0.020304
2 0.190417 0.365126 0.077267 0.020179
3 0.318731 0.363349 0.158866 0.020457
0 0.262082 0.364410 0.407289 0.030103
1 0.084073 0.400877 0.042277 0.019524
2 0.144054 0.399754 0.065604 0.019960
3 0.321936 0.397050 0.269665 0.022531
3 0.236004 0.419915 0.269665 0.022531
0 0.263558 0.408771 0.407995 0.051346
1 0.106667 0.453596 0.083931 0.020304
2 0.200388 0.451842 0.091429 0.020444
3 0.359526 0.449488 0.206351 0.021346
3 0.126972 0.475098 0.048067 0.018383
0 0.265325 0.461879 0.407995 0.051346
1 0.087504 0.503970 0.042277 0.019524
2 0.150817 0.502785 0.072268 0.020085
0 0.266635 0.501242 0.407289 0.030103
1 0.109453 0.537320 0.083931 0.020304
2 0.182347 0.535955 0.049775 0.019664
3 0.320658 0.533992 0.206351 0.021346
0 0.267758 0.534982 0.407289 0.030103
1 0.089708 0.570199 0.042277 0.019524
2 0.150522 0.569061 0.067270 0.019992
3 0.329237 0.566341 0.269665 0.022531
3 0.281209 0.588497 0.348807 0.024013
3 0.286915 0.609647 0.358804 0.024200
3 0.282623 0.630983 0.348807 0.024013
3 0.288328 0.652133 0.358804 0.024200
3 0.284037 0.673470 0.348807 0.024013
3 0.173945 0.696788 0.127209 0.019865
0 0.270960 0.631202 0.411530 0.157563
1 0.105277 0.724956 0.063104 0.019914
2 0.178588 0.723584 0.071435 0.020070
3 0.343557 0.721121 0.238008 0.021939
3 0.291364 0.743355 0.358804 0.024200
3 0.287072 0.764692 0.348807 0.024013
3 0.240294 0.786824 0.253837 0.022235
0 0.275056 0.754288 0.409409 0.093833
1 0.108458 0.820552 0.063104 0.019914
2 0.182186 0.819171 0.072268 0.020085
0 0.277177 0.818019 0.407289 0.030103
1 0.109644 0.856165 0.063104 0.019914
2 0.169208 0.855050 0.043944 0.019555
3 0.336261 0.852549 0.269665 0.022531
3 0.243247 0.875546 0.253837 0.022235
0 0.278715 0.864254 0.407995 0.051346
1 0.550737 0.083296 0.063104 0.019914
2 0.628213 0.081846 0.079766 0.020226
3 0.794432 0.079359 0.232177 0.021830
3 0.573541 0.104751 0.032239 0.018087
0 0.719808 0.091385 0.407995 0.051346
1 0.542153 0.138474 0.042277 0.019524
2 0.607966 0.137242 0.077267 0.020179
0 0.721285 0.135746 0.407289 0.030103
1 0.553627 0.170144 0.063104 0.019914
2 0.631103 0.168694 0.079766 0.020226
0 0.722345 0.167611 0.407289 0.030103
1 0.550022 0.199595 0.053940 0.019742
2 0.610836 0.198457 0.055607 0.019773
3 0.783720 0.195846 0.269665 0.022531
3 0.735692 0.218002 0.348807 0.024013
3 0.736399 0.239245 0.348807 0.024013
3 0.689621 0.261377 0.253837 0.022235
0 0.724383 0.228842 0.409409 0.093833
1 0.568261 0.296784 0.083931 0.020304
2 0.653651 0.295186 0.074767 0.020132
3 0.812372 0.292840 0.222180 0.021643
3 0.738936 0.315471 0.348807 0.024013
3 0.739643 0.336715 0.348807 0.024013
3 0.740350 0.357958 0.348807 0.024013
3 0.741056 0.379202 0.348807 0.024013
3 0.741763 0.400445 0.348807 0.024013
0 0.728333 0.347555 0.410823 0.136320
1 0.572731 0.431118 0.083931 0.020304
2 0.651457 0.429644 0.061438 0.019883
3 0.811428 0.427275 0.238008 0.021939
3 0.743406 0.449805 0.348807 0.024013
3 0.744113 0.471048 0.348807 0.024013
3 0.744820 0.492291 0.348807 0.024013
3 0.750525 0.513441 0.358804 0.024200
3 0.746234 0.534778 0.348807 0.024013
3 0.641140 0.558002 0.137206 0.020052
0 0.733157 0.492510 0.411530 0.157563
1 0.557123 0.588334 0.042277 0.019524
2 0.605025 0.587437 0.041444 0.019508
3 0.778741 0.584810 0.285493 0.022828
3 0.753623 0.606537 0.358804 0.024200
3 0.749332 0.627874 0.348807 0.024013
3 0.750038 0.649118 0.348807 0.024013
3 0.734917 0.670657 0.317150 0.023420
0 0.737669 0.628092 0.410116 0.115076
1 0.561032 0.705797 0.042277 0.019524
2 0.631843 0.704472 0.087263 0.020366
3 0.812641 0.701712 0.253837 0.022235
3 0.694218 0.725186 0.232177 0.021830
0 0.740517 0.713691 0.407995 0.051346
1 0.583460 0.753517 0.083931 0.020304
2 0.665101 0.751989 0.067270 0.019992
3 0.820073 0.749713 0.222180 0.021643
3 0.759133 0.772111 0.358804 0.024200
3 0.604472 0.796262 0.048067 0.018383
0 0.742471 0.772423 0.408702 0.072590
1 0.585768 0.822871 0.083931 0.020304
2 0.664493 0.821397 0.061438 0.019883
0 0.744072 0.820533 0.407289 0.030103
1 0.576290 0.851182 0.063104 0.019914
2 0.665429 0.849513 0.103092 0.020662
3 0.830398 0.847050 0.206351 0.021346
3 0.757378 0.869674 0.348807 0.024013
3 0.758085 0.890917 0.348807 0.024013
3 0.592594 0.915272 0.016411 0.017791
0 0.746068 0.880514 0.409409 0.093833
