3 0.500029 0.039375 0.999942 0.025073
0 0.108387 0.084346 0.083336 0.018756
1 0.200887 0.084353 0.088336 0.018756
2 0.358804 0.084990 0.205836 0.017515
2 0.278384 0.106234 0.348336 0.017525
2 0.278382 0.127484 0.348336 0.017525
2 0.278379 0.148734 0.348336 0.017525
2 0.135876 0.169973 0.063336 0.017505
0 0.097955 0.202471 0.062502 0.018755
1 0.169205 0.202476 0.066669 0.018755
2 0.340039 0.203113 0.253336 0.017518
2 0.278369 0.224359 0.348336 0.017525
2 0.278366 0.245609 0.348336 0.017525
2 0.278364 0.266859 0.348336 0.017525
2 0.283361 0.288109 0.358336 0.017526
2 0.159608 0.309350 0.110836 0.017508
0 0.087521 0.335595 0.041669 0.018753
1 0.141688 0.335599 0.053336 0.018754
2 0.321688 0.336237 0.285002 0.017521
2 0.120019 0.357472 0.031669 0.017502
0 0.087515 0.384345 0.041669 0.018753
1 0.140848 0.384349 0.051669 0.018754
2 0.320015 0.384987 0.285002 0.017521
2 0.151679 0.406225 0.095002 0.017507
0 0.087508 0.438720 0.041669 0.018753
1 0.142508 0.438724 0.055002 0.018754
2 0.323341 0.439362 0.285002 0.017521
2 0.175422 0.460601 0.142502 0.017510
0 0.097918 0.486846 0.062502 0.018755
1 0.156252 0.486850 0.040836 0.018753
2 0.298335 0.487485 0.221669 0.017516
0 0.087497 0.522470 0.041669 0.018753
1 0.162497 0.522475 0.095002 0.018757
2 0.339580 0.523113 0.237502 0.017517
2 0.159578 0.544350 0.110836 0.017508
0 0.097907 0.577471 0.062502 0.018755
1 0.169990 0.577476 0.068336 0.018755
2 0.333740 0.578113 0.237502 0.017517
2 0.140820 0.599349 0.073336 0.017505
0 0.097899 0.634346 0.062502 0.018755
1 0.172483 0.634351 0.073336 0.018755
2 0.335816 0.634988 0.231669 0.017517
2 0.159563 0.656225 0.110836 0.017508
0 0.087475 0.688720 0.041669 0.018753
1 0.147475 0.688724 0.065002 0.018755
2 0.325392 0.689362 0.269169 0.017520
2 0.230806 0.710605 0.253336 0.017518
0 0.087469 0.741220 0.041669 0.018753
1 0.144969 0.741224 0.060002 0.018754
2 0.257052 0.741857 0.142502 0.017510
0 0.097881 0.774971 0.062502 0.018755
1 0.157881 0.774975 0.044169 0.018753
2 0.325381 0.775612 0.269169 0.017520
2 0.278295 0.796859 0.348336 0.017525
2 0.278292 0.818109 0.348336 0.017525
2 0.278289 0.839359 0.348336 0.017525
2 0.278287 0.860609 0.348336 0.017525
2 0.143700 0.881849 0.079169 0.017506
0 0.575054 0.084380 0.083336 0.018756
1 0.641721 0.084385 0.036669 0.018753
2 0.797554 0.085022 0.253336 0.017518
2 0.594634 0.106257 0.047502 0.017503
0 0.554214 0.132504 0.041669 0.018753
1 0.610464 0.132508 0.057502 0.018754
2 0.784631 0.133146 0.269169 0.017520
2 0.594628 0.154382 0.047502 0.017503
0 0.564624 0.186255 0.062502 0.018755
1 0.634624 0.186260 0.064169 0.018755
2 0.804207 0.186897 0.253336 0.017518
2 0.745038 0.208143 0.348336 0.017525
2 0.750035 0.229393 0.358336 0.017526
2 0.610449 0.250633 0.079169 0.017506
0 0.575028 0.282505 0.083336 0.018756
1 0.651278 0.282511 0.055836 0.018754
2 0.785028 0.283146 0.190002 0.017514
0 0.575025 0.308755 0.083336 0.018756
1 0.656691 0.308761 0.066669 0.018755
2 0.761275 0.309394 0.120836 0.017509
0 0.575021 0.337505 0.083336 0.018756
1 0.656271 0.337511 0.065836 0.018755
2 0.810854 0.338148 0.221669 0.017516
2 0.657935 0.359387 0.174169 0.017513
0 0.575014 0.389380 0.083336 0.018756
1 0.664598 0.389387 0.082502 0.018756
2 0.819598 0.390023 0.205836 0.017515
2 0.665845 0.411262 0.190002 0.017514
0 0.564591 0.443755 0.062502 0.018755
1 0.626674 0.443759 0.048336 0.018754
2 0.796257 0.444397 0.269169 0.017520
2 0.665838 0.465637 0.190002 0.017514
0 0.554167 0.498129 0.041669 0.018753
1 0.619584 0.498134 0.075836 0.018756
0 0.574996 0.533755 0.083336 0.018756
1 0.657496 0.533762 0.068336 0.018755
2 0.810412 0.534398 0.215836 0.017516
2 0.642076 0.555635 0.142502 0.017510
0 0.564572 0.589380 0.062502 0.018755
1 0.621238 0.589384 0.037502 0.018753
2 0.785405 0.590021 0.269169 0.017520
2 0.744986 0.611268 0.348336 0.017525
2 0.721233 0.632516 0.300836 0.017522
0 0.564562 0.667505 0.062502 0.018755
1 0.652895 0.667511 0.100836 0.018757
2 0.817062 0.668148 0.205836 0.017515
2 0.586642 0.689381 0.031669 0.017502
0 0.564555 0.716880 0.062502 0.018755
1 0.646222 0.716886 0.087502 0.018756
2 0.811638 0.717523 0.221669 0.017516
2 0.744969 0.738768 0.348336 0.017525
2 0.744966 0.760018 0.348336 0.017525
2 0.657880 0.781262 0.174169 0.017513
0 0.554127 0.808754 0.041669 0.018753
1 0.602877 0.808758 0.042502 0.018753
2 0.777460 0.809395 0.285002 0.017521
2 0.744957 0.830643 0.348336 0.017525
2 0.744954 0.851893 0.348336 0.017525
2 0.744952 0.873143 0.348336 0.017525
2 0.744949 0.894393 0.348336 0.017525
2 0.607446 0.915633 0.073336 0.017505
