1 0.084105 0.086282 0.041819 0.018942
2 0.140354 0.086023 0.057652 0.019014
3 0.314523 0.085846 0.269305 0.018739
3 0.275114 0.107278 0.348470 0.019104
3 0.275288 0.128528 0.348470 0.019104
3 0.275462 0.149777 0.348470 0.019104
3 0.236053 0.171209 0.269305 0.018739
0 0.263622 0.128582 0.407539 0.109371
1 0.095458 0.200607 0.062652 0.019037
2 0.152540 0.200344 0.038486 0.018926
3 0.317126 0.200211 0.269305 0.018739
3 0.141470 0.222271 0.079308 0.017864
0 0.264297 0.211080 0.407017 0.045622
1 0.095903 0.254981 0.062652 0.019037
2 0.167985 0.254649 0.068486 0.019064
3 0.323821 0.254557 0.221806 0.018520
0 0.264655 0.254829 0.406843 0.024372
1 0.096118 0.281231 0.062652 0.019037
2 0.171950 0.280882 0.075985 0.019099
3 0.339452 0.280735 0.237639 0.018593
0 0.264870 0.281079 0.406843 0.024372
1 0.106775 0.310557 0.083485 0.019133
2 0.187190 0.310187 0.064319 0.019045
3 0.285527 0.310359 0.110975 0.018010
0 0.265110 0.310453 0.406843 0.024372
1 0.107046 0.343682 0.083485 0.019133
2 0.176212 0.343363 0.041819 0.018942
3 0.310797 0.343368 0.205973 0.018448
0 0.265382 0.343577 0.406843 0.024372
1 0.096880 0.374354 0.062652 0.019037
2 0.165629 0.374037 0.061819 0.019034
3 0.286465 0.374106 0.158474 0.018229
0 0.265632 0.374202 0.406843 0.024372
1 0.107537 0.403680 0.083485 0.019133
2 0.204202 0.403235 0.096818 0.019195
3 0.358371 0.403150 0.190140 0.018375
3 0.182715 0.425210 0.158474 0.018229
0 0.265960 0.414201 0.407017 0.045622
1 0.097551 0.456227 0.062652 0.019037
2 0.165883 0.455913 0.060986 0.019030
3 0.262553 0.456093 0.110975 0.018010
0 0.266303 0.456075 0.406843 0.024372
1 0.087375 0.485650 0.041819 0.018942
2 0.161957 0.485306 0.094318 0.019183
3 0.338625 0.485118 0.237639 0.018593
3 0.112137 0.507411 0.015976 0.017573
0 0.266630 0.496075 0.407017 0.045622
1 0.108602 0.533678 0.083485 0.019133
2 0.193600 0.533287 0.073485 0.019087
3 0.351936 0.533182 0.221806 0.018520
3 0.278778 0.554770 0.348470 0.019104
0 0.267024 0.544199 0.407017 0.045622
1 0.088234 0.590648 0.041819 0.018942
2 0.163233 0.590303 0.095152 0.019187
3 0.340318 0.590112 0.237639 0.018593
3 0.152579 0.612227 0.095141 0.017937
0 0.267490 0.601073 0.407017 0.045622
1 0.109477 0.640551 0.083485 0.019133
2 0.201142 0.640129 0.086819 0.019149
3 0.358227 0.640031 0.205973 0.018448
3 0.229237 0.661875 0.247639 0.018639
0 0.267899 0.651072 0.407017 0.045622
1 0.109865 0.688050 0.083485 0.019133
2 0.199447 0.687638 0.082652 0.019130
3 0.354449 0.687549 0.205973 0.018448
3 0.153377 0.709725 0.095141 0.017937
0 0.268288 0.698571 0.407017 0.045622
1 0.099884 0.741222 0.062652 0.019037
2 0.165716 0.740919 0.055986 0.019007
3 0.331135 0.740782 0.253472 0.018666
3 0.280476 0.762266 0.348470 0.019104
3 0.280650 0.783515 0.348470 0.019104
3 0.280824 0.804765 0.348470 0.019104
3 0.280998 0.826015 0.348470 0.019104
3 0.162424 0.847811 0.110975 0.018010
0 0.269071 0.794194 0.407713 0.130620
1 0.090598 0.879392 0.041819 0.018942
2 0.149764 0.879120 0.063486 0.019041
3 0.326849 0.878930 0.269305 0.018739
3 0.170776 0.900899 0.126808 0.018083
0 0.269854 0.889817 0.407017 0.045622
1 0.561180 0.084085 0.062652 0.019037
2 0.622845 0.083801 0.047653 0.018968
3 0.792014 0.083647 0.269305 0.018739
3 0.615108 0.105712 0.095141 0.017937
0 0.730018 0.094558 0.407017 0.045622
1 0.561589 0.134084 0.062652 0.019037
2 0.631588 0.133762 0.064319 0.019045
3 0.801173 0.133606 0.253472 0.018666
3 0.747181 0.155105 0.358470 0.019150
3 0.742355 0.176378 0.348470 0.019104
3 0.742529 0.197627 0.348470 0.019104
3 0.631872 0.219387 0.126808 0.018083
0 0.730689 0.176432 0.407539 0.109371
1 0.572952 0.249659 0.083485 0.019133
2 0.667533 0.249224 0.092652 0.019176
3 0.827536 0.249112 0.205973 0.018448
3 0.743128 0.270751 0.348470 0.019104
3 0.743302 0.292001 0.348470 0.019104
3 0.748476 0.313227 0.358470 0.019150
3 0.748650 0.334477 0.358470 0.019150
3 0.743824 0.355749 0.348470 0.019104
3 0.743998 0.376999 0.348470 0.019104
3 0.633340 0.398759 0.126808 0.018083
0 0.731896 0.323929 0.408061 0.173119
1 0.574405 0.427156 0.083485 0.019133
2 0.653987 0.426790 0.062652 0.019037
3 0.806906 0.426710 0.221806 0.018520
3 0.586251 0.448977 0.031809 0.017645
0 0.732827 0.437677 0.407017 0.045622
1 0.570216 0.475301 0.074319 0.019091
2 0.634798 0.475004 0.041819 0.018942
3 0.793133 0.474900 0.253472 0.018666
3 0.744975 0.496372 0.348470 0.019104
3 0.745149 0.517621 0.348470 0.019104
3 0.745323 0.538871 0.348470 0.019104
3 0.745497 0.560121 0.348470 0.019104
3 0.579424 0.582136 0.015976 0.017573
0 0.733569 0.528300 0.407713 0.130620
1 0.575884 0.607778 0.083485 0.019133
2 0.657549 0.607402 0.066819 0.019057
3 0.793801 0.607399 0.184306 0.018348
0 0.734219 0.607673 0.406843 0.024372
1 0.576165 0.642152 0.083485 0.019133
2 0.664497 0.641745 0.080152 0.019118
3 0.818249 0.641662 0.205973 0.018448
3 0.746341 0.663244 0.348470 0.019104
3 0.746515 0.684493 0.348470 0.019104
3 0.746689 0.705743 0.348470 0.019104
3 0.746863 0.726992 0.348470 0.019104
3 0.680788 0.748547 0.215973 0.018494
0 0.734936 0.695172 0.407713 0.130620
1 0.566844 0.775947 0.062652 0.019037
2 0.646842 0.775579 0.084319 0.019137
3 0.815594 0.775427 0.231806 0.018567
3 0.747436 0.796991 0.348470 0.019104
3 0.747610 0.818241 0.348470 0.019104
3 0.747784 0.839490 0.348470 0.019104
3 0.747958 0.860740 0.348470 0.019104
3 0.748132 0.881990 0.348470 0.019104
3 0.748306 0.903239 0.348470 0.019104
3 0.708897 0.924671 0.269305 0.018739
0 0.736205 0.850169 0.408061 0.173119
