3 0.506516 0.033231 0.986968 0.040987
0 0.120239 0.078206 0.083847 0.020078
1 0.202720 0.079525 0.068851 0.019839
2 0.358500 0.082642 0.222114 0.021041
2 0.191684 0.101229 0.152963 0.019935
0 0.108367 0.129278 0.063019 0.019745
1 0.188349 0.130557 0.084681 0.020092
2 0.352044 0.133801 0.222114 0.021041
2 0.169398 0.152134 0.111306 0.019268
0 0.096336 0.185973 0.042190 0.019412
1 0.155073 0.186913 0.063019 0.019745
2 0.331682 0.190363 0.269603 0.021801
2 0.183611 0.209249 0.142965 0.019775
0 0.105222 0.239877 0.063019 0.019745
1 0.166458 0.240857 0.047189 0.019492
0 0.093884 0.272204 0.042190 0.019412
1 0.138874 0.272923 0.035525 0.019305
2 0.317565 0.276407 0.301262 0.022307
2 0.149499 0.294973 0.079646 0.018762
0 0.113220 0.325025 0.083847 0.020078
1 0.197368 0.326371 0.072183 0.019892
0 0.091610 0.352185 0.042190 0.019412
1 0.154512 0.353192 0.071350 0.019879
2 0.287797 0.355949 0.174625 0.020281
0 0.111568 0.383137 0.083847 0.020078
1 0.199048 0.384536 0.078849 0.019998
2 0.351912 0.387606 0.206284 0.020788
2 0.280907 0.407725 0.348752 0.023067
2 0.280303 0.428970 0.348752 0.023067
2 0.279699 0.450216 0.348752 0.023067
2 0.279094 0.471461 0.348752 0.023067
2 0.278490 0.492706 0.348752 0.023067
2 0.135419 0.511672 0.063816 0.018509
0 0.086208 0.542142 0.042190 0.019412
1 0.149943 0.543162 0.073017 0.019905
2 0.323636 0.546565 0.253773 0.021547
2 0.189312 0.565671 0.174625 0.020281
0 0.105490 0.596838 0.083847 0.020078
1 0.174225 0.597937 0.041357 0.019399
2 0.284599 0.600328 0.158795 0.020028
0 0.094294 0.624165 0.063019 0.019745
1 0.165945 0.625311 0.068018 0.019825
2 0.329223 0.628548 0.237944 0.021294
2 0.107836 0.646262 0.016327 0.017749
0 0.103234 0.676195 0.083847 0.020078
1 0.189464 0.677574 0.076349 0.019958
2 0.348993 0.680751 0.222114 0.021041
2 0.272573 0.700784 0.348752 0.023067
2 0.276968 0.722109 0.358749 0.023227
2 0.255535 0.743021 0.317092 0.022560
0 0.100586 0.769299 0.083847 0.020078
1 0.187233 0.770685 0.077182 0.019972
2 0.347179 0.773868 0.222114 0.021041
2 0.269926 0.793887 0.348752 0.023067
2 0.269321 0.815133 0.348752 0.023067
2 0.142079 0.834352 0.095476 0.019015
0 0.077146 0.860820 0.042190 0.019412
1 0.143380 0.861879 0.078015 0.019985
2 0.319573 0.865323 0.253773 0.021547
2 0.267314 0.885742 0.348752 0.023067
2 0.266709 0.906987 0.348752 0.023067
2 0.271104 0.928312 0.358749 0.023227
2 0.265501 0.949477 0.348752 0.023067
2 0.264897 0.970722 0.348752 0.023067
2 0.169314 0.990217 0.158795 0.019566
0 0.565971 0.085336 0.042190 0.019412
1 0.628040 0.086329 0.069684 0.019852
2 0.807981 0.089832 0.269603 0.021801
2 0.756139 0.110258 0.348752 0.023067
2 0.755535 0.131503 0.348752 0.023067
2 0.754931 0.152748 0.348752 0.023067
2 0.754326 0.173993 0.348752 0.023067
2 0.753722 0.195238 0.348752 0.023067
2 0.753118 0.216483 0.348752 0.023067
2 0.744599 0.237602 0.332922 0.022813
0 0.571356 0.262337 0.063019 0.019745
1 0.645090 0.263517 0.072183 0.019892
2 0.810451 0.266787 0.237944 0.021294
2 0.656132 0.285573 0.158795 0.020028
0 0.559503 0.312784 0.042190 0.019412
1 0.637402 0.314030 0.101343 0.020358
2 0.817343 0.317534 0.237944 0.021294
2 0.686352 0.336693 0.222114 0.021041
0 0.578910 0.363106 0.083847 0.020078
1 0.672222 0.364598 0.090513 0.020185
2 0.807174 0.367382 0.158795 0.020028
0 0.578004 0.394974 0.083847 0.020078
1 0.669233 0.396433 0.086347 0.020118
2 0.825846 0.399563 0.206284 0.020788
2 0.747343 0.419562 0.348752 0.023067
2 0.746739 0.440807 0.348752 0.023067
2 0.751134 0.462133 0.358749 0.023227
2 0.745531 0.483298 0.348752 0.023067
2 0.713267 0.504037 0.285433 0.022054
0 0.563716 0.531026 0.063019 0.019745
1 0.621203 0.531946 0.039691 0.019372
2 0.762403 0.534829 0.222114 0.021041
0 0.573384 0.557437 0.083847 0.020078
1 0.646284 0.558603 0.049689 0.019532
0 0.562117 0.587263 0.063019 0.019745
1 0.625435 0.588276 0.051355 0.019559
2 0.756638 0.591000 0.190454 0.020535
0 0.550743 0.620839 0.042190 0.019412
1 0.615311 0.621872 0.074683 0.019932
0 0.555580 0.655924 0.053854 0.019599
1 0.610151 0.656797 0.043023 0.019425
0 0.559273 0.687240 0.063019 0.019745
1 0.631757 0.688400 0.069684 0.019852
2 0.795869 0.691650 0.237944 0.021294
2 0.596560 0.709717 0.063816 0.018509
0 0.568337 0.734896 0.083847 0.020078
1 0.651652 0.736229 0.070517 0.019865
0 0.557106 0.763473 0.063019 0.019745
1 0.622507 0.764519 0.055521 0.019625
2 0.787452 0.767783 0.253773 0.021547
2 0.736859 0.788228 0.348752 0.023067
2 0.736255 0.809474 0.348752 0.023067
2 0.735651 0.830719 0.348752 0.023067
2 0.703387 0.851458 0.285433 0.022054
0 0.543422 0.878280 0.042190 0.019412
1 0.612989 0.879393 0.084681 0.020092
