1 0.108215 0.078879 0.062951 0.019612
2 0.189035 0.079998 0.086280 0.019935
3 0.353575 0.082902 0.222060 0.020566
3 0.288063 0.103248 0.348705 0.022320
3 0.263794 0.124166 0.301213 0.021662
0 0.276398 0.103086 0.408197 0.070619
1 0.106369 0.153866 0.062951 0.019612
2 0.179690 0.154881 0.071283 0.019728
3 0.344647 0.157791 0.237890 0.020785
3 0.159572 0.176481 0.095415 0.018812
0 0.274814 0.167451 0.407674 0.049373
1 0.094647 0.206838 0.042121 0.019324
2 0.156720 0.207697 0.069616 0.019704
0 0.273768 0.209943 0.407151 0.028127
1 0.093801 0.241207 0.042121 0.019324
2 0.162539 0.242159 0.082947 0.019889
0 0.272922 0.244312 0.407151 0.028127
1 0.092955 0.275576 0.042121 0.019324
2 0.145862 0.276309 0.051286 0.019451
3 0.324566 0.279408 0.285382 0.021443
3 0.243640 0.299541 0.269552 0.021224
0 0.271814 0.289305 0.407674 0.049373
1 0.091770 0.323693 0.042121 0.019324
2 0.167590 0.324743 0.097112 0.020085
3 0.345461 0.327831 0.237890 0.020785
0 0.270891 0.326798 0.407151 0.028127
1 0.090955 0.356812 0.042121 0.019324
2 0.140946 0.357504 0.045454 0.019370
3 0.316734 0.360564 0.285382 0.021443
3 0.154572 0.379572 0.095415 0.018812
0 0.269814 0.370541 0.407674 0.049373
1 0.089632 0.410553 0.042121 0.019324
2 0.142123 0.411280 0.050453 0.019439
3 0.320410 0.414374 0.285382 0.021443
3 0.284893 0.435136 0.358703 0.022458
3 0.239794 0.455765 0.269552 0.021224
0 0.268229 0.434905 0.408197 0.070619
1 0.098124 0.488809 0.062951 0.019612
2 0.181859 0.489968 0.092113 0.020016
3 0.349315 0.492912 0.222060 0.020566
3 0.143411 0.511315 0.079584 0.018593
0 0.266568 0.502393 0.407674 0.049373
1 0.086386 0.542406 0.042121 0.019324
2 0.146376 0.543236 0.065450 0.019647
3 0.316331 0.546215 0.253721 0.021005
0 0.265506 0.545511 0.407151 0.028127
1 0.106554 0.569564 0.083781 0.019901
2 0.185291 0.570655 0.061284 0.019589
3 0.337333 0.573385 0.222060 0.020566
0 0.264845 0.572382 0.407151 0.028127
1 0.095262 0.605039 0.062951 0.019612
2 0.176082 0.606158 0.086280 0.019935
0 0.263968 0.608000 0.407151 0.028127
1 0.084078 0.636140 0.042121 0.019324
2 0.134903 0.636843 0.047120 0.019393
0 0.263199 0.639245 0.407151 0.028127
1 0.104077 0.670172 0.083781 0.019901
2 0.179898 0.671222 0.055452 0.019508
0 0.262368 0.672989 0.407151 0.028127
1 0.092893 0.701273 0.062951 0.019612
2 0.164964 0.702271 0.068783 0.019693
3 0.328671 0.705163 0.237890 0.020785
3 0.122350 0.723559 0.047923 0.018155
0 0.261337 0.714857 0.407674 0.049373
1 0.101923 0.757657 0.083781 0.019901
2 0.178577 0.758719 0.057119 0.019531
3 0.312705 0.761201 0.190398 0.020128
0 0.260214 0.760474 0.407151 0.028127
1 0.101170 0.788277 0.083781 0.019901
2 0.176990 0.789327 0.055452 0.019508
0 0.259461 0.791094 0.407151 0.028127
1 0.100354 0.821396 0.083781 0.019901
2 0.175758 0.822441 0.054619 0.019497
3 0.332383 0.825235 0.237890 0.020785
3 0.269787 0.845621 0.348705 0.022320
3 0.269264 0.866868 0.348705 0.022320
3 0.268741 0.888114 0.348705 0.022320
3 0.268218 0.909361 0.348705 0.022320
3 0.267695 0.930607 0.348705 0.022320
3 0.100950 0.949552 0.016261 0.017716
0 0.257076 0.887953 0.410289 0.155605
1 0.585217 0.085484 0.083781 0.019901
2 0.669786 0.086655 0.072949 0.019751
3 0.827661 0.089467 0.222060 0.020566
3 0.754650 0.109709 0.348705 0.022320
3 0.759126 0.131025 0.358703 0.022458
3 0.753604 0.152202 0.348705 0.022320
3 0.697674 0.172681 0.237890 0.020785
0 0.742462 0.130794 0.409243 0.113112
1 0.571926 0.202195 0.062951 0.019612
2 0.659411 0.203407 0.099611 0.020120
3 0.822701 0.206293 0.206229 0.020347
3 0.680535 0.225578 0.206229 0.020347
0 0.740370 0.215780 0.407674 0.049373
1 0.560326 0.250168 0.042121 0.019324
2 0.626982 0.251091 0.078781 0.019831
3 0.803603 0.254162 0.253721 0.021005
3 0.631859 0.273037 0.111245 0.019032
0 0.739186 0.263896 0.407674 0.049373
1 0.569418 0.304053 0.062951 0.019612
2 0.635240 0.304964 0.056285 0.019520
0 0.738124 0.307014 0.407151 0.028127
1 0.568603 0.337172 0.062951 0.019612
2 0.627343 0.337986 0.042121 0.019324
0 0.737309 0.340133 0.407151 0.028127
1 0.557480 0.365773 0.042121 0.019324
2 0.623302 0.366684 0.077115 0.019808
3 0.772428 0.369375 0.200397 0.020266
0 0.736601 0.368879 0.407151 0.028127
1 0.567095 0.398412 0.062951 0.019612
2 0.634167 0.399340 0.058785 0.019554
3 0.800790 0.402273 0.253721 0.021005
3 0.683620 0.421904 0.222060 0.020566
0 0.735540 0.411996 0.407674 0.049373
1 0.565695 0.455277 0.062951 0.019612
2 0.639433 0.456298 0.072116 0.019739
3 0.788975 0.458994 0.206229 0.020347
0 0.734401 0.458238 0.407151 0.028127
1 0.554634 0.481378 0.042121 0.019324
2 0.612125 0.482174 0.060451 0.019578
0 0.733755 0.484484 0.407151 0.028127
1 0.574649 0.514786 0.083781 0.019901
2 0.646720 0.515784 0.047953 0.019404
3 0.805011 0.518601 0.247889 0.020924
3 0.617436 0.537257 0.095415 0.018812
0 0.732678 0.528226 0.407674 0.049373
1 0.573280 0.570402 0.083781 0.019901
2 0.657432 0.571567 0.072116 0.019739
3 0.814890 0.574372 0.222060 0.020566
3 0.742712 0.594627 0.348705 0.022320
3 0.683866 0.615065 0.232058 0.020705
0 0.731048 0.594465 0.408197 0.070619
1 0.550588 0.645725 0.042121 0.019324
2 0.615994 0.646631 0.076282 0.019797
3 0.772618 0.649425 0.216227 0.020485
0 0.729709 0.648831 0.407151 0.028127
1 0.560311 0.673990 0.062951 0.019612
2 0.639048 0.675080 0.082114 0.019878
3 0.746097 0.677188 0.111245 0.019032
0 0.729017 0.676951 0.407151 0.028127
1 0.565405 0.704065 0.074616 0.019774
2 0.643725 0.705150 0.069616 0.019704
3 0.807848 0.708048 0.237890 0.020785
3 0.739420 0.728354 0.348705 0.022320
3 0.738897 0.749600 0.348705 0.022320
3 0.738374 0.770847 0.348705 0.022320
3 0.737851 0.792093 0.348705 0.022320
3 0.737328 0.813339 0.348705 0.022320
3 0.736805 0.834586 0.348705 0.022320
3 0.570060 0.853530 0.016261 0.017716
0 0.726448 0.781308 0.410813 0.176851
1 0.555065 0.887078 0.062951 0.019612
2 0.623387 0.888024 0.061284 0.019589
3 0.791259 0.890974 0.253721 0.021005
3 0.734913 0.911448 0.348705 0.022320
3 0.734390 0.932694 0.348705 0.022320
3 0.718036 0.953721 0.317043 0.021881
0 0.722986 0.921909 0.408720 0.091866
