1 0.107194 0.079414 0.062907 0.019527
2 0.169269 0.080189 0.048743 0.019351
3 0.338815 0.082930 0.269518 0.020857
3 0.136705 0.101661 0.047882 0.018090
0 0.275671 0.092769 0.407581 0.048820
1 0.106071 0.130032 0.062907 0.019527
2 0.176895 0.130916 0.066240 0.019569
3 0.347274 0.133668 0.253687 0.020659
3 0.285977 0.154156 0.348673 0.021845
3 0.285506 0.175403 0.348673 0.021845
3 0.290034 0.196712 0.358672 0.021970
3 0.284563 0.217897 0.348673 0.021845
3 0.284091 0.239144 0.348673 0.021845
3 0.141140 0.258613 0.063713 0.018288
0 0.273369 0.196504 0.409939 0.155055
1 0.102604 0.286261 0.062907 0.019527
2 0.165512 0.287046 0.050409 0.019371
0 0.271317 0.288992 0.407110 0.027572
1 0.101911 0.317506 0.062907 0.019527
2 0.160236 0.318234 0.041244 0.019257
3 0.326033 0.320929 0.269518 0.020857
3 0.281817 0.341630 0.348673 0.021845
3 0.281346 0.362877 0.348673 0.021845
3 0.162141 0.382642 0.111206 0.018881
0 0.269916 0.352108 0.408524 0.091314
1 0.099775 0.413743 0.062907 0.019527
2 0.165183 0.414559 0.055408 0.019434
3 0.330146 0.417244 0.253687 0.020659
3 0.153032 0.436286 0.095375 0.018683
0 0.268252 0.427097 0.407581 0.048820
1 0.098680 0.463111 0.062907 0.019527
2 0.174919 0.464063 0.077072 0.019704
3 0.295305 0.466191 0.142869 0.019276
0 0.267392 0.465842 0.407110 0.027572
1 0.108401 0.494487 0.083738 0.019787
2 0.194223 0.495558 0.075406 0.019683
3 0.353354 0.498169 0.222024 0.020264
3 0.190821 0.517394 0.174531 0.019671
0 0.266463 0.507711 0.407581 0.048820
1 0.107181 0.549479 0.083738 0.019787
2 0.193419 0.550556 0.076239 0.019694
3 0.352966 0.553172 0.222024 0.020264
3 0.181685 0.572287 0.158700 0.019474
0 0.265243 0.562704 0.407581 0.048820
1 0.085130 0.604211 0.042077 0.019267
2 0.158037 0.605122 0.091237 0.019881
3 0.332999 0.607931 0.237855 0.020462
3 0.172549 0.627181 0.142869 0.019276
0 0.264022 0.617696 0.407581 0.048820
1 0.083952 0.657329 0.042077 0.019267
2 0.134361 0.657958 0.046243 0.019319
3 0.315572 0.660845 0.295347 0.021179
3 0.274273 0.681583 0.348673 0.021845
3 0.273802 0.702830 0.348673 0.021845
3 0.202090 0.723188 0.206193 0.020067
0 0.262372 0.692061 0.408524 0.091314
1 0.102757 0.748826 0.083738 0.019787
2 0.192745 0.749950 0.083738 0.019787
3 0.353125 0.752577 0.216192 0.020191
3 0.193093 0.771832 0.190362 0.019869
0 0.260819 0.762051 0.407581 0.048820
1 0.080845 0.797310 0.042077 0.019267
2 0.140420 0.798053 0.064574 0.019548
0 0.259973 0.800171 0.407110 0.027572
1 0.101010 0.827566 0.083738 0.019787
2 0.182249 0.828580 0.066240 0.019569
0 0.259307 0.830167 0.407110 0.027572
1 0.100358 0.856936 0.083738 0.019787
2 0.182847 0.857966 0.068740 0.019600
0 0.258656 0.859538 0.407110 0.027572
1 0.089180 0.891177 0.062907 0.019527
2 0.149172 0.891926 0.044577 0.019299
3 0.316635 0.894641 0.269518 0.020857
3 0.210761 0.914572 0.232023 0.020389
0 0.257657 0.904531 0.407581 0.048820
1 0.584212 0.085369 0.083738 0.019787
2 0.671283 0.086456 0.077905 0.019715
3 0.831664 0.089083 0.222024 0.020264
3 0.611223 0.107584 0.063713 0.018288
0 0.742273 0.098593 0.407581 0.048820
1 0.572645 0.137106 0.062907 0.019527
2 0.652634 0.138105 0.084571 0.019798
3 0.816348 0.140774 0.222024 0.020264
3 0.752552 0.161230 0.348673 0.021845
3 0.752080 0.182477 0.348673 0.021845
3 0.751609 0.203724 0.348673 0.021845
3 0.751137 0.224971 0.348673 0.021845
3 0.703172 0.245626 0.253687 0.020659
0 0.740179 0.192955 0.409467 0.133808
1 0.569525 0.277712 0.062907 0.019527
2 0.644098 0.278643 0.073739 0.019663
3 0.810311 0.281343 0.237855 0.020462
0 0.738238 0.280443 0.407110 0.027572
1 0.558361 0.311327 0.042077 0.019267
2 0.625435 0.312165 0.079572 0.019735
3 0.802480 0.315000 0.253687 0.020659
3 0.732851 0.335383 0.317011 0.021450
0 0.737253 0.324812 0.407581 0.048820
1 0.578138 0.359081 0.083738 0.019787
2 0.658543 0.360084 0.064574 0.019548
0 0.736435 0.361682 0.407110 0.027572
1 0.567140 0.385197 0.062907 0.019527
2 0.647129 0.386196 0.084571 0.019798
0 0.735853 0.387928 0.407110 0.027572
1 0.566544 0.412068 0.062907 0.019527
2 0.622786 0.412770 0.037078 0.019205
3 0.778584 0.415340 0.253687 0.020659
0 0.735256 0.414799 0.407110 0.027572
1 0.576376 0.438445 0.083738 0.019787
2 0.664697 0.439547 0.080405 0.019746
3 0.818412 0.442091 0.206193 0.020067
3 0.745867 0.462438 0.348673 0.021845
3 0.745396 0.483686 0.348673 0.021845
3 0.744924 0.504933 0.348673 0.021845
3 0.594057 0.524302 0.047882 0.018090
0 0.733731 0.483540 0.408996 0.112561
1 0.563312 0.557673 0.062907 0.019527
2 0.631636 0.558526 0.061241 0.019507
3 0.799516 0.561247 0.253687 0.020659
3 0.743219 0.581797 0.348673 0.021845
3 0.742747 0.603044 0.348673 0.021845
3 0.747275 0.624353 0.358672 0.021970
3 0.646817 0.644352 0.158700 0.019474
0 0.731082 0.602898 0.408996 0.112561
1 0.550276 0.675652 0.042077 0.019267
2 0.619433 0.676515 0.083738 0.019787
3 0.798561 0.679376 0.253687 0.020659
3 0.650610 0.698782 0.168698 0.019599
0 0.729168 0.689136 0.407581 0.048820
1 0.549014 0.732519 0.042077 0.019267
2 0.611089 0.733294 0.069573 0.019611
0 0.728142 0.735380 0.407110 0.027572
1 0.548390 0.760640 0.042077 0.019267
2 0.605466 0.761353 0.059575 0.019486
3 0.780428 0.764162 0.269518 0.020857
3 0.738712 0.784894 0.348673 0.021845
3 0.738240 0.806141 0.348673 0.021845
3 0.737769 0.827388 0.348673 0.021845
3 0.737297 0.848635 0.348673 0.021845
3 0.570599 0.867807 0.016219 0.017695
0 0.726339 0.816619 0.409467 0.133808
