3 0.502214 0.032512 0.995573 0.030456
0 0.101959 0.082192 0.062680 0.019091
1 0.160708 0.082512 0.041847 0.018977
2 0.326947 0.084045 0.269329 0.018968
2 0.115913 0.104144 0.016003 0.017586
0 0.091052 0.132759 0.041847 0.018977
1 0.151884 0.133091 0.066847 0.019113
2 0.327706 0.134675 0.263496 0.018936
2 0.155005 0.154983 0.095167 0.018018
0 0.090518 0.187757 0.041847 0.018977
1 0.142184 0.188039 0.048514 0.019013
2 0.264258 0.189330 0.174332 0.018450
0 0.090197 0.220881 0.041847 0.018977
1 0.156445 0.221243 0.077680 0.019172
2 0.332684 0.222830 0.253496 0.018882
2 0.280813 0.243797 0.348494 0.019400
2 0.280607 0.265047 0.348494 0.019400
2 0.285401 0.286323 0.358494 0.019455
2 0.280195 0.307545 0.348494 0.019400
2 0.279988 0.328795 0.348494 0.019400
2 0.161035 0.349396 0.111000 0.018104
0 0.099049 0.382184 0.062680 0.019091
1 0.182380 0.382639 0.091013 0.019245
2 0.349453 0.384175 0.221831 0.018709
2 0.113003 0.404136 0.016003 0.017586
0 0.098582 0.430308 0.062680 0.019091
1 0.174413 0.430722 0.076013 0.019163
2 0.341903 0.432261 0.237663 0.018796
2 0.188784 0.452676 0.168499 0.018418
0 0.087699 0.478375 0.041847 0.018977
1 0.143947 0.478682 0.057680 0.019063
2 0.318103 0.480257 0.269329 0.018968
2 0.278315 0.501290 0.348494 0.019400
2 0.278109 0.522540 0.348494 0.019400
2 0.277903 0.543789 0.348494 0.019400
2 0.111451 0.564131 0.016003 0.017586
0 0.097000 0.593428 0.062680 0.019091
1 0.167414 0.593813 0.065180 0.019104
2 0.334487 0.595349 0.247663 0.018850
2 0.158452 0.615639 0.111000 0.018104
0 0.096502 0.644677 0.062680 0.019091
1 0.178167 0.645123 0.087680 0.019227
2 0.343573 0.646650 0.221831 0.018709
2 0.134206 0.666758 0.063501 0.017845
0 0.085553 0.699619 0.041847 0.018977
1 0.133885 0.699882 0.041847 0.018977
2 0.308041 0.701458 0.285162 0.019055
2 0.276169 0.722534 0.348494 0.019400
2 0.275962 0.743784 0.348494 0.019400
2 0.275756 0.765033 0.348494 0.019400
2 0.275550 0.786283 0.348494 0.019400
2 0.275344 0.807532 0.348494 0.019400
2 0.267221 0.828738 0.332661 0.019314
0 0.104821 0.860978 0.083513 0.019204
1 0.201068 0.861503 0.096013 0.019272
2 0.354808 0.862967 0.190165 0.018536
2 0.274604 0.883780 0.348494 0.019400
2 0.279398 0.905057 0.358494 0.019455
2 0.274192 0.926279 0.348494 0.019400
2 0.273986 0.947529 0.348494 0.019400
2 0.273780 0.968778 0.348494 0.019400
2 0.170660 0.989466 0.142666 0.018277
0 0.558197 0.084682 0.041847 0.018977
1 0.626945 0.085057 0.082680 0.019200
2 0.750269 0.086355 0.142666 0.018277
0 0.557864 0.119056 0.041847 0.018977
1 0.614946 0.119367 0.059347 0.019072
2 0.789935 0.120947 0.269329 0.018968
2 0.748480 0.141971 0.348494 0.019400
2 0.748274 0.163221 0.348494 0.019400
2 0.748068 0.184470 0.348494 0.019400
2 0.752861 0.205747 0.358494 0.019455
2 0.747655 0.226969 0.348494 0.019400
2 0.681201 0.247857 0.215997 0.018677
0 0.556312 0.279051 0.041847 0.018977
1 0.605894 0.279322 0.044347 0.018991
0 0.576872 0.307289 0.083513 0.019204
1 0.645620 0.307665 0.041014 0.018972
2 0.803526 0.309151 0.253496 0.018882
2 0.651657 0.329573 0.158499 0.018364
0 0.576374 0.358538 0.083513 0.019204
1 0.666372 0.359029 0.083513 0.019204
2 0.821778 0.360502 0.205998 0.018623
0 0.555202 0.393423 0.041847 0.018977
1 0.603534 0.393687 0.041847 0.018977
2 0.777690 0.395263 0.285162 0.019055
2 0.603322 0.415562 0.063501 0.017845
0 0.554650 0.450297 0.041847 0.018977
1 0.622982 0.450670 0.081846 0.019195
2 0.801304 0.452268 0.253496 0.018882
2 0.745266 0.473213 0.348494 0.019400
2 0.745060 0.494462 0.348494 0.019400
2 0.744854 0.515712 0.348494 0.019400
2 0.681316 0.536615 0.221831 0.018709
0 0.574392 0.562908 0.083513 0.019204
1 0.665639 0.563406 0.086013 0.019218
2 0.822296 0.564885 0.205998 0.018623
2 0.744175 0.585710 0.348494 0.019400
2 0.743969 0.606959 0.348494 0.019400
2 0.617099 0.627517 0.095167 0.018018
0 0.548097 0.653392 0.032681 0.018927
1 0.613511 0.653748 0.085180 0.019213
0 0.552377 0.684666 0.041847 0.018977
1 0.619875 0.685034 0.080180 0.019186
2 0.789448 0.686584 0.237663 0.018796
0 0.562484 0.716597 0.062680 0.019091
1 0.623732 0.716931 0.046847 0.019004
0 0.551770 0.747164 0.041847 0.018977
1 0.610102 0.747482 0.061847 0.019086
2 0.738843 0.748810 0.174332 0.018450
0 0.551497 0.775288 0.041847 0.018977
1 0.612746 0.775623 0.067680 0.019118
0 0.572009 0.808526 0.083513 0.019204
1 0.666173 0.809040 0.091846 0.019250
2 0.778247 0.810277 0.111000 0.018104
0 0.571748 0.835400 0.083513 0.019204
1 0.660079 0.835882 0.080180 0.019186
2 0.813819 0.837346 0.205998 0.018623
2 0.741531 0.858202 0.348494 0.019400
2 0.741325 0.879452 0.348494 0.019400
2 0.746119 0.900729 0.358494 0.019455
2 0.740913 0.921951 0.348494 0.019400
2 0.740707 0.943200 0.348494 0.019400
2 0.621754 0.963802 0.111000 0.018104
