3 0.505815 0.035085 0.988369 0.039340
0 0.108589 0.078683 0.062967 0.019643
1 0.184825 0.079777 0.077131 0.019846
2 0.349779 0.082769 0.232071 0.020820
2 0.288415 0.103142 0.348716 0.022493
2 0.287873 0.124388 0.348716 0.022493
2 0.287331 0.145635 0.348716 0.022493
2 0.291788 0.166952 0.358714 0.022637
2 0.286247 0.188127 0.348716 0.022493
2 0.285705 0.209373 0.348716 0.022493
2 0.285163 0.230619 0.348716 0.022493
2 0.162977 0.250120 0.105427 0.019003
0 0.113983 0.275672 0.083796 0.019942
1 0.193552 0.276813 0.062967 0.019643
2 0.322679 0.279291 0.174581 0.019995
0 0.113186 0.306916 0.083796 0.019942
1 0.191089 0.308034 0.059634 0.019595
2 0.350210 0.310942 0.237903 0.020904
2 0.155954 0.329409 0.095429 0.018860
0 0.086356 0.362166 0.032972 0.019213
1 0.144679 0.363003 0.071299 0.019763
2 0.325463 0.366222 0.269564 0.021358
2 0.162451 0.385137 0.111259 0.019087
0 0.089520 0.417847 0.042137 0.019344
1 0.144510 0.418636 0.055468 0.019536
2 0.322378 0.421813 0.279562 0.021501
2 0.184778 0.441093 0.158751 0.019768
0 0.088197 0.469712 0.042137 0.019344
1 0.137771 0.470424 0.044637 0.019380
2 0.313140 0.473565 0.285394 0.021585
2 0.135964 0.492277 0.063768 0.018405
0 0.086858 0.522203 0.042137 0.019344
1 0.148930 0.523093 0.069632 0.019739
2 0.257644 0.525278 0.127090 0.019314
0 0.086014 0.555322 0.042137 0.019344
1 0.145586 0.556176 0.064633 0.019667
2 0.323038 0.559347 0.269564 0.021358
2 0.157526 0.578227 0.111259 0.019087
0 0.084786 0.603438 0.042137 0.019344
1 0.158106 0.604490 0.092128 0.020061
2 0.285984 0.606950 0.142920 0.019541
0 0.094468 0.632332 0.062967 0.019643
1 0.161122 0.633288 0.057968 0.019571
2 0.327326 0.636298 0.253733 0.021131
2 0.274294 0.656791 0.348716 0.022493
2 0.273752 0.678037 0.348716 0.022493
2 0.249464 0.698943 0.301225 0.021812
0 0.092173 0.722316 0.062967 0.019643
1 0.157161 0.723248 0.054635 0.019524
2 0.250461 0.725212 0.111259 0.019087
0 0.081089 0.748411 0.042137 0.019344
1 0.145244 0.749332 0.073798 0.019798
2 0.292701 0.752073 0.200410 0.020366
0 0.080324 0.778406 0.042137 0.019344
1 0.143645 0.779314 0.072132 0.019775
2 0.293185 0.782085 0.206242 0.020449
0 0.079463 0.812150 0.042137 0.019344
1 0.147367 0.813124 0.081297 0.019906
2 0.325235 0.816301 0.253733 0.021131
2 0.269704 0.836758 0.348716 0.022493
2 0.179178 0.856713 0.168749 0.019911
0 0.077710 0.880887 0.042137 0.019344
1 0.131450 0.881658 0.052969 0.019500
0 0.575170 0.085377 0.062967 0.019643
1 0.657239 0.086555 0.088795 0.020014
2 0.823026 0.089558 0.222072 0.020676
2 0.754996 0.109836 0.348716 0.022493
2 0.754454 0.131082 0.348716 0.022493
2 0.745997 0.152215 0.332885 0.022266
0 0.562269 0.182710 0.042137 0.019344
1 0.626008 0.183625 0.072965 0.019787
2 0.799710 0.186742 0.253733 0.021131
2 0.602121 0.205161 0.047938 0.018178
0 0.571425 0.232226 0.062967 0.019643
1 0.633080 0.233110 0.047969 0.019428
2 0.770539 0.235707 0.206242 0.020449
0 0.581091 0.261745 0.083796 0.019942
1 0.653577 0.262785 0.048803 0.019440
2 0.807283 0.265615 0.237903 0.020904
2 0.750502 0.286054 0.348716 0.022493
2 0.749960 0.307300 0.348716 0.022493
2 0.749418 0.328546 0.348716 0.022493
2 0.638063 0.348203 0.127090 0.019314
0 0.557328 0.376425 0.042137 0.019344
1 0.626066 0.377411 0.082963 0.019930
2 0.804767 0.380600 0.253733 0.021131
2 0.752568 0.401105 0.358714 0.022637
2 0.752026 0.422351 0.358714 0.022637
2 0.751484 0.443597 0.358714 0.022637
2 0.745943 0.464771 0.348716 0.022493
2 0.745401 0.486018 0.348716 0.022493
2 0.729029 0.507037 0.317055 0.022039
0 0.563679 0.535920 0.062967 0.019643
1 0.646997 0.537115 0.091295 0.020050
2 0.814034 0.540137 0.222072 0.020676
2 0.743505 0.560379 0.348716 0.022493
2 0.745046 0.581655 0.352882 0.022553
2 0.639523 0.601395 0.142920 0.019541
0 0.550953 0.626379 0.042137 0.019344
1 0.619691 0.627365 0.082963 0.019930
2 0.795476 0.630512 0.247901 0.021047
2 0.746193 0.651059 0.358714 0.022637
2 0.742735 0.672263 0.352882 0.022553
2 0.740110 0.693480 0.348716 0.022493
2 0.660416 0.713590 0.190412 0.020222
0 0.558419 0.742132 0.062967 0.019643
1 0.630490 0.743166 0.068799 0.019727
2 0.794194 0.746140 0.237903 0.020904
2 0.738245 0.766591 0.348716 0.022493
2 0.737703 0.787837 0.348716 0.022493
0 0.546140 0.815094 0.042137 0.019344
1 0.600297 0.815871 0.053802 0.019512
2 0.701096 0.817943 0.127090 0.019314
0 0.555678 0.849613 0.062967 0.019643
1 0.633580 0.850730 0.080464 0.019894
2 0.803117 0.853788 0.237903 0.020904
2 0.672182 0.873163 0.222072 0.020676
