1 0.098177 0.084233 0.062512 0.018772
2 0.157761 0.084254 0.043345 0.018765
3 0.324844 0.084938 0.269178 0.017595
3 0.278580 0.106172 0.348344 0.017623
0 0.266920 0.095543 0.406694 0.043893
1 0.087729 0.135480 0.041678 0.018765
2 0.155229 0.135503 0.080012 0.018778
3 0.332728 0.136191 0.253344 0.017589
3 0.143965 0.157374 0.079178 0.017528
0 0.266888 0.146793 0.406694 0.043893
1 0.093529 0.187982 0.053345 0.018769
2 0.174362 0.188010 0.095012 0.018784
0 0.266862 0.188668 0.406681 0.022643
1 0.098096 0.214233 0.062512 0.018772
2 0.152679 0.214252 0.033345 0.018762
3 0.322679 0.214937 0.285011 0.017601
3 0.278499 0.236172 0.348344 0.017623
3 0.278485 0.257422 0.348344 0.017623
3 0.278472 0.278672 0.348344 0.017623
3 0.199292 0.299894 0.190011 0.017567
0 0.266819 0.257418 0.406734 0.107643
1 0.087608 0.327980 0.041678 0.018765
2 0.145108 0.328000 0.060012 0.018771
3 0.320524 0.328687 0.269178 0.017595
3 0.283427 0.349924 0.358344 0.017626
3 0.283414 0.371174 0.358344 0.017626
3 0.278401 0.392422 0.348344 0.017623
3 0.238804 0.413658 0.269178 0.017595
0 0.266747 0.371168 0.406734 0.107643
1 0.087536 0.441730 0.041678 0.018765
2 0.147536 0.441751 0.065012 0.018773
3 0.325453 0.442438 0.269178 0.017595
3 0.175439 0.463636 0.142511 0.017550
0 0.266696 0.453043 0.406694 0.043893
1 0.108335 0.496737 0.083345 0.018779
2 0.187919 0.496765 0.062512 0.018772
3 0.340835 0.497444 0.221678 0.017578
3 0.151655 0.518627 0.095011 0.017534
0 0.266662 0.508043 0.406694 0.043893
1 0.087466 0.553605 0.041678 0.018765
2 0.154133 0.553628 0.078345 0.018778
3 0.322883 0.554313 0.237511 0.017584
0 0.266633 0.554293 0.406681 0.022643
1 0.087448 0.583605 0.041678 0.018765
2 0.157031 0.583629 0.084178 0.018780
0 0.266614 0.584293 0.406681 0.022643
1 0.108264 0.611112 0.083345 0.018779
2 0.192430 0.611142 0.071678 0.018775
3 0.349930 0.611822 0.221678 0.017578
3 0.254500 0.633038 0.300844 0.017606
0 0.266590 0.622418 0.406694 0.043893
1 0.087400 0.659229 0.041678 0.018765
2 0.141150 0.659248 0.052512 0.018769
3 0.257400 0.659914 0.158344 0.017556
0 0.266566 0.659918 0.406681 0.022643
1 0.108212 0.693612 0.083345 0.018779
2 0.183212 0.693638 0.053345 0.018769
3 0.339461 0.694318 0.237511 0.017584
3 0.127782 0.715494 0.047511 0.017517
0 0.266538 0.704918 0.406694 0.043893
1 0.097762 0.746108 0.062512 0.018772
2 0.176512 0.746136 0.081678 0.018779
3 0.331095 0.746815 0.205844 0.017573
0 0.266512 0.746793 0.406681 0.022643
1 0.087326 0.776729 0.041678 0.018765
2 0.151910 0.776752 0.074178 0.018776
3 0.326493 0.777439 0.253344 0.017589
0 0.266493 0.777418 0.406681 0.022643
1 0.108140 0.808612 0.083345 0.018779
2 0.186056 0.808639 0.059178 0.018771
0 0.266473 0.809293 0.406681 0.022643
1 0.108123 0.835487 0.083345 0.018779
2 0.194790 0.835517 0.076678 0.018777
3 0.354789 0.836199 0.221678 0.017578
3 0.278109 0.857422 0.348344 0.017623
3 0.127679 0.878619 0.047511 0.017517
0 0.266443 0.857418 0.406707 0.065143
1 0.554427 0.084394 0.041678 0.018765
2 0.609844 0.084414 0.055845 0.018770
0 0.733594 0.085082 0.406681 0.022643
1 0.554410 0.111894 0.041678 0.018765
2 0.628160 0.111920 0.092512 0.018783
3 0.803993 0.112607 0.237511 0.017584
3 0.745230 0.133836 0.348344 0.017623
3 0.745216 0.155086 0.348344 0.017623
3 0.745203 0.176336 0.348344 0.017623
3 0.745190 0.197586 0.348344 0.017623
3 0.745176 0.218836 0.348344 0.017623
3 0.745163 0.240086 0.348344 0.017623
3 0.594733 0.261283 0.047511 0.017517
0 0.733530 0.186957 0.406774 0.171393
1 0.575130 0.293151 0.083345 0.018779
2 0.662630 0.293182 0.078345 0.018778
3 0.815546 0.293861 0.205844 0.017573
3 0.745116 0.315086 0.348344 0.017623
3 0.750103 0.336338 0.358344 0.017626
3 0.745089 0.357586 0.348344 0.017623
3 0.594659 0.378783 0.047511 0.017517
0 0.733436 0.336332 0.406734 0.107643
1 0.564640 0.409398 0.062512 0.018772
2 0.632557 0.409422 0.060012 0.018771
3 0.800056 0.410106 0.253344 0.017589
3 0.745043 0.431336 0.348344 0.017623
3 0.745030 0.452586 0.348344 0.017623
3 0.673766 0.473811 0.205844 0.017573
0 0.733370 0.441957 0.406721 0.086393
1 0.564579 0.506898 0.062512 0.018772
2 0.624162 0.506919 0.043345 0.018765
3 0.791245 0.507603 0.269178 0.017595
3 0.744982 0.528836 0.348344 0.017623
3 0.744969 0.550086 0.348344 0.017623
3 0.744955 0.571336 0.348344 0.017623
3 0.610359 0.592539 0.079178 0.017528
0 0.733302 0.550082 0.406734 0.107643
1 0.574920 0.627526 0.083345 0.018779
2 0.657837 0.627556 0.069178 0.018774
3 0.814086 0.628236 0.221678 0.017578
3 0.744906 0.649461 0.348344 0.017623
3 0.744893 0.670711 0.348344 0.017623
3 0.749880 0.691963 0.358344 0.017626
3 0.744866 0.713211 0.348344 0.017623
3 0.744853 0.734461 0.348344 0.017623
3 0.649840 0.755678 0.158344 0.017556
0 0.733213 0.691957 0.406761 0.150143
1 0.574821 0.786276 0.083345 0.018779
2 0.663570 0.786308 0.080845 0.018779
3 0.809820 0.786984 0.190011 0.017567
0 0.733153 0.786957 0.406681 0.022643
1 0.574801 0.816901 0.083345 0.018779
2 0.665218 0.816933 0.084178 0.018780
3 0.821051 0.817613 0.205844 0.017573
3 0.744788 0.838836 0.348344 0.017623
3 0.744774 0.860086 0.348344 0.017623
3 0.744761 0.881336 0.348344 0.017623
3 0.625998 0.902544 0.110844 0.017539
0 0.733108 0.860082 0.406734 0.107643
