3 0.498288 0.031257 0.996575 0.029212
0 0.084394 0.086119 0.041806 0.018925
1 0.148976 0.085847 0.074306 0.019062
2 0.328562 0.085716 0.263460 0.018609
2 0.140807 0.107757 0.079296 0.017833
0 0.084783 0.137993 0.041806 0.018925
1 0.140615 0.137758 0.056806 0.018988
2 0.314367 0.137651 0.269293 0.018634
2 0.275777 0.159064 0.348459 0.018967
2 0.275936 0.180314 0.348459 0.018967
2 0.276095 0.201563 0.348459 0.018967
2 0.276254 0.222813 0.348459 0.018967
2 0.252664 0.244163 0.300960 0.018767
0 0.096205 0.272322 0.062639 0.019013
1 0.157038 0.272066 0.045973 0.018943
2 0.325373 0.271982 0.269293 0.018634
2 0.276783 0.293437 0.348459 0.018967
2 0.276942 0.314687 0.348459 0.018967
2 0.277101 0.335936 0.348459 0.018967
2 0.277260 0.357186 0.348459 0.018967
2 0.277419 0.378436 0.348459 0.018967
2 0.142997 0.400252 0.079296 0.017833
0 0.097357 0.426070 0.062639 0.019013
1 0.154439 0.425829 0.038473 0.018911
2 0.279442 0.425928 0.190128 0.018300
0 0.087137 0.452363 0.041806 0.018925
1 0.155052 0.452077 0.080972 0.019090
2 0.332971 0.451953 0.253460 0.018567
2 0.167299 0.473901 0.126796 0.018033
0 0.087539 0.506113 0.041806 0.018925
1 0.144622 0.505872 0.059306 0.018999
2 0.319624 0.505760 0.269293 0.018634
2 0.120203 0.527850 0.031797 0.017633
0 0.087904 0.554862 0.041806 0.018925
1 0.152070 0.554591 0.073473 0.019059
2 0.326239 0.554483 0.253460 0.018567
2 0.160150 0.576433 0.110963 0.017967
0 0.098686 0.603567 0.062639 0.019013
1 0.165352 0.603286 0.057640 0.018992
2 0.331604 0.603211 0.253460 0.018567
2 0.279264 0.624682 0.348459 0.018967
2 0.279423 0.645931 0.348459 0.018967
2 0.279582 0.667181 0.348459 0.018967
2 0.284741 0.688410 0.358459 0.019009
2 0.279900 0.709680 0.348459 0.018967
2 0.216727 0.731197 0.221794 0.018433
0 0.110315 0.765396 0.083472 0.019101
1 0.196980 0.765031 0.076806 0.019073
2 0.356982 0.764982 0.221794 0.018433
2 0.280476 0.786554 0.348459 0.018967
2 0.280635 0.807804 0.348459 0.018967
2 0.280794 0.829054 0.348459 0.018967
2 0.185955 0.850703 0.158462 0.018167
0 0.111185 0.881644 0.083472 0.019101
1 0.193267 0.881298 0.067639 0.019034
0 0.561470 0.084110 0.062639 0.019013
1 0.628969 0.083825 0.059306 0.018999
2 0.796054 0.083746 0.253460 0.018567
2 0.742047 0.105224 0.348459 0.018967
2 0.742207 0.126474 0.348459 0.018967
2 0.747366 0.147702 0.358459 0.019009
2 0.742525 0.168973 0.348459 0.018967
2 0.742684 0.190223 0.348459 0.018967
2 0.632012 0.211939 0.126796 0.018033
0 0.562659 0.242857 0.062639 0.019013
1 0.622658 0.242604 0.044306 0.018936
2 0.790160 0.242524 0.269293 0.018634
0 0.552448 0.270400 0.041806 0.018925
1 0.605781 0.270176 0.051806 0.018967
2 0.784949 0.270046 0.285127 0.018700
2 0.743442 0.291471 0.348459 0.018967
2 0.743601 0.312721 0.348459 0.018967
2 0.743761 0.333971 0.348459 0.018967
2 0.736003 0.355254 0.332626 0.018900
0 0.563726 0.385355 0.062639 0.019013
1 0.627475 0.385086 0.051806 0.018967
2 0.790810 0.385023 0.253460 0.018567
2 0.617639 0.407003 0.095130 0.017900
0 0.574531 0.437185 0.083472 0.019101
1 0.654113 0.436850 0.062639 0.019013
0 0.564376 0.472228 0.062639 0.019013
1 0.636459 0.471925 0.068473 0.019038
2 0.800211 0.471860 0.237627 0.018500
2 0.642039 0.493777 0.142629 0.018100
0 0.575191 0.525309 0.083472 0.019101
1 0.660606 0.524949 0.074306 0.019062
2 0.819358 0.524905 0.221794 0.018433
2 0.626604 0.546967 0.110963 0.017967
0 0.565191 0.580977 0.062639 0.019013
1 0.648523 0.580626 0.090972 0.019132
2 0.812692 0.580559 0.215961 0.018409
2 0.750768 0.602070 0.358459 0.019009
2 0.745928 0.623341 0.348459 0.018967
2 0.751087 0.644570 0.358459 0.019009
2 0.746246 0.665840 0.348459 0.018967
2 0.603907 0.687690 0.063463 0.017767
0 0.566225 0.719099 0.062639 0.019013
1 0.619141 0.718877 0.030140 0.018876
2 0.787476 0.718793 0.285127 0.018700
2 0.675554 0.740514 0.205961 0.018367
0 0.556235 0.776017 0.041806 0.018925
1 0.610400 0.775789 0.053473 0.018974
2 0.750819 0.775823 0.205961 0.018367
0 0.566918 0.811598 0.062639 0.019013
1 0.626917 0.811345 0.044306 0.018936
2 0.770669 0.811365 0.221794 0.018433
0 0.577573 0.843429 0.083472 0.019101
1 0.672988 0.843027 0.094306 0.019146
2 0.825907 0.843008 0.190128 0.018300
2 0.747734 0.864587 0.348459 0.018967
2 0.589562 0.886504 0.031797 0.017633
