0 0.26666666666666666 0.096875 0.4 0.04375
0 0.26666666666666666 0.19375 0.4 0.115
0 0.26666666666666666 0.314375 0.4 0.09125
0 0.26666666666666666 0.423125 0.4 0.09125
0 0.26666666666666666 0.531875 0.4 0.09125
0 0.26666666666666666 0.616875 0.4 0.04375
0 0.26666666666666666 0.678125 0.4 0.04375
0 0.26666666666666666 0.739375 0.4 0.04375
0 0.26666666666666666 0.848125 0.4 0.13875
0 0.7333333333333333 0.1325 0.4 0.115
0 0.7333333333333333 0.229375 0.4 0.04375
0 0.7333333333333333 0.290625 0.4 0.04375
0 0.7333333333333333 0.3875 0.4 0.115
0 0.7333333333333333 0.49625 0.4 0.0675
0 0.7333333333333333 0.616875 0.4 0.13875
0 0.7333333333333333 0.725625 0.4 0.04375
0 0.7333333333333333 0.786875 0.4 0.04375
0 0.7333333333333333 0.86 0.4 0.0675
