1 0.108981 0.078479 0.062983 0.019676
2 0.187715 0.079650 0.082146 0.019960
3 0.318506 0.082220 0.158765 0.019851
0 0.277681 0.081613 0.407181 0.028542
1 0.108122 0.110972 0.062983 0.019676
2 0.181024 0.112057 0.070482 0.019787
3 0.345559 0.115128 0.237916 0.021027
3 0.287925 0.135525 0.348727 0.022675
3 0.287363 0.156771 0.348727 0.022675
3 0.286802 0.178017 0.348727 0.022675
3 0.286240 0.199263 0.348727 0.022675
3 0.285678 0.220509 0.348727 0.022675
3 0.285117 0.241755 0.348727 0.022675
3 0.284555 0.263000 0.348727 0.022675
3 0.220672 0.283305 0.222086 0.020792
0 0.274576 0.199089 0.411675 0.198508
1 0.113135 0.315462 0.083813 0.019985
2 0.191869 0.316633 0.061317 0.019651
3 0.351821 0.319637 0.237916 0.021027
3 0.282523 0.339860 0.348727 0.022675
3 0.281962 0.361106 0.348727 0.022675
3 0.281400 0.382352 0.348727 0.022675
3 0.177942 0.402068 0.142935 0.019615
0 0.270297 0.360933 0.409428 0.113525
1 0.089316 0.428255 0.042154 0.019366
2 0.148887 0.429141 0.064650 0.019700
3 0.326336 0.432405 0.269576 0.021498
3 0.284532 0.453037 0.358725 0.022824
3 0.278972 0.474209 0.348727 0.022675
3 0.278410 0.495455 0.348727 0.022675
3 0.251187 0.516304 0.295405 0.021882
0 0.267307 0.474035 0.409428 0.113525
1 0.096592 0.547137 0.062983 0.019676
2 0.176992 0.548332 0.085479 0.020010
3 0.341110 0.551398 0.222086 0.020792
3 0.276395 0.571690 0.348727 0.022675
3 0.280832 0.593010 0.358725 0.022824
3 0.275271 0.614181 0.348727 0.022675
3 0.274710 0.635427 0.348727 0.022675
3 0.279147 0.656747 0.358725 0.022824
3 0.273586 0.677919 0.348727 0.022675
3 0.114723 0.696811 0.032123 0.017967
0 0.263326 0.624631 0.411113 0.177262
1 0.081370 0.728821 0.042154 0.019366
2 0.145941 0.729781 0.074648 0.019849
3 0.257152 0.732060 0.127104 0.019380
0 0.260485 0.732110 0.407181 0.028542
1 0.090876 0.763344 0.062983 0.019676
2 0.163362 0.764422 0.069649 0.019775
3 0.327480 0.767488 0.237916 0.021027
3 0.270679 0.787897 0.348727 0.022675
3 0.270117 0.809143 0.348727 0.022675
3 0.269556 0.830389 0.348727 0.022675
3 0.268994 0.851635 0.348727 0.022675
3 0.236772 0.872410 0.285407 0.021734
0 0.258172 0.819593 0.409990 0.134771
1 0.575556 0.085417 0.062983 0.019676
2 0.650124 0.086526 0.073814 0.019837
3 0.816325 0.089622 0.237916 0.021027
3 0.649546 0.108396 0.137102 0.019528
0 0.743975 0.099173 0.407743 0.049787
1 0.584682 0.134312 0.083813 0.019985
2 0.670082 0.135582 0.074648 0.019849
0 0.742968 0.137291 0.407181 0.028542
1 0.563126 0.161497 0.042154 0.019366
2 0.611866 0.162222 0.042987 0.019378
3 0.778484 0.165324 0.269576 0.021498
0 0.742241 0.164786 0.407181 0.028542
1 0.583195 0.190551 0.083813 0.019985
2 0.655264 0.191623 0.047986 0.019453
3 0.808551 0.194527 0.237916 0.021027
3 0.681348 0.213890 0.206255 0.020557
0 0.741200 0.204153 0.407743 0.049787
1 0.571376 0.243511 0.062983 0.019676
2 0.634697 0.244452 0.051319 0.019502
3 0.805481 0.247617 0.269576 0.021498
3 0.584962 0.265592 0.016293 0.017732
0 0.739796 0.257267 0.407743 0.049787
1 0.580519 0.291781 0.083813 0.019985
2 0.660503 0.292971 0.063816 0.019688
3 0.813790 0.295875 0.222086 0.020792
3 0.623266 0.314296 0.095444 0.018909
0 0.738524 0.305383 0.407743 0.049787
1 0.579231 0.340522 0.083813 0.019985
2 0.661714 0.341748 0.068815 0.019762
3 0.814585 0.344646 0.216253 0.020705
3 0.637808 0.363272 0.127104 0.019380
0 0.737236 0.354123 0.407743 0.049787
1 0.557113 0.388952 0.042154 0.019366
2 0.620434 0.389894 0.072148 0.019812
3 0.801632 0.393213 0.269576 0.021498
3 0.684010 0.412719 0.222086 0.020792
0 0.735947 0.402864 0.407743 0.049787
1 0.566057 0.444721 0.062983 0.019676
2 0.637710 0.445787 0.067982 0.019750
3 0.800995 0.448840 0.237916 0.021027
3 0.658794 0.467980 0.174595 0.020086
0 0.734477 0.458478 0.407743 0.049787
1 0.575217 0.492367 0.083813 0.019985
2 0.660200 0.493630 0.073814 0.019837
3 0.815569 0.496566 0.216253 0.020705
3 0.744605 0.516765 0.348727 0.022675
3 0.744043 0.538011 0.348727 0.022675
3 0.743482 0.559257 0.348727 0.022675
3 0.747919 0.580577 0.358725 0.022824
3 0.742358 0.601748 0.348727 0.022675
3 0.591410 0.620758 0.047953 0.018203
0 0.731817 0.559083 0.410551 0.156016
1 0.560507 0.654680 0.062983 0.019676
2 0.629243 0.655702 0.062150 0.019663
3 0.797527 0.658830 0.253746 0.021263
3 0.669074 0.678174 0.206255 0.020557
0 0.728926 0.668437 0.407743 0.049787
1 0.569551 0.706700 0.083813 0.019985
2 0.652034 0.707926 0.068815 0.019762
3 0.807821 0.710868 0.222086 0.020792
3 0.738939 0.731098 0.348727 0.022675
3 0.743376 0.752418 0.358725 0.022824
3 0.737816 0.773589 0.348727 0.022675
3 0.737254 0.794835 0.348727 0.022675
3 0.741691 0.816155 0.358725 0.022824
3 0.725300 0.837166 0.327065 0.022353
0 0.726151 0.773416 0.410551 0.156016
1 0.554891 0.867138 0.062983 0.019676
2 0.630292 0.868259 0.075481 0.019861
0 0.723591 0.870272 0.407181 0.028542
