3 0.504105 0.031292 0.991790 0.035065
0 0.115807 0.080470 0.083661 0.019587
1 0.201216 0.081329 0.074496 0.019495
2 0.359940 0.083553 0.221960 0.019730
2 0.285400 0.104054 0.348615 0.021005
2 0.290019 0.125352 0.358614 0.021106
2 0.284639 0.146550 0.348615 0.021005
2 0.125940 0.166204 0.031977 0.017817
0 0.092951 0.193375 0.041998 0.019168
1 0.156279 0.194012 0.071996 0.019470
2 0.334585 0.196432 0.263623 0.020149
2 0.283376 0.217169 0.348615 0.021005
2 0.282995 0.238417 0.348615 0.021005
2 0.282615 0.259665 0.348615 0.021005
2 0.282235 0.280913 0.348615 0.021005
2 0.171031 0.301045 0.126968 0.018774
0 0.100850 0.334092 0.062830 0.019377
1 0.169594 0.334784 0.061997 0.019369
2 0.337901 0.337103 0.253624 0.020049
2 0.177951 0.356745 0.142800 0.018933
0 0.089539 0.383982 0.041998 0.019168
1 0.151617 0.384607 0.069496 0.019445
2 0.331590 0.387044 0.269456 0.020208
2 0.284964 0.407827 0.358614 0.021106
2 0.284583 0.429075 0.358614 0.021106
2 0.279203 0.450273 0.348615 0.021005
2 0.260075 0.471332 0.311119 0.020628
0 0.097807 0.504077 0.062830 0.019377
1 0.153636 0.504639 0.036166 0.019109
2 0.316943 0.506908 0.269456 0.020208
2 0.166993 0.526650 0.126968 0.018774
0 0.107362 0.552302 0.083661 0.019587
1 0.194021 0.553175 0.076995 0.019520
0 0.106870 0.579800 0.083661 0.019587
1 0.193112 0.580668 0.076162 0.019512
2 0.352670 0.582899 0.221960 0.019730
2 0.276463 0.603384 0.348615 0.021005
2 0.276083 0.624632 0.348615 0.021005
2 0.244039 0.645561 0.285288 0.020367
0 0.105114 0.677916 0.083661 0.019587
1 0.194272 0.678813 0.081995 0.019570
0 0.083723 0.708953 0.041998 0.019168
1 0.132885 0.709448 0.043665 0.019185
2 0.268278 0.711436 0.206128 0.019571
0 0.103962 0.742285 0.083661 0.019587
1 0.186871 0.743120 0.069496 0.019445
2 0.343096 0.745318 0.221960 0.019730
2 0.273555 0.765869 0.348615 0.021005
2 0.273174 0.787117 0.348615 0.021005
2 0.138223 0.807011 0.079473 0.018295
0 0.091935 0.832172 0.062830 0.019377
1 0.174844 0.833007 0.090327 0.019654
2 0.341485 0.835309 0.221960 0.019730
2 0.276944 0.855912 0.358614 0.021106
2 0.271564 0.877109 0.348615 0.021005
2 0.276183 0.898408 0.358614 0.021106
2 0.175812 0.918649 0.158632 0.019092
0 0.582432 0.085167 0.083661 0.019587
1 0.665757 0.086006 0.070329 0.019453
2 0.790735 0.087890 0.158632 0.019092
0 0.571535 0.111935 0.062830 0.019377
1 0.635696 0.112581 0.052831 0.019277
2 0.799420 0.114855 0.253624 0.020049
2 0.751544 0.135624 0.348615 0.021005
2 0.751163 0.156873 0.348615 0.021005
2 0.750783 0.178121 0.348615 0.021005
2 0.750403 0.199369 0.348615 0.021005
2 0.750023 0.220617 0.348615 0.021005
2 0.599239 0.240351 0.047809 0.017977
0 0.558300 0.269316 0.041998 0.019168
1 0.621628 0.269954 0.071996 0.019470
2 0.802851 0.272403 0.269456 0.020208
0 0.557752 0.299938 0.041998 0.019168
1 0.620663 0.300572 0.071163 0.019461
2 0.801469 0.303017 0.269456 0.020208
2 0.581942 0.322059 0.016145 0.017658
0 0.567150 0.356913 0.062830 0.019377
1 0.646726 0.357714 0.083661 0.019587
2 0.810034 0.359983 0.221960 0.019730
2 0.580924 0.378929 0.016145 0.017658
0 0.576582 0.412013 0.083661 0.019587
1 0.670740 0.412961 0.091994 0.019671
2 0.806550 0.414953 0.158632 0.019092
0 0.555180 0.443675 0.041998 0.019168
1 0.627256 0.444401 0.089494 0.019646
2 0.801396 0.446779 0.237792 0.019889
2 0.745604 0.467470 0.348615 0.021005
2 0.750224 0.488768 0.358614 0.021106
2 0.749843 0.510016 0.358614 0.021106
2 0.744463 0.531214 0.348615 0.021005
2 0.744083 0.552462 0.348615 0.021005
2 0.609132 0.572355 0.079473 0.018295
0 0.573226 0.599496 0.083661 0.019587
1 0.652802 0.600297 0.062830 0.019377
2 0.805694 0.602462 0.221960 0.019730
2 0.747819 0.623131 0.358614 0.021106
2 0.742439 0.644329 0.348615 0.021005
2 0.742059 0.665577 0.348615 0.021005
2 0.741678 0.686825 0.348615 0.021005
2 0.741298 0.708073 0.348615 0.021005
2 0.740918 0.729321 0.348615 0.021005
2 0.745537 0.750619 0.358614 0.021106
2 0.573922 0.770143 0.016145 0.017658
0 0.559209 0.800623 0.062830 0.019377
1 0.641284 0.801449 0.088661 0.019638
0 0.558705 0.828746 0.062830 0.019377
1 0.627866 0.829442 0.062830 0.019377
2 0.749094 0.831287 0.158632 0.019092
0 0.558202 0.856868 0.062830 0.019377
1 0.633612 0.857627 0.075329 0.019503
0 0.547260 0.886136 0.041998 0.019168
1 0.614338 0.886811 0.079495 0.019545
2 0.791394 0.889218 0.253624 0.020049
2 0.616029 0.908705 0.105304 0.018555
