1 0.098520 0.078349 0.042152 0.019363
2 0.155176 0.079188 0.058815 0.019610
3 0.329709 0.082397 0.269575 0.021482
0 0.277635 0.081626 0.407180 0.028517
1 0.108096 0.110372 0.062981 0.019672
2 0.188497 0.111562 0.085477 0.020005
3 0.357614 0.114692 0.232082 0.020927
3 0.161259 0.133038 0.095442 0.018903
0 0.276517 0.124118 0.407739 0.049762
1 0.117096 0.164265 0.083811 0.019980
2 0.210827 0.165653 0.091309 0.020091
0 0.275382 0.167235 0.407180 0.028517
1 0.105826 0.196605 0.062981 0.019672
2 0.175395 0.197635 0.063815 0.019684
3 0.344513 0.200765 0.253745 0.021247
3 0.285631 0.221147 0.348726 0.022654
3 0.290071 0.242467 0.358724 0.022802
3 0.284513 0.263639 0.348726 0.022654
3 0.288952 0.284958 0.358724 0.022802
3 0.201327 0.304915 0.184591 0.020223
0 0.273128 0.252843 0.409976 0.134746
1 0.112753 0.329233 0.083811 0.019980
2 0.196486 0.330473 0.071313 0.019795
3 0.353523 0.333424 0.222084 0.020778
0 0.271039 0.332202 0.407180 0.028517
1 0.101631 0.355949 0.062981 0.019672
2 0.158703 0.356794 0.038819 0.019314
3 0.323238 0.359856 0.269575 0.021482
3 0.154794 0.378615 0.095442 0.018903
0 0.270052 0.369695 0.407739 0.049762
1 0.110729 0.406093 0.083811 0.019980
2 0.184048 0.407179 0.050484 0.019487
3 0.338585 0.410093 0.237914 0.021013
3 0.121818 0.428137 0.032121 0.017965
0 0.268736 0.419685 0.407739 0.049762
1 0.088551 0.457025 0.042152 0.019363
2 0.143540 0.457839 0.055483 0.019561
3 0.237256 0.459852 0.111272 0.019138
0 0.267666 0.460302 0.407180 0.028517
1 0.098192 0.486548 0.062981 0.019672
2 0.165679 0.487548 0.059649 0.019622
3 0.332714 0.490646 0.253745 0.021247
3 0.280081 0.511121 0.352892 0.022716
3 0.277439 0.532336 0.348726 0.022654
3 0.276880 0.553582 0.348726 0.022654
3 0.236745 0.574242 0.269575 0.021482
0 0.265774 0.532163 0.409417 0.113500
1 0.105580 0.601680 0.083811 0.019980
2 0.170151 0.602636 0.032987 0.019228
3 0.323854 0.605538 0.253745 0.021247
3 0.156244 0.624310 0.111272 0.019138
0 0.263587 0.615272 0.407739 0.049762
1 0.093767 0.654641 0.062981 0.019672
2 0.167919 0.655739 0.072979 0.019820
3 0.333704 0.658819 0.237914 0.021013
3 0.154846 0.677424 0.111272 0.019138
0 0.262188 0.668387 0.407739 0.049762
1 0.098283 0.704717 0.074646 0.019844
2 0.183683 0.705982 0.083811 0.019980
3 0.346968 0.709025 0.222084 0.020778
3 0.224766 0.728470 0.253745 0.021247
0 0.260872 0.718377 0.407739 0.049762
1 0.080605 0.758841 0.042152 0.019363
2 0.131429 0.759594 0.047151 0.019437
3 0.308045 0.762834 0.285405 0.021716
3 0.152099 0.781779 0.111272 0.019138
0 0.259441 0.772742 0.407739 0.049762
1 0.089572 0.813985 0.062981 0.019672
2 0.169973 0.815175 0.085477 0.020005
3 0.334092 0.818231 0.222084 0.020778
3 0.269378 0.838526 0.348726 0.022654
3 0.102601 0.857311 0.016291 0.017731
0 0.257714 0.838354 0.408298 0.071008
1 0.098128 0.884750 0.083811 0.019980
2 0.171447 0.885836 0.050484 0.019487
3 0.286408 0.888163 0.158763 0.019841
0 0.256414 0.887719 0.407180 0.028517
1 0.575510 0.085412 0.062981 0.019672
2 0.644247 0.086430 0.062148 0.019659
3 0.814614 0.089578 0.257910 0.021309
3 0.652420 0.108430 0.142933 0.019606
0 0.743931 0.099158 0.407739 0.049762
1 0.563697 0.138373 0.042152 0.019363
2 0.634934 0.139428 0.087976 0.020042
3 0.816132 0.142736 0.253745 0.021247
3 0.603530 0.160842 0.047951 0.018200
0 0.742533 0.152273 0.407739 0.049762
1 0.562200 0.195237 0.042152 0.019363
2 0.611358 0.195964 0.043818 0.019388
3 0.786307 0.199180 0.285405 0.021716
3 0.665354 0.218643 0.174593 0.020075
0 0.741036 0.209137 0.407739 0.049762
1 0.581664 0.247410 0.083811 0.019980
2 0.652900 0.248465 0.046318 0.019425
3 0.813269 0.251465 0.253745 0.021247
3 0.600668 0.269571 0.047951 0.018200
0 0.739671 0.261002 0.407739 0.049762
1 0.580217 0.302399 0.083811 0.019980
2 0.671032 0.303744 0.085477 0.020005
3 0.824319 0.306639 0.200422 0.020458
3 0.615051 0.324794 0.079612 0.018669
0 0.738223 0.315991 0.407739 0.049762
1 0.557940 0.357080 0.042152 0.019363
2 0.606680 0.357802 0.042985 0.019376
3 0.781213 0.361011 0.285405 0.021716
3 0.748160 0.381776 0.348726 0.022654
3 0.747601 0.403022 0.348726 0.022654
3 0.747041 0.424268 0.348726 0.022654
3 0.683161 0.444576 0.222084 0.020778
0 0.735936 0.402849 0.409417 0.113500
1 0.565393 0.469712 0.062981 0.019672
2 0.637046 0.470773 0.067980 0.019746
3 0.744925 0.472996 0.127103 0.019372
0 0.734094 0.472836 0.407180 0.028517
1 0.564554 0.501581 0.062981 0.019672
2 0.625376 0.502482 0.046318 0.019425
0 0.733255 0.504704 0.407180 0.028517
1 0.553366 0.530796 0.042152 0.019363
2 0.610022 0.531635 0.058815 0.019610
3 0.784555 0.534845 0.269575 0.021482
3 0.601115 0.553382 0.063782 0.018434
0 0.732202 0.544697 0.407739 0.049762
1 0.552083 0.579537 0.042152 0.019363
2 0.599574 0.580240 0.040486 0.019339
3 0.772857 0.583431 0.285405 0.021716
0 0.731199 0.582814 0.407180 0.028517
1 0.572172 0.607965 0.083811 0.019980
2 0.639659 0.608964 0.038819 0.019314
3 0.796279 0.611908 0.253745 0.021247
3 0.741563 0.632352 0.348726 0.022654
3 0.741004 0.653598 0.348726 0.022654
3 0.740445 0.674844 0.348726 0.022654
3 0.744884 0.696164 0.358724 0.022802
3 0.581024 0.714991 0.032121 0.017965
0 0.729060 0.664048 0.409976 0.134746
1 0.568619 0.742938 0.083811 0.019980
2 0.638605 0.743975 0.043818 0.019388
3 0.797725 0.746956 0.253745 0.021247
3 0.738010 0.767326 0.348726 0.022654
3 0.737451 0.788572 0.348726 0.022654
3 0.741890 0.809892 0.358724 0.022802
3 0.736332 0.831064 0.348726 0.022654
3 0.735773 0.852309 0.348726 0.022654
3 0.735213 0.873555 0.348726 0.022654
3 0.584267 0.892574 0.047951 0.018200
0 0.724947 0.820268 0.411095 0.177238
