1 0.104128 0.081709 0.065220 0.019184
2 0.169958 0.082150 0.053554 0.019106
0 0.271613 0.083455 0.406918 0.025221
1 0.092052 0.116005 0.041888 0.019028
2 0.150383 0.116395 0.061887 0.019162
3 0.263288 0.117776 0.142703 0.018453
0 0.271204 0.117829 0.406918 0.025221
1 0.112468 0.151143 0.083553 0.019307
2 0.196215 0.151703 0.071054 0.019223
3 0.353285 0.153379 0.221866 0.018983
3 0.115958 0.173042 0.016041 0.017605
0 0.270662 0.163452 0.407171 0.046470
1 0.091011 0.203501 0.041888 0.019028
2 0.160175 0.203964 0.083553 0.019307
3 0.339327 0.205788 0.253531 0.019195
3 0.281577 0.226652 0.348528 0.019830
3 0.281324 0.247902 0.348528 0.019830
3 0.281071 0.269151 0.348528 0.019830
3 0.280818 0.290400 0.348528 0.019830
3 0.214318 0.311206 0.216033 0.018944
0 0.269531 0.258448 0.408182 0.131466
1 0.099777 0.342315 0.062721 0.019168
2 0.178940 0.342845 0.082720 0.019301
0 0.268513 0.344070 0.406918 0.025221
1 0.109821 0.373634 0.083553 0.019307
2 0.203568 0.374261 0.091053 0.019357
3 0.362720 0.375951 0.206033 0.018877
3 0.113311 0.395533 0.016041 0.017605
0 0.268014 0.385943 0.407171 0.046470
1 0.098832 0.421687 0.062721 0.019168
2 0.173829 0.422189 0.074387 0.019246
3 0.340482 0.423929 0.237699 0.019089
3 0.136487 0.443815 0.063539 0.017923
0 0.267442 0.434066 0.407171 0.046470
1 0.104011 0.476724 0.074387 0.019246
2 0.191924 0.477312 0.088553 0.019340
3 0.349827 0.478994 0.206033 0.018877
3 0.278327 0.499766 0.348528 0.019830
3 0.278074 0.521016 0.348528 0.019830
3 0.277822 0.542265 0.348528 0.019830
3 0.277569 0.563514 0.348528 0.019830
3 0.277316 0.584763 0.348528 0.019830
3 0.171234 0.605304 0.136869 0.018414
0 0.266155 0.542187 0.408435 0.152716
1 0.106750 0.631748 0.083553 0.019307
2 0.180081 0.632239 0.050221 0.019084
3 0.336734 0.633913 0.241865 0.019117
3 0.276483 0.654760 0.348528 0.019830
3 0.276230 0.676009 0.348528 0.019830
3 0.275978 0.697259 0.348528 0.019830
3 0.117398 0.717448 0.031874 0.017711
0 0.264564 0.675931 0.407929 0.110217
1 0.105360 0.748619 0.083553 0.019307
2 0.188273 0.749174 0.069387 0.019212
3 0.304928 0.750579 0.142703 0.018453
0 0.263679 0.750303 0.406918 0.025221
1 0.094527 0.783548 0.062721 0.019168
2 0.167857 0.784039 0.071054 0.019223
0 0.263263 0.785302 0.406918 0.025221
1 0.094155 0.814796 0.062721 0.019168
2 0.172069 0.815318 0.080220 0.019285
3 0.325805 0.816972 0.206033 0.018877
0 0.262891 0.816551 0.406918 0.025221
1 0.093761 0.847920 0.062721 0.019168
2 0.160008 0.848364 0.056887 0.019128
3 0.325828 0.850098 0.253531 0.019195
3 0.265994 0.870949 0.332695 0.019725
0 0.262371 0.860299 0.407171 0.046470
1 0.559109 0.084754 0.041888 0.019028
2 0.629940 0.085228 0.086886 0.019329
3 0.784093 0.086885 0.200200 0.018838
0 0.738261 0.086578 0.406918 0.025221
1 0.569102 0.120447 0.062721 0.019168
2 0.647015 0.120969 0.080220 0.019285
3 0.816585 0.122729 0.237699 0.019089
3 0.749251 0.143529 0.348528 0.019830
3 0.748998 0.164778 0.348528 0.019830
3 0.637916 0.185285 0.126870 0.018347
0 0.737458 0.154075 0.407677 0.088968
1 0.557615 0.210374 0.041888 0.019028
2 0.613029 0.210745 0.056054 0.019123
3 0.794265 0.212583 0.285197 0.019407
3 0.597770 0.232519 0.047706 0.017817
0 0.736640 0.222823 0.407171 0.046470
1 0.567466 0.257942 0.062721 0.019168
2 0.646629 0.258472 0.082720 0.019301
0 0.736202 0.259696 0.406918 0.025221
1 0.556663 0.290371 0.041888 0.019028
2 0.611244 0.290736 0.054388 0.019112
3 0.744148 0.292251 0.190201 0.018771
0 0.735815 0.292195 0.406918 0.025221
1 0.562161 0.318534 0.053554 0.019106
2 0.621742 0.318933 0.052721 0.019101
0 0.735480 0.320319 0.406918 0.025221
1 0.566328 0.353563 0.062721 0.019168
2 0.655075 0.354157 0.101886 0.019430
3 0.819644 0.355883 0.206033 0.018877
3 0.746477 0.376645 0.348528 0.019830
3 0.746225 0.397894 0.348528 0.019830
3 0.745972 0.419143 0.348528 0.019830
3 0.745719 0.440392 0.348528 0.019830
3 0.745466 0.461641 0.348528 0.019830
0 0.734432 0.408440 0.408182 0.131466
1 0.575071 0.494252 0.083553 0.019307
2 0.669234 0.494882 0.091886 0.019363
3 0.822971 0.496536 0.194367 0.018799
3 0.744804 0.517264 0.348528 0.019830
3 0.744552 0.538513 0.348528 0.019830
3 0.744299 0.559762 0.348528 0.019830
3 0.693631 0.580674 0.247698 0.019156
0 0.732885 0.538435 0.407929 0.110217
1 0.552878 0.608483 0.041888 0.019028
2 0.618292 0.608921 0.076053 0.019257
3 0.793694 0.610720 0.253531 0.019195
3 0.743444 0.631634 0.348528 0.019830
3 0.624445 0.652089 0.111037 0.018241
0 0.731777 0.631556 0.407424 0.067719
1 0.562469 0.677925 0.062721 0.019168
2 0.641632 0.678455 0.082720 0.019301
3 0.812452 0.680223 0.237699 0.019089
3 0.615957 0.700159 0.095204 0.018135
0 0.731078 0.690304 0.407171 0.046470
1 0.572290 0.727993 0.083553 0.019307
2 0.654787 0.728545 0.068554 0.019207
3 0.771025 0.729948 0.142703 0.018453
0 0.730610 0.729677 0.406918 0.025221
1 0.571948 0.756742 0.083553 0.019307
2 0.661528 0.757341 0.082720 0.019301
0 0.730268 0.758426 0.406918 0.025221
1 0.550714 0.790351 0.041888 0.019028
2 0.619878 0.790814 0.083553 0.019307
3 0.799030 0.792638 0.253531 0.019195
3 0.741280 0.813502 0.348528 0.019830
3 0.746027 0.834785 0.358527 0.019897
3 0.590363 0.854994 0.047706 0.017817
0 0.729487 0.824049 0.407677 0.088968
1 0.549577 0.885972 0.041888 0.019028
2 0.607074 0.886357 0.060221 0.019151
3 0.782477 0.888156 0.269364 0.019301
3 0.573899 0.908011 0.016041 0.017605
0 0.728602 0.898421 0.407171 0.046470
