1 0.089020 0.080969 0.032772 0.019016
2 0.140267 0.081390 0.056937 0.019215
0 0.272750 0.083105 0.406971 0.025844
1 0.103553 0.112965 0.062770 0.019263
2 0.183965 0.113627 0.085269 0.019448
3 0.348113 0.115602 0.221909 0.019323
3 0.283639 0.136323 0.348568 0.020365
3 0.125005 0.156269 0.031921 0.017759
0 0.271973 0.136227 0.407593 0.068342
1 0.091995 0.191000 0.041938 0.019092
2 0.151158 0.191487 0.063604 0.019270
3 0.328221 0.193568 0.269406 0.019713
3 0.192502 0.213703 0.168579 0.018884
0 0.270986 0.203723 0.407282 0.047093
1 0.101597 0.246707 0.062770 0.019263
2 0.174510 0.247307 0.070270 0.019325
0 0.270328 0.248720 0.406971 0.025844
1 0.111492 0.282416 0.083603 0.019434
2 0.206070 0.283194 0.092769 0.019510
0 0.269807 0.284343 0.406971 0.025844
1 0.110971 0.318039 0.083603 0.019434
2 0.205965 0.318820 0.093602 0.019517
3 0.366363 0.320765 0.206077 0.019192
3 0.280641 0.341311 0.348568 0.020365
3 0.282413 0.362577 0.352735 0.020399
3 0.280019 0.383808 0.348568 0.020365
3 0.279709 0.405057 0.348568 0.020365
3 0.279398 0.426306 0.348568 0.020365
3 0.204925 0.446944 0.200244 0.019144
0 0.268353 0.383712 0.408836 0.153337
1 0.087753 0.480982 0.041938 0.019092
2 0.144417 0.481449 0.058604 0.019229
3 0.318980 0.483510 0.269406 0.019713
3 0.278255 0.504426 0.348568 0.020365
3 0.282944 0.525716 0.358568 0.020447
3 0.277634 0.546923 0.348568 0.020365
3 0.277323 0.568172 0.348568 0.020365
3 0.277012 0.589421 0.348568 0.020365
3 0.276701 0.610670 0.348568 0.020365
3 0.276391 0.631918 0.348568 0.020365
3 0.109840 0.651799 0.016088 0.017629
0 0.265657 0.568076 0.409458 0.195834
1 0.105642 0.682392 0.083603 0.019434
2 0.187720 0.683067 0.067770 0.019304
3 0.343119 0.684970 0.221909 0.019323
3 0.140737 0.704557 0.079418 0.018150
0 0.263801 0.694944 0.407282 0.047093
1 0.094431 0.736678 0.062770 0.019263
2 0.159843 0.737216 0.055271 0.019201
3 0.324824 0.739198 0.253574 0.019583
3 0.279516 0.760077 0.358568 0.020447
3 0.274206 0.781284 0.348568 0.020365
3 0.278895 0.802574 0.358568 0.020447
3 0.234003 0.823456 0.269406 0.019713
0 0.262540 0.781188 0.408214 0.110839
1 0.082278 0.855335 0.041938 0.019092
2 0.133941 0.855760 0.048605 0.019147
0 0.261425 0.857434 0.406971 0.025844
1 0.092292 0.882919 0.062770 0.019263
2 0.173120 0.883584 0.086102 0.019455
3 0.342684 0.885604 0.231909 0.019405
3 0.272378 0.906277 0.348568 0.020365
3 0.272067 0.927526 0.348568 0.020365
3 0.271756 0.948774 0.348568 0.020365
3 0.271445 0.970023 0.348568 0.020365
3 0.271134 0.991272 0.348568 0.020365
3 0.144165 1.000000 0.095250 0.018280
0 0.260090 0.948678 0.408836 0.153337
1 0.560242 0.084846 0.041938 0.019092
2 0.615655 0.085302 0.056104 0.019208
3 0.796885 0.087418 0.285239 0.019844
0 0.739389 0.086945 0.406971 0.025844
1 0.559840 0.112344 0.041938 0.019092
2 0.620253 0.112841 0.066104 0.019290
3 0.782734 0.114803 0.237742 0.019453
0 0.738987 0.114443 0.406971 0.025844
1 0.580197 0.145013 0.083603 0.019434
2 0.667275 0.145730 0.077770 0.019386
3 0.824756 0.147651 0.216076 0.019275
3 0.686537 0.167765 0.221909 0.019323
0 0.738356 0.157565 0.407282 0.047093
1 0.558633 0.194839 0.041938 0.019092
2 0.616130 0.195312 0.060271 0.019242
3 0.791527 0.197380 0.269406 0.019713
3 0.749135 0.218283 0.348568 0.020365
3 0.748824 0.239531 0.348568 0.020365
3 0.748514 0.260780 0.348568 0.020365
3 0.645292 0.281182 0.142747 0.018671
0 0.737158 0.239435 0.408214 0.110839
1 0.577756 0.311878 0.083603 0.019434
2 0.671500 0.312650 0.091102 0.019496
3 0.822732 0.314519 0.190245 0.019062
0 0.736071 0.313806 0.406971 0.025844
1 0.556439 0.344830 0.041938 0.019092
2 0.624352 0.345389 0.081103 0.019414
3 0.802249 0.347477 0.253574 0.019583
3 0.636115 0.367362 0.126915 0.018541
0 0.735431 0.357553 0.407282 0.047093
1 0.576467 0.399998 0.083603 0.019434
2 0.665628 0.400732 0.081936 0.019421
3 0.820193 0.402628 0.206077 0.019192
3 0.746137 0.423270 0.348568 0.020365
3 0.745826 0.444519 0.348568 0.020365
3 0.750515 0.465809 0.358568 0.020447
3 0.610629 0.485909 0.079418 0.018150
0 0.734160 0.444423 0.408214 0.110839
1 0.553990 0.512320 0.041938 0.019092
2 0.620236 0.512865 0.077770 0.019386
3 0.796466 0.514940 0.253574 0.019583
3 0.744492 0.535764 0.348568 0.020365
3 0.744181 0.557012 0.348568 0.020365
3 0.743870 0.578261 0.348568 0.020365
3 0.743559 0.599510 0.348568 0.020365
3 0.743248 0.620758 0.348568 0.020365
3 0.719189 0.641812 0.301071 0.019974
0 0.732204 0.578165 0.408836 0.153337
1 0.572546 0.668107 0.083603 0.019434
2 0.656707 0.668799 0.071937 0.019338
3 0.814189 0.670720 0.221909 0.019323
3 0.742216 0.691379 0.348568 0.020365
3 0.741905 0.712628 0.348568 0.020365
3 0.741594 0.733877 0.348568 0.020365
3 0.741283 0.755125 0.348568 0.020365
3 0.740972 0.776374 0.348568 0.020365
3 0.740662 0.797623 0.348568 0.020365
3 0.645357 0.818090 0.158580 0.018802
0 0.729773 0.744405 0.409147 0.174585
1 0.569849 0.852471 0.083603 0.019434
2 0.644428 0.853084 0.052771 0.019181
3 0.800243 0.854991 0.237742 0.019453
3 0.723687 0.875613 0.316904 0.020104
0 0.728008 0.865023 0.407282 0.047093
