0 0.26666666666666666 0.096875 0.4 0.04375
0 0.26666666666666666 0.205625 0.4 0.13875
0 0.26666666666666666 0.3025 0.4 0.02
0 0.26666666666666666 0.351875 0.4 0.04375
0 0.26666666666666666 0.425 0.4 0.0675
0 0.26666666666666666 0.521875 0.4 0.09125
0 0.26666666666666666 0.630625 0.4 0.09125
0 0.26666666666666666 0.7275 0.4 0.0675
0 0.26666666666666666 0.824375 0.4 0.09125
0 0.7333333333333333 0.085 0.4 0.02
0 0.7333333333333333 0.14625 0.4 0.0675
0 0.7333333333333333 0.243125 0.4 0.09125
0 0.7333333333333333 0.351875 0.4 0.09125
0 0.7333333333333333 0.484375 0.4 0.13875
0 0.7333333333333333 0.616875 0.4 0.09125
0 0.7333333333333333 0.71375 0.4 0.0675
0 0.7333333333333333 0.786875 0.4 0.04375
0 0.7333333333333333 0.9075 0.4 0.1625
