1 0.080773 0.088179 0.041968 0.019130
2 0.135769 0.087676 0.055301 0.019252
3 0.316599 0.086647 0.285263 0.020105
3 0.121542 0.109682 0.047781 0.017933
0 0.260109 0.097789 0.407348 0.047466
1 0.091992 0.137455 0.062800 0.019320
2 0.167819 0.136761 0.076133 0.019442
3 0.335317 0.135854 0.237767 0.019671
3 0.225254 0.158112 0.253599 0.019816
0 0.260912 0.147160 0.407348 0.047466
1 0.103190 0.185481 0.083632 0.019511
2 0.178184 0.184795 0.053634 0.019236
3 0.334433 0.183991 0.237767 0.019671
3 0.186456 0.206596 0.174438 0.019092
0 0.261694 0.195282 0.407348 0.047466
1 0.104094 0.241102 0.083632 0.019511
2 0.192421 0.240294 0.080299 0.019480
3 0.351169 0.239467 0.216102 0.019473
3 0.187361 0.262217 0.174438 0.019092
0 0.262599 0.250903 0.407348 0.047466
1 0.084096 0.292538 0.041968 0.019130
2 0.137009 0.292054 0.051134 0.019214
3 0.312839 0.291071 0.279430 0.020052
3 0.275271 0.312666 0.348592 0.020685
3 0.275616 0.333915 0.348592 0.020685
3 0.280961 0.355118 0.358591 0.020776
3 0.252559 0.376629 0.301096 0.020250
0 0.263950 0.334022 0.408384 0.111211
1 0.106787 0.406714 0.083632 0.019511
2 0.188031 0.405971 0.066133 0.019351
3 0.279285 0.405762 0.095277 0.018368
0 0.265119 0.405891 0.407002 0.026218
1 0.107285 0.437337 0.083632 0.019511
2 0.192279 0.436560 0.073633 0.019419
3 0.350611 0.435737 0.221935 0.019526
3 0.261796 0.457800 0.316928 0.020395
0 0.265790 0.447138 0.407348 0.047466
1 0.097794 0.494303 0.062800 0.019320
2 0.176955 0.493579 0.082799 0.019503
3 0.331954 0.492786 0.206103 0.019381
0 0.266542 0.493385 0.407002 0.026218
1 0.104196 0.529247 0.074466 0.019427
2 0.186273 0.528496 0.076966 0.019450
3 0.346272 0.527658 0.221935 0.019526
3 0.284122 0.549478 0.358591 0.020776
3 0.216139 0.571351 0.221935 0.019526
0 0.267456 0.549631 0.407693 0.068715
1 0.099562 0.603045 0.062800 0.019320
2 0.176223 0.602344 0.077799 0.019457
0 0.268310 0.602127 0.407002 0.026218
1 0.100070 0.634293 0.062800 0.019320
2 0.161733 0.633729 0.047801 0.019183
3 0.327980 0.632833 0.263598 0.019907
3 0.138340 0.655819 0.063613 0.018078
0 0.268991 0.643999 0.407348 0.047466
1 0.111289 0.683569 0.083632 0.019511
2 0.184617 0.682898 0.050301 0.019206
3 0.339199 0.682109 0.237767 0.019671
3 0.281632 0.703887 0.348592 0.020685
3 0.286977 0.725090 0.358591 0.020776
3 0.282323 0.746384 0.348592 0.020685
3 0.282669 0.767633 0.348592 0.020685
3 0.180105 0.789822 0.142774 0.018802
0 0.270485 0.735867 0.408730 0.132460
1 0.092703 0.821874 0.041968 0.019130
2 0.151449 0.821337 0.062800 0.019320
3 0.328113 0.820346 0.269431 0.019960
3 0.283878 0.842002 0.348592 0.020685
3 0.284224 0.863250 0.348592 0.020685
3 0.284569 0.884499 0.348592 0.020685
3 0.284915 0.905747 0.348592 0.020685
3 0.285260 0.926996 0.348592 0.020685
3 0.214361 0.948896 0.206103 0.019381
0 0.272903 0.884606 0.409075 0.153708
1 0.568237 0.083720 0.083632 0.019511
2 0.645314 0.083015 0.057801 0.019274
0 0.726568 0.082897 0.407002 0.026218
1 0.558349 0.116313 0.062800 0.019320
2 0.633760 0.115623 0.075299 0.019435
3 0.800841 0.114720 0.237767 0.019671
0 0.727097 0.115394 0.407002 0.026218
1 0.558898 0.150060 0.062800 0.019320
2 0.631809 0.149393 0.070300 0.019389
3 0.796390 0.148513 0.237767 0.019671
3 0.739657 0.170284 0.348592 0.020685
3 0.740002 0.191532 0.348592 0.020685
3 0.740348 0.212780 0.348592 0.020685
3 0.740693 0.234029 0.348592 0.020685
3 0.741039 0.255277 0.348592 0.020685
3 0.741384 0.276526 0.348592 0.020685
3 0.694233 0.298209 0.253599 0.019816
0 0.728855 0.223511 0.409421 0.174957
1 0.551338 0.325768 0.041968 0.019130
2 0.618833 0.325150 0.080299 0.019480
3 0.780497 0.324297 0.221935 0.019526
0 0.730501 0.324754 0.407002 0.026218
1 0.551917 0.361390 0.041968 0.019130
2 0.617329 0.360792 0.076133 0.019442
0 0.731080 0.360376 0.407002 0.026218
1 0.562790 0.389418 0.062800 0.019320
2 0.641118 0.388701 0.081132 0.019488
3 0.811115 0.387771 0.237767 0.019671
3 0.743549 0.409641 0.348592 0.020685
3 0.748894 0.430843 0.358591 0.020776
3 0.744240 0.452138 0.348592 0.020685
3 0.744585 0.473386 0.348592 0.020685
3 0.697435 0.495069 0.253599 0.019816
0 0.732401 0.441620 0.408730 0.132460
1 0.554600 0.526378 0.041968 0.019130
2 0.630011 0.525688 0.096131 0.019625
3 0.807508 0.524689 0.237767 0.019671
3 0.706194 0.546868 0.269431 0.019960
0 0.733936 0.535988 0.407348 0.047466
1 0.576214 0.574308 0.083632 0.019511
2 0.649958 0.573634 0.051134 0.019214
3 0.804957 0.572841 0.237767 0.019671
3 0.746557 0.594627 0.348592 0.020685
3 0.746902 0.615875 0.348592 0.020685
3 0.752248 0.637078 0.358591 0.020776
3 0.747593 0.658372 0.348592 0.020685
3 0.747939 0.679621 0.348592 0.020685
3 0.597879 0.702245 0.047781 0.017933
0 0.735582 0.637231 0.409075 0.153708
1 0.578785 0.732422 0.083632 0.019511
2 0.665445 0.731629 0.076966 0.019450
3 0.825443 0.730791 0.221935 0.019526
3 0.598722 0.754116 0.047781 0.017933
0 0.737289 0.742223 0.407348 0.047466
1 0.579710 0.789292 0.083632 0.019511
2 0.656787 0.788587 0.057801 0.019274
3 0.815119 0.787764 0.237767 0.019671
3 0.755052 0.809565 0.358591 0.020776
3 0.750398 0.830859 0.348592 0.020685
3 0.695331 0.852615 0.237767 0.019671
0 0.738560 0.820342 0.408039 0.089963
1 0.581295 0.886785 0.083632 0.019511
2 0.678371 0.885897 0.097798 0.019640
3 0.809205 0.885326 0.142774 0.018802
0 0.739627 0.885962 0.407002 0.026218
