0 0.099218 0.077975 0.042182 0.019402
1 0.164620 0.079005 0.076341 0.019939
0 0.098256 0.112343 0.042182 0.019402
1 0.161992 0.113346 0.073009 0.019887
0 0.107692 0.147499 0.063011 0.019729
1 0.181009 0.148653 0.071342 0.019861
0 0.096281 0.182952 0.042182 0.019402
1 0.156684 0.183903 0.066343 0.019782
2 0.311216 0.186960 0.222107 0.020984
0 0.095284 0.218569 0.042182 0.019402
1 0.154438 0.219500 0.063844 0.019742
2 0.331465 0.222912 0.269597 0.021732
2 0.198399 0.242072 0.174618 0.020237
0 0.093938 0.266684 0.042182 0.019402
1 0.167672 0.267844 0.093004 0.020201
2 0.343449 0.271236 0.237937 0.021233
2 0.284117 0.291557 0.348746 0.022978
2 0.283523 0.312802 0.348746 0.022978
2 0.282928 0.334048 0.348746 0.022978
2 0.282334 0.355293 0.348746 0.022978
2 0.178845 0.374919 0.142958 0.019739
0 0.100418 0.407442 0.063011 0.019729
1 0.173735 0.408596 0.071342 0.019861
2 0.343680 0.411896 0.247935 0.021391
2 0.280183 0.432151 0.348746 0.022978
2 0.279589 0.453396 0.348746 0.022978
2 0.278994 0.474642 0.348746 0.022978
2 0.278400 0.495887 0.348746 0.022978
2 0.261975 0.516883 0.317087 0.022479
0 0.086140 0.545372 0.042182 0.019402
1 0.148209 0.546349 0.069676 0.019834
2 0.264833 0.548810 0.142958 0.019739
0 0.106077 0.577568 0.083840 0.020057
1 0.188558 0.578866 0.068843 0.019821
2 0.344340 0.581944 0.222107 0.020984
2 0.172533 0.600494 0.142958 0.019739
0 0.094124 0.632392 0.063011 0.019729
1 0.161192 0.633448 0.058845 0.019664
2 0.280315 0.635948 0.158788 0.019988
0 0.103541 0.668173 0.083840 0.020057
1 0.179775 0.669373 0.056346 0.019624
2 0.337222 0.672476 0.237937 0.021233
2 0.272892 0.692719 0.348746 0.022978
2 0.272297 0.713964 0.348746 0.022978
2 0.271703 0.735209 0.348746 0.022978
2 0.271109 0.756455 0.348746 0.022978
2 0.270514 0.777700 0.348746 0.022978
2 0.269920 0.798945 0.348746 0.022978
2 0.190176 0.818945 0.190448 0.020486
0 0.098506 0.848134 0.083840 0.020057
1 0.167241 0.849216 0.041349 0.019388
2 0.277615 0.851578 0.158788 0.019988
0 0.097614 0.880002 0.083840 0.020057
1 0.185511 0.881385 0.079674 0.019992
2 0.338793 0.884423 0.206278 0.020735
2 0.266965 0.904547 0.348746 0.022978
2 0.266370 0.925792 0.348746 0.022978
2 0.265776 0.947038 0.348746 0.022978
2 0.262265 0.968237 0.342914 0.022886
0 0.561200 0.085247 0.033017 0.019257
1 0.610772 0.086027 0.053846 0.019585
2 0.790715 0.089484 0.285427 0.021981
2 0.755961 0.110192 0.348746 0.022978
2 0.755367 0.131437 0.348746 0.022978
2 0.759771 0.152761 0.358744 0.023135
2 0.754178 0.173928 0.348746 0.022978
2 0.603200 0.192806 0.047979 0.018244
0 0.582799 0.221867 0.083840 0.020057
1 0.677362 0.223355 0.093004 0.020201
2 0.837309 0.226498 0.206278 0.020735
2 0.757149 0.246491 0.358744 0.023135
2 0.751555 0.267657 0.348746 0.022978
2 0.750961 0.288903 0.348746 0.022978
2 0.750366 0.310148 0.348746 0.022978
2 0.749772 0.331393 0.348746 0.022978
2 0.643367 0.350973 0.137126 0.019647
0 0.568066 0.376044 0.063011 0.019729
1 0.630136 0.377021 0.048847 0.019506
2 0.799664 0.380314 0.269597 0.021732
2 0.747831 0.400753 0.348746 0.022978
2 0.747237 0.421998 0.348746 0.022978
2 0.746642 0.443244 0.348746 0.022978
2 0.751046 0.464568 0.358744 0.023135
2 0.745453 0.485734 0.348746 0.022978
2 0.578645 0.504364 0.016319 0.017745
0 0.563590 0.536009 0.063011 0.019729
1 0.638157 0.537182 0.073842 0.019900
2 0.801437 0.540377 0.232105 0.021142
2 0.608801 0.558600 0.079639 0.018742
0 0.551742 0.587083 0.042182 0.019402
1 0.622143 0.588191 0.086339 0.020097
2 0.802502 0.591655 0.253767 0.021483
2 0.744004 0.611989 0.352912 0.023043
2 0.606773 0.631084 0.079639 0.018742
0 0.570507 0.661145 0.083840 0.020057
1 0.650490 0.662404 0.063844 0.019742
2 0.803772 0.665442 0.222107 0.020984
2 0.739858 0.685690 0.348746 0.022978
2 0.739264 0.706936 0.348746 0.022978
2 0.738669 0.728181 0.348746 0.022978
2 0.743073 0.749505 0.358744 0.023135
2 0.737480 0.770672 0.348746 0.022978
2 0.626077 0.790173 0.127128 0.019489
0 0.545308 0.817033 0.042182 0.019402
1 0.601962 0.817924 0.058845 0.019664
2 0.776489 0.821297 0.269597 0.021732
2 0.608848 0.839913 0.095469 0.018991
0 0.554201 0.871560 0.063011 0.019729
1 0.618770 0.872576 0.053846 0.019585
2 0.782883 0.875784 0.253767 0.021483
2 0.733966 0.896269 0.348746 0.022978
2 0.733371 0.917514 0.348746 0.022978
2 0.732777 0.938760 0.348746 0.022978
2 0.732182 0.960005 0.348746 0.022978
