3 0.499577 0.039375 0.999153 0.026062
0 0.107549 0.084791 0.083369 0.018839
1 0.177132 0.084718 0.042535 0.018795
2 0.335883 0.085174 0.253366 0.017769
2 0.277590 0.106486 0.348366 0.017870
2 0.277630 0.127736 0.348366 0.017870
2 0.277670 0.148986 0.348366 0.017870
2 0.282710 0.170231 0.358366 0.017881
2 0.277750 0.191486 0.348366 0.017870
2 0.156124 0.212865 0.105033 0.017612
0 0.087015 0.243563 0.041702 0.018794
1 0.146599 0.243500 0.064202 0.018818
0 0.107909 0.275416 0.083369 0.018839
1 0.186242 0.275333 0.060035 0.018814
0 0.097546 0.304177 0.062535 0.018816
1 0.164213 0.304107 0.057535 0.018811
0 0.087184 0.332938 0.041702 0.018794
1 0.143851 0.332878 0.058369 0.018812
0 0.097660 0.364177 0.062535 0.018816
1 0.172660 0.364098 0.074202 0.018829
2 0.339327 0.364546 0.237533 0.017752
2 0.135618 0.386012 0.063366 0.017567
0 0.108173 0.415416 0.083369 0.018839
1 0.189840 0.415329 0.066702 0.018821
2 0.344841 0.415790 0.221699 0.017735
2 0.278214 0.437111 0.348366 0.017870
2 0.283254 0.458355 0.358366 0.017881
2 0.214961 0.479678 0.221699 0.017735
0 0.097934 0.509177 0.062535 0.018816
1 0.160434 0.509111 0.049202 0.018802
2 0.330435 0.509555 0.269199 0.017786
2 0.278391 0.530860 0.348366 0.017870
2 0.278432 0.552110 0.348366 0.017870
2 0.278472 0.573360 0.348366 0.017870
2 0.223095 0.594669 0.237533 0.017752
0 0.098146 0.621677 0.062535 0.018816
1 0.153979 0.621618 0.035869 0.018788
2 0.309397 0.622078 0.253366 0.017769
0 0.087788 0.652938 0.041702 0.018794
1 0.154872 0.652867 0.079202 0.018834
2 0.331956 0.653304 0.253366 0.017769
2 0.128246 0.674770 0.047533 0.017550
0 0.087896 0.709813 0.041702 0.018794
1 0.153729 0.709743 0.076702 0.018831
0 0.087957 0.742313 0.041702 0.018794
1 0.158790 0.742238 0.086702 0.018842
0 0.108847 0.772291 0.083369 0.018839
1 0.178847 0.772216 0.043369 0.018796
2 0.338015 0.772672 0.253366 0.017769
2 0.173055 0.794098 0.136700 0.017645
0 0.088112 0.824188 0.041702 0.018794
1 0.146862 0.824125 0.062535 0.018816
0 0.098591 0.857302 0.062535 0.018816
1 0.161091 0.857235 0.049202 0.018802
2 0.328175 0.857683 0.263366 0.017780
2 0.279049 0.878985 0.348366 0.017870
2 0.279089 0.900235 0.348366 0.017870
2 0.279129 0.921485 0.348366 0.017870
2 0.284169 0.942730 0.358366 0.017881
2 0.279209 0.963985 0.348366 0.017870
2 0.279250 0.985235 0.348366 0.017870
2 0.247623 0.998809 0.285033 0.002383
0 0.553382 0.084318 0.041702 0.018794
1 0.601298 0.084267 0.040869 0.018793
0 0.563850 0.111807 0.062535 0.018816
1 0.640517 0.111725 0.077535 0.018832
2 0.761351 0.112222 0.142533 0.017651
0 0.553490 0.141818 0.041702 0.018794
1 0.622240 0.141745 0.082535 0.018838
0 0.563965 0.172432 0.062535 0.018816
1 0.634798 0.172356 0.065869 0.018820
2 0.805216 0.172800 0.253366 0.017769
2 0.665256 0.194199 0.190033 0.017702
0 0.564064 0.224932 0.062535 0.018816
1 0.652814 0.224837 0.101702 0.018858
2 0.817398 0.225288 0.205866 0.017719
2 0.602022 0.246766 0.063366 0.017567
0 0.564161 0.276182 0.062535 0.018816
1 0.630827 0.276111 0.057535 0.018811
2 0.797078 0.276559 0.253366 0.017769
2 0.602119 0.298016 0.063366 0.017567
0 0.564255 0.326182 0.062535 0.018816
1 0.635088 0.326106 0.065869 0.018820
2 0.789673 0.326567 0.221699 0.017735
0 0.574739 0.361795 0.083369 0.018839
1 0.675156 0.361689 0.104202 0.018861
2 0.833073 0.362146 0.190033 0.017702
2 0.586447 0.383658 0.031700 0.017534
0 0.574832 0.411170 0.083369 0.018839
1 0.645249 0.411096 0.044202 0.018797
0 0.554059 0.443068 0.041702 0.018794
1 0.605309 0.443013 0.047535 0.018800
2 0.734894 0.443500 0.190033 0.017702
0 0.554109 0.469317 0.041702 0.018794
1 0.616609 0.469251 0.070035 0.018824
0 0.564583 0.499931 0.062535 0.018816
1 0.620000 0.499873 0.035035 0.018787
2 0.790834 0.500316 0.285033 0.017803
2 0.745041 0.521615 0.348366 0.017870
2 0.745081 0.542865 0.348366 0.017870
2 0.745121 0.564115 0.348366 0.017870
2 0.634328 0.585482 0.126700 0.017635
0 0.564799 0.614306 0.062535 0.018816
1 0.625633 0.614242 0.045869 0.018799
2 0.793967 0.614688 0.269199 0.017786
2 0.745257 0.635990 0.348366 0.017870
2 0.745297 0.657240 0.348366 0.017870
2 0.745337 0.678490 0.348366 0.017870
2 0.750377 0.699734 0.358366 0.017881
2 0.658334 0.721082 0.174200 0.017685
0 0.575474 0.751170 0.083369 0.018839
1 0.651724 0.751089 0.055869 0.018809
2 0.809225 0.751547 0.237533 0.017752
2 0.750516 0.772859 0.358366 0.017881
2 0.745556 0.794114 0.348366 0.017870
2 0.745596 0.815364 0.348366 0.017870
2 0.745636 0.836614 0.348366 0.017870
2 0.745676 0.857864 0.348366 0.017870
0 0.554903 0.889942 0.041702 0.018794
1 0.625736 0.889867 0.086702 0.018842
2 0.806571 0.890300 0.253366 0.017769
2 0.579528 0.911791 0.015866 0.017517
