1 0.180000 0.085938 0.125000 0.021875
0 0.266667 0.104688 0.400000 0.059375
1 0.153333 0.153438 0.071667 0.021875
0 0.266667 0.153438 0.400000 0.021875
1 0.193750 0.187812 0.059167 0.021875
0 0.266667 0.197187 0.400000 0.040625
1 0.180417 0.237813 0.125833 0.021875
0 0.266667 0.247188 0.400000 0.040625
1 0.191250 0.288438 0.147500 0.021875
0 0.266667 0.325937 0.400000 0.096875
1 0.193750 0.391562 0.105833 0.021875
0 0.266667 0.419687 0.400000 0.078125
1 0.170417 0.480312 0.105833 0.021875
0 0.266667 0.480312 0.400000 0.021875
1 0.196250 0.509062 0.157500 0.021875
0 0.266667 0.509062 0.400000 0.021875
1 0.167083 0.542813 0.052500 0.021875
0 0.266667 0.552188 0.400000 0.040625
1 0.177500 0.593437 0.073333 0.021875
0 0.266667 0.593437 0.400000 0.021875
1 0.153750 0.621563 0.072500 0.021875
0 0.266667 0.668438 0.400000 0.115625
1 0.223333 0.744687 0.118333 0.021875
0 0.266667 0.763437 0.400000 0.059375
1 0.180833 0.815937 0.080000 0.021875
0 0.266667 0.815937 0.400000 0.021875
1 0.180000 0.845313 0.125000 0.021875
0 0.266667 0.854688 0.400000 0.040625
1 0.223333 0.898438 0.118333 0.021875
0 0.266667 0.898438 0.400000 0.021875
1 0.645417 0.085938 0.075833 0.021875
0 0.733333 0.095312 0.400000 0.040625
1 0.685417 0.138437 0.109167 0.021875
0 0.733333 0.147813 0.400000 0.040625
1 0.667083 0.189062 0.072500 0.021875
0 0.733333 0.235937 0.400000 0.115625
1 0.668333 0.312188 0.075000 0.021875
0 0.733333 0.321562 0.400000 0.040625
1 0.675000 0.363438 0.135000 0.021875
0 0.733333 0.363438 0.400000 0.021875
1 0.695833 0.394688 0.130000 0.021875
0 0.733333 0.441563 0.400000 0.115625
1 0.650417 0.518437 0.085833 0.021875
0 0.733333 0.527813 0.400000 0.040625
1 0.685417 0.565937 0.109167 0.021875
0 0.733333 0.612812 0.400000 0.115625
1 0.685417 0.688438 0.109167 0.021875
0 0.733333 0.735313 0.400000 0.115625
1 0.676250 0.810937 0.137500 0.021875
0 0.733333 0.820312 0.400000 0.040625
1 0.617917 0.859062 0.067500 0.021875
0 0.733333 0.868437 0.400000 0.040625
1 0.632917 0.908438 0.097500 0.021875
0 0.733333 0.927188 0.400000 0.059375
