1 0.114413 0.078771 0.074631 0.019810
2 0.187733 0.079822 0.059634 0.019595
0 0.277284 0.081731 0.407166 0.028325
1 0.118183 0.110706 0.083796 0.019941
2 0.199002 0.111865 0.065466 0.019678
3 0.353125 0.114699 0.222072 0.020674
3 0.287595 0.135014 0.348716 0.022490
3 0.287054 0.156260 0.348716 0.022490
3 0.286512 0.177506 0.348716 0.022490
3 0.285971 0.198752 0.348716 0.022490
3 0.230023 0.219204 0.237903 0.020901
0 0.275118 0.166716 0.409873 0.134555
1 0.114616 0.250681 0.083796 0.019941
2 0.195851 0.251845 0.066299 0.019690
3 0.355389 0.254757 0.232070 0.020817
3 0.284028 0.274988 0.348716 0.022490
3 0.288485 0.296306 0.358714 0.022633
3 0.287944 0.317552 0.358714 0.022633
3 0.187420 0.337365 0.158750 0.019766
0 0.271822 0.296067 0.409332 0.113309
1 0.111702 0.365035 0.083796 0.019941
2 0.203768 0.366355 0.087962 0.020001
0 0.269990 0.367929 0.407166 0.028325
1 0.111033 0.391280 0.083796 0.019941
2 0.203099 0.392600 0.087962 0.020001
3 0.360554 0.395482 0.206242 0.020447
3 0.280444 0.415588 0.348716 0.022490
3 0.279903 0.436834 0.348716 0.022490
3 0.152718 0.456264 0.095429 0.018858
0 0.268509 0.426043 0.408790 0.092063
1 0.108723 0.481888 0.083796 0.019941
2 0.181210 0.482928 0.048802 0.019439
0 0.267012 0.484783 0.407166 0.028325
1 0.107863 0.515632 0.083796 0.019941
2 0.179517 0.516659 0.047136 0.019415
3 0.316559 0.519249 0.206242 0.020447
0 0.266152 0.518527 0.407166 0.028325
1 0.096557 0.550476 0.062966 0.019642
2 0.173626 0.551581 0.078797 0.019869
3 0.326499 0.554398 0.206242 0.020447
0 0.265260 0.553520 0.407166 0.028325
1 0.101561 0.583054 0.074631 0.019810
2 0.179463 0.584171 0.068799 0.019726
3 0.343167 0.587143 0.237903 0.020901
0 0.264432 0.586014 0.407166 0.028325
1 0.084629 0.609691 0.042137 0.019344
2 0.162948 0.610814 0.102126 0.020204
3 0.343316 0.614025 0.237903 0.020901
3 0.274870 0.634298 0.348716 0.022490
3 0.274329 0.655544 0.348716 0.022490
3 0.257957 0.676563 0.317055 0.022036
0 0.262935 0.644753 0.408790 0.092063
1 0.103054 0.704348 0.083796 0.019941
2 0.179706 0.705447 0.057134 0.019559
0 0.261342 0.707242 0.407166 0.028325
1 0.102226 0.736842 0.083796 0.019941
2 0.178045 0.737929 0.055468 0.019535
3 0.303423 0.740351 0.174581 0.019993
0 0.260514 0.739736 0.407166 0.028325
1 0.091030 0.767312 0.062966 0.019642
2 0.156852 0.768256 0.056301 0.019547
0 0.259734 0.770356 0.407166 0.028325
1 0.079883 0.795907 0.042137 0.019344
2 0.154453 0.796976 0.094627 0.020096
3 0.331071 0.800133 0.237903 0.020901
3 0.167226 0.819038 0.142920 0.019539
0 0.258730 0.809723 0.407707 0.049571
1 0.099279 0.852446 0.083796 0.019941
2 0.175099 0.853533 0.055468 0.019535
3 0.332137 0.856409 0.237903 0.020901
3 0.118302 0.874597 0.047937 0.018178
0 0.257297 0.865963 0.407707 0.049571
1 0.585577 0.085526 0.083796 0.019941
2 0.668062 0.086708 0.068799 0.019726
3 0.823851 0.089567 0.222072 0.020674
3 0.754989 0.109834 0.348716 0.022490
3 0.754447 0.131080 0.348716 0.022490
3 0.758905 0.152398 0.358714 0.022633
3 0.758363 0.173644 0.358714 0.022633
3 0.705331 0.194137 0.253733 0.021128
0 0.742512 0.141536 0.409873 0.134555
1 0.561244 0.222702 0.042137 0.019344
2 0.610818 0.223413 0.044636 0.019380
3 0.730780 0.225758 0.174581 0.019993
0 0.740362 0.225895 0.407166 0.028325
1 0.570926 0.251596 0.062966 0.019642
2 0.630498 0.252450 0.043803 0.019368
0 0.739629 0.254640 0.407166 0.028325
1 0.570178 0.280966 0.062966 0.019642
2 0.643914 0.282023 0.072131 0.019774
3 0.809285 0.285019 0.237903 0.020901
3 0.694597 0.304629 0.237903 0.020901
0 0.738610 0.294633 0.407707 0.049571
1 0.579334 0.330481 0.083796 0.019941
2 0.655987 0.331580 0.057134 0.019559
0 0.737623 0.333376 0.407166 0.028325
1 0.557836 0.356428 0.042137 0.019344
2 0.611159 0.357192 0.052135 0.019487
3 0.790277 0.360385 0.285394 0.021582
3 0.673924 0.379971 0.200409 0.020363
0 0.736683 0.370244 0.407707 0.049571
1 0.566976 0.406568 0.062966 0.019642
2 0.631548 0.407494 0.053801 0.019511
3 0.787753 0.410358 0.237903 0.020901
0 0.735680 0.409612 0.407166 0.028325
1 0.566260 0.434688 0.062966 0.019642
2 0.640829 0.435757 0.073798 0.019798
3 0.807033 0.438765 0.237903 0.020901
0 0.734963 0.437731 0.407166 0.028325
1 0.555065 0.465158 0.042137 0.019344
2 0.618803 0.466072 0.072965 0.019786
3 0.729183 0.468279 0.127089 0.019312
0 0.734183 0.468351 0.407166 0.028325
1 0.554189 0.499527 0.042137 0.019344
2 0.616677 0.500422 0.070465 0.019750
0 0.733307 0.502720 0.407166 0.028325
1 0.553424 0.529521 0.042137 0.019344
2 0.619662 0.530471 0.077964 0.019857
0 0.732542 0.532714 0.407166 0.028325
1 0.573441 0.561689 0.083796 0.019941
2 0.667591 0.563039 0.092128 0.020060
3 0.827129 0.565951 0.206242 0.020447
3 0.687446 0.585202 0.237903 0.020901
0 0.731459 0.575206 0.407707 0.049571
1 0.561657 0.615280 0.062966 0.019642
2 0.624562 0.616182 0.050469 0.019463
3 0.794932 0.619249 0.269563 0.021355
3 0.741483 0.639737 0.348716 0.022490
3 0.740942 0.660983 0.348716 0.022490
3 0.740400 0.682229 0.348716 0.022490
3 0.739859 0.703475 0.348716 0.022490
3 0.739317 0.724721 0.348716 0.022490
3 0.627963 0.744379 0.127089 0.019312
0 0.728736 0.682062 0.410415 0.155802
1 0.557548 0.776500 0.062966 0.019642
2 0.640866 0.777695 0.091295 0.020049
0 0.726251 0.779544 0.407166 0.028325
1 0.546449 0.803221 0.042137 0.019344
2 0.605604 0.804069 0.063800 0.019654
3 0.782640 0.807232 0.269563 0.021355
3 0.741689 0.827899 0.358714 0.022633
3 0.741147 0.849145 0.358714 0.022633
3 0.735607 0.870320 0.348716 0.022490
3 0.735065 0.891566 0.348716 0.022490
3 0.663287 0.911791 0.206242 0.020447
0 0.724213 0.859529 0.409873 0.134555
