3 0.489347 0.032780 0.978694 0.050954
0 0.068559 0.095337 0.042507 0.019821
1 0.136435 0.093573 0.081651 0.020838
2 0.314274 0.089577 0.253989 0.024068
2 0.265285 0.112113 0.358926 0.026795
2 0.266266 0.133350 0.358926 0.026795
2 0.267247 0.154587 0.358926 0.026795
2 0.263231 0.175954 0.348932 0.026535
2 0.264212 0.197192 0.348932 0.026535
2 0.154426 0.221307 0.127399 0.020779
0 0.096680 0.252826 0.084149 0.020903
1 0.171635 0.250878 0.054167 0.020124
2 0.327820 0.247445 0.238166 0.023657
2 0.228028 0.271301 0.269813 0.024480
0 0.078254 0.305211 0.042507 0.019821
1 0.140717 0.303588 0.070824 0.020557
2 0.297318 0.300144 0.222342 0.023246
0 0.079466 0.331445 0.042507 0.019821
1 0.138597 0.329908 0.064161 0.020383
2 0.312688 0.326010 0.263983 0.024328
2 0.271195 0.348351 0.348932 0.026535
2 0.272176 0.369588 0.348932 0.026535
2 0.257333 0.391237 0.317285 0.025713
0 0.083679 0.422640 0.042507 0.019821
1 0.141144 0.421147 0.060830 0.020297
0 0.095590 0.454850 0.063328 0.020362
1 0.156387 0.453270 0.046671 0.019929
2 0.324648 0.449523 0.269813 0.024480
2 0.276908 0.472027 0.348932 0.026535
2 0.277889 0.493264 0.348932 0.026535
2 0.278870 0.514501 0.348932 0.026535
2 0.279851 0.535739 0.348932 0.026535
2 0.214622 0.558696 0.216512 0.023095
0 0.101736 0.587895 0.063328 0.020362
1 0.187934 0.585655 0.097474 0.021249
2 0.357861 0.581865 0.222342 0.023246
2 0.164375 0.608156 0.111575 0.020368
0 0.103929 0.635367 0.063328 0.020362
1 0.171388 0.633614 0.059997 0.020275
2 0.338400 0.629900 0.253989 0.024068
2 0.158656 0.655833 0.095751 0.019957
0 0.095740 0.683733 0.042507 0.019821
1 0.143628 0.682489 0.041674 0.019799
2 0.317303 0.678602 0.285637 0.024891
2 0.287469 0.700640 0.348932 0.026535
2 0.288450 0.721877 0.348932 0.026535
2 0.294428 0.742984 0.358926 0.026795
2 0.147998 0.768052 0.064103 0.019134
0 0.111344 0.795896 0.063328 0.020362
1 0.182552 0.794045 0.067492 0.020470
2 0.353311 0.790233 0.253989 0.024068
2 0.197720 0.815539 0.159046 0.021601
0 0.113624 0.845241 0.063328 0.020362
1 0.193159 0.843174 0.084149 0.020903
2 0.356424 0.839557 0.222342 0.023246
2 0.294942 0.862418 0.348932 0.026535
2 0.137685 0.887767 0.032456 0.018312
0 0.534946 0.083218 0.042507 0.019821
1 0.597825 0.081584 0.071656 0.020578
2 0.778579 0.077512 0.269813 0.024480
2 0.726675 0.100124 0.348932 0.026535
2 0.727656 0.121361 0.348932 0.026535
2 0.570398 0.146710 0.032456 0.018312
0 0.539389 0.179410 0.042507 0.019821
1 0.608098 0.177624 0.083316 0.020881
2 0.786770 0.173607 0.253989 0.024068
2 0.683647 0.197549 0.253989 0.024068
0 0.541611 0.227506 0.042507 0.019821
1 0.590748 0.226229 0.044173 0.019864
2 0.726113 0.223337 0.206518 0.022835
0 0.542852 0.254365 0.042507 0.019821
1 0.604482 0.252763 0.069158 0.020513
2 0.783986 0.248724 0.269813 0.024480
2 0.568431 0.275588 0.016632 0.017901
0 0.555773 0.308437 0.063328 0.020362
1 0.634476 0.306392 0.082483 0.020860
0 0.567741 0.341896 0.084149 0.020903
1 0.663101 0.339418 0.094976 0.021184
0 0.558658 0.370899 0.063328 0.020362
1 0.625701 0.369157 0.059164 0.020254
2 0.792297 0.365454 0.253989 0.024068
2 0.739977 0.388076 0.348932 0.026535
2 0.740958 0.409313 0.348932 0.026535
2 0.678643 0.432195 0.222342 0.023246
0 0.563015 0.465218 0.063328 0.020362
1 0.630475 0.463465 0.059997 0.020275
2 0.797487 0.459750 0.253989 0.024068
2 0.744334 0.482394 0.348932 0.026535
2 0.745315 0.503632 0.348932 0.026535
2 0.746296 0.524869 0.348932 0.026535
2 0.747277 0.546106 0.348932 0.026535
2 0.708698 0.568371 0.269813 0.024480
0 0.579947 0.606112 0.084149 0.020903
1 0.653653 0.604197 0.051668 0.020059
2 0.808589 0.600797 0.238166 0.023657
2 0.608440 0.627260 0.064103 0.019134
0 0.561694 0.662245 0.042507 0.019821
1 0.632901 0.660395 0.088313 0.021011
2 0.814072 0.656313 0.253989 0.024068
2 0.753423 0.679151 0.348932 0.026535
2 0.754404 0.700388 0.348932 0.026535
2 0.684178 0.723476 0.206518 0.022835
0 0.586843 0.755398 0.084149 0.020903
1 0.672209 0.753180 0.074988 0.020665
2 0.830892 0.749682 0.222342 0.023246
2 0.757751 0.772845 0.348932 0.026535
2 0.758732 0.794082 0.348932 0.026535
2 0.759713 0.815320 0.348932 0.026535
2 0.760694 0.836557 0.348932 0.026535
2 0.603437 0.861906 0.032456 0.018312
