1 0.151667 0.085938 0.068333 0.021875
0 0.266667 0.085938 0.400000 0.021875
1 0.165417 0.119688 0.095833 0.021875
0 0.266667 0.166563 0.400000 0.115625
1 0.186250 0.246562 0.044167 0.021875
0 0.266667 0.302812 0.400000 0.134375
1 0.194583 0.392813 0.060833 0.021875
0 0.266667 0.392813 0.400000 0.021875
1 0.149583 0.422187 0.064167 0.021875
0 0.266667 0.422187 0.400000 0.021875
1 0.163750 0.452188 0.092500 0.021875
0 0.266667 0.452188 0.400000 0.021875
1 0.189583 0.484687 0.050833 0.021875
0 0.266667 0.484687 0.400000 0.021875
1 0.165417 0.514687 0.049167 0.021875
0 0.266667 0.524062 0.400000 0.040625
1 0.200833 0.565312 0.073333 0.021875
0 0.266667 0.621563 0.400000 0.134375
1 0.145417 0.711562 0.055833 0.021875
0 0.266667 0.720938 0.400000 0.040625
1 0.170833 0.759062 0.106667 0.021875
0 0.266667 0.768437 0.400000 0.040625
1 0.220833 0.807813 0.113333 0.021875
0 0.266667 0.854688 0.400000 0.115625
1 0.684167 0.085938 0.106667 0.021875
0 0.733333 0.095312 0.400000 0.040625
1 0.673750 0.134063 0.132500 0.021875
0 0.733333 0.152812 0.400000 0.059375
1 0.682917 0.200313 0.104167 0.021875
0 0.733333 0.209687 0.400000 0.040625
1 0.678333 0.249062 0.141667 0.021875
0 0.733333 0.249062 0.400000 0.021875
1 0.657500 0.277187 0.053333 0.021875
0 0.733333 0.342813 0.400000 0.153125
1 0.685833 0.442188 0.110000 0.021875
0 0.733333 0.451562 0.400000 0.040625
1 0.685000 0.495312 0.108333 0.021875
0 0.733333 0.514062 0.400000 0.059375
1 0.631250 0.567187 0.094167 0.021875
0 0.733333 0.623437 0.400000 0.134375
1 0.620000 0.709688 0.071667 0.021875
0 0.733333 0.737812 0.400000 0.078125
1 0.662917 0.794063 0.064167 0.021875
0 0.733333 0.794063 0.400000 0.021875
1 0.666250 0.826562 0.070833 0.021875
0 0.733333 0.835938 0.400000 0.040625
1 0.662083 0.875938 0.109167 0.021875
0 0.733333 0.875938 0.400000 0.021875
1 0.667917 0.907813 0.120833 0.021875
0 0.733333 0.907813 0.400000 0.021875
