3 0.495843 0.040669 0.991687 0.035401
0 0.079853 0.088706 0.042009 0.019182
1 0.137764 0.088104 0.061174 0.019381
2 0.242349 0.087641 0.126978 0.018816
0 0.090800 0.117345 0.062841 0.019398
1 0.169126 0.116530 0.081172 0.019589
2 0.339121 0.115387 0.237801 0.019969
2 0.271604 0.137341 0.348623 0.021122
2 0.271997 0.158589 0.348623 0.021122
2 0.272390 0.179837 0.348623 0.021122
2 0.169876 0.202156 0.142810 0.018981
0 0.103435 0.237225 0.083672 0.019615
1 0.188427 0.236341 0.073673 0.019511
2 0.346757 0.235319 0.221969 0.019804
2 0.273823 0.257330 0.348623 0.021122
2 0.274216 0.278578 0.348623 0.021122
2 0.274609 0.299826 0.348623 0.021122
2 0.259171 0.321238 0.316960 0.020793
0 0.084800 0.356181 0.042009 0.019182
1 0.157293 0.355426 0.090338 0.019685
2 0.331871 0.354235 0.237801 0.019969
2 0.181029 0.377057 0.158642 0.019146
0 0.096198 0.409192 0.062841 0.019398
1 0.172024 0.408403 0.076173 0.019537
2 0.339520 0.407286 0.237801 0.019969
2 0.221591 0.429765 0.237801 0.019969
0 0.107493 0.456579 0.083672 0.019615
1 0.184152 0.455782 0.057008 0.019338
0 0.107978 0.482827 0.083672 0.019615
1 0.193386 0.481938 0.074506 0.019520
2 0.352133 0.480911 0.221969 0.019804
2 0.112132 0.504661 0.016155 0.017663
0 0.098441 0.530431 0.062841 0.019398
1 0.166768 0.529720 0.061174 0.019381
2 0.334680 0.528598 0.253633 0.020134
2 0.279245 0.550426 0.348623 0.021122
2 0.279638 0.571674 0.348623 0.021122
2 0.285030 0.592870 0.358623 0.021226
2 0.280424 0.614170 0.348623 0.021122
2 0.169994 0.636571 0.126978 0.018816
0 0.111411 0.668434 0.083672 0.019615
1 0.195153 0.667563 0.071173 0.019485
2 0.328485 0.666800 0.174474 0.019310
0 0.091123 0.698023 0.042009 0.019182
1 0.156533 0.697342 0.076173 0.019537
2 0.331945 0.696142 0.253633 0.020134
2 0.287342 0.717858 0.358623 0.021226
2 0.282736 0.739158 0.348623 0.021122
2 0.283129 0.760406 0.348623 0.021122
2 0.283522 0.781654 0.348623 0.021122
2 0.181008 0.803973 0.142810 0.018981
0 0.093631 0.833635 0.042009 0.019182
1 0.158625 0.832958 0.075340 0.019528
2 0.333620 0.831763 0.253633 0.020134
2 0.245271 0.853934 0.269464 0.020299
0 0.115503 0.889663 0.083672 0.019615
1 0.188829 0.888900 0.050342 0.019268
2 0.348409 0.887864 0.247800 0.020073
2 0.285891 0.909767 0.348623 0.021122
2 0.286284 0.931015 0.348623 0.021122
2 0.291677 0.952211 0.358623 0.021226
2 0.228743 0.974118 0.231968 0.019908
0 0.556890 0.083743 0.062841 0.019398
1 0.623134 0.083054 0.057008 0.019338
0 0.567965 0.119256 0.083672 0.019615
1 0.641708 0.118489 0.051175 0.019277
2 0.796704 0.117501 0.237801 0.019969
2 0.611698 0.140678 0.095315 0.018487
0 0.568936 0.171751 0.083672 0.019615
1 0.639346 0.171019 0.044509 0.019208
2 0.798925 0.169983 0.253633 0.020134
2 0.744323 0.191804 0.358623 0.021226
2 0.739717 0.213104 0.348623 0.021122
2 0.740110 0.234351 0.348623 0.021122
2 0.693008 0.256094 0.253633 0.020134
0 0.550231 0.286957 0.042009 0.019182
1 0.617308 0.286259 0.079506 0.019572
2 0.794386 0.285042 0.253633 0.020134
2 0.741451 0.306845 0.348623 0.021122
2 0.741844 0.328092 0.348623 0.021122
2 0.747236 0.349288 0.358623 0.021226
2 0.663471 0.371412 0.190305 0.019475
0 0.552370 0.402571 0.042009 0.019182
1 0.611531 0.401955 0.063674 0.019407
2 0.717365 0.401479 0.126978 0.018816
0 0.552901 0.431318 0.042009 0.019182
1 0.622478 0.430594 0.084505 0.019624
2 0.802056 0.429351 0.253633 0.020134
2 0.744121 0.451206 0.348623 0.021122
2 0.744514 0.472454 0.348623 0.021122
2 0.744907 0.493702 0.348623 0.021122
2 0.745300 0.514949 0.348623 0.021122
2 0.626955 0.537433 0.111146 0.018651
0 0.555398 0.566305 0.042009 0.019182
1 0.627475 0.565555 0.089505 0.019676
2 0.785804 0.564533 0.206137 0.019640
0 0.576784 0.596085 0.083672 0.019615
1 0.654694 0.595275 0.059508 0.019364
2 0.813857 0.594244 0.237801 0.019969
2 0.580939 0.617919 0.016155 0.017663
0 0.567340 0.648689 0.062841 0.019398
1 0.629001 0.648047 0.047842 0.019242
2 0.798162 0.646912 0.269464 0.020299
2 0.613573 0.670085 0.079483 0.018322
0 0.557930 0.703167 0.042009 0.019182
1 0.610425 0.702621 0.050342 0.019268
0 0.579293 0.731697 0.083672 0.019615
1 0.670951 0.730744 0.087005 0.019650
2 0.828030 0.729734 0.206137 0.019640
2 0.591363 0.753449 0.031987 0.017828
0 0.580264 0.784192 0.083672 0.019615
1 0.648174 0.783486 0.039510 0.019156
2 0.805254 0.782477 0.253633 0.020134
2 0.644829 0.805398 0.136977 0.018920
0 0.581200 0.834812 0.083672 0.019615
1 0.669108 0.833898 0.079506 0.019572
2 0.822438 0.832928 0.206137 0.019640
2 0.751588 0.854917 0.348623 0.021122
2 0.751981 0.876165 0.348623 0.021122
2 0.752374 0.897413 0.348623 0.021122
2 0.752767 0.918661 0.348623 0.021122
2 0.721497 0.940238 0.285296 0.020463
