3 0.495174 0.033809 0.990348 0.036884
0 0.099599 0.089083 0.083719 0.019738
1 0.177506 0.088157 0.059555 0.019451
2 0.328751 0.086984 0.222009 0.020133
0 0.089831 0.119828 0.062888 0.019491
1 0.149407 0.119120 0.043724 0.019263
2 0.316483 0.117758 0.269503 0.020697
2 0.223193 0.140120 0.253671 0.020509
0 0.090861 0.168572 0.062888 0.019491
1 0.155853 0.167799 0.054556 0.019392
0 0.091469 0.197318 0.062888 0.019491
1 0.154378 0.196570 0.050390 0.019342
2 0.324786 0.195169 0.269503 0.020697
0 0.081608 0.223689 0.042058 0.019243
1 0.142434 0.222966 0.067055 0.019540
2 0.318259 0.221500 0.263670 0.020628
2 0.154145 0.244704 0.111189 0.018815
0 0.082771 0.278682 0.042058 0.019243
1 0.134847 0.278063 0.049557 0.019332
2 0.265261 0.277137 0.190346 0.019756
0 0.104288 0.310930 0.083719 0.019738
1 0.172613 0.310118 0.040391 0.019223
2 0.330106 0.308870 0.253671 0.020509
0 0.084052 0.339299 0.042058 0.019243
1 0.149460 0.338522 0.076220 0.019649
2 0.326951 0.337037 0.257837 0.020559
2 0.275323 0.358903 0.348659 0.021638
2 0.228278 0.380715 0.253671 0.020509
0 0.096012 0.412291 0.062888 0.019491
1 0.177252 0.411325 0.087052 0.019778
2 0.334329 0.410083 0.206177 0.019945
0 0.096673 0.443537 0.062888 0.019491
1 0.175830 0.442596 0.082886 0.019728
2 0.346655 0.441190 0.237840 0.020321
2 0.277529 0.463265 0.348659 0.021638
2 0.277978 0.484512 0.348659 0.021638
2 0.278427 0.505760 0.348659 0.021638
2 0.278876 0.527007 0.348659 0.021638
2 0.279325 0.548254 0.348659 0.021638
2 0.184786 0.570631 0.158683 0.019380
0 0.100001 0.601017 0.062888 0.019491
1 0.183741 0.600022 0.092051 0.019837
2 0.351233 0.598656 0.222009 0.020133
2 0.185869 0.621874 0.158683 0.019380
0 0.101177 0.656635 0.062888 0.019491
1 0.185333 0.655635 0.092885 0.019847
2 0.353242 0.654264 0.222009 0.020133
2 0.282033 0.676363 0.348659 0.021638
2 0.282482 0.697610 0.348659 0.021638
2 0.282931 0.718858 0.348659 0.021638
2 0.283380 0.740105 0.348659 0.021638
2 0.283829 0.761352 0.348659 0.021638
2 0.289278 0.782540 0.358658 0.021757
2 0.284727 0.803847 0.348659 0.021638
2 0.182273 0.826318 0.142852 0.019192
0 0.095054 0.859859 0.042058 0.019243
1 0.161712 0.859066 0.078720 0.019679
2 0.338370 0.857591 0.253671 0.020509
2 0.128012 0.881345 0.032033 0.017874
0 0.555792 0.083660 0.062888 0.019491
1 0.621617 0.082877 0.056223 0.019411
2 0.792026 0.081476 0.263670 0.020628
2 0.586251 0.105175 0.047864 0.018062
0 0.556994 0.140527 0.062888 0.019491
1 0.620736 0.139770 0.052056 0.019362
2 0.784062 0.138453 0.253671 0.020509
2 0.739933 0.160230 0.352826 0.021688
2 0.738299 0.181502 0.348659 0.021638
2 0.738748 0.202750 0.348659 0.021638
2 0.739197 0.223997 0.348659 0.021638
2 0.660490 0.246185 0.190346 0.019756
0 0.570408 0.282261 0.083719 0.019738
1 0.654564 0.281260 0.072054 0.019600
2 0.812057 0.280013 0.222009 0.020133
2 0.740848 0.302112 0.348659 0.021638
2 0.741297 0.323360 0.348659 0.021638
2 0.746746 0.344547 0.358658 0.021757
2 0.670955 0.366701 0.206177 0.019945
0 0.572825 0.396621 0.083719 0.019738
1 0.652814 0.395670 0.063722 0.019500
0 0.573472 0.427243 0.083719 0.019738
1 0.652628 0.426301 0.062055 0.019481
2 0.813038 0.425020 0.237840 0.020321
2 0.601431 0.448788 0.063695 0.018251
0 0.564073 0.475485 0.062888 0.019491
1 0.621983 0.474797 0.040391 0.019223
2 0.779476 0.473550 0.253671 0.020509
0 0.554318 0.506855 0.042058 0.019243
1 0.616394 0.506117 0.069554 0.019570
2 0.796384 0.504602 0.269503 0.020697
2 0.623939 0.527905 0.105357 0.018746
0 0.555335 0.554974 0.042058 0.019243
1 0.607829 0.554350 0.050390 0.019342
0 0.566490 0.589846 0.062888 0.019491
1 0.628566 0.589108 0.048723 0.019322
0 0.567085 0.617967 0.062888 0.019491
1 0.639576 0.617106 0.069554 0.019570
2 0.803735 0.615779 0.237840 0.020321
2 0.752940 0.637636 0.358658 0.021757
2 0.748390 0.658942 0.348659 0.021638
2 0.614273 0.681789 0.079527 0.018439
0 0.558664 0.712454 0.042058 0.019243
1 0.614073 0.711796 0.056223 0.019411
2 0.731988 0.711019 0.158683 0.019380
0 0.559218 0.738701 0.042058 0.019243
1 0.620877 0.737968 0.068721 0.019560
2 0.784620 0.736646 0.237840 0.020321
0 0.570241 0.767324 0.062888 0.019491
1 0.658980 0.766269 0.102050 0.019956
2 0.823556 0.764937 0.206177 0.019945
2 0.751098 0.787051 0.348659 0.021638
2 0.751547 0.808299 0.348659 0.021638
2 0.625345 0.831052 0.095358 0.018627
0 0.572328 0.866061 0.062888 0.019491
1 0.636903 0.865294 0.053723 0.019382
2 0.753569 0.864532 0.158683 0.019380
