1 0.095362 0.085772 0.062615 0.018966
2 0.154945 0.085565 0.043448 0.018900
3 0.322030 0.085612 0.269272 0.018432
3 0.193829 0.107306 0.184272 0.018138
0 0.264180 0.096437 0.406932 0.045158
1 0.085273 0.138932 0.041782 0.018894
2 0.149855 0.138709 0.074281 0.019007
3 0.324441 0.138729 0.253438 0.018377
3 0.165407 0.160530 0.126773 0.017938
0 0.264507 0.149562 0.406932 0.045158
1 0.096039 0.195771 0.062615 0.018966
2 0.181455 0.195475 0.095114 0.019079
3 0.350624 0.195514 0.221772 0.018267
3 0.205340 0.217267 0.205939 0.018213
0 0.264857 0.206436 0.406932 0.045158
1 0.085973 0.252681 0.041782 0.018894
2 0.152639 0.252450 0.078448 0.019021
3 0.329308 0.252463 0.253438 0.018377
3 0.276939 0.273895 0.348437 0.018706
3 0.277070 0.295145 0.348437 0.018706
3 0.229701 0.316559 0.253438 0.018377
0 0.265338 0.284560 0.407193 0.087657
1 0.097001 0.352019 0.062615 0.018966
2 0.160751 0.351798 0.051782 0.018929
3 0.276587 0.352022 0.158439 0.018048
0 0.265753 0.352060 0.406801 0.023908
1 0.097175 0.380144 0.062615 0.018966
2 0.175507 0.379872 0.080948 0.019030
3 0.274260 0.380155 0.095107 0.017829
0 0.265927 0.380184 0.406801 0.023908
1 0.097359 0.410143 0.062615 0.018966
2 0.157359 0.409936 0.044282 0.018903
3 0.324861 0.409981 0.269272 0.018432
3 0.277909 0.431393 0.348437 0.018706
3 0.278039 0.452643 0.348437 0.018706
3 0.278170 0.473893 0.348437 0.018706
3 0.283301 0.495125 0.358437 0.018741
3 0.254682 0.516475 0.300938 0.018542
0 0.266438 0.463308 0.407455 0.130157
1 0.087758 0.542678 0.041782 0.018894
2 0.147758 0.542470 0.065115 0.018975
0 0.266927 0.542683 0.406801 0.023908
1 0.098356 0.572017 0.062615 0.018966
2 0.169605 0.571770 0.066781 0.018981
0 0.267108 0.572057 0.406801 0.023908
1 0.098525 0.599516 0.062615 0.018966
2 0.166024 0.599283 0.059281 0.018955
0 0.267277 0.599557 0.406801 0.023908
1 0.098702 0.628266 0.062615 0.018966
2 0.160368 0.628052 0.047615 0.018914
3 0.329537 0.628092 0.269272 0.018432
3 0.279251 0.649516 0.348437 0.018706
3 0.279382 0.670766 0.348437 0.018706
3 0.284513 0.691998 0.358437 0.018741
3 0.160895 0.713677 0.110940 0.017884
0 0.267716 0.670806 0.407324 0.108907
1 0.109857 0.748229 0.083448 0.019038
2 0.189023 0.747955 0.061781 0.018963
3 0.346525 0.748034 0.231772 0.018302
3 0.279990 0.769515 0.348437 0.018706
3 0.280121 0.790765 0.348437 0.018706
3 0.280252 0.812014 0.348437 0.018706
3 0.217050 0.833483 0.221772 0.018267
0 0.268454 0.790805 0.407324 0.108907
1 0.100126 0.859514 0.062615 0.018966
2 0.163458 0.859294 0.050948 0.018926
3 0.334294 0.859328 0.269272 0.018432
3 0.122343 0.881312 0.031774 0.017609
0 0.268943 0.870179 0.406932 0.045158
1 0.551607 0.084192 0.041782 0.018894
2 0.609107 0.083993 0.060115 0.018958
0 0.730776 0.084196 0.406801 0.023908
1 0.562201 0.112905 0.062615 0.018966
2 0.629284 0.112673 0.058448 0.018952
3 0.795952 0.112721 0.253438 0.018377
3 0.695251 0.134320 0.253438 0.018377
0 0.731018 0.123571 0.406932 0.045158
1 0.552111 0.166066 0.041782 0.018894
2 0.607944 0.165873 0.056781 0.018946
3 0.786696 0.165879 0.279271 0.018467
3 0.671828 0.187527 0.205939 0.018213
0 0.731345 0.176695 0.406932 0.045158
1 0.573249 0.215368 0.083448 0.019038
2 0.668247 0.215039 0.093448 0.019073
3 0.828666 0.215109 0.205939 0.018213
3 0.716715 0.236747 0.295105 0.018521
0 0.731649 0.226070 0.406932 0.045158
1 0.563171 0.270404 0.062615 0.018966
2 0.633586 0.270160 0.065115 0.018975
3 0.803589 0.270196 0.253438 0.018377
3 0.743720 0.291654 0.348437 0.018706
3 0.743851 0.312904 0.348437 0.018706
3 0.672732 0.334400 0.205939 0.018213
0 0.732119 0.302319 0.407193 0.087657
1 0.553362 0.369189 0.041782 0.018894
2 0.619195 0.368961 0.076781 0.019015
3 0.739614 0.369169 0.142606 0.017993
0 0.732531 0.369193 0.406801 0.023908
1 0.553566 0.402313 0.041782 0.018894
2 0.606482 0.402130 0.050948 0.018926
3 0.785234 0.402136 0.285105 0.018487
3 0.746615 0.423520 0.352604 0.018720
3 0.744663 0.444777 0.348437 0.018706
3 0.744793 0.466027 0.348437 0.018706
3 0.657842 0.487578 0.174273 0.018103
0 0.732996 0.444818 0.407324 0.108907
1 0.575095 0.515365 0.083448 0.019038
2 0.662594 0.515062 0.078448 0.019021
3 0.815513 0.515158 0.205939 0.018213
3 0.745228 0.536651 0.348437 0.018706
3 0.745359 0.557901 0.348437 0.018706
3 0.690074 0.579343 0.237605 0.018322
0 0.733627 0.547316 0.407193 0.087657
1 0.565268 0.611025 0.062615 0.018966
2 0.635267 0.610783 0.064281 0.018972
3 0.804852 0.610821 0.253438 0.018377
3 0.745817 0.632275 0.348437 0.018706
0 0.734085 0.621691 0.406932 0.045158
1 0.571439 0.666004 0.074281 0.019007
2 0.647272 0.665742 0.064281 0.018972
3 0.808941 0.665807 0.237605 0.018322
3 0.730322 0.687329 0.316771 0.018596
0 0.734424 0.676690 0.406932 0.045158
1 0.565949 0.721649 0.062615 0.018966
2 0.628865 0.721431 0.050115 0.018923
0 0.734701 0.721690 0.406801 0.023908
1 0.576584 0.757238 0.083448 0.019038
2 0.650750 0.756981 0.051782 0.018929
3 0.806169 0.757068 0.237605 0.018322
3 0.746717 0.778524 0.348437 0.018706
3 0.746848 0.799773 0.348437 0.018706
3 0.751979 0.821006 0.358437 0.018741
3 0.747110 0.842273 0.348437 0.018706
3 0.699741 0.863687 0.253438 0.018377
0 0.735247 0.810439 0.407455 0.130157
1 0.577419 0.892861 0.083448 0.019038
2 0.671585 0.892535 0.091781 0.019067
3 0.831171 0.892607 0.205939 0.018213
3 0.747552 0.914147 0.348437 0.018706
3 0.752683 0.935380 0.358437 0.018741
3 0.747814 0.956647 0.348437 0.018706
3 0.747945 0.977896 0.348437 0.018706
3 0.621410 0.999585 0.095107 0.017829
0 0.736082 0.946062 0.407455 0.130157
