1 0.101524 0.088032 0.083636 0.019520
2 0.180684 0.087299 0.061971 0.019319
3 0.338183 0.086466 0.231937 0.019643
3 0.271871 0.108332 0.348595 0.020723
3 0.272220 0.129580 0.348595 0.020723
3 0.272570 0.150829 0.348595 0.020723
3 0.272920 0.172077 0.348595 0.020723
3 0.273269 0.193325 0.348595 0.020723
3 0.273619 0.214574 0.348595 0.020723
3 0.115648 0.237288 0.031952 0.017792
0 0.261079 0.161561 0.409454 0.175001
1 0.083603 0.265087 0.041972 0.019134
2 0.146514 0.264504 0.071136 0.019404
3 0.319428 0.263528 0.253602 0.019844
0 0.262766 0.264053 0.407006 0.026263
1 0.084034 0.291335 0.041972 0.019134
2 0.149030 0.290733 0.075303 0.019443
3 0.289446 0.290058 0.184441 0.019203
0 0.263198 0.290301 0.407006 0.026263
1 0.084538 0.321957 0.041972 0.019134
2 0.131618 0.321521 0.039472 0.019111
3 0.312448 0.320472 0.301098 0.020283
3 0.277800 0.342045 0.352761 0.020762
3 0.276067 0.363312 0.348595 0.020723
3 0.276417 0.384561 0.348595 0.020723
3 0.158025 0.406908 0.111113 0.018525
0 0.264401 0.363420 0.408405 0.111256
1 0.096857 0.437477 0.062804 0.019327
2 0.170185 0.436798 0.071136 0.019404
3 0.287686 0.436335 0.142777 0.018818
0 0.265605 0.436540 0.407006 0.026263
1 0.107839 0.471753 0.083636 0.019520
2 0.187416 0.471016 0.062804 0.019327
3 0.340331 0.470226 0.221938 0.019551
3 0.278186 0.492053 0.348595 0.020723
3 0.231039 0.513741 0.253602 0.019844
0 0.266520 0.492161 0.407705 0.068759
1 0.088210 0.545065 0.041972 0.019134
2 0.145706 0.544533 0.060304 0.019304
0 0.267374 0.544032 0.407006 0.026263
1 0.109556 0.576120 0.083636 0.019520
2 0.194133 0.575337 0.072803 0.019420
3 0.349132 0.574527 0.216105 0.019497
3 0.161162 0.597519 0.111113 0.018525
0 0.268063 0.585903 0.407356 0.047511
1 0.100076 0.633087 0.062804 0.019327
2 0.170071 0.632439 0.064470 0.019343
3 0.339652 0.631494 0.253602 0.019844
3 0.280839 0.653290 0.348595 0.020723
3 0.281189 0.674539 0.348595 0.020723
3 0.281539 0.695787 0.348595 0.020723
3 0.247308 0.717356 0.279433 0.020083
0 0.269523 0.674647 0.408405 0.111256
1 0.101907 0.744329 0.062804 0.019327
2 0.163569 0.743758 0.047805 0.019188
3 0.332733 0.742817 0.269434 0.019990
3 0.132265 0.765924 0.047784 0.017938
0 0.270829 0.754016 0.407356 0.047511
1 0.113105 0.791729 0.083636 0.019520
2 0.184349 0.791069 0.046138 0.019173
0 0.271436 0.790888 0.407006 0.026263
1 0.113588 0.821101 0.083636 0.019520
2 0.193582 0.820361 0.063637 0.019335
3 0.346914 0.819566 0.221938 0.019551
3 0.283935 0.841401 0.348595 0.020723
3 0.284285 0.862649 0.348595 0.020723
3 0.284634 0.883898 0.348595 0.020723
3 0.284984 0.905146 0.348595 0.020723
3 0.285334 0.926395 0.348595 0.020723
3 0.198607 0.948449 0.174441 0.019111
0 0.272969 0.884006 0.409104 0.153753
1 0.557739 0.083809 0.062804 0.019327
2 0.631483 0.083126 0.071970 0.019412
3 0.796898 0.082220 0.237770 0.019697
3 0.693089 0.104433 0.257768 0.019882
0 0.726661 0.093496 0.407356 0.047511
1 0.558675 0.140680 0.062804 0.019327
2 0.638252 0.139943 0.083636 0.019520
3 0.801583 0.139056 0.221938 0.019551
3 0.573200 0.162422 0.016120 0.017645
0 0.727597 0.150367 0.407356 0.047511
1 0.559559 0.194425 0.062804 0.019327
2 0.625388 0.193816 0.056138 0.019265
3 0.743306 0.193349 0.158609 0.018964
0 0.728307 0.193488 0.407006 0.026263
1 0.560012 0.221923 0.062804 0.019327
2 0.640006 0.221183 0.084469 0.019528
3 0.803754 0.220292 0.221938 0.019551
3 0.740775 0.242127 0.348595 0.020723
3 0.741124 0.263375 0.348595 0.020723
3 0.741474 0.284623 0.348595 0.020723
3 0.678495 0.306458 0.221938 0.019551
0 0.729459 0.263483 0.408405 0.111256
1 0.572269 0.333693 0.083636 0.019520
2 0.657262 0.332907 0.073636 0.019427
3 0.815594 0.332066 0.221938 0.019551
3 0.592211 0.355385 0.047784 0.017938
0 0.730775 0.343477 0.407356 0.047511
1 0.562645 0.381911 0.062804 0.019327
2 0.638056 0.381213 0.075303 0.019443
3 0.765556 0.380658 0.158609 0.018964
0 0.731392 0.380974 0.407006 0.026263
1 0.573503 0.408688 0.083636 0.019520
2 0.645164 0.408024 0.046972 0.019181
3 0.798079 0.407234 0.237770 0.019697
3 0.622193 0.430114 0.105280 0.018471
0 0.732009 0.418471 0.407356 0.047511
1 0.574408 0.463683 0.083636 0.019520
2 0.655652 0.462931 0.066137 0.019358
3 0.810234 0.462125 0.221938 0.019551
3 0.665594 0.484716 0.190274 0.019257
0 0.732914 0.473467 0.407356 0.047511
1 0.575303 0.518054 0.083636 0.019520
2 0.666129 0.517214 0.085302 0.019535
3 0.822378 0.516392 0.206106 0.019404
3 0.745650 0.538354 0.348595 0.020723
3 0.746000 0.559602 0.348595 0.020723
3 0.746349 0.580851 0.348595 0.020723
3 0.627958 0.603198 0.111113 0.018525
0 0.734334 0.559710 0.408405 0.111256
1 0.566821 0.635642 0.062804 0.019327
2 0.641398 0.634951 0.073636 0.019427
3 0.807646 0.634037 0.237770 0.019697
3 0.652591 0.656724 0.158609 0.018964
0 0.735743 0.645329 0.407356 0.047511
1 0.557269 0.688234 0.041972 0.019134
2 0.625597 0.687602 0.081969 0.019505
3 0.803927 0.686576 0.253602 0.019844
3 0.621790 0.709514 0.095281 0.018378
0 0.736607 0.697825 0.407356 0.047511
1 0.568600 0.743759 0.062804 0.019327
2 0.633178 0.743161 0.053638 0.019242
3 0.797343 0.742266 0.253602 0.019844
3 0.754362 0.763916 0.358594 0.020816
3 0.749712 0.785210 0.348595 0.020723
3 0.750062 0.806459 0.348595 0.020723
3 0.750412 0.827707 0.348595 0.020723
3 0.750762 0.848955 0.348595 0.020723
3 0.743195 0.870277 0.332763 0.020576
0 0.738396 0.806567 0.409104 0.153753
