3 0.508989 0.036452 0.982023 0.047127
0 0.104037 0.075424 0.042386 0.019664
1 0.175673 0.077011 0.089033 0.020697
2 0.349322 0.081482 0.238085 0.022750
2 0.293926 0.101514 0.348870 0.025204
2 0.293090 0.122755 0.348870 0.025204
2 0.292254 0.143996 0.348870 0.025204
2 0.228112 0.163835 0.222259 0.022400
0 0.099536 0.189749 0.042386 0.019664
1 0.176169 0.191447 0.099028 0.020919
2 0.354817 0.196029 0.238085 0.022750
2 0.241946 0.214788 0.253912 0.023101
0 0.118195 0.245187 0.084035 0.020587
1 0.188165 0.246736 0.044052 0.019701
2 0.347238 0.250885 0.253912 0.023101
2 0.136909 0.267486 0.048168 0.018544
0 0.101185 0.296082 0.054048 0.019923
1 0.151163 0.297189 0.034057 0.019480
2 0.234019 0.299649 0.111474 0.019946
0 0.104586 0.326171 0.063211 0.020125
1 0.181635 0.327877 0.079037 0.020476
2 0.350287 0.332238 0.238085 0.022750
2 0.212844 0.350453 0.206432 0.022049
0 0.102642 0.375524 0.063211 0.020125
1 0.177610 0.377184 0.074872 0.020384
2 0.344179 0.381499 0.238085 0.022750
2 0.123855 0.397879 0.032342 0.018193
0 0.100773 0.423003 0.063211 0.020125
1 0.161580 0.424350 0.046551 0.019756
2 0.250683 0.426949 0.111474 0.019946
0 0.095036 0.452264 0.054048 0.019923
1 0.150012 0.453482 0.044052 0.019701
2 0.324911 0.457981 0.285565 0.023802
2 0.279094 0.478225 0.348870 0.025204
2 0.283256 0.499577 0.358866 0.025425
2 0.277421 0.520707 0.348870 0.025204
2 0.276585 0.541947 0.348870 0.025204
2 0.164964 0.560735 0.127300 0.020296
0 0.094156 0.591055 0.063211 0.020125
1 0.153297 0.592365 0.043219 0.019683
2 0.319867 0.596679 0.269738 0.023451
2 0.273633 0.616915 0.348870 0.025204
2 0.272797 0.638155 0.348870 0.025204
2 0.276959 0.659507 0.358866 0.025425
2 0.184079 0.678709 0.174780 0.021348
0 0.100067 0.705611 0.084035 0.020587
1 0.170453 0.707170 0.044885 0.019720
2 0.329942 0.711327 0.253912 0.023101
2 0.237479 0.730539 0.285565 0.023802
0 0.087417 0.762231 0.063211 0.020125
1 0.165299 0.763955 0.080703 0.020513
2 0.334784 0.768334 0.238085 0.022750
2 0.266894 0.788090 0.348870 0.025204
2 0.266057 0.809331 0.348870 0.025204
2 0.265221 0.830572 0.348870 0.025204
2 0.264385 0.851812 0.348870 0.025204
2 0.208156 0.871826 0.238085 0.022750
0 0.591325 0.086216 0.084035 0.020587
1 0.669207 0.087941 0.059879 0.020052
2 0.825365 0.092025 0.232254 0.022621
2 0.662516 0.109678 0.153122 0.020868
0 0.578871 0.137838 0.063211 0.020125
1 0.659253 0.139618 0.085701 0.020624
2 0.823323 0.143877 0.222259 0.022400
2 0.758348 0.163698 0.348870 0.025204
2 0.757512 0.184938 0.348870 0.025204
2 0.701283 0.204952 0.238085 0.022750
0 0.560040 0.234964 0.033224 0.019461
1 0.612101 0.236117 0.059046 0.020033
2 0.794497 0.240782 0.285565 0.023802
2 0.588333 0.257475 0.016515 0.017843
0 0.562752 0.282544 0.042386 0.019664
1 0.628557 0.284002 0.077371 0.020439
2 0.804289 0.288519 0.253912 0.023101
2 0.757639 0.308745 0.358866 0.025425
2 0.735979 0.329525 0.317217 0.024503
0 0.580576 0.359222 0.084035 0.020587
1 0.655126 0.360874 0.053215 0.019904
2 0.810867 0.364948 0.238085 0.022750
2 0.591376 0.381346 0.032342 0.018193
0 0.557685 0.411238 0.042386 0.019664
1 0.615993 0.412530 0.062378 0.020107
2 0.792142 0.417056 0.269738 0.023451
2 0.636789 0.434875 0.127300 0.020296
0 0.566056 0.463321 0.063211 0.020125
1 0.631444 0.464770 0.055714 0.019959
0 0.575312 0.492914 0.084035 0.020587
1 0.650279 0.494574 0.054048 0.019923
2 0.806436 0.498658 0.238085 0.022750
2 0.594026 0.515213 0.048168 0.018544
0 0.552470 0.543681 0.042386 0.019664
1 0.623689 0.545258 0.088200 0.020679
2 0.804836 0.549895 0.253912 0.023101
2 0.742360 0.569771 0.348870 0.025204
2 0.741523 0.591011 0.348870 0.025204
2 0.740687 0.612252 0.348870 0.025204
2 0.652805 0.631565 0.174780 0.021348
0 0.568843 0.657218 0.084035 0.020587
1 0.644226 0.658887 0.054881 0.019941
2 0.800800 0.662980 0.238085 0.022750
0 0.546764 0.688617 0.042386 0.019664
1 0.597991 0.689752 0.048217 0.019793
2 0.772058 0.694232 0.279734 0.023672
2 0.610042 0.711903 0.095647 0.019595
0 0.544722 0.740470 0.042386 0.019664
1 0.618024 0.742093 0.092365 0.020771
2 0.793339 0.746601 0.238085 0.022750
2 0.734611 0.766560 0.348870 0.025204
2 0.733775 0.787801 0.348870 0.025204
2 0.732939 0.809041 0.348870 0.025204
2 0.732103 0.830282 0.348870 0.025204
2 0.731266 0.851523 0.348870 0.025204
2 0.735428 0.872874 0.358866 0.025425
2 0.697941 0.893303 0.285565 0.023802
