3 0.491843 0.037042 0.983687 0.045129
0 0.072769 0.092832 0.042323 0.019582
1 0.129415 0.091691 0.058984 0.019918
2 0.303958 0.088800 0.269696 0.022914
2 0.106040 0.114045 0.032282 0.018131
0 0.095385 0.142394 0.083975 0.020421
1 0.170774 0.140876 0.054818 0.019834
0 0.075610 0.172178 0.042323 0.019582
1 0.124343 0.171197 0.043156 0.019599
2 0.298886 0.168306 0.285524 0.023233
2 0.100968 0.193550 0.016454 0.017813
0 0.077468 0.224035 0.042323 0.019582
1 0.150775 0.222558 0.092305 0.020589
2 0.326150 0.219650 0.238041 0.022277
2 0.269015 0.242059 0.348834 0.024509
2 0.269776 0.263301 0.348834 0.024509
2 0.270537 0.284543 0.348834 0.024509
2 0.271298 0.305786 0.348834 0.024509
2 0.269143 0.327087 0.343003 0.024391
0 0.103239 0.361690 0.083975 0.020421
1 0.181127 0.360121 0.059817 0.019935
0 0.083420 0.390225 0.042323 0.019582
1 0.139233 0.389100 0.057318 0.019884
2 0.281287 0.386864 0.206386 0.021639
0 0.105476 0.424168 0.083975 0.020421
1 0.194194 0.422380 0.081475 0.020371
2 0.348328 0.419901 0.206386 0.021639
2 0.276198 0.442611 0.348834 0.024509
2 0.250302 0.464391 0.295520 0.023434
0 0.087112 0.493312 0.042323 0.019582
1 0.137510 0.492297 0.046488 0.019666
0 0.098487 0.519968 0.063149 0.020002
1 0.159715 0.518735 0.047321 0.019683
2 0.280943 0.516918 0.174730 0.021001
0 0.089014 0.546418 0.042323 0.019582
1 0.155240 0.545084 0.078143 0.020304
2 0.331449 0.542160 0.253869 0.022595
2 0.185596 0.566356 0.158903 0.020682
0 0.101373 0.600564 0.063149 0.020002
1 0.163018 0.599322 0.048154 0.019700
2 0.332146 0.596540 0.269696 0.022914
2 0.155887 0.621349 0.095592 0.019407
0 0.113711 0.654085 0.083975 0.020421
1 0.212841 0.652088 0.102301 0.020791
2 0.353646 0.649876 0.158903 0.020682
0 0.114673 0.680950 0.083975 0.020421
1 0.186314 0.679507 0.047321 0.019683
0 0.094921 0.711359 0.042323 0.019582
1 0.155316 0.710142 0.066481 0.020069
2 0.330692 0.707234 0.263865 0.022797
2 0.286469 0.729383 0.348834 0.024509
2 0.287229 0.750625 0.348834 0.024509
2 0.287990 0.771868 0.348834 0.024509
2 0.288751 0.793110 0.348834 0.024509
2 0.289512 0.814352 0.348834 0.024509
2 0.290272 0.835595 0.348834 0.024509
2 0.188154 0.858909 0.143075 0.020363
0 0.122124 0.889000 0.083975 0.020421
1 0.203761 0.887355 0.067314 0.020086
2 0.358728 0.884859 0.222213 0.021958
2 0.292846 0.907444 0.348834 0.024509
2 0.298605 0.928585 0.358831 0.024710
2 0.294367 0.949928 0.348834 0.024509
2 0.215990 0.972765 0.190558 0.021320
0 0.549680 0.083224 0.063149 0.020002
1 0.620904 0.081789 0.067314 0.020086
0 0.550732 0.112589 0.063149 0.020002
1 0.619457 0.111204 0.062316 0.019985
2 0.787752 0.108439 0.253869 0.022595
2 0.731867 0.130822 0.348834 0.024509
2 0.732627 0.152065 0.348834 0.024509
2 0.733388 0.173307 0.348834 0.024509
2 0.734149 0.194550 0.348834 0.024509
0 0.544302 0.224008 0.042323 0.019582
1 0.622607 0.222431 0.102301 0.020791
2 0.802981 0.219422 0.238041 0.022277
2 0.585487 0.245062 0.048109 0.018450
0 0.567164 0.280443 0.083975 0.020421
1 0.634223 0.279092 0.038158 0.019498
2 0.782525 0.276730 0.238041 0.022277
0 0.568104 0.306684 0.083975 0.020421
1 0.652656 0.304980 0.073145 0.020203
2 0.802625 0.302584 0.206386 0.021639
0 0.558854 0.339382 0.063149 0.020002
1 0.625913 0.338031 0.058984 0.019918
2 0.792542 0.335299 0.253869 0.022595
2 0.668765 0.359051 0.206386 0.021639
0 0.571124 0.391028 0.083975 0.020421
1 0.663174 0.389174 0.088140 0.020505
2 0.820640 0.386627 0.206386 0.021639
2 0.646880 0.411385 0.158903 0.020682
0 0.552021 0.439556 0.042323 0.019582
1 0.599504 0.438599 0.040657 0.019549
2 0.780711 0.435574 0.301351 0.023552
2 0.577379 0.460928 0.016454 0.017813
0 0.574749 0.492242 0.083975 0.020421
1 0.655137 0.490622 0.064815 0.020035
2 0.808854 0.488151 0.222213 0.021958
2 0.650505 0.512599 0.158903 0.020682
0 0.555892 0.547642 0.042323 0.019582
1 0.609207 0.546568 0.052319 0.019784
2 0.788331 0.543584 0.285524 0.023233
2 0.597078 0.568695 0.048109 0.018450
0 0.568207 0.600538 0.063149 0.020002
1 0.647762 0.598935 0.083975 0.020421
2 0.811059 0.596271 0.222213 0.021958
2 0.662290 0.620525 0.174730 0.021001
0 0.570176 0.655518 0.063149 0.020002
1 0.638485 0.654142 0.061483 0.019968
2 0.806364 0.651385 0.253869 0.022595
0 0.571116 0.681758 0.063149 0.020002
1 0.649838 0.680172 0.082308 0.020388
2 0.820215 0.677365 0.238041 0.022277
2 0.752251 0.699992 0.348834 0.024509
2 0.753012 0.721235 0.348834 0.024509
2 0.758771 0.742376 0.358831 0.024710
2 0.754533 0.763719 0.348834 0.024509
2 0.755294 0.784962 0.348834 0.024509
2 0.645261 0.808436 0.127248 0.020045
0 0.566297 0.838162 0.042323 0.019582
1 0.632940 0.836819 0.078976 0.020321
2 0.809565 0.833886 0.253869 0.022595
2 0.762843 0.856085 0.358831 0.024710
2 0.758606 0.877428 0.348834 0.024509
2 0.764365 0.898570 0.358831 0.024710
2 0.712644 0.920869 0.253869 0.022595
