3 0.492152 0.032653 0.984303 0.044194
0 0.083860 0.092232 0.063120 0.019944
1 0.160502 0.090760 0.078115 0.020232
2 0.328801 0.088152 0.238020 0.022055
2 0.114597 0.113524 0.048082 0.018406
0 0.096001 0.142641 0.083946 0.020344
1 0.195136 0.140736 0.102273 0.020696
2 0.351772 0.138353 0.190535 0.021143
2 0.266692 0.161244 0.348817 0.024183
2 0.267418 0.182487 0.348817 0.024183
2 0.101948 0.206923 0.016426 0.017798
0 0.088959 0.241558 0.063120 0.019944
1 0.151439 0.240358 0.049791 0.019688
2 0.321404 0.237718 0.269676 0.022663
2 0.270064 0.259962 0.348817 0.024183
2 0.270789 0.281205 0.348817 0.024183
2 0.276513 0.302352 0.358813 0.024375
2 0.272240 0.323691 0.348817 0.024183
2 0.272965 0.344934 0.348817 0.024183
2 0.273691 0.366177 0.348817 0.024183
2 0.274416 0.387420 0.348817 0.024183
2 0.227657 0.409575 0.253848 0.022359
0 0.106328 0.445041 0.083946 0.020344
1 0.196715 0.443305 0.084779 0.020360
2 0.352519 0.440938 0.206363 0.021447
2 0.213707 0.464861 0.222191 0.021751
0 0.087166 0.494176 0.042293 0.019544
1 0.141315 0.493135 0.053956 0.019768
2 0.297535 0.490760 0.238020 0.022055
0 0.098689 0.526465 0.063120 0.019944
1 0.180745 0.524889 0.088944 0.020440
2 0.346545 0.522329 0.222191 0.021751
2 0.181908 0.546748 0.153047 0.020423
0 0.089982 0.576648 0.042293 0.019544
1 0.140799 0.575672 0.047291 0.019640
2 0.317429 0.572905 0.285504 0.022967
2 0.281500 0.594852 0.348817 0.024183
2 0.287224 0.615999 0.358813 0.024375
2 0.287949 0.637242 0.358813 0.024375
2 0.169963 0.660765 0.121391 0.019815
0 0.104236 0.688912 0.063120 0.019944
1 0.173380 0.687583 0.063120 0.019944
2 0.286697 0.686032 0.143051 0.020231
0 0.111091 0.718790 0.074782 0.020168
1 0.196897 0.717142 0.084779 0.020360
0 0.116612 0.746193 0.083946 0.020344
1 0.192004 0.744745 0.054789 0.019784
2 0.348641 0.742361 0.238020 0.022055
2 0.184420 0.766772 0.143051 0.020231
0 0.097706 0.802824 0.042293 0.019544
1 0.161018 0.801608 0.072283 0.020120
2 0.342230 0.798753 0.269676 0.022663
2 0.289223 0.821028 0.348817 0.024183
2 0.289949 0.842271 0.348817 0.024183
2 0.203619 0.865186 0.174707 0.020839
0 0.100906 0.896544 0.042293 0.019544
1 0.150057 0.895599 0.043959 0.019576
2 0.325021 0.892864 0.285504 0.022967
2 0.292424 0.914747 0.348817 0.024183
2 0.293149 0.935990 0.348817 0.024183
2 0.293875 0.957233 0.348817 0.024183
2 0.294600 0.978476 0.348817 0.024183
2 0.295326 0.993814 0.348817 0.012372
0 0.560787 0.083071 0.083946 0.020344
1 0.652840 0.081303 0.088111 0.020424
2 0.810310 0.078903 0.206363 0.021447
2 0.676079 0.102739 0.238020 0.022055
0 0.562729 0.139927 0.083946 0.020344
1 0.652699 0.138199 0.083946 0.020344
2 0.808086 0.135840 0.206363 0.021447
2 0.733420 0.158531 0.348817 0.024183
2 0.734145 0.179774 0.348817 0.024183
2 0.734870 0.201017 0.348817 0.024183
2 0.735596 0.222260 0.348817 0.024183
2 0.641352 0.245327 0.158879 0.020535
0 0.556881 0.273834 0.063120 0.019944
1 0.622276 0.272577 0.055622 0.019800
2 0.787244 0.270034 0.253848 0.022359
2 0.611360 0.294669 0.095566 0.019318
0 0.548367 0.329640 0.042293 0.019544
1 0.618760 0.328288 0.086445 0.020392
2 0.799139 0.325449 0.253848 0.022359
2 0.644916 0.349668 0.158879 0.020535
0 0.550138 0.381498 0.042293 0.019544
1 0.605120 0.380442 0.055622 0.019800
2 0.785915 0.377595 0.285504 0.022967
2 0.583374 0.402742 0.032254 0.018102
0 0.551781 0.429608 0.042293 0.019544
1 0.602597 0.428631 0.047291 0.019640
2 0.779227 0.425864 0.285504 0.022967
2 0.632501 0.449939 0.127223 0.019927
0 0.574549 0.486064 0.083946 0.020344
1 0.653689 0.484544 0.062287 0.019928
2 0.774504 0.482848 0.158879 0.020535
0 0.550058 0.513418 0.033129 0.019368
1 0.602541 0.512410 0.059787 0.019880
2 0.785419 0.509522 0.285504 0.022967
2 0.746157 0.531534 0.348817 0.024183
2 0.746883 0.552777 0.348817 0.024183
2 0.747608 0.574020 0.348817 0.024183
2 0.748333 0.595263 0.348817 0.024183
2 0.749059 0.616506 0.348817 0.024183
2 0.718128 0.638357 0.285504 0.022967
0 0.580843 0.670378 0.083946 0.020344
1 0.663732 0.668786 0.069784 0.020072
0 0.571475 0.701193 0.063120 0.019944
1 0.644368 0.699793 0.070617 0.020088
2 0.808919 0.697258 0.238020 0.022055
2 0.752579 0.719597 0.348817 0.024183
2 0.753305 0.740840 0.348817 0.024183
2 0.754030 0.762083 0.348817 0.024183
2 0.754756 0.783326 0.348817 0.024183
2 0.760479 0.804473 0.358813 0.024375
2 0.669152 0.827484 0.174707 0.020839
0 0.587436 0.863440 0.083946 0.020344
1 0.677406 0.861712 0.083946 0.020344
2 0.832793 0.859352 0.206363 0.021447
2 0.758127 0.882044 0.348817 0.024183
2 0.758852 0.903287 0.348817 0.024183
2 0.625038 0.927114 0.079738 0.019014
