3 0.496016 0.036915 0.992031 0.034891
0 0.090642 0.088389 0.062824 0.019367
1 0.173968 0.087565 0.091155 0.019647
2 0.333132 0.086615 0.206123 0.019535
0 0.080743 0.117864 0.041993 0.019161
1 0.142821 0.117250 0.069490 0.019433
2 0.322816 0.116094 0.269451 0.020161
2 0.271944 0.137850 0.348611 0.020945
2 0.272318 0.159098 0.348611 0.020945
2 0.272692 0.180346 0.348611 0.020945
2 0.162242 0.202691 0.126963 0.018752
0 0.103597 0.232648 0.083656 0.019573
1 0.194006 0.231754 0.084489 0.019581
2 0.349836 0.230837 0.206123 0.019535
2 0.273967 0.252840 0.348611 0.020945
2 0.274340 0.274088 0.348611 0.020945
2 0.155975 0.296511 0.111131 0.018595
0 0.094929 0.332118 0.062824 0.019367
1 0.154507 0.331528 0.043659 0.019177
2 0.321587 0.330500 0.269451 0.020161
2 0.275715 0.352206 0.348611 0.020945
2 0.276088 0.373454 0.348611 0.020945
2 0.276462 0.394702 0.348611 0.020945
2 0.213508 0.416577 0.221955 0.019691
0 0.096951 0.447108 0.062824 0.019367
1 0.160279 0.446481 0.051159 0.019251
2 0.331109 0.445416 0.269451 0.020161
2 0.277737 0.467196 0.348611 0.020945
2 0.278111 0.488444 0.348611 0.020945
2 0.278485 0.509692 0.348611 0.020945
2 0.168035 0.532037 0.126963 0.018752
0 0.109357 0.560120 0.083656 0.019573
1 0.183517 0.559386 0.051992 0.019260
0 0.109884 0.590117 0.083656 0.019573
1 0.186961 0.589355 0.057825 0.019317
0 0.110456 0.622614 0.083656 0.019573
1 0.184616 0.621881 0.051992 0.019260
2 0.340030 0.620968 0.237787 0.019848
2 0.225414 0.643354 0.237787 0.019848
0 0.111346 0.673235 0.083656 0.019573
1 0.187173 0.672485 0.055325 0.019292
2 0.341337 0.671585 0.231954 0.019790
2 0.281716 0.693426 0.348611 0.020945
2 0.287090 0.714625 0.358610 0.021043
2 0.282464 0.735923 0.348611 0.020945
2 0.284921 0.757150 0.352777 0.020986
2 0.283211 0.778419 0.348611 0.020945
2 0.283585 0.799667 0.348611 0.020945
2 0.244379 0.821307 0.269451 0.020161
0 0.104096 0.853322 0.062824 0.019367
1 0.177423 0.852597 0.071157 0.019449
2 0.342420 0.851590 0.237787 0.019848
2 0.142394 0.874820 0.063636 0.018125
0 0.557268 0.083772 0.062824 0.019367
1 0.628928 0.083063 0.067824 0.019416
0 0.547325 0.110748 0.041993 0.019161
1 0.611069 0.110117 0.072823 0.019466
2 0.784815 0.109023 0.253619 0.020005
2 0.738526 0.130733 0.348611 0.020945
2 0.743900 0.151932 0.358610 0.021043
2 0.744273 0.173180 0.358610 0.021043
2 0.739647 0.194478 0.348611 0.020945
2 0.740021 0.215726 0.348611 0.020945
2 0.677067 0.237600 0.221955 0.019691
0 0.550051 0.265734 0.041993 0.019161
1 0.615045 0.265091 0.075323 0.019490
2 0.790041 0.263985 0.253619 0.020005
2 0.677925 0.286346 0.221955 0.019691
0 0.561423 0.320002 0.062824 0.019367
1 0.622251 0.319400 0.046159 0.019202
2 0.790581 0.318360 0.269451 0.020161
2 0.655133 0.340951 0.174459 0.019221
0 0.572707 0.369269 0.083656 0.019573
1 0.665616 0.368350 0.089489 0.019630
2 0.823946 0.367409 0.206123 0.019535
2 0.703497 0.389852 0.269451 0.020161
0 0.563281 0.425617 0.062824 0.019367
1 0.625775 0.424999 0.049492 0.019235
2 0.795771 0.423942 0.269451 0.020161
2 0.577831 0.447350 0.016140 0.017655
0 0.564127 0.473738 0.062824 0.019367
1 0.647036 0.472918 0.090322 0.019639
2 0.810783 0.471923 0.216122 0.019634
2 0.639089 0.494874 0.136963 0.018851
0 0.575532 0.529880 0.083656 0.019573
1 0.656775 0.529077 0.066157 0.019400
0 0.565688 0.562481 0.062824 0.019367
1 0.646931 0.561677 0.086989 0.019606
2 0.811927 0.560669 0.221955 0.019691
2 0.746474 0.582569 0.348611 0.020945
2 0.746847 0.603817 0.348611 0.020945
2 0.747221 0.625065 0.348611 0.020945
2 0.747595 0.646313 0.348611 0.020945
2 0.747969 0.667561 0.348611 0.020945
2 0.748342 0.688810 0.348611 0.020945
2 0.748716 0.710058 0.348611 0.020945
2 0.654098 0.732246 0.158627 0.019065
0 0.569172 0.760588 0.062824 0.019367
1 0.646249 0.759826 0.078656 0.019523
2 0.814995 0.758781 0.237787 0.019848
2 0.749958 0.780677 0.348611 0.020945
2 0.755331 0.801875 0.358610 0.021043
2 0.755705 0.823123 0.358610 0.021043
2 0.751079 0.844421 0.348611 0.020945
2 0.624797 0.866922 0.095300 0.018438
