0 0.26666666666666666 0.144375 0.4 0.13875
0 0.26666666666666666 0.265 0.4 0.0675
0 0.26666666666666666 0.37375 0.4 0.115
0 0.26666666666666666 0.50625 0.4 0.115
0 0.26666666666666666 0.603125 0.4 0.04375
0 0.26666666666666666 0.7 0.4 0.115
0 0.26666666666666666 0.796875 0.4 0.04375
0 0.26666666666666666 0.87 0.4 0.0675
0 0.7333333333333333 0.144375 0.4 0.13875
0 0.7333333333333333 0.253125 0.4 0.04375
0 0.7333333333333333 0.314375 0.4 0.04375
0 0.7333333333333333 0.435 0.4 0.1625
0 0.7333333333333333 0.555625 0.4 0.04375
0 0.7333333333333333 0.616875 0.4 0.04375
0 0.7333333333333333 0.725625 0.4 0.13875
0 0.7333333333333333 0.834375 0.4 0.04375
0 0.7333333333333333 0.895625 0.4 0.04375
