1 0.097773 0.078749 0.042120 0.019322
2 0.163179 0.079653 0.076281 0.019794
3 0.306889 0.082263 0.190397 0.020121
0 0.276894 0.081848 0.407150 0.028112
1 0.117851 0.109657 0.083779 0.019898
2 0.193671 0.110704 0.055451 0.019506
3 0.347797 0.113458 0.232057 0.020696
3 0.287285 0.133876 0.348704 0.022307
3 0.286764 0.155122 0.348704 0.022307
3 0.286242 0.176368 0.348704 0.022307
3 0.151160 0.195756 0.079583 0.018590
0 0.275099 0.154961 0.409237 0.113097
1 0.115059 0.223388 0.083779 0.019898
2 0.194628 0.224487 0.062950 0.019610
3 0.307927 0.226676 0.142905 0.019465
0 0.273350 0.226199 0.407150 0.028112
1 0.103861 0.255113 0.062950 0.019610
2 0.173849 0.256080 0.064616 0.019633
3 0.343389 0.259047 0.253720 0.020995
3 0.133319 0.277399 0.047922 0.018153
0 0.272306 0.268692 0.407672 0.049358
1 0.102588 0.306980 0.062950 0.019610
2 0.186324 0.308136 0.092111 0.020013
3 0.353780 0.311074 0.222059 0.020558
0 0.271294 0.309935 0.407150 0.028112
1 0.112358 0.333369 0.083779 0.019898
2 0.202760 0.334617 0.084613 0.019909
0 0.270649 0.336180 0.407150 0.028112
1 0.090853 0.360577 0.042120 0.019322
2 0.165841 0.361612 0.095444 0.020059
3 0.342879 0.364682 0.237889 0.020777
3 0.281117 0.385083 0.348704 0.022307
3 0.282679 0.406358 0.352870 0.022365
3 0.193005 0.426373 0.174567 0.019902
0 0.269192 0.395545 0.408715 0.091851
1 0.088629 0.451186 0.042120 0.019322
2 0.159867 0.452170 0.087945 0.019955
3 0.341070 0.455298 0.253720 0.020995
3 0.152247 0.473944 0.095413 0.018809
0 0.267489 0.464908 0.407672 0.049358
1 0.087324 0.504302 0.042120 0.019322
2 0.143565 0.505079 0.057951 0.019541
3 0.322686 0.508178 0.279549 0.021352
3 0.230096 0.528153 0.253720 0.020995
0 0.266185 0.518024 0.407672 0.049358
1 0.096481 0.555687 0.062950 0.019610
2 0.182717 0.556878 0.097111 0.020082
3 0.352672 0.559851 0.222059 0.020558
3 0.276330 0.580050 0.348704 0.022307
3 0.280808 0.601365 0.358702 0.022445
3 0.275287 0.622543 0.348704 0.022307
3 0.243104 0.643352 0.285381 0.021433
0 0.264144 0.601135 0.409237 0.113097
1 0.083197 0.672399 0.042120 0.019322
2 0.148186 0.673296 0.075448 0.019782
3 0.283565 0.675791 0.174567 0.019902
0 0.262318 0.675498 0.407150 0.028112
1 0.092784 0.706287 0.062950 0.019610
2 0.169437 0.707346 0.077947 0.019817
3 0.337727 0.710295 0.237889 0.020777
3 0.138072 0.728791 0.079583 0.018590
0 0.261229 0.719865 0.407672 0.049358
1 0.081141 0.756135 0.042120 0.019322
2 0.139881 0.756946 0.062950 0.019610
3 0.316503 0.760010 0.269551 0.021214
3 0.121014 0.778564 0.047922 0.018153
0 0.260001 0.769857 0.407672 0.049358
1 0.090313 0.806895 0.062950 0.019610
2 0.169467 0.807988 0.082946 0.019886
3 0.340256 0.810972 0.237889 0.020777
3 0.270162 0.831257 0.348704 0.022307
3 0.269641 0.852504 0.348704 0.022307
3 0.269119 0.873750 0.348704 0.022307
3 0.268597 0.894997 0.348704 0.022307
3 0.268076 0.916243 0.348704 0.022307
3 0.272553 0.937558 0.358702 0.022445
3 0.272032 0.958805 0.358702 0.022445
3 0.250680 0.979764 0.317043 0.021870
0 0.256933 0.894835 0.411323 0.198083
1 0.574775 0.085337 0.062950 0.019610
2 0.639348 0.086229 0.053785 0.019483
3 0.803471 0.089121 0.253720 0.020995
3 0.754625 0.109700 0.348704 0.022307
3 0.754103 0.130946 0.348704 0.022307
3 0.753581 0.152193 0.348704 0.022307
3 0.615583 0.171540 0.073751 0.018510
0 0.742438 0.130785 0.409237 0.113097
1 0.561461 0.203298 0.042120 0.019322
2 0.612702 0.204006 0.047952 0.019403
3 0.789740 0.207076 0.285381 0.021433
3 0.751725 0.227805 0.348704 0.022307
3 0.751203 0.249051 0.348704 0.022307
3 0.742766 0.270188 0.332873 0.022088
0 0.739799 0.238267 0.408715 0.091851
1 0.559190 0.295783 0.042120 0.019322
2 0.629595 0.296755 0.086279 0.019932
3 0.770389 0.299325 0.174567 0.019902
0 0.738311 0.298882 0.407150 0.028112
1 0.568853 0.326546 0.062950 0.019610
2 0.642591 0.327565 0.072115 0.019736
3 0.807964 0.330474 0.237889 0.020777
3 0.582480 0.348613 0.016260 0.017716
0 0.737298 0.340125 0.407672 0.049358
1 0.567534 0.380287 0.062950 0.019610
2 0.645020 0.381357 0.079614 0.019840
3 0.798312 0.384100 0.206228 0.020339
0 0.736240 0.383242 0.407150 0.028112
1 0.556321 0.412638 0.042120 0.019322
2 0.627142 0.413616 0.087112 0.019944
3 0.776268 0.416301 0.190397 0.020121
0 0.735442 0.415737 0.407150 0.028112
1 0.565969 0.444026 0.062950 0.019610
2 0.636790 0.445005 0.066282 0.019656
3 0.799247 0.447873 0.237889 0.020777
0 0.734675 0.446982 0.407150 0.028112
1 0.565109 0.479021 0.062950 0.019610
2 0.632598 0.479953 0.059617 0.019564
3 0.799638 0.482885 0.253720 0.020995
3 0.744958 0.503383 0.348704 0.022307
3 0.744437 0.524630 0.348704 0.022307
3 0.743915 0.545876 0.348704 0.022307
3 0.748393 0.567191 0.358702 0.022445
3 0.747871 0.588438 0.358702 0.022445
3 0.742350 0.609615 0.348704 0.022307
3 0.718083 0.630534 0.301212 0.021651
0 0.731990 0.556338 0.410802 0.176836
1 0.560813 0.653991 0.062950 0.019610
2 0.627885 0.654917 0.058784 0.019552
0 0.729519 0.656946 0.407150 0.028112
1 0.570354 0.689754 0.083779 0.019898
2 0.654923 0.690922 0.072948 0.019748
3 0.812797 0.693727 0.222059 0.020558
3 0.739788 0.713972 0.348704 0.022307
3 0.739266 0.735219 0.348704 0.022307
3 0.738745 0.756465 0.348704 0.022307
3 0.740306 0.777740 0.352870 0.022365
3 0.737701 0.798958 0.348704 0.022307
3 0.578873 0.818018 0.032091 0.017934
0 0.727080 0.756304 0.410280 0.155590
1 0.556072 0.847083 0.062950 0.019610
2 0.624394 0.848027 0.061283 0.019587
3 0.789351 0.850930 0.247888 0.020915
3 0.735921 0.871446 0.348704 0.022307
3 0.735400 0.892692 0.348704 0.022307
3 0.734878 0.913939 0.348704 0.022307
3 0.702695 0.934748 0.285381 0.021433
0 0.723735 0.892531 0.409237 0.113097
