3 0.489732 0.032135 0.979463 0.049997
0 0.069249 0.094923 0.042477 0.019782
1 0.132131 0.093350 0.071628 0.020511
2 0.312891 0.089451 0.269795 0.024222
2 0.150177 0.114785 0.127374 0.020658
0 0.081828 0.143385 0.063299 0.020303
1 0.148041 0.141728 0.057469 0.020157
2 0.313810 0.138206 0.253971 0.023826
2 0.096959 0.164894 0.016603 0.017886
0 0.094767 0.199968 0.084121 0.020824
1 0.168893 0.198113 0.052472 0.020032
2 0.324251 0.194851 0.238146 0.023430
2 0.099488 0.221737 0.016603 0.017886
0 0.096991 0.249940 0.084121 0.020824
1 0.189439 0.247627 0.089118 0.020949
2 0.347296 0.244302 0.206497 0.022638
2 0.141273 0.270720 0.095725 0.019866
0 0.099325 0.302411 0.084121 0.020824
1 0.185527 0.300254 0.076625 0.020636
2 0.345049 0.296887 0.222321 0.023034
2 0.270203 0.320022 0.348918 0.026202
2 0.276145 0.341135 0.358912 0.026452
2 0.272093 0.362499 0.348918 0.026202
2 0.138529 0.387103 0.079901 0.019470
0 0.083561 0.416619 0.042477 0.019782
1 0.141029 0.415181 0.060800 0.020240
2 0.316376 0.411418 0.269795 0.024222
2 0.164489 0.436481 0.127374 0.020658
0 0.085923 0.469715 0.042477 0.019782
1 0.160465 0.467849 0.094948 0.021095
0 0.097612 0.498188 0.063299 0.020303
1 0.169239 0.496396 0.068296 0.020428
2 0.332509 0.492935 0.238146 0.023430
2 0.191866 0.517717 0.174848 0.021846
0 0.099724 0.545662 0.063299 0.020303
1 0.172184 0.543848 0.069962 0.020469
2 0.312550 0.540961 0.190672 0.022242
0 0.090703 0.577155 0.042477 0.019782
1 0.151502 0.575633 0.067463 0.020407
2 0.330181 0.571787 0.269795 0.024222
2 0.282403 0.594245 0.348918 0.026202
2 0.288345 0.615358 0.358912 0.026452
2 0.284292 0.636721 0.348918 0.026202
2 0.285237 0.657959 0.348918 0.026202
2 0.143761 0.682761 0.064076 0.019074
0 0.096928 0.717077 0.042477 0.019782
1 0.155229 0.715618 0.062466 0.020282
2 0.331408 0.711834 0.269795 0.024222
2 0.288628 0.734167 0.348918 0.026202
2 0.294570 0.755280 0.358912 0.026452
2 0.290517 0.776643 0.348918 0.026202
2 0.291462 0.797881 0.348918 0.026202
2 0.292407 0.819120 0.348918 0.026202
2 0.135107 0.844318 0.032427 0.018282
0 0.114231 0.871730 0.063299 0.020303
1 0.178778 0.870115 0.054137 0.020073
2 0.342881 0.866634 0.253971 0.023826
2 0.129362 0.893239 0.016603 0.017886
0 0.556478 0.082730 0.084121 0.020824
1 0.649343 0.080406 0.089951 0.020970
2 0.807616 0.077071 0.206497 0.022638
2 0.727356 0.100341 0.348918 0.026202
2 0.733298 0.121454 0.358912 0.026452
2 0.729246 0.142818 0.348918 0.026202
2 0.564033 0.168214 0.016603 0.017886
0 0.551236 0.199176 0.063299 0.020303
1 0.626194 0.197300 0.074959 0.020595
2 0.784884 0.193955 0.222321 0.023034
0 0.552765 0.233532 0.063299 0.020303
1 0.630638 0.231583 0.080789 0.020740
2 0.800155 0.227967 0.238146 0.023430
2 0.575808 0.254843 0.032427 0.018282
0 0.565287 0.280745 0.084121 0.020824
1 0.649407 0.278640 0.072460 0.020532
2 0.783111 0.275920 0.174848 0.021846
0 0.556127 0.309115 0.063299 0.020303
1 0.627338 0.307333 0.067463 0.020407
2 0.795189 0.303758 0.248140 0.023680
2 0.737416 0.326466 0.348918 0.026202
2 0.738361 0.347704 0.348918 0.026202
2 0.739306 0.368942 0.348918 0.026202
2 0.582005 0.394140 0.032427 0.018282
0 0.571818 0.427538 0.084121 0.020824
1 0.663017 0.425256 0.086619 0.020886
2 0.819625 0.421963 0.206497 0.022638
0 0.552163 0.454295 0.042477 0.019782
1 0.613379 0.452763 0.068296 0.020428
2 0.792474 0.448907 0.269795 0.024222
2 0.625179 0.474355 0.111550 0.020262
0 0.554414 0.504892 0.042477 0.019782
1 0.617713 0.503308 0.072460 0.020532
2 0.798890 0.499399 0.269795 0.024222
2 0.674904 0.523764 0.206497 0.022638
0 0.577432 0.553718 0.084121 0.020824
1 0.655305 0.551770 0.059967 0.020219
2 0.811496 0.548486 0.232316 0.023284
2 0.621713 0.574497 0.095725 0.019866
0 0.579794 0.606814 0.084121 0.020824
1 0.663081 0.604729 0.070795 0.020490
2 0.803863 0.601832 0.190672 0.022242
0 0.581350 0.641794 0.084121 0.020824
1 0.665053 0.639700 0.071628 0.020511
2 0.822077 0.636395 0.222321 0.023034
2 0.757225 0.659280 0.358912 0.026452
2 0.753173 0.680643 0.348918 0.026202
2 0.714556 0.702872 0.269795 0.024222
0 0.564808 0.738512 0.042477 0.019782
1 0.628939 0.736907 0.074126 0.020574
2 0.723914 0.735156 0.095725 0.019866
0 0.566058 0.766621 0.042477 0.019782
1 0.618113 0.765318 0.049973 0.019969
2 0.795958 0.761493 0.285620 0.024618
2 0.607425 0.787473 0.048252 0.018678
0 0.589131 0.816697 0.084121 0.020824
1 0.676999 0.814498 0.079956 0.020720
2 0.830275 0.811288 0.206497 0.022638
2 0.765006 0.834183 0.358912 0.026452
2 0.760954 0.855546 0.348918 0.026202
2 0.766896 0.876659 0.358912 0.026452
2 0.762844 0.898022 0.348918 0.026202
2 0.676754 0.921439 0.174848 0.021846
