3 0.505136 0.035066 0.989728 0.037676
0 0.096928 0.079204 0.042083 0.019276
1 0.161919 0.080028 0.075412 0.019698
2 0.336880 0.082872 0.253692 0.020710
2 0.255579 0.103094 0.285354 0.021111
0 0.106075 0.135578 0.062914 0.019540
1 0.167316 0.136355 0.047083 0.019339
0 0.095054 0.162317 0.042083 0.019276
1 0.162961 0.163178 0.081244 0.019772
2 0.340838 0.166059 0.253692 0.020710
2 0.290366 0.186672 0.358677 0.022041
2 0.284888 0.207856 0.348678 0.021914
2 0.289408 0.229166 0.358677 0.022041
2 0.283930 0.250350 0.348678 0.021914
2 0.283451 0.271597 0.348678 0.021914
2 0.203817 0.291840 0.190367 0.019907
0 0.091391 0.324794 0.042083 0.019276
1 0.148050 0.325512 0.058748 0.019487
2 0.322594 0.328351 0.269523 0.020911
2 0.178802 0.347780 0.142874 0.019304
0 0.100736 0.372419 0.062914 0.019540
1 0.180724 0.373433 0.084577 0.019815
2 0.344437 0.376135 0.222029 0.020308
2 0.280633 0.396579 0.348678 0.021914
2 0.280154 0.417826 0.348678 0.021914
2 0.279675 0.439073 0.348678 0.021914
2 0.279196 0.460320 0.348678 0.021914
2 0.278717 0.481566 0.348678 0.021914
0 0.087179 0.511642 0.042083 0.019276
1 0.145504 0.512382 0.062081 0.019529
2 0.305883 0.515041 0.237861 0.020509
0 0.107403 0.538777 0.083744 0.019804
1 0.194474 0.539882 0.077912 0.019730
2 0.354854 0.542541 0.222029 0.020308
2 0.276886 0.562805 0.348678 0.021914
2 0.276407 0.584052 0.348678 0.021914
2 0.212603 0.604496 0.222029 0.020308
0 0.105233 0.635014 0.083744 0.019804
1 0.189805 0.636086 0.072912 0.019667
2 0.347685 0.638713 0.222029 0.020308
2 0.274716 0.659041 0.348678 0.021914
2 0.274237 0.680288 0.348678 0.021914
2 0.170856 0.700230 0.142874 0.019304
0 0.092747 0.726743 0.062914 0.019540
1 0.160238 0.727599 0.059581 0.019498
2 0.324367 0.730306 0.247859 0.020636
2 0.272645 0.750903 0.348678 0.021914
2 0.272166 0.772150 0.348678 0.021914
2 0.276686 0.793460 0.358677 0.022041
2 0.160390 0.813239 0.127043 0.019104
0 0.079669 0.844719 0.042083 0.019276
1 0.136328 0.845438 0.058748 0.019487
2 0.310872 0.848277 0.269523 0.020911
2 0.274981 0.869075 0.358677 0.022041
2 0.269503 0.890258 0.348678 0.021914
2 0.269024 0.911505 0.348678 0.021914
2 0.273544 0.932815 0.358677 0.022041
2 0.268066 0.953999 0.348678 0.021914
2 0.133023 0.973539 0.079550 0.018501
0 0.579776 0.085327 0.074579 0.019688
1 0.660597 0.086352 0.074579 0.019688
2 0.819311 0.088990 0.222029 0.020308
2 0.753841 0.109413 0.348678 0.021914
2 0.753362 0.130660 0.348678 0.021914
2 0.729136 0.151606 0.301185 0.021312
0 0.571788 0.180865 0.062914 0.019540
1 0.641778 0.181752 0.064580 0.019561
0 0.560753 0.208229 0.042083 0.019276
1 0.629493 0.209100 0.082911 0.019793
2 0.784456 0.211691 0.206198 0.020107
0 0.560161 0.234475 0.042083 0.019276
1 0.627651 0.235331 0.080411 0.019762
2 0.802195 0.238169 0.247859 0.020636
2 0.631741 0.257261 0.111212 0.018903
0 0.558921 0.289467 0.042083 0.019276
1 0.614330 0.290170 0.056248 0.019455
2 0.795540 0.293093 0.285354 0.021111
2 0.693825 0.313056 0.237861 0.020509
0 0.568139 0.342717 0.062914 0.019540
1 0.633546 0.343546 0.055415 0.019445
0 0.577821 0.375344 0.083744 0.019804
1 0.661143 0.376401 0.070413 0.019635
2 0.817773 0.379012 0.222029 0.020308
2 0.617739 0.397728 0.089548 0.018628
0 0.576652 0.427212 0.083744 0.019804
1 0.663723 0.428316 0.077912 0.019730
2 0.808271 0.430774 0.190367 0.019907
0 0.565589 0.455825 0.062914 0.019540
1 0.626413 0.456597 0.046249 0.019328
2 0.794708 0.459356 0.269523 0.020911
2 0.745486 0.479985 0.348678 0.021914
2 0.745007 0.501232 0.348678 0.021914
2 0.749528 0.522542 0.358677 0.022041
2 0.744049 0.543726 0.348678 0.021914
2 0.743570 0.564973 0.348678 0.021914
2 0.735176 0.586119 0.332847 0.021714
0 0.561996 0.615178 0.062914 0.019540
1 0.640735 0.616176 0.082078 0.019783
2 0.811113 0.618962 0.237861 0.020509
2 0.646907 0.638133 0.158705 0.019505
0 0.571171 0.670302 0.083744 0.019804
1 0.638662 0.671158 0.038751 0.019233
2 0.795292 0.673769 0.253692 0.020710
2 0.732738 0.694229 0.332847 0.021714
0 0.549256 0.718156 0.042083 0.019276
1 0.614663 0.718985 0.076245 0.019709
2 0.750463 0.721333 0.174536 0.019706
0 0.558967 0.749533 0.062914 0.019540
1 0.625207 0.750373 0.057081 0.019466
2 0.791003 0.753101 0.253692 0.020710
2 0.738864 0.773693 0.348678 0.021914
2 0.738385 0.794940 0.348678 0.021914
2 0.690413 0.815585 0.253692 0.020710
0 0.567283 0.842777 0.083744 0.019804
1 0.657686 0.843924 0.084577 0.019815
2 0.813483 0.846524 0.206198 0.020107
2 0.618032 0.865299 0.111212 0.018903
