1 0.080731 0.088203 0.041970 0.019132
2 0.141976 0.087639 0.067802 0.019370
3 0.310307 0.086715 0.247768 0.019777
0 0.259894 0.087179 0.407004 0.026241
1 0.081232 0.118825 0.041970 0.019132
2 0.129978 0.118377 0.042804 0.019140
3 0.304558 0.117395 0.285265 0.020122
3 0.185332 0.139744 0.174440 0.019102
0 0.260569 0.128426 0.407352 0.047490
1 0.102871 0.168005 0.083634 0.019516
2 0.202864 0.167085 0.103632 0.019700
3 0.360362 0.166260 0.190272 0.019247
3 0.194056 0.189042 0.190272 0.019247
0 0.261377 0.177797 0.407352 0.047490
1 0.103781 0.223626 0.083634 0.019516
2 0.185859 0.222870 0.067802 0.019370
3 0.341274 0.222065 0.221936 0.019539
3 0.179134 0.244809 0.158608 0.018956
0 0.262287 0.233418 0.407352 0.047490
1 0.104610 0.274247 0.083634 0.019516
2 0.188770 0.273472 0.071968 0.019408
3 0.348352 0.272629 0.226103 0.019577
3 0.179962 0.295430 0.158608 0.018956
0 0.263115 0.284039 0.407352 0.047490
1 0.095012 0.324339 0.062802 0.019324
2 0.158757 0.323752 0.051970 0.019224
3 0.290424 0.323166 0.190272 0.019247
0 0.263760 0.323411 0.407004 0.026241
1 0.106001 0.359241 0.083634 0.019516
2 0.179745 0.358562 0.051136 0.019216
3 0.334744 0.357760 0.237768 0.019685
3 0.276346 0.379549 0.348593 0.020705
3 0.276693 0.400798 0.348593 0.020705
3 0.277041 0.422046 0.348593 0.020705
3 0.277389 0.443295 0.348593 0.020705
3 0.277736 0.464543 0.348593 0.020705
3 0.254336 0.486010 0.301097 0.020267
0 0.265375 0.422154 0.409090 0.153732
1 0.087725 0.515671 0.041970 0.019132
2 0.157720 0.515026 0.085300 0.019531
3 0.306052 0.514286 0.190272 0.019247
0 0.266889 0.514647 0.407004 0.026241
1 0.098714 0.550572 0.062802 0.019324
2 0.179541 0.549828 0.086134 0.019539
3 0.344122 0.548938 0.221936 0.019539
3 0.279475 0.570785 0.348593 0.020705
3 0.279823 0.592033 0.348593 0.020705
3 0.280170 0.613282 0.348593 0.020705
3 0.280518 0.634530 0.348593 0.020705
0 0.268157 0.592141 0.408395 0.111235
1 0.090118 0.661910 0.041970 0.019132
2 0.162613 0.661242 0.090300 0.019577
3 0.342193 0.660214 0.247768 0.019777
3 0.281295 0.682027 0.348593 0.020705
3 0.281643 0.703275 0.348593 0.020705
3 0.281991 0.724523 0.348593 0.020705
3 0.282338 0.745772 0.348593 0.020705
3 0.282686 0.767020 0.348593 0.020705
3 0.285117 0.788249 0.352760 0.020743
3 0.243801 0.809881 0.269433 0.019976
0 0.270499 0.735255 0.409438 0.174980
1 0.093094 0.843771 0.041970 0.019132
2 0.171005 0.843054 0.101133 0.019677
3 0.351002 0.842022 0.237768 0.019685
3 0.149698 0.865127 0.079447 0.018227
0 0.272431 0.853371 0.407352 0.047490
1 0.094014 0.900017 0.041970 0.019132
2 0.146094 0.899537 0.049470 0.019201
3 0.276511 0.898962 0.190272 0.019247
0 0.273178 0.898993 0.407004 0.026241
1 0.557778 0.083812 0.062802 0.019324
2 0.636105 0.083091 0.081134 0.019493
3 0.803186 0.082178 0.231936 0.019631
3 0.738539 0.104025 0.348593 0.020705
3 0.738887 0.125273 0.348593 0.020705
3 0.739234 0.146522 0.348593 0.020705
3 0.636673 0.168717 0.142776 0.018810
0 0.727221 0.125381 0.408395 0.111235
1 0.549264 0.200149 0.041970 0.019132
2 0.608843 0.199601 0.064469 0.019339
3 0.786340 0.198592 0.269433 0.019976
3 0.740441 0.220266 0.348593 0.020705
3 0.740789 0.241514 0.348593 0.020705
3 0.741136 0.262763 0.348593 0.020705
3 0.741484 0.284011 0.348593 0.020705
3 0.741832 0.305260 0.348593 0.020705
3 0.742180 0.326508 0.348593 0.020705
3 0.734611 0.347829 0.332761 0.020559
0 0.729645 0.273494 0.409438 0.174980
1 0.568489 0.381861 0.074468 0.019431
2 0.635984 0.381240 0.047803 0.019186
3 0.797232 0.380380 0.253601 0.019830
3 0.577179 0.403657 0.016118 0.017644
0 0.731577 0.391610 0.407352 0.047490
1 0.553027 0.430132 0.041970 0.019132
2 0.618856 0.429526 0.076968 0.019454
0 0.732191 0.429108 0.407004 0.026241
1 0.553610 0.465754 0.041970 0.019132
2 0.611106 0.465225 0.060302 0.019301
3 0.786520 0.464235 0.269433 0.019976
3 0.744787 0.485871 0.348593 0.020705
3 0.750135 0.507073 0.358593 0.020797
3 0.595077 0.529752 0.047783 0.017936
0 0.733295 0.496603 0.408047 0.089986
1 0.555236 0.565122 0.041970 0.019132
2 0.613149 0.564588 0.061136 0.019308
3 0.793979 0.563549 0.279432 0.020068
3 0.751413 0.585193 0.358593 0.020797
3 0.746761 0.606487 0.348593 0.020705
3 0.752108 0.627689 0.358593 0.020797
3 0.752456 0.648938 0.358593 0.020797
3 0.752804 0.670186 0.358593 0.020797
3 0.581914 0.693011 0.016118 0.017644
0 0.735443 0.627843 0.409090 0.153732
1 0.578737 0.728043 0.083634 0.019516
2 0.658731 0.727306 0.063635 0.019331
3 0.796231 0.726666 0.190272 0.019247
0 0.737069 0.727210 0.407004 0.026241
1 0.579310 0.763040 0.083634 0.019516
2 0.655137 0.762342 0.055303 0.019255
3 0.812219 0.761521 0.237768 0.019685
3 0.717991 0.783640 0.285265 0.020122
0 0.737815 0.772832 0.407352 0.047490
1 0.559368 0.817603 0.041970 0.019132
2 0.633529 0.816920 0.093633 0.019608
3 0.809776 0.815923 0.237768 0.019685
3 0.750545 0.837720 0.348593 0.020705
3 0.750892 0.858968 0.348593 0.020705
3 0.756240 0.880170 0.358593 0.020797
3 0.640763 0.902485 0.126943 0.018664
0 0.739227 0.859075 0.408395 0.111235
