3 0.508401 0.033301 0.983198 0.045558
0 0.123677 0.076476 0.083988 0.020457
1 0.196150 0.077967 0.049001 0.019737
2 0.349819 0.081754 0.238051 0.022378
2 0.245331 0.100862 0.253878 0.022704
0 0.121826 0.127082 0.083988 0.020457
1 0.213875 0.128976 0.088153 0.020543
0 0.110408 0.154357 0.063162 0.020028
1 0.178299 0.155754 0.060663 0.019977
2 0.345713 0.159824 0.253878 0.022704
2 0.266216 0.179446 0.301360 0.023681
0 0.108557 0.204963 0.063162 0.020028
1 0.170617 0.206240 0.049001 0.019737
2 0.316373 0.209864 0.222223 0.022052
0 0.097116 0.232863 0.042337 0.019600
1 0.145431 0.233858 0.042337 0.019600
2 0.324508 0.238167 0.295529 0.023561
2 0.168372 0.256213 0.111432 0.019773
0 0.095151 0.286593 0.042337 0.019600
1 0.153879 0.287802 0.063162 0.020028
0 0.094099 0.315332 0.042337 0.019600
1 0.149495 0.316472 0.056498 0.019891
2 0.259431 0.319359 0.143086 0.020424
0 0.113782 0.346999 0.083988 0.020457
1 0.188338 0.348533 0.053166 0.019823
2 0.344089 0.352363 0.238051 0.022378
2 0.282919 0.372362 0.348842 0.024658
2 0.287140 0.393707 0.358838 0.024863
2 0.262622 0.414461 0.311356 0.023886
0 0.110377 0.440089 0.083988 0.020457
1 0.200344 0.441940 0.083988 0.020457
2 0.360677 0.445864 0.216392 0.021932
2 0.208290 0.463987 0.206396 0.021727
0 0.098091 0.491106 0.063162 0.020028
1 0.172646 0.492640 0.073991 0.020251
2 0.338811 0.496684 0.238051 0.022378
2 0.151021 0.514078 0.095604 0.019447
0 0.096171 0.543586 0.063162 0.020028
1 0.179057 0.545291 0.090652 0.020594
2 0.345638 0.549344 0.222223 0.022052
2 0.164928 0.566884 0.127259 0.020099
0 0.083976 0.592103 0.042337 0.019600
1 0.137289 0.593200 0.052333 0.019806
2 0.316366 0.597510 0.285533 0.023355
2 0.273938 0.617895 0.348842 0.024658
2 0.273161 0.639137 0.348842 0.024658
2 0.177419 0.658425 0.158914 0.020750
0 0.090938 0.686657 0.063162 0.020028
1 0.170491 0.688294 0.083988 0.020457
2 0.333740 0.692278 0.222223 0.022052
2 0.199264 0.710769 0.206396 0.021727
0 0.088973 0.740387 0.063162 0.020028
1 0.157280 0.741792 0.061496 0.019994
2 0.261802 0.744568 0.127259 0.020099
0 0.098151 0.774338 0.083988 0.020457
1 0.187701 0.776181 0.083155 0.020440
2 0.342620 0.779993 0.206396 0.021727
2 0.267288 0.799702 0.348842 0.024658
2 0.271509 0.821046 0.358838 0.024863
2 0.123287 0.839255 0.063949 0.018796
0 0.073944 0.866375 0.042337 0.019600
1 0.128090 0.867489 0.053999 0.019840
2 0.260517 0.870839 0.190568 0.021401
0 0.579756 0.085860 0.063162 0.020028
1 0.635152 0.086999 0.035672 0.019463
2 0.805898 0.091138 0.285533 0.023355
2 0.703909 0.110297 0.238051 0.022378
0 0.567309 0.141249 0.042337 0.019600
1 0.632701 0.142595 0.076490 0.020303
2 0.808029 0.146827 0.253878 0.022704
2 0.757271 0.167041 0.348842 0.024658
2 0.756494 0.188283 0.348842 0.024658
2 0.755717 0.209525 0.348842 0.024658
2 0.754940 0.230767 0.348842 0.024658
2 0.759161 0.252112 0.358838 0.024863
2 0.695075 0.272051 0.232219 0.022258
0 0.582513 0.295370 0.083988 0.020457
1 0.661650 0.296998 0.062329 0.020011
2 0.821983 0.300922 0.238051 0.022378
2 0.751649 0.320733 0.348842 0.024658
2 0.750872 0.341975 0.348842 0.024658
2 0.750095 0.363217 0.348842 0.024658
2 0.754316 0.384562 0.358838 0.024863
2 0.753539 0.405804 0.358838 0.024863
2 0.676541 0.425478 0.206396 0.021727
0 0.556066 0.448634 0.042337 0.019600
1 0.610212 0.449748 0.053999 0.019840
2 0.758467 0.453423 0.222223 0.022052
0 0.554992 0.477998 0.042337 0.019600
1 0.618301 0.479300 0.072325 0.020217
2 0.799460 0.483653 0.269705 0.023029
2 0.744954 0.503789 0.348842 0.024658
2 0.736263 0.524869 0.333015 0.024332
0 0.573075 0.553398 0.083988 0.020457
1 0.650962 0.555001 0.059830 0.019960
2 0.810046 0.558899 0.238051 0.022378
2 0.583938 0.575505 0.032295 0.018145
0 0.550239 0.607949 0.042337 0.019600
1 0.613132 0.609243 0.071492 0.020200
2 0.793874 0.613587 0.269705 0.023029
2 0.692718 0.632764 0.253878 0.022704
0 0.558800 0.658769 0.063162 0.020028
1 0.638770 0.660414 0.084821 0.020474
2 0.802436 0.664407 0.222223 0.022052
2 0.611730 0.681741 0.095604 0.019447
0 0.546605 0.707286 0.042337 0.019600
1 0.613247 0.708658 0.078989 0.020354
2 0.789824 0.712916 0.253878 0.022704
2 0.602034 0.730310 0.079777 0.019122
0 0.565397 0.763319 0.083988 0.020457
1 0.657029 0.765204 0.087320 0.020525
2 0.814030 0.769060 0.206396 0.021727
2 0.607914 0.786077 0.095604 0.019447
0 0.542834 0.810373 0.042337 0.019600
1 0.595731 0.811461 0.051500 0.019788
2 0.774391 0.815762 0.285533 0.023355
2 0.590350 0.833234 0.063949 0.018796
0 0.540983 0.860979 0.042337 0.019600
1 0.594713 0.862084 0.053166 0.019823
0 0.550299 0.891182 0.063162 0.020028
1 0.636100 0.892947 0.096483 0.020714
2 0.805597 0.897060 0.222223 0.022052
2 0.729848 0.916759 0.348842 0.024658
2 0.729071 0.938001 0.348842 0.024658
2 0.733292 0.959346 0.358838 0.024863
2 0.727517 0.980485 0.348842 0.024658
2 0.687172 0.994699 0.269705 0.010602
