0 0.100638 0.082901 0.062622 0.018980
1 0.172304 0.083165 0.067622 0.018998
2 0.335632 0.084391 0.237612 0.018373
2 0.198828 0.105138 0.184279 0.018177
0 0.100283 0.137276 0.062622 0.018980
1 0.188615 0.137601 0.100955 0.019121
0 0.089683 0.165362 0.041789 0.018903
1 0.147182 0.165574 0.060122 0.018970
0 0.089450 0.200987 0.041789 0.018903
1 0.155282 0.201229 0.076788 0.019032
2 0.331109 0.202500 0.253445 0.018431
2 0.280138 0.223563 0.348444 0.018781
2 0.279999 0.244813 0.348444 0.018781
2 0.161111 0.265626 0.110946 0.017907
0 0.099233 0.297899 0.062622 0.018980
1 0.160066 0.298123 0.045955 0.018918
2 0.328393 0.299367 0.269278 0.018490
2 0.144923 0.319942 0.079280 0.017791
0 0.098922 0.345398 0.062622 0.018980
1 0.168088 0.345653 0.062622 0.018980
2 0.333916 0.346887 0.247611 0.018410
0 0.098751 0.371648 0.062622 0.018980
1 0.165000 0.371892 0.056789 0.018958
0 0.098518 0.407273 0.062622 0.018980
1 0.173100 0.407547 0.073455 0.019019
0 0.087869 0.442859 0.041789 0.018903
1 0.144118 0.443066 0.057622 0.018961
2 0.318278 0.444331 0.269278 0.018490
2 0.278557 0.465435 0.348444 0.018781
2 0.278418 0.486685 0.348444 0.018781
2 0.283279 0.507953 0.358443 0.018817
2 0.278140 0.529185 0.348444 0.018781
2 0.111753 0.549823 0.015948 0.017558
0 0.107778 0.584184 0.083455 0.019056
1 0.191944 0.584493 0.071788 0.019013
2 0.349438 0.585697 0.221778 0.018315
2 0.277633 0.606684 0.348444 0.018781
2 0.282494 0.627952 0.358443 0.018817
2 0.253606 0.649096 0.300944 0.018606
0 0.096712 0.683519 0.062622 0.018980
1 0.171711 0.683795 0.074288 0.019022
0 0.106924 0.714807 0.083455 0.019056
1 0.179007 0.715072 0.047622 0.018924
2 0.332334 0.716261 0.237612 0.018373
2 0.118448 0.736725 0.031781 0.017616
0 0.106557 0.771057 0.083455 0.019056
1 0.181972 0.771334 0.054289 0.018949
2 0.338633 0.772535 0.237612 0.018373
2 0.118080 0.792974 0.031781 0.017616
0 0.095826 0.819143 0.062622 0.018980
1 0.174575 0.819432 0.081788 0.019050
2 0.344985 0.820684 0.237612 0.018373
2 0.117766 0.841099 0.031781 0.017616
0 0.085090 0.867854 0.041789 0.018903
1 0.135506 0.868039 0.045955 0.018918
2 0.311750 0.869312 0.285111 0.018548
2 0.164946 0.890023 0.126780 0.017966
0 0.567300 0.084617 0.062622 0.018980
1 0.642715 0.084895 0.075122 0.019026
2 0.786043 0.086047 0.190112 0.018198
0 0.556679 0.115829 0.041789 0.018903
1 0.620845 0.116065 0.073455 0.019019
2 0.795005 0.117330 0.253445 0.018431
0 0.566915 0.143367 0.062622 0.018980
1 0.655664 0.143693 0.101788 0.019124
2 0.820242 0.144923 0.205945 0.018257
2 0.747187 0.165905 0.348444 0.018781
2 0.747048 0.187155 0.348444 0.018781
2 0.746909 0.208404 0.348444 0.018781
2 0.746770 0.229654 0.348444 0.018781
2 0.751631 0.250922 0.358443 0.018817
2 0.735659 0.272114 0.326777 0.018701
0 0.576290 0.302778 0.083455 0.019056
1 0.666706 0.303111 0.084288 0.019059
2 0.822533 0.304309 0.205945 0.018257
2 0.751145 0.325296 0.358443 0.018817
2 0.746006 0.346528 0.348444 0.018781
2 0.745867 0.367777 0.348444 0.018781
2 0.619063 0.388561 0.095113 0.017849
0 0.575526 0.419652 0.083455 0.019056
1 0.652192 0.419934 0.056789 0.018958
2 0.810103 0.421139 0.237612 0.018373
2 0.594966 0.441598 0.047614 0.017674
0 0.575203 0.469026 0.083455 0.019056
1 0.645203 0.469284 0.043455 0.018909
2 0.804363 0.470494 0.253445 0.018431
2 0.610477 0.491031 0.079280 0.017791
0 0.564476 0.516487 0.062622 0.018980
1 0.637392 0.516755 0.070122 0.019007
0 0.564260 0.549612 0.062622 0.018980
1 0.633009 0.549865 0.061788 0.018977
0 0.553619 0.583948 0.041789 0.018903
1 0.616534 0.584180 0.070955 0.019010
2 0.797362 0.585469 0.269278 0.018490
2 0.680974 0.606292 0.221778 0.018315
0 0.563708 0.633986 0.062622 0.018980
1 0.624541 0.634210 0.045955 0.018918
2 0.777035 0.635395 0.237612 0.018373
0 0.573904 0.667774 0.083455 0.019056
1 0.643487 0.668030 0.042622 0.018906
2 0.802231 0.669238 0.253445 0.018431
2 0.748759 0.690292 0.358443 0.018817
2 0.743620 0.711523 0.348444 0.018781
2 0.711815 0.732657 0.285111 0.018548
0 0.552466 0.760196 0.041789 0.018903
1 0.610799 0.760411 0.061788 0.018977
2 0.699961 0.761363 0.095113 0.017849
0 0.552262 0.791446 0.041789 0.018903
1 0.602261 0.791630 0.045122 0.018915
2 0.778089 0.792901 0.285111 0.018548
2 0.742950 0.814022 0.348444 0.018781
2 0.742811 0.835272 0.348444 0.018781
2 0.734756 0.856493 0.332610 0.018722
0 0.551649 0.885195 0.041789 0.018903
1 0.606649 0.885397 0.055122 0.018952
2 0.700393 0.886367 0.110946 0.017907
