1 0.091128 0.088117 0.062803 0.019325
2 0.158623 0.087494 0.059470 0.019295
3 0.325704 0.086577 0.253601 0.019837
3 0.271890 0.108326 0.348594 0.020713
3 0.277238 0.129528 0.358593 0.020806
3 0.272587 0.150822 0.348594 0.020713
3 0.272936 0.172071 0.348594 0.020713
3 0.249536 0.193538 0.301098 0.020275
0 0.260747 0.140306 0.408748 0.132493
1 0.082978 0.226328 0.041971 0.019133
2 0.130891 0.225886 0.041138 0.019125
3 0.304639 0.224907 0.285266 0.020129
3 0.274156 0.246440 0.348594 0.020713
3 0.274505 0.267688 0.348594 0.020713
3 0.274853 0.288937 0.348594 0.020713
3 0.275202 0.310185 0.348594 0.020713
3 0.275551 0.331434 0.348594 0.020713
3 0.275899 0.352682 0.348594 0.020713
3 0.220836 0.374442 0.237769 0.019690
0 0.263362 0.299669 0.409446 0.174990
1 0.085921 0.405689 0.041971 0.019133
2 0.142584 0.405166 0.058637 0.019287
0 0.265085 0.404661 0.407005 0.026251
1 0.086403 0.435062 0.041971 0.019133
2 0.135566 0.434608 0.043638 0.019148
0 0.265567 0.434034 0.407005 0.026251
1 0.097393 0.469963 0.062803 0.019325
2 0.169055 0.469302 0.067803 0.019372
0 0.266141 0.469031 0.407005 0.026251
1 0.087500 0.501932 0.041971 0.019133
2 0.147079 0.501382 0.064469 0.019341
0 0.266664 0.500903 0.407005 0.026251
1 0.087982 0.531305 0.041971 0.019133
2 0.136729 0.530855 0.042804 0.019141
3 0.311309 0.529869 0.285266 0.020129
3 0.284160 0.551371 0.358593 0.020806
3 0.284508 0.572619 0.358593 0.020806
3 0.279857 0.593914 0.348594 0.020713
3 0.285206 0.615116 0.358593 0.020806
3 0.114317 0.637945 0.016119 0.017645
0 0.268017 0.583397 0.408748 0.132493
1 0.100675 0.669948 0.062803 0.019325
2 0.170669 0.669302 0.064469 0.019341
0 0.269422 0.669016 0.407005 0.026251
1 0.101157 0.699321 0.062803 0.019325
2 0.171985 0.698667 0.066136 0.019356
0 0.269904 0.698389 0.407005 0.026251
1 0.112106 0.731722 0.083635 0.019518
2 0.200849 0.730903 0.081135 0.019495
3 0.355014 0.730105 0.206105 0.019398
3 0.282452 0.752027 0.348594 0.020713
3 0.282800 0.773275 0.348594 0.020713
3 0.288149 0.794477 0.358593 0.020806
3 0.283498 0.815772 0.348594 0.020713
3 0.283846 0.837020 0.348594 0.020713
3 0.284195 0.858269 0.348594 0.020713
3 0.173719 0.880540 0.126944 0.018668
0 0.271658 0.805255 0.409446 0.174990
1 0.557759 0.083810 0.062803 0.019325
2 0.621088 0.083226 0.051137 0.019218
3 0.791919 0.082274 0.269433 0.019983
3 0.596032 0.105334 0.063616 0.018083
0 0.726681 0.093502 0.407354 0.047500
1 0.548225 0.137653 0.041971 0.019133
2 0.609054 0.137091 0.066969 0.019364
3 0.787801 0.136066 0.269433 0.019983
3 0.731487 0.157838 0.332762 0.020567
0 0.727563 0.147248 0.407354 0.047500
1 0.569837 0.184957 0.083635 0.019518
2 0.653997 0.184180 0.071969 0.019410
0 0.728168 0.184120 0.407005 0.026251
1 0.570308 0.213704 0.083635 0.019518
2 0.659468 0.212882 0.081968 0.019502
3 0.814050 0.212080 0.206105 0.019398
3 0.637745 0.234959 0.142776 0.018814
0 0.728814 0.223492 0.407354 0.047500
1 0.550399 0.270142 0.041971 0.019133
2 0.619144 0.269508 0.082801 0.019510
3 0.797891 0.268483 0.253601 0.019837
3 0.741577 0.290255 0.348594 0.020713
3 0.741926 0.311503 0.348594 0.020713
3 0.742274 0.332751 0.348594 0.020713
3 0.742623 0.354000 0.348594 0.020713
3 0.742972 0.375248 0.348594 0.020713
3 0.743320 0.396497 0.348594 0.020713
3 0.617012 0.418914 0.095280 0.018375
0 0.730783 0.343483 0.409446 0.174990
1 0.574236 0.453061 0.083635 0.019518
2 0.645897 0.452400 0.046971 0.019179
3 0.798812 0.451614 0.237769 0.019690
3 0.736665 0.473439 0.332762 0.020567
0 0.732741 0.462849 0.407354 0.047500
1 0.564743 0.509403 0.062803 0.019325
2 0.629738 0.508803 0.054470 0.019248
3 0.794319 0.507909 0.253601 0.019837
3 0.745504 0.529612 0.348594 0.020713
3 0.745853 0.550860 0.348594 0.020713
3 0.746202 0.572108 0.348594 0.020713
3 0.746550 0.593357 0.348594 0.020713
3 0.704402 0.614997 0.263601 0.019929
0 0.734362 0.561592 0.408748 0.132493
1 0.577455 0.649296 0.083635 0.019518
2 0.662449 0.648512 0.073635 0.019425
3 0.820780 0.647676 0.221937 0.019544
3 0.605312 0.670916 0.063616 0.018083
0 0.735961 0.659084 0.407354 0.047500
1 0.578255 0.698043 0.083635 0.019518
2 0.663249 0.697258 0.073635 0.019425
3 0.821580 0.696422 0.221937 0.019544
3 0.606112 0.719662 0.063616 0.018083
0 0.736761 0.707831 0.407354 0.047500
1 0.558274 0.750106 0.041971 0.019133
2 0.613270 0.749599 0.055303 0.019256
3 0.794100 0.748555 0.285266 0.020129
3 0.749452 0.770218 0.348594 0.020713
3 0.654808 0.792343 0.158608 0.018960
0 0.737786 0.770326 0.407702 0.068748
1 0.580255 0.819909 0.083635 0.019518
2 0.669415 0.819086 0.081968 0.019502
3 0.823996 0.818284 0.206105 0.019398
3 0.711020 0.840578 0.269433 0.019983
0 0.738761 0.829697 0.407354 0.047500
1 0.560274 0.871972 0.041971 0.019133
2 0.619853 0.871422 0.064469 0.019341
3 0.797350 0.870409 0.269433 0.019983
3 0.751452 0.892084 0.348594 0.020713
3 0.751800 0.913333 0.348594 0.020713
3 0.757149 0.934535 0.358593 0.020806
3 0.736666 0.955975 0.316930 0.020421
0 0.740135 0.913440 0.408400 0.111245
