1 0.095916 0.079750 0.042039 0.019220
2 0.165908 0.080543 0.085368 0.019711
3 0.345875 0.083207 0.253657 0.020367
3 0.286287 0.103784 0.348646 0.021443
3 0.285859 0.125032 0.348646 0.021443
3 0.285431 0.146279 0.348646 0.021443
3 0.290003 0.167584 0.358645 0.021556
3 0.284575 0.188775 0.348646 0.021443
3 0.276232 0.209933 0.332814 0.021264
0 0.273766 0.146147 0.409641 0.154589
1 0.113525 0.239968 0.083701 0.019692
2 0.204348 0.240997 0.085368 0.019711
3 0.357651 0.243359 0.200330 0.019763
3 0.283065 0.263766 0.348646 0.021443
3 0.282637 0.285014 0.348646 0.021443
3 0.282209 0.306261 0.348646 0.021443
3 0.281782 0.327509 0.348646 0.021443
3 0.281354 0.348756 0.348646 0.021443
3 0.280926 0.370004 0.348646 0.021443
3 0.280498 0.391252 0.348646 0.021443
3 0.185081 0.411423 0.158668 0.019291
0 0.270116 0.327377 0.410496 0.197084
1 0.088642 0.440959 0.042039 0.019220
2 0.150302 0.441658 0.068703 0.019522
3 0.329852 0.444317 0.269488 0.020547
3 0.279013 0.464993 0.348646 0.021443
3 0.278585 0.486241 0.348646 0.021443
3 0.143589 0.505964 0.079510 0.018395
0 0.267134 0.475485 0.408357 0.090846
1 0.097157 0.535441 0.062870 0.019456
2 0.160900 0.536163 0.052038 0.019333
0 0.265875 0.537978 0.407073 0.027103
1 0.107006 0.563681 0.083701 0.019692
2 0.184081 0.564554 0.057871 0.019399
3 0.302805 0.566524 0.158668 0.019291
0 0.265309 0.566099 0.407073 0.027103
1 0.085521 0.595942 0.042039 0.019220
2 0.152597 0.596701 0.079535 0.019644
3 0.329647 0.599332 0.253657 0.020367
3 0.149240 0.618541 0.095342 0.018574
0 0.264441 0.609220 0.407501 0.048351
1 0.105295 0.648672 0.083701 0.019692
2 0.186952 0.649597 0.067037 0.019503
3 0.341922 0.651977 0.221994 0.020009
3 0.279834 0.672526 0.358645 0.021556
3 0.274407 0.693717 0.348646 0.021443
3 0.278979 0.715021 0.358645 0.021556
3 0.273551 0.736212 0.348646 0.021443
3 0.273124 0.757460 0.348646 0.021443
3 0.138128 0.777183 0.079510 0.018395
0 0.262314 0.714832 0.409641 0.154589
1 0.091595 0.811660 0.062870 0.019456
2 0.144089 0.812255 0.029541 0.019078
3 0.311974 0.814781 0.285320 0.020726
3 0.271550 0.835576 0.348646 0.021443
3 0.271123 0.856823 0.348646 0.021443
3 0.270695 0.878071 0.348646 0.021443
3 0.222772 0.898781 0.253657 0.020367
0 0.259457 0.856691 0.408785 0.112094
1 0.583360 0.085272 0.083701 0.019692
2 0.676266 0.086324 0.089534 0.019758
3 0.834569 0.088742 0.206162 0.019829
3 0.752900 0.109070 0.348646 0.021443
3 0.752472 0.130317 0.348646 0.021443
3 0.752044 0.151565 0.348646 0.021443
3 0.756616 0.172869 0.358645 0.021556
3 0.756188 0.194117 0.358645 0.021556
3 0.621192 0.213840 0.089509 0.018508
0 0.740379 0.151433 0.409641 0.154589
1 0.580151 0.244629 0.083701 0.019692
2 0.659309 0.245525 0.062037 0.019446
3 0.800947 0.247755 0.200330 0.019763
0 0.738454 0.247047 0.407073 0.027103
1 0.579497 0.277125 0.083701 0.019692
2 0.662404 0.278064 0.069536 0.019531
3 0.818623 0.280459 0.221994 0.020009
3 0.749037 0.300923 0.348646 0.021443
3 0.748609 0.322170 0.348646 0.021443
3 0.748181 0.343418 0.348646 0.021443
3 0.747753 0.364666 0.348646 0.021443
3 0.620673 0.384479 0.095342 0.018574
0 0.736730 0.332662 0.409213 0.133341
1 0.551352 0.412447 0.032874 0.019116
2 0.621761 0.413244 0.095367 0.019824
3 0.806727 0.415964 0.253657 0.020367
3 0.746306 0.436532 0.348646 0.021443
3 0.745878 0.457780 0.348646 0.021443
3 0.745450 0.479028 0.348646 0.021443
3 0.745022 0.500275 0.348646 0.021443
3 0.749594 0.521579 0.358645 0.021556
3 0.744167 0.542770 0.348646 0.021443
3 0.664581 0.563121 0.190331 0.019650
0 0.733571 0.489519 0.410068 0.175836
1 0.573242 0.587715 0.083701 0.019692
2 0.650733 0.588592 0.058704 0.019409
3 0.809453 0.591015 0.237825 0.020188
3 0.742782 0.611512 0.348646 0.021443
3 0.742355 0.632760 0.348646 0.021443
3 0.746926 0.654064 0.358645 0.021556
3 0.741499 0.675255 0.348646 0.021443
3 0.741071 0.696503 0.348646 0.021443
3 0.693148 0.717212 0.253657 0.020367
0 0.730261 0.653875 0.409641 0.154589
1 0.549152 0.749335 0.042039 0.019220
2 0.613728 0.750067 0.074536 0.019588
3 0.788279 0.752669 0.253657 0.020367
3 0.739523 0.773369 0.348646 0.021443
3 0.744095 0.794673 0.358645 0.021556
3 0.738667 0.815864 0.348646 0.021443
3 0.738239 0.837112 0.348646 0.021443
3 0.737812 0.858359 0.348646 0.021443
3 0.737384 0.879607 0.348646 0.021443
3 0.713209 0.900585 0.301151 0.020905
0 0.726788 0.826356 0.410068 0.175836
