3 0.502080 0.032511 0.995839 0.030129
0 0.101716 0.082322 0.062670 0.019070
1 0.190047 0.082775 0.101002 0.019267
0 0.091055 0.109143 0.041837 0.018963
1 0.140220 0.109395 0.043503 0.018972
2 0.307294 0.110877 0.269320 0.018880
0 0.111637 0.136749 0.083502 0.019177
1 0.192051 0.137162 0.064336 0.019079
0 0.090547 0.164767 0.041837 0.018963
1 0.143046 0.165036 0.050170 0.019006
2 0.321370 0.166576 0.285153 0.018961
2 0.233678 0.187377 0.253487 0.018799
0 0.110947 0.212373 0.083502 0.019177
1 0.183862 0.212747 0.049336 0.019002
2 0.290520 0.213919 0.142656 0.018231
0 0.100286 0.239194 0.062670 0.019070
1 0.170701 0.239555 0.065169 0.019083
2 0.316941 0.240930 0.205988 0.018555
0 0.100023 0.267943 0.062670 0.019070
1 0.177105 0.268338 0.078502 0.019151
0 0.089333 0.297889 0.041837 0.018963
1 0.152665 0.298214 0.071836 0.019117
2 0.333905 0.299768 0.269320 0.018880
2 0.279963 0.320742 0.348485 0.019286
2 0.279769 0.341992 0.348485 0.019286
2 0.279575 0.363241 0.348485 0.019286
2 0.279381 0.384491 0.348485 0.019286
2 0.279188 0.405740 0.348485 0.019286
2 0.120664 0.426178 0.031826 0.017662
0 0.087897 0.455385 0.041837 0.018963
1 0.149979 0.455704 0.069336 0.019104
2 0.329969 0.457252 0.269320 0.018880
2 0.136030 0.477508 0.063491 0.017824
0 0.108263 0.506741 0.083502 0.019177
1 0.189511 0.507158 0.066003 0.019087
2 0.344085 0.508575 0.221821 0.018637
2 0.214727 0.529162 0.221821 0.018637
0 0.097407 0.554811 0.062670 0.019070
1 0.165739 0.555162 0.061003 0.019062
2 0.330730 0.556633 0.247654 0.018769
2 0.277620 0.577611 0.348485 0.019286
2 0.277427 0.598861 0.348485 0.019286
2 0.277233 0.620110 0.348485 0.019286
2 0.277039 0.641360 0.348485 0.019286
2 0.166015 0.662041 0.126823 0.018149
0 0.096159 0.691683 0.062670 0.019070
1 0.168658 0.692055 0.069336 0.019104
2 0.332815 0.693522 0.237654 0.018718
2 0.236790 0.714280 0.269320 0.018880
0 0.085293 0.741003 0.041837 0.018963
1 0.150291 0.741337 0.075169 0.019134
2 0.285699 0.742656 0.174322 0.018393
0 0.095458 0.768556 0.062670 0.019070
1 0.178790 0.768984 0.091002 0.019215
2 0.345863 0.770466 0.221821 0.018637
2 0.212339 0.791031 0.221821 0.018637
0 0.084575 0.819752 0.041837 0.018963
1 0.154156 0.820109 0.084336 0.019181
2 0.278314 0.821370 0.142656 0.018231
0 0.094689 0.852929 0.062670 0.019070
1 0.174687 0.853340 0.084336 0.019181
2 0.343427 0.854830 0.231821 0.018688
2 0.132405 0.874998 0.063491 0.017824
0 0.568372 0.084716 0.062670 0.019070
1 0.637954 0.085073 0.063503 0.019074
2 0.807111 0.086566 0.253487 0.018799
2 0.614005 0.106826 0.079324 0.017906
0 0.557471 0.137786 0.041837 0.018963
1 0.612886 0.138071 0.056003 0.019036
2 0.794126 0.139625 0.285153 0.018961
2 0.589771 0.159828 0.031826 0.017662
0 0.557009 0.188410 0.041837 0.018963
1 0.630341 0.188786 0.091836 0.019220
2 0.805748 0.190311 0.237654 0.018718
2 0.747639 0.211263 0.348485 0.019286
2 0.739528 0.232472 0.332652 0.019205
0 0.566793 0.257837 0.062670 0.019070
1 0.636791 0.258196 0.064336 0.019079
2 0.806365 0.259691 0.253487 0.018799
2 0.747006 0.280637 0.348485 0.019286
2 0.751812 0.301912 0.358485 0.019338
2 0.746619 0.323136 0.348485 0.019286
2 0.746425 0.344385 0.348485 0.019286
2 0.587901 0.364823 0.031826 0.017662
0 0.575916 0.399762 0.083502 0.019177
1 0.653414 0.400160 0.058503 0.019049
2 0.812155 0.401599 0.237654 0.018718
2 0.745712 0.422509 0.348485 0.019286
2 0.745519 0.443758 0.348485 0.019286
2 0.750325 0.465033 0.358485 0.019338
2 0.586801 0.485445 0.031826 0.017662
0 0.574867 0.514759 0.083502 0.019177
1 0.655282 0.515172 0.064336 0.019079
2 0.793190 0.516504 0.190155 0.018474
0 0.574605 0.543509 0.083502 0.019177
1 0.661686 0.543955 0.077669 0.019147
0 0.574331 0.573508 0.083502 0.019177
1 0.649746 0.573895 0.054336 0.019027
2 0.806404 0.575323 0.237654 0.018718
2 0.720379 0.596133 0.300986 0.019043
0 0.573898 0.621007 0.083502 0.019177
1 0.639730 0.621345 0.035170 0.018929
2 0.794721 0.622765 0.253487 0.018799
2 0.640781 0.643225 0.142656 0.018231
0 0.552570 0.675274 0.041837 0.018963
1 0.618401 0.675611 0.076836 0.019143
2 0.794225 0.677138 0.253487 0.018799
2 0.743199 0.698127 0.348485 0.019286
2 0.576759 0.718524 0.015993 0.017581
0 0.551869 0.752147 0.041837 0.018963
1 0.605201 0.752421 0.051836 0.019015
2 0.760608 0.753843 0.237654 0.018718
0 0.562000 0.783450 0.062670 0.019070
1 0.649915 0.783901 0.100169 0.019262
2 0.813655 0.785366 0.205988 0.018555
2 0.615549 0.805600 0.095157 0.017987
0 0.561516 0.836573 0.062670 0.019070
1 0.626931 0.836909 0.055170 0.019032
2 0.791921 0.838380 0.253487 0.018799
2 0.604232 0.858668 0.073491 0.017876
0 0.561003 0.892822 0.062670 0.019070
1 0.629334 0.893173 0.061003 0.019062
2 0.794325 0.894644 0.247654 0.018769
2 0.741216 0.915622 0.348485 0.019286
2 0.746022 0.936897 0.358485 0.019338
2 0.740828 0.958121 0.348485 0.019286
2 0.740634 0.979371 0.348485 0.019286
2 0.740441 0.995488 0.348485 0.009023
