3 0.502200 0.038762 0.995600 0.030497
0 0.101990 0.082176 0.062682 0.019093
1 0.176988 0.082588 0.074348 0.019157
0 0.112131 0.110357 0.083514 0.019208
1 0.194212 0.110808 0.067681 0.019121
2 0.341702 0.112244 0.205999 0.018631
0 0.101440 0.138424 0.062682 0.019093
1 0.176021 0.138834 0.073515 0.019153
0 0.111533 0.171605 0.083514 0.019208
1 0.193614 0.172057 0.067681 0.019121
2 0.349020 0.173536 0.221832 0.018718
2 0.281314 0.194414 0.348495 0.019415
2 0.286106 0.215691 0.358495 0.019470
2 0.280899 0.236913 0.348495 0.019415
2 0.285691 0.258190 0.358495 0.019470
2 0.280484 0.279412 0.348495 0.019415
2 0.280276 0.300662 0.348495 0.019415
2 0.216736 0.321563 0.221832 0.018718
0 0.109786 0.350351 0.083514 0.019208
1 0.185617 0.350768 0.055182 0.019052
2 0.342690 0.352256 0.237665 0.018805
2 0.176653 0.372594 0.142667 0.018283
0 0.088409 0.405860 0.041849 0.018979
1 0.157991 0.406242 0.084348 0.019212
2 0.337563 0.407854 0.253498 0.018892
2 0.160277 0.428130 0.111001 0.018109
0 0.098361 0.453416 0.062682 0.019093
1 0.167109 0.453794 0.061848 0.019089
2 0.335432 0.455344 0.253498 0.018892
2 0.159812 0.475629 0.111001 0.018109
0 0.087462 0.502732 0.041849 0.018979
1 0.136628 0.503002 0.043515 0.018988
2 0.295784 0.504502 0.253498 0.018892
0 0.087157 0.533981 0.041849 0.018979
1 0.150072 0.534327 0.071015 0.019139
2 0.330894 0.535946 0.269330 0.018979
2 0.166941 0.556295 0.126834 0.018196
0 0.086668 0.583980 0.041849 0.018979
1 0.154583 0.584353 0.081014 0.019194
0 0.107220 0.612844 0.083514 0.019208
1 0.196801 0.613336 0.082681 0.019203
0 0.106872 0.648468 0.083514 0.019208
1 0.181870 0.648880 0.053515 0.019043
2 0.338109 0.650364 0.237665 0.018805
2 0.276653 0.671277 0.348495 0.019415
2 0.276446 0.692526 0.348495 0.019415
2 0.276238 0.713776 0.348495 0.019415
2 0.220615 0.734720 0.237665 0.018805
0 0.084921 0.762725 0.041849 0.018979
1 0.146586 0.763064 0.068515 0.019125
2 0.318242 0.764633 0.253498 0.018892
0 0.095062 0.790906 0.062682 0.019093
1 0.162561 0.791278 0.059348 0.019075
2 0.329633 0.792821 0.253498 0.018892
2 0.116931 0.812902 0.031837 0.017674
0 0.094531 0.845280 0.062682 0.019093
1 0.171196 0.845702 0.077681 0.019176
2 0.339518 0.847252 0.237665 0.018805
2 0.108483 0.867232 0.016004 0.017587
0 0.579060 0.084799 0.083514 0.019208
1 0.656558 0.085225 0.058515 0.019070
2 0.815298 0.086722 0.237665 0.018805
2 0.753842 0.107635 0.358495 0.019470
2 0.748634 0.128857 0.348495 0.019415
2 0.748427 0.150106 0.348495 0.019415
2 0.748219 0.171356 0.348495 0.019415
2 0.748011 0.192605 0.348495 0.019415
2 0.636973 0.213245 0.126834 0.018196
0 0.577484 0.246044 0.083514 0.019208
1 0.654566 0.246468 0.057682 0.019066
2 0.812889 0.247963 0.237665 0.018805
2 0.747266 0.268853 0.348495 0.019415
2 0.747058 0.290103 0.348495 0.019415
2 0.746851 0.311352 0.348495 0.019415
2 0.746643 0.332602 0.348495 0.019415
2 0.751435 0.353878 0.358495 0.019470
2 0.579982 0.374186 0.016004 0.017587
0 0.555075 0.407175 0.041849 0.018979
1 0.612574 0.407491 0.060182 0.019079
2 0.787980 0.409081 0.269330 0.018979
2 0.595277 0.429272 0.047670 0.017761
0 0.575426 0.456664 0.083514 0.019208
1 0.666256 0.457163 0.085181 0.019217
2 0.806663 0.458560 0.174333 0.018457
0 0.564704 0.487855 0.062682 0.019093
1 0.639285 0.488265 0.073515 0.019153
2 0.805525 0.489804 0.237665 0.018805
2 0.744902 0.510722 0.348495 0.019415
2 0.578449 0.531057 0.016004 0.017587
0 0.553591 0.559046 0.041849 0.018979
1 0.612339 0.559369 0.062682 0.019093
2 0.746496 0.560732 0.184333 0.018512
0 0.553316 0.587170 0.041849 0.018979
1 0.619148 0.587532 0.076848 0.019171
2 0.799970 0.589152 0.263497 0.018947
2 0.743930 0.610094 0.348495 0.019415
2 0.748723 0.631371 0.358495 0.019470
2 0.743515 0.652593 0.348495 0.019415
2 0.664143 0.673407 0.190166 0.018544
0 0.573000 0.704782 0.083514 0.019208
1 0.646332 0.705185 0.050182 0.019024
2 0.800905 0.706660 0.237665 0.018805
2 0.592369 0.726764 0.047670 0.017761
0 0.551673 0.755291 0.041849 0.018979
1 0.597505 0.755543 0.036849 0.018951
2 0.697913 0.756720 0.142667 0.018283
0 0.561814 0.783472 0.062682 0.019093
1 0.638896 0.783896 0.078514 0.019180
2 0.807635 0.785449 0.237665 0.018805
2 0.742012 0.806339 0.348495 0.019415
2 0.741805 0.827588 0.348495 0.019415
2 0.741597 0.848838 0.348495 0.019415
2 0.741389 0.870087 0.348495 0.019415
2 0.725349 0.891249 0.316829 0.019241
