3 0.492149 0.038280 0.984298 0.044436
0 0.083684 0.092333 0.063127 0.019959
1 0.160742 0.090834 0.078955 0.020267
2 0.329457 0.088178 0.238025 0.022112
2 0.201484 0.111924 0.222197 0.021804
0 0.085542 0.146065 0.063127 0.019959
1 0.148438 0.144842 0.050631 0.019716
2 0.318819 0.142153 0.269681 0.022728
2 0.266655 0.164425 0.348821 0.024267
2 0.267389 0.185667 0.348821 0.024267
2 0.268124 0.206910 0.348821 0.024267
2 0.268858 0.228153 0.348821 0.024267
2 0.230023 0.250166 0.269681 0.022728
0 0.090123 0.278521 0.063127 0.019959
1 0.151352 0.277330 0.047299 0.019651
2 0.320067 0.274673 0.269681 0.022728
2 0.239579 0.297496 0.285509 0.023036
0 0.081676 0.335579 0.042301 0.019554
1 0.141239 0.334420 0.064793 0.019991
2 0.318701 0.331594 0.269681 0.022728
2 0.273201 0.353736 0.348821 0.024267
2 0.278934 0.374882 0.358818 0.024462
2 0.140132 0.398839 0.079745 0.019033
0 0.105872 0.432641 0.083953 0.020364
1 0.175849 0.431280 0.043967 0.019586
0 0.106931 0.463256 0.083953 0.020364
1 0.197734 0.461490 0.085620 0.020397
2 0.353953 0.459076 0.206369 0.021497
2 0.277630 0.481818 0.348821 0.024267
2 0.215053 0.504292 0.222197 0.021804
0 0.109588 0.540105 0.083953 0.020364
1 0.204557 0.538258 0.093950 0.020559
2 0.364941 0.535763 0.206369 0.021497
2 0.280288 0.558667 0.348821 0.024267
2 0.281022 0.579910 0.348821 0.024267
2 0.281757 0.601153 0.348821 0.024267
2 0.284574 0.622355 0.352986 0.024348
2 0.243656 0.644408 0.269681 0.022728
0 0.093623 0.681088 0.042301 0.019554
1 0.149854 0.679994 0.058129 0.019862
0 0.115616 0.714421 0.083953 0.020364
1 0.203087 0.712720 0.078955 0.020267
2 0.355974 0.710371 0.206369 0.021497
2 0.167605 0.735292 0.111401 0.019649
0 0.106975 0.765857 0.063127 0.019959
1 0.185698 0.764325 0.082287 0.020332
2 0.324423 0.762252 0.174713 0.020881
0 0.107969 0.794597 0.063127 0.019959
1 0.189608 0.793009 0.088119 0.020445
2 0.354991 0.790417 0.222197 0.021804
2 0.294079 0.812859 0.358818 0.024462
2 0.289815 0.834199 0.348821 0.024267
2 0.290550 0.855442 0.348821 0.024267
2 0.291285 0.876685 0.348821 0.024267
2 0.292019 0.897928 0.348821 0.024267
2 0.269012 0.919633 0.301337 0.023344
0 0.539781 0.083461 0.042301 0.019554
1 0.608091 0.082133 0.082287 0.020332
2 0.786386 0.079290 0.253853 0.022420
2 0.565112 0.104851 0.016433 0.017802
0 0.541639 0.137193 0.042301 0.019554
1 0.602452 0.136010 0.067292 0.020040
2 0.781163 0.133160 0.269681 0.022728
2 0.638196 0.157198 0.158885 0.020573
0 0.564215 0.187396 0.083953 0.020364
1 0.642522 0.185873 0.060628 0.019910
2 0.799158 0.183452 0.232194 0.021999
2 0.663688 0.207344 0.206369 0.021497
0 0.555617 0.240081 0.063127 0.019959
1 0.615597 0.238914 0.044800 0.019603
2 0.783062 0.236282 0.269681 0.022728
2 0.736729 0.258441 0.348821 0.024267
2 0.737464 0.279684 0.348821 0.024267
2 0.738198 0.300926 0.348821 0.024267
2 0.738933 0.322169 0.348821 0.024267
2 0.652613 0.345105 0.174713 0.020881
0 0.549957 0.377737 0.042301 0.019554
1 0.620350 0.376368 0.086453 0.020413
2 0.800728 0.373485 0.253853 0.022420
2 0.717740 0.396356 0.301337 0.023344
0 0.551858 0.432719 0.042301 0.019554
1 0.604341 0.431698 0.050631 0.019716
2 0.782636 0.428855 0.285509 0.023036
2 0.585104 0.453955 0.032261 0.018110
0 0.553803 0.488950 0.042301 0.019554
1 0.611700 0.487824 0.061461 0.019927
0 0.565404 0.523111 0.063127 0.019959
1 0.627467 0.521904 0.048965 0.019684
2 0.794099 0.519288 0.263850 0.022615
2 0.751515 0.541373 0.358818 0.024462
2 0.747251 0.562713 0.348821 0.024267
2 0.621362 0.586419 0.095573 0.019341
0 0.579231 0.621625 0.083953 0.020364
1 0.655872 0.620134 0.057296 0.019846
2 0.758359 0.618766 0.127229 0.019957
0 0.580290 0.652240 0.083953 0.020364
1 0.648184 0.650919 0.039802 0.019505
2 0.797322 0.648644 0.238025 0.022112
0 0.570892 0.681808 0.063127 0.019959
1 0.630455 0.680649 0.043967 0.019586
2 0.750020 0.678949 0.174713 0.020881
0 0.561624 0.715124 0.042301 0.019554
1 0.629101 0.713812 0.080621 0.020299
2 0.806563 0.710985 0.253853 0.022420
2 0.697751 0.734359 0.238025 0.022112
0 0.563547 0.770730 0.042301 0.019554
1 0.628525 0.769466 0.075623 0.020202
2 0.732262 0.768074 0.111401 0.019649
0 0.564778 0.806343 0.042301 0.019554
1 0.636837 0.804942 0.089785 0.020478
2 0.810967 0.802180 0.238025 0.022112
2 0.756304 0.824500 0.348821 0.024267
2 0.757038 0.845743 0.348821 0.024267
2 0.757773 0.866986 0.348821 0.024267
2 0.671453 0.889922 0.174713 0.020881
