3 0.492107 0.039532 0.984214 0.044593
0 0.083571 0.092398 0.063132 0.019969
1 0.164377 0.090814 0.086457 0.020426
2 0.305184 0.088678 0.174717 0.020908
0 0.074290 0.125091 0.042306 0.019560
1 0.141351 0.123776 0.079793 0.020295
2 0.318395 0.120930 0.253857 0.022460
2 0.265821 0.143218 0.348824 0.024322
2 0.266561 0.164461 0.348824 0.024322
2 0.267302 0.185704 0.348824 0.024322
2 0.268042 0.206947 0.348824 0.024322
2 0.268783 0.228189 0.348824 0.024322
2 0.222039 0.250363 0.253857 0.022460
0 0.079975 0.288161 0.042306 0.019560
1 0.142870 0.286927 0.071463 0.020132
2 0.323663 0.284008 0.269685 0.022770
2 0.113226 0.309391 0.032266 0.018115
0 0.092239 0.341063 0.063132 0.019969
1 0.172628 0.339487 0.085624 0.020410
2 0.336761 0.336894 0.222201 0.021839
2 0.278355 0.359296 0.358821 0.024518
2 0.279095 0.380539 0.358821 0.024518
2 0.116558 0.404983 0.032266 0.018115
0 0.095702 0.440404 0.063132 0.019969
1 0.166928 0.439008 0.067297 0.020050
2 0.334809 0.436341 0.248025 0.022345
2 0.276819 0.458736 0.348824 0.024322
2 0.277560 0.479978 0.348824 0.024322
2 0.230816 0.502152 0.253857 0.022460
0 0.109360 0.533293 0.083958 0.020377
1 0.183918 0.531831 0.053135 0.019773
0 0.100058 0.565362 0.063132 0.019969
1 0.167535 0.564039 0.059800 0.019903
2 0.334583 0.561388 0.253857 0.022460
2 0.281175 0.583693 0.348824 0.024322
2 0.281915 0.604936 0.348824 0.024322
2 0.282656 0.626178 0.348824 0.024322
2 0.283396 0.647421 0.348824 0.024322
2 0.220825 0.669905 0.222201 0.021839
0 0.094588 0.707392 0.042306 0.019560
1 0.149570 0.706314 0.055635 0.019822
0 0.106069 0.737803 0.063132 0.019969
1 0.170213 0.736545 0.053135 0.019773
2 0.333929 0.733960 0.253857 0.022460
2 0.287186 0.756134 0.348824 0.024322
2 0.287927 0.777377 0.348824 0.024322
2 0.288667 0.798619 0.348824 0.024322
2 0.146956 0.822655 0.063922 0.018735
0 0.120446 0.851310 0.083958 0.020377
1 0.211248 0.849529 0.085624 0.020410
2 0.367466 0.847091 0.206373 0.021529
2 0.137869 0.872851 0.042262 0.018311
0 0.550078 0.083251 0.063132 0.019969
1 0.622970 0.081822 0.070629 0.020116
2 0.787519 0.079221 0.238029 0.022149
2 0.731196 0.101582 0.348824 0.024322
2 0.731936 0.122825 0.348824 0.024322
2 0.606053 0.146551 0.095577 0.019356
0 0.543019 0.179672 0.042306 0.019560
1 0.605498 0.178447 0.070629 0.020116
2 0.785875 0.175536 0.269685 0.022770
2 0.734549 0.197799 0.348824 0.024322
2 0.740288 0.218944 0.358821 0.024518
2 0.736030 0.240285 0.348824 0.024322
2 0.713029 0.261993 0.301340 0.023391
0 0.557570 0.298178 0.063132 0.019969
1 0.643374 0.296495 0.096454 0.020622
2 0.812921 0.293796 0.222201 0.021839
2 0.743686 0.316411 0.358821 0.024518
2 0.739428 0.337752 0.348824 0.024322
2 0.716427 0.359460 0.301340 0.023391
0 0.560750 0.389396 0.063132 0.019969
1 0.633642 0.387967 0.070629 0.020116
2 0.798191 0.385366 0.238029 0.022149
2 0.746866 0.407630 0.358821 0.024518
2 0.710952 0.429591 0.285512 0.023080
0 0.563472 0.467495 0.063132 0.019969
1 0.637197 0.466049 0.072296 0.020148
0 0.564692 0.502483 0.063132 0.019969
1 0.627171 0.501258 0.049803 0.019707
2 0.797134 0.498550 0.269685 0.022770
2 0.750808 0.520716 0.358821 0.024518
2 0.746550 0.542057 0.348824 0.024322
2 0.747290 0.563299 0.348824 0.024322
2 0.748031 0.584542 0.348824 0.024322
2 0.748771 0.605785 0.348824 0.024322
2 0.754510 0.626930 0.358821 0.024518
0 0.559811 0.661383 0.042306 0.019560
1 0.608961 0.660419 0.043972 0.019593
2 0.783923 0.657614 0.285512 0.023080
2 0.751341 0.679510 0.348824 0.024322
2 0.752082 0.700752 0.348824 0.024322
2 0.752822 0.721995 0.348824 0.024322
2 0.753563 0.743238 0.348824 0.024322
2 0.754303 0.764481 0.348824 0.024322
2 0.755044 0.785723 0.348824 0.024322
2 0.668730 0.808673 0.174717 0.020908
0 0.565952 0.837573 0.042306 0.019560
1 0.623849 0.836437 0.061466 0.019936
2 0.749245 0.834604 0.168886 0.020794
0 0.567107 0.870686 0.042306 0.019560
1 0.629585 0.869461 0.070629 0.020116
