1 0.096319 0.085247 0.062572 0.018885
2 0.163819 0.085101 0.059239 0.018878
3 0.327988 0.085370 0.247566 0.018035
3 0.276820 0.106731 0.348399 0.018254
3 0.276901 0.127981 0.348399 0.018254
3 0.276983 0.149231 0.348399 0.018254
3 0.277065 0.170481 0.348399 0.018254
3 0.197980 0.191902 0.190067 0.017911
0 0.265276 0.138631 0.407160 0.129629
1 0.096836 0.219621 0.062572 0.018885
2 0.176836 0.219448 0.084238 0.018932
3 0.340588 0.219719 0.221733 0.017980
3 0.134837 0.241414 0.063400 0.017637
0 0.265629 0.230506 0.406833 0.044630
1 0.086634 0.275269 0.041739 0.018840
2 0.152050 0.275127 0.075905 0.018914
3 0.327468 0.275372 0.253400 0.018048
3 0.277550 0.296731 0.348399 0.018254
3 0.277632 0.317980 0.348399 0.018254
3 0.206464 0.339385 0.205900 0.017945
0 0.265925 0.307381 0.406997 0.087130
1 0.087011 0.373393 0.041739 0.018840
2 0.141178 0.373276 0.053405 0.018865
3 0.321179 0.373511 0.285066 0.018117
3 0.282928 0.394844 0.358399 0.018275
3 0.283010 0.416094 0.358399 0.018275
3 0.278091 0.437355 0.348399 0.018254
3 0.278173 0.458605 0.348399 0.018254
3 0.214922 0.479992 0.221733 0.017980
0 0.266384 0.426755 0.407160 0.129629
1 0.108383 0.513347 0.083405 0.018930
2 0.181716 0.513189 0.050072 0.018858
3 0.312551 0.513531 0.190067 0.017911
0 0.266718 0.513630 0.406752 0.023380
1 0.108520 0.548972 0.083405 0.018930
2 0.187270 0.548802 0.060905 0.018882
3 0.347272 0.549081 0.237566 0.018014
3 0.120271 0.570822 0.031734 0.017568
0 0.266896 0.559880 0.406833 0.044630
1 0.098291 0.597745 0.062572 0.018885
2 0.172874 0.597583 0.073405 0.018909
3 0.339126 0.597849 0.237566 0.018014
3 0.136292 0.619538 0.063400 0.017637
0 0.267084 0.608629 0.406833 0.044630
1 0.108893 0.645847 0.083405 0.018930
2 0.202642 0.645644 0.090905 0.018946
3 0.361811 0.645925 0.205900 0.017945
3 0.207727 0.667508 0.205900 0.017945
0 0.267269 0.656754 0.406833 0.044630
1 0.109102 0.700222 0.083405 0.018930
2 0.183685 0.700060 0.052572 0.018864
3 0.339520 0.700348 0.237566 0.018014
3 0.279185 0.721729 0.348399 0.018254
3 0.279267 0.742979 0.348399 0.018254
3 0.279349 0.764229 0.348399 0.018254
3 0.279431 0.785478 0.348399 0.018254
3 0.279512 0.806728 0.348399 0.018254
3 0.279594 0.827978 0.348399 0.018254
3 0.279676 0.849228 0.348399 0.018254
3 0.248091 0.870547 0.285066 0.018117
0 0.267764 0.785504 0.407406 0.193379
1 0.573401 0.084214 0.083405 0.018930
2 0.657567 0.084032 0.071738 0.018905
3 0.815069 0.084316 0.221733 0.017980
3 0.632651 0.105961 0.126733 0.017774
0 0.731777 0.095122 0.406833 0.044630
1 0.552772 0.137384 0.041739 0.018840
2 0.620272 0.137238 0.080072 0.018923
3 0.797773 0.137479 0.253400 0.018048
3 0.743689 0.158846 0.348399 0.018254
3 0.743770 0.180096 0.348399 0.018254
3 0.743852 0.201346 0.348399 0.018254
3 0.696434 0.222699 0.253400 0.018048
0 0.732104 0.180121 0.407079 0.108380
1 0.553205 0.249884 0.041739 0.018840
2 0.620288 0.249739 0.079238 0.018921
3 0.757790 0.250066 0.174233 0.017877
0 0.732373 0.250121 0.406752 0.023380
1 0.553320 0.279884 0.041739 0.018840
2 0.609153 0.279763 0.056739 0.018873
3 0.782905 0.280012 0.269233 0.018082
3 0.736320 0.301363 0.332566 0.018219
0 0.732529 0.290746 0.406833 0.044630
1 0.574353 0.331713 0.083405 0.018930
2 0.652686 0.331544 0.060072 0.018880
3 0.812271 0.331824 0.237566 0.018014
3 0.704853 0.353306 0.269233 0.018082
0 0.732729 0.342621 0.406833 0.044630
1 0.564150 0.387361 0.062572 0.018885
2 0.624567 0.387230 0.045072 0.018847
0 0.732902 0.387621 0.406752 0.023380
1 0.553863 0.421133 0.041739 0.018840
2 0.604697 0.421023 0.046739 0.018851
0 0.733032 0.421370 0.406752 0.023380
1 0.574807 0.449838 0.083405 0.018930
2 0.660640 0.449652 0.075072 0.018912
3 0.819809 0.449933 0.221733 0.017980
3 0.602391 0.471653 0.063400 0.017637
0 0.733183 0.460745 0.406833 0.044630
1 0.554176 0.502383 0.041739 0.018840
2 0.611676 0.502258 0.060072 0.018880
3 0.787094 0.502504 0.269233 0.018082
3 0.745093 0.523845 0.348399 0.018254
3 0.745174 0.545095 0.348399 0.018254
3 0.745256 0.566345 0.348399 0.018254
3 0.745338 0.587594 0.348399 0.018254
3 0.587087 0.609187 0.031734 0.017568
0 0.733549 0.555745 0.407160 0.129629
1 0.554715 0.642382 0.041739 0.018840
2 0.624714 0.642231 0.085072 0.018934
3 0.804716 0.642466 0.253400 0.018048
3 0.745631 0.663844 0.348399 0.018254
3 0.745713 0.685094 0.348399 0.018254
3 0.745795 0.706344 0.348399 0.018254
3 0.745877 0.727594 0.348399 0.018254
3 0.595542 0.749169 0.047567 0.017603
0 0.734087 0.695744 0.407160 0.129629
1 0.576082 0.781087 0.083405 0.018930
2 0.671498 0.780880 0.094238 0.018954
3 0.824416 0.781174 0.190067 0.017911
3 0.751165 0.802583 0.358399 0.018275
3 0.746247 0.823843 0.348399 0.018254
3 0.751329 0.845083 0.358399 0.018275
3 0.746410 0.866343 0.348399 0.018254
3 0.643576 0.887816 0.142567 0.017808
0 0.734621 0.834494 0.407160 0.129629
