3 0.502327 0.038764 0.995347 0.030813
0 0.097641 0.082023 0.053526 0.019060
1 0.172223 0.082457 0.082691 0.019229
2 0.343044 0.084075 0.237674 0.018880
2 0.160747 0.104266 0.105178 0.018110
0 0.091240 0.136988 0.041859 0.018992
1 0.152905 0.137346 0.068525 0.019147
2 0.332476 0.139015 0.269339 0.019064
2 0.281841 0.159971 0.348504 0.019525
2 0.281622 0.181221 0.348504 0.019525
2 0.281402 0.202470 0.348504 0.019525
2 0.281182 0.223719 0.348504 0.019525
2 0.280963 0.244969 0.348504 0.019525
2 0.130331 0.265344 0.047679 0.017776
0 0.099989 0.298293 0.062692 0.019113
1 0.158738 0.298635 0.041859 0.018992
2 0.324976 0.300226 0.269339 0.019064
2 0.208927 0.320802 0.206008 0.018696
0 0.089018 0.351981 0.041859 0.018992
1 0.146516 0.352315 0.060192 0.019098
2 0.321921 0.353960 0.269339 0.019064
2 0.279619 0.374965 0.348504 0.019525
2 0.279399 0.396214 0.348504 0.019525
2 0.279180 0.417464 0.348504 0.019525
2 0.278960 0.438713 0.348504 0.019525
2 0.278741 0.459962 0.348504 0.019525
2 0.151858 0.480475 0.095178 0.018052
0 0.097806 0.509537 0.062692 0.019113
1 0.171554 0.509966 0.071858 0.019166
2 0.341959 0.511581 0.247673 0.018938
2 0.277991 0.532460 0.348504 0.019525
2 0.277772 0.553710 0.348504 0.019525
2 0.277552 0.574959 0.348504 0.019525
2 0.277332 0.596208 0.348504 0.019525
2 0.110868 0.616491 0.016014 0.017592
0 0.085968 0.646972 0.041859 0.018992
1 0.148883 0.647338 0.071025 0.019161
0 0.106439 0.682092 0.083525 0.019234
1 0.199770 0.682635 0.090191 0.019273
2 0.358509 0.684183 0.206008 0.018696
2 0.276208 0.704955 0.348504 0.019525
2 0.275989 0.726204 0.348504 0.019525
2 0.275769 0.747454 0.348504 0.019525
2 0.125137 0.767829 0.047679 0.017776
0 0.084366 0.801968 0.041859 0.018992
1 0.143115 0.802309 0.062692 0.019113
2 0.319770 0.803961 0.269339 0.019064
2 0.274968 0.824951 0.348504 0.019525
2 0.274748 0.846201 0.348504 0.019525
2 0.274529 0.867450 0.348504 0.019525
2 0.131813 0.887871 0.063512 0.017868
0 0.568877 0.084763 0.062692 0.019113
1 0.640125 0.085177 0.066858 0.019137
2 0.810947 0.086795 0.253507 0.018972
2 0.693647 0.107364 0.237674 0.018880
0 0.557951 0.134076 0.041859 0.018992
1 0.627532 0.134480 0.084358 0.019239
2 0.807103 0.136150 0.253507 0.018972
2 0.708970 0.156830 0.269339 0.019064
0 0.578247 0.186070 0.083525 0.019234
1 0.662828 0.186562 0.072692 0.019171
2 0.789068 0.187921 0.158509 0.018420
0 0.577956 0.214195 0.083525 0.019234
1 0.648371 0.214604 0.044359 0.019006
2 0.807943 0.216157 0.253507 0.018972
2 0.747725 0.237057 0.348504 0.019525
2 0.747506 0.258307 0.348504 0.019525
2 0.747286 0.279556 0.348504 0.019525
2 0.752066 0.300835 0.358503 0.019583
2 0.699348 0.321779 0.253507 0.018972
0 0.576574 0.347941 0.083525 0.019234
1 0.652405 0.348382 0.055192 0.019069
0 0.565880 0.374754 0.062692 0.019113
1 0.637961 0.375173 0.068525 0.019147
0 0.555147 0.405318 0.041859 0.018992
1 0.605979 0.405613 0.046859 0.019021
2 0.782634 0.407265 0.285172 0.019156
0 0.575676 0.434813 0.083525 0.019234
1 0.664007 0.435327 0.080191 0.019215
2 0.817746 0.436845 0.206008 0.018696
2 0.745445 0.457676 0.348504 0.019525
2 0.745225 0.478925 0.348504 0.019525
2 0.745006 0.500174 0.348504 0.019525
2 0.744786 0.521424 0.348504 0.019525
2 0.744566 0.542673 0.348504 0.019525
2 0.649349 0.563370 0.158509 0.018420
0 0.563574 0.597873 0.062692 0.019113
1 0.644821 0.598345 0.086858 0.019253
2 0.809810 0.599929 0.221841 0.018788
2 0.632929 0.620151 0.126844 0.018236
0 0.552653 0.646561 0.041859 0.018992
1 0.624318 0.646977 0.088524 0.019263
2 0.798056 0.648612 0.237674 0.018880
2 0.640341 0.668946 0.142677 0.018328
0 0.562527 0.699120 0.062692 0.019113
1 0.632942 0.699529 0.065192 0.019127
2 0.802930 0.701142 0.253507 0.018972
2 0.584384 0.721122 0.031847 0.017684
0 0.572407 0.751054 0.083525 0.019234
1 0.666571 0.751601 0.091858 0.019282
2 0.770728 0.752832 0.095178 0.018052
0 0.572117 0.779178 0.083525 0.019234
1 0.647948 0.779619 0.055192 0.019069
2 0.805020 0.781157 0.237674 0.018880
2 0.607306 0.801258 0.079345 0.017960
0 0.550735 0.832180 0.041859 0.018992
1 0.599067 0.832461 0.041859 0.018992
2 0.773222 0.834099 0.285172 0.019156
2 0.741336 0.855164 0.348504 0.019525
2 0.741117 0.876413 0.348504 0.019525
2 0.740897 0.897663 0.348504 0.019525
2 0.682346 0.918573 0.231841 0.018846
