3 0.491288 0.038316 0.982577 0.046541
0 0.092571 0.092988 0.084017 0.020538
1 0.185449 0.090985 0.089848 0.020664
0 0.093601 0.119851 0.084017 0.020538
1 0.178149 0.118029 0.073188 0.020305
2 0.333109 0.115313 0.216415 0.022144
2 0.145668 0.140613 0.111458 0.019881
0 0.074644 0.169030 0.042368 0.019640
1 0.131287 0.167809 0.059028 0.019999
2 0.310820 0.164564 0.279722 0.023509
2 0.266236 0.186784 0.348860 0.025000
2 0.235397 0.208707 0.285553 0.023635
0 0.087690 0.237527 0.063193 0.020089
1 0.170156 0.235749 0.089848 0.020664
2 0.336361 0.232791 0.222246 0.022270
2 0.268870 0.255505 0.348860 0.025000
2 0.274683 0.276639 0.358856 0.025215
2 0.204276 0.299415 0.216415 0.022144
0 0.081037 0.335836 0.042368 0.019640
1 0.134349 0.334687 0.052364 0.019856
2 0.281812 0.332133 0.222246 0.022270
0 0.092623 0.366224 0.063193 0.020089
1 0.163011 0.364707 0.065692 0.020143
2 0.332964 0.361668 0.253899 0.022952
2 0.278801 0.384094 0.358856 0.025215
2 0.274617 0.405443 0.348860 0.025000
2 0.275432 0.426684 0.348860 0.025000
2 0.157545 0.450485 0.111458 0.019881
0 0.096957 0.479303 0.063193 0.020089
1 0.154017 0.478072 0.039036 0.019568
2 0.323554 0.475042 0.279722 0.023509
2 0.278138 0.497280 0.348860 0.025000
2 0.278952 0.518522 0.348860 0.025000
2 0.279766 0.539763 0.348860 0.025000
2 0.280580 0.561004 0.348860 0.025000
2 0.183518 0.584355 0.153108 0.020779
0 0.112781 0.620270 0.084017 0.020538
1 0.192748 0.618546 0.064026 0.020107
2 0.351040 0.615758 0.232241 0.022485
2 0.283549 0.638472 0.348860 0.025000
2 0.284363 0.659713 0.348860 0.025000
2 0.213957 0.682490 0.206419 0.021929
0 0.105841 0.711082 0.063193 0.020089
1 0.181227 0.709456 0.075687 0.020359
2 0.348265 0.706480 0.238072 0.022611
2 0.136667 0.732301 0.048151 0.018516
0 0.118241 0.762711 0.084017 0.020538
1 0.197375 0.761005 0.062360 0.020071
0 0.108882 0.790424 0.063193 0.020089
1 0.169274 0.789122 0.045700 0.019712
2 0.321318 0.786469 0.238072 0.022611
0 0.099811 0.825634 0.042368 0.019640
1 0.173114 0.824054 0.092347 0.020718
2 0.353480 0.820790 0.248068 0.022827
2 0.180616 0.845776 0.127285 0.020223
0 0.101774 0.876863 0.042368 0.019640
1 0.157168 0.875669 0.056529 0.019946
2 0.290887 0.873411 0.190592 0.021588
0 0.559045 0.082930 0.084017 0.020538
1 0.641095 0.081161 0.068191 0.020197
2 0.796471 0.078437 0.222246 0.022270
2 0.690246 0.101986 0.269726 0.023294
0 0.550740 0.138132 0.063193 0.020089
1 0.627791 0.136471 0.079019 0.020430
0 0.551794 0.165621 0.063193 0.020089
1 0.630928 0.163915 0.083184 0.020520
2 0.801714 0.160858 0.238072 0.022611
2 0.732974 0.183598 0.348860 0.025000
2 0.733788 0.204840 0.348860 0.025000
2 0.734602 0.226081 0.348860 0.025000
2 0.735416 0.247322 0.348860 0.025000
2 0.741228 0.268456 0.358856 0.025215
2 0.570863 0.293387 0.016497 0.017834
0 0.568121 0.319707 0.084017 0.020538
1 0.643923 0.318073 0.055696 0.019928
2 0.800965 0.315313 0.238072 0.022611
2 0.683495 0.339104 0.238072 0.022611
0 0.570252 0.375310 0.084017 0.020538
1 0.649386 0.373603 0.062360 0.020071
2 0.809760 0.370771 0.238072 0.022611
2 0.741020 0.393512 0.348860 0.025000
2 0.726007 0.415094 0.317206 0.024317
0 0.562497 0.444880 0.063193 0.020089
1 0.644963 0.443102 0.089848 0.020664
0 0.553426 0.480090 0.042368 0.019640
1 0.619232 0.478672 0.077353 0.020395
2 0.795017 0.475507 0.253899 0.022952
2 0.747101 0.497799 0.353025 0.025090
2 0.745833 0.519085 0.348860 0.025000
2 0.746647 0.540326 0.348860 0.025000
2 0.747461 0.561567 0.348860 0.025000
2 0.637488 0.585197 0.127285 0.020223
0 0.579543 0.617709 0.084017 0.020538
1 0.656178 0.616057 0.057362 0.019963
2 0.814053 0.613279 0.238072 0.022611
2 0.623696 0.638641 0.095631 0.019540
0 0.571046 0.667913 0.063193 0.020089
1 0.628106 0.666683 0.039036 0.019568
2 0.797643 0.663653 0.279722 0.023509
2 0.752226 0.685891 0.348860 0.025000
2 0.753040 0.707132 0.348860 0.025000
2 0.753855 0.728373 0.348860 0.025000
2 0.754669 0.749615 0.348860 0.025000
2 0.755483 0.770856 0.348860 0.025000
2 0.613856 0.795168 0.063978 0.018858
0 0.587397 0.822625 0.084017 0.020538
1 0.673611 0.820766 0.076520 0.020377
2 0.833153 0.817951 0.222246 0.022270
2 0.758165 0.840827 0.348860 0.025000
2 0.758979 0.862068 0.348860 0.025000
2 0.759793 0.883309 0.348860 0.025000
2 0.760607 0.904551 0.348860 0.025000
2 0.642720 0.928351 0.111458 0.019881
