0 0.26666666666666666 0.096875 0.4 0.04375
0 0.26666666666666666 0.158125 0.4 0.04375
0 0.26666666666666666 0.219375 0.4 0.04375
0 0.26666666666666666 0.280625 0.4 0.04375
0 0.26666666666666666 0.341875 0.4 0.04375
0 0.26666666666666666 0.403125 0.4 0.04375
0 0.26666666666666666 0.47625 0.4 0.0675
0 0.26666666666666666 0.549375 0.4 0.04375
0 0.26666666666666666 0.59875 0.4 0.02
0 0.26666666666666666 0.695625 0.4 0.13875
0 0.26666666666666666 0.828125 0.4 0.09125
0 0.7333333333333333 0.096875 0.4 0.04375
0 0.7333333333333333 0.181875 0.4 0.09125
0 0.7333333333333333 0.290625 0.4 0.09125
0 0.7333333333333333 0.36375 0.4 0.02
0 0.7333333333333333 0.413125 0.4 0.04375
0 0.7333333333333333 0.498125 0.4 0.09125
0 0.7333333333333333 0.583125 0.4 0.04375
0 0.7333333333333333 0.6325 0.4 0.02
0 0.7333333333333333 0.729375 0.4 0.13875
0 0.7333333333333333 0.838125 0.4 0.04375
0 0.7333333333333333 0.899375 0.4 0.04375
