3 0.509317 0.032715 0.981366 0.047741
0 0.104501 0.075181 0.042406 0.019689
1 0.162808 0.076508 0.062397 0.020144
0 0.124010 0.108140 0.084053 0.020637
1 0.197310 0.109809 0.050735 0.019879
2 0.351797 0.113950 0.238099 0.022896
2 0.261395 0.133152 0.285577 0.023976
0 0.111526 0.159129 0.063230 0.020163
1 0.186491 0.160836 0.074891 0.020429
0 0.120850 0.186229 0.084053 0.020637
1 0.188736 0.187774 0.039907 0.019632
2 0.342806 0.191907 0.248094 0.023123
2 0.294885 0.212076 0.358876 0.025645
2 0.289028 0.233202 0.348881 0.025417
2 0.201125 0.252461 0.174794 0.021455
0 0.106798 0.275951 0.063230 0.020163
1 0.188427 0.277809 0.088218 0.020732
2 0.353742 0.282197 0.222272 0.022535
2 0.207117 0.300119 0.190620 0.021815
0 0.104548 0.331550 0.063230 0.020163
1 0.166186 0.332953 0.048237 0.019822
2 0.335250 0.337427 0.269751 0.023616
2 0.149476 0.354458 0.079838 0.019293
0 0.102475 0.382776 0.063230 0.020163
1 0.177441 0.384483 0.074891 0.020429
2 0.344005 0.388900 0.238099 0.022896
2 0.250272 0.408026 0.285577 0.023976
0 0.100478 0.432129 0.063230 0.020163
1 0.159618 0.433475 0.043239 0.019708
0 0.088625 0.467500 0.042406 0.019689
1 0.154428 0.468998 0.077390 0.020486
2 0.330155 0.473624 0.253925 0.023256
2 0.199356 0.491906 0.190620 0.021815
0 0.096888 0.520838 0.063230 0.020163
1 0.159776 0.522269 0.050735 0.019879
2 0.295522 0.525985 0.200616 0.022042
0 0.085086 0.554960 0.042406 0.019689
1 0.147974 0.556392 0.071559 0.020353
2 0.328699 0.561131 0.269751 0.023616
2 0.108773 0.577384 0.016534 0.017852
0 0.082811 0.611184 0.042406 0.019689
1 0.135703 0.612388 0.051568 0.019898
2 0.311430 0.617013 0.279746 0.023844
2 0.238104 0.636604 0.279746 0.023844
0 0.091276 0.659524 0.063230 0.020163
1 0.172072 0.661363 0.086552 0.020694
2 0.341552 0.665846 0.232268 0.022763
2 0.275723 0.685608 0.358876 0.025645
2 0.269865 0.706734 0.348881 0.025417
2 0.269006 0.727974 0.348881 0.025417
2 0.101973 0.745432 0.016534 0.017852
0 0.076339 0.771111 0.042406 0.019689
1 0.144641 0.772665 0.082387 0.020599
2 0.322867 0.777347 0.253925 0.023256
2 0.107939 0.793715 0.032360 0.018212
0 0.074241 0.822962 0.042406 0.019689
1 0.136296 0.824374 0.069893 0.020315
2 0.284535 0.828374 0.206446 0.022175
0 0.083515 0.851311 0.063230 0.020163
1 0.154732 0.852932 0.067394 0.020258
2 0.325462 0.857443 0.253925 0.023256
2 0.199660 0.875840 0.222272 0.022535
0 0.591777 0.086273 0.084053 0.020637
1 0.666326 0.087970 0.053234 0.019936
2 0.822062 0.092140 0.238099 0.022896
2 0.760814 0.112006 0.348881 0.025417
2 0.759954 0.133246 0.348881 0.025417
2 0.648312 0.151964 0.127316 0.020374
0 0.588035 0.178730 0.084053 0.020637
1 0.667582 0.180541 0.063230 0.020163
2 0.820403 0.184645 0.222272 0.022535
2 0.762070 0.204577 0.358876 0.025645
2 0.756213 0.225703 0.348881 0.025417
2 0.755353 0.246943 0.348881 0.025417
2 0.722842 0.267463 0.285577 0.023976
0 0.572795 0.297813 0.063230 0.020163
1 0.639431 0.299330 0.058232 0.020050
2 0.758101 0.302657 0.158968 0.021094
0 0.571379 0.332797 0.063230 0.020163
1 0.638432 0.334323 0.059065 0.020069
2 0.741692 0.337299 0.127316 0.020374
0 0.559830 0.360672 0.042406 0.019689
1 0.631463 0.362303 0.089051 0.020751
2 0.805108 0.366881 0.238099 0.022896
2 0.754688 0.386993 0.358876 0.025645
2 0.753829 0.408233 0.358876 0.025645
2 0.747971 0.429359 0.348881 0.025417
2 0.675895 0.448979 0.206446 0.022175
0 0.576103 0.473594 0.084053 0.020637
1 0.653567 0.475358 0.059065 0.020069
2 0.804306 0.479414 0.222272 0.022535
0 0.574991 0.501082 0.084053 0.020637
1 0.664533 0.503120 0.083220 0.020618
2 0.819436 0.507271 0.206446 0.022175
2 0.712376 0.526094 0.285577 0.023976
0 0.562354 0.555819 0.063230 0.020163
1 0.638986 0.557564 0.078223 0.020505
2 0.804301 0.561952 0.232268 0.022763
2 0.599369 0.578547 0.064012 0.018933
0 0.570541 0.611031 0.084053 0.020637
1 0.654669 0.612946 0.072392 0.020372
0 0.569126 0.646015 0.084053 0.020637
1 0.641176 0.647655 0.048237 0.019822
2 0.794413 0.651768 0.238099 0.022896
2 0.611554 0.668866 0.095664 0.019653
0 0.546103 0.699891 0.042406 0.019689
1 0.609407 0.701332 0.072392 0.020372
2 0.790548 0.706080 0.269751 0.023616
2 0.569790 0.722315 0.016534 0.017852
0 0.544004 0.751742 0.042406 0.019689
1 0.594398 0.752889 0.046571 0.019784
0 0.542892 0.779229 0.042406 0.019689
1 0.603697 0.780613 0.067394 0.020258
2 0.782340 0.785305 0.269751 0.023616
2 0.732753 0.805436 0.348881 0.025417
2 0.736891 0.826790 0.358876 0.025645
2 0.731034 0.847917 0.348881 0.025417
2 0.730174 0.869157 0.348881 0.025417
2 0.697663 0.889677 0.285577 0.023976
