1 0.185833 0.085938 0.090000 0.021875
0 0.266667 0.085938 0.400000 0.021875
1 0.168750 0.119063 0.102500 0.021875
0 0.266667 0.128438 0.400000 0.040625
1 0.237917 0.169063 0.147500 0.021875
0 0.266667 0.215938 0.400000 0.115625
1 0.199167 0.292187 0.070000 0.021875
0 0.266667 0.301563 0.400000 0.040625
1 0.194167 0.345313 0.060000 0.021875
0 0.266667 0.373437 0.400000 0.078125
1 0.181250 0.433437 0.080833 0.021875
0 0.266667 0.442812 0.400000 0.040625
1 0.195417 0.482187 0.155833 0.021875
0 0.266667 0.529062 0.400000 0.115625
1 0.147500 0.604688 0.060000 0.021875
0 0.266667 0.604688 0.400000 0.021875
1 0.149167 0.636563 0.063333 0.021875
0 0.266667 0.645938 0.400000 0.040625
1 0.169583 0.687187 0.057500 0.021875
0 0.266667 0.696562 0.400000 0.040625
1 0.195833 0.739062 0.063333 0.021875
0 0.266667 0.767188 0.400000 0.078125
1 0.181250 0.827187 0.127500 0.021875
0 0.266667 0.836562 0.400000 0.040625
1 0.178750 0.875313 0.075833 0.021875
0 0.266667 0.884687 0.400000 0.040625
1 0.656250 0.085938 0.144167 0.021875
0 0.733333 0.085938 0.400000 0.021875
1 0.692083 0.119063 0.122500 0.021875
0 0.733333 0.165937 0.400000 0.115625
1 0.677917 0.243438 0.094167 0.021875
0 0.733333 0.252812 0.400000 0.040625
1 0.656250 0.290312 0.050833 0.021875
0 0.733333 0.290312 0.400000 0.021875
1 0.643333 0.320312 0.118333 0.021875
0 0.733333 0.348438 0.400000 0.078125
1 0.657917 0.410938 0.100833 0.021875
0 0.733333 0.420312 0.400000 0.040625
1 0.656667 0.460938 0.098333 0.021875
0 0.733333 0.460938 0.400000 0.021875
1 0.632500 0.489687 0.096667 0.021875
0 0.733333 0.489687 0.400000 0.021875
1 0.669167 0.519062 0.076667 0.021875
0 0.733333 0.528438 0.400000 0.040625
1 0.638750 0.572187 0.062500 0.021875
0 0.733333 0.609688 0.400000 0.096875
1 0.634583 0.680937 0.054167 0.021875
0 0.733333 0.709063 0.400000 0.078125
1 0.647500 0.765312 0.126667 0.021875
0 0.733333 0.784062 0.400000 0.059375
1 0.623333 0.836562 0.078333 0.021875
0 0.733333 0.836562 0.400000 0.021875
1 0.633333 0.866563 0.098333 0.021875
0 0.733333 0.866563 0.400000 0.021875
1 0.610417 0.900312 0.052500 0.021875
0 0.733333 0.909687 0.400000 0.040625
