0 0.26666666666666666 0.096875 0.4 0.04375
0 0.26666666666666666 0.158125 0.4 0.04375
0 0.26666666666666666 0.219375 0.4 0.04375
0 0.26666666666666666 0.280625 0.4 0.04375
0 0.26666666666666666 0.341875 0.4 0.04375
0 0.26666666666666666 0.415 0.4 0.0675
0 0.26666666666666666 0.511875 0.4 0.09125
0 0.26666666666666666 0.596875 0.4 0.04375
0 0.26666666666666666 0.658125 0.4 0.04375
0 0.26666666666666666 0.719375 0.4 0.04375
0 0.26666666666666666 0.780625 0.4 0.04375
0 0.26666666666666666 0.83 0.4 0.02
0 0.26666666666666666 0.903125 0.4 0.09125
0 0.7333333333333333 0.10875 0.4 0.0675
0 0.7333333333333333 0.181875 0.4 0.04375
0 0.7333333333333333 0.243125 0.4 0.04375
0 0.7333333333333333 0.328125 0.4 0.09125
0 0.7333333333333333 0.436875 0.4 0.09125
0 0.7333333333333333 0.53375 0.4 0.0675
0 0.7333333333333333 0.654375 0.4 0.13875
0 0.7333333333333333 0.763125 0.4 0.04375
0 0.7333333333333333 0.824375 0.4 0.04375
0 0.7333333333333333 0.909375 0.4 0.09125
