1 0.099183 0.083688 0.062557 0.018857
2 0.165016 0.083801 0.055890 0.018846
3 0.330430 0.084709 0.253386 0.017934
3 0.144949 0.105641 0.079220 0.017635
0 0.267898 0.095227 0.406799 0.044446
1 0.109441 0.135581 0.083390 0.018893
2 0.188608 0.135716 0.061724 0.018856
3 0.349022 0.136616 0.237553 0.017906
3 0.160625 0.157543 0.110886 0.017690
0 0.267740 0.147102 0.406799 0.044446
1 0.088444 0.189295 0.041724 0.018821
2 0.148861 0.189398 0.065890 0.018863
3 0.327192 0.190328 0.269219 0.017961
3 0.279211 0.211496 0.348386 0.018096
3 0.284146 0.232755 0.358386 0.018113
3 0.284081 0.254005 0.358386 0.018113
3 0.279017 0.275246 0.348386 0.018096
3 0.199786 0.296361 0.190053 0.017825
0 0.267447 0.243351 0.407057 0.129446
1 0.088030 0.325544 0.041724 0.018821
2 0.156780 0.325662 0.082557 0.018891
3 0.335527 0.326593 0.253386 0.017934
3 0.278796 0.347746 0.348386 0.018096
3 0.215398 0.368887 0.221719 0.017879
0 0.267129 0.347726 0.406863 0.065696
1 0.098228 0.397437 0.062557 0.018857
2 0.164478 0.397550 0.056724 0.018847
3 0.330309 0.398459 0.253386 0.017934
3 0.141078 0.419385 0.073386 0.017625
0 0.266943 0.408976 0.406799 0.044446
1 0.098079 0.446187 0.062557 0.018857
2 0.161413 0.446295 0.050890 0.018837
3 0.329327 0.447208 0.263386 0.017951
0 0.266827 0.447101 0.406734 0.023196
1 0.087579 0.473669 0.041724 0.018821
2 0.146329 0.473770 0.062557 0.018857
3 0.322993 0.474697 0.269219 0.017961
3 0.278345 0.495871 0.348386 0.018096
3 0.175364 0.516944 0.142553 0.017744
0 0.266679 0.495851 0.406863 0.065696
1 0.087343 0.551169 0.041724 0.018821
2 0.154843 0.551284 0.080057 0.018887
3 0.332341 0.552213 0.253386 0.017934
3 0.167276 0.573181 0.126720 0.017717
0 0.266475 0.562725 0.406799 0.044446
1 0.097587 0.608061 0.062557 0.018857
2 0.177170 0.608198 0.083390 0.018893
3 0.340501 0.609102 0.221719 0.017879
3 0.277936 0.630245 0.348386 0.018096
3 0.277872 0.651495 0.348386 0.018096
3 0.277807 0.672745 0.348386 0.018096
3 0.151076 0.693778 0.095053 0.017663
0 0.266205 0.651475 0.406993 0.108196
1 0.097231 0.724936 0.062557 0.018857
2 0.158898 0.725042 0.047557 0.018831
3 0.296395 0.725902 0.205886 0.017852
0 0.265979 0.725850 0.406734 0.023196
1 0.097123 0.760561 0.062557 0.018857
2 0.159623 0.760668 0.049224 0.018834
3 0.290037 0.761516 0.190053 0.017825
0 0.265870 0.761475 0.406734 0.023196
1 0.107435 0.794954 0.083390 0.018893
2 0.192435 0.795099 0.073390 0.018875
3 0.350766 0.795995 0.221719 0.017879
3 0.277368 0.817120 0.348386 0.018096
3 0.277303 0.838370 0.348386 0.018096
3 0.282238 0.859628 0.358386 0.018113
3 0.158424 0.880666 0.110886 0.017690
0 0.265636 0.838350 0.406993 0.108196
1 0.571681 0.084497 0.074224 0.018877
2 0.647931 0.084627 0.065057 0.018861
3 0.810012 0.085530 0.237553 0.017906
3 0.746198 0.106670 0.348386 0.018096
3 0.587800 0.127649 0.031720 0.017554
0 0.734531 0.106650 0.406863 0.065696
1 0.576038 0.158879 0.083390 0.018893
2 0.664371 0.159030 0.080057 0.018887
3 0.818119 0.159919 0.205886 0.017852
3 0.745971 0.181045 0.348386 0.018096
3 0.745907 0.202295 0.348386 0.018096
3 0.750842 0.223554 0.358386 0.018113
3 0.745777 0.244795 0.348386 0.018096
3 0.745713 0.266045 0.348386 0.018096
0 0.734208 0.212900 0.407057 0.129446
1 0.565199 0.297611 0.062557 0.018857
2 0.631033 0.297724 0.055890 0.018846
3 0.741030 0.298537 0.142553 0.017744
0 0.733947 0.298525 0.406734 0.023196
1 0.554680 0.331343 0.041724 0.018821
2 0.620930 0.331457 0.077557 0.018883
3 0.797178 0.332383 0.253386 0.017934
3 0.745446 0.353545 0.348386 0.018096
3 0.745382 0.374795 0.348386 0.018096
3 0.745317 0.396045 0.348386 0.018096
3 0.745252 0.417295 0.348386 0.018096
3 0.745188 0.438545 0.348386 0.018096
3 0.642207 0.459618 0.142553 0.017744
0 0.733650 0.396025 0.407122 0.150696
1 0.575036 0.488253 0.083390 0.018893
2 0.653786 0.488388 0.060890 0.018854
3 0.813783 0.489287 0.237553 0.017906
3 0.749969 0.510428 0.358386 0.018113
3 0.744904 0.531669 0.348386 0.018096
3 0.744840 0.552919 0.348386 0.018096
3 0.744775 0.574169 0.348386 0.018096
3 0.744710 0.595419 0.348386 0.018096
3 0.657562 0.616520 0.174219 0.017798
0 0.733173 0.552899 0.407122 0.150696
1 0.574557 0.645753 0.083390 0.018893
2 0.664973 0.645908 0.084224 0.018894
0 0.732888 0.646649 0.406734 0.023196
1 0.564049 0.675735 0.062557 0.018857
2 0.635299 0.675857 0.066724 0.018864
0 0.732796 0.676649 0.406734 0.023196
1 0.553548 0.703217 0.041724 0.018821
2 0.622715 0.703336 0.083390 0.018893
3 0.801879 0.704267 0.253386 0.017934
3 0.649315 0.725256 0.158386 0.017771
0 0.732680 0.714774 0.406799 0.044446
1 0.574231 0.752628 0.083390 0.018893
2 0.651731 0.752760 0.058390 0.018850
3 0.810479 0.753657 0.237553 0.017906
0 0.732562 0.753524 0.406734 0.023196
1 0.563723 0.782610 0.062557 0.018857
2 0.633307 0.782729 0.063390 0.018858
3 0.802471 0.783643 0.253386 0.017934
3 0.625323 0.804590 0.110886 0.017690
0 0.732439 0.794149 0.406799 0.044446
1 0.573980 0.835128 0.083390 0.018893
2 0.658563 0.835272 0.072557 0.018874
3 0.816478 0.836168 0.221719 0.017879
3 0.609330 0.857063 0.079220 0.017635
0 0.732279 0.846649 0.406799 0.044446
1 0.563413 0.884485 0.062557 0.018857
2 0.635497 0.884608 0.068390 0.018867
3 0.767578 0.885459 0.174219 0.017798
0 0.732161 0.885398 0.406734 0.023196
