0 0.26666666666666666 0.144375 0.4 0.13875
0 0.26666666666666666 0.300625 0.4 0.13875
0 0.26666666666666666 0.409375 0.4 0.04375
0 0.26666666666666666 0.50625 0.4 0.115
0 0.26666666666666666 0.59125 0.4 0.02
0 0.26666666666666666 0.664375 0.4 0.09125
0 0.26666666666666666 0.749375 0.4 0.04375
0 0.26666666666666666 0.834375 0.4 0.09125
0 0.7333333333333333 0.120625 0.4 0.09125
0 0.7333333333333333 0.205625 0.4 0.04375
0 0.7333333333333333 0.290625 0.4 0.09125
0 0.7333333333333333 0.399375 0.4 0.09125
0 0.7333333333333333 0.508125 0.4 0.09125
0 0.7333333333333333 0.605 0.4 0.0675
0 0.7333333333333333 0.678125 0.4 0.04375
0 0.7333333333333333 0.79875 0.4 0.1625
