3 0.497994 0.038760 0.995987 0.030015
0 0.104636 0.086349 0.083499 0.019168
1 0.194634 0.085897 0.083499 0.019168
2 0.350053 0.085743 0.205985 0.018532
2 0.148163 0.108006 0.095154 0.017976
0 0.105132 0.141973 0.083499 0.019168
1 0.178464 0.141605 0.050166 0.019000
2 0.333049 0.141454 0.237651 0.018691
2 0.275323 0.162994 0.348482 0.019247
2 0.275513 0.184244 0.348482 0.019247
2 0.275702 0.205493 0.348482 0.019247
2 0.165061 0.227299 0.126820 0.018135
0 0.095752 0.258272 0.062666 0.019063
1 0.181167 0.257844 0.095165 0.019226
2 0.350335 0.257620 0.221818 0.018611
2 0.173445 0.279758 0.142653 0.018214
0 0.096254 0.314521 0.062666 0.019063
1 0.161252 0.314195 0.054333 0.019021
2 0.325837 0.313994 0.253484 0.018770
2 0.197696 0.335888 0.190152 0.018453
0 0.086328 0.369572 0.041833 0.018959
1 0.152160 0.369242 0.076832 0.019134
2 0.332994 0.368960 0.263483 0.018820
2 0.134855 0.391204 0.063488 0.017817
0 0.097251 0.426394 0.062666 0.019063
1 0.175583 0.426001 0.080999 0.019155
2 0.345585 0.425773 0.237651 0.018691
2 0.246193 0.447522 0.285150 0.018929
0 0.087314 0.480195 0.041833 0.018959
1 0.148979 0.479885 0.068499 0.019092
2 0.312731 0.479689 0.237651 0.018691
0 0.087604 0.512694 0.041833 0.018959
1 0.164686 0.512307 0.099332 0.019247
2 0.343854 0.512033 0.237651 0.018691
2 0.231129 0.533849 0.253484 0.018770
0 0.088028 0.560193 0.041833 0.018959
1 0.155526 0.559854 0.080165 0.019151
2 0.333028 0.559589 0.253484 0.018770
2 0.215720 0.581428 0.221818 0.018611
0 0.109329 0.612587 0.083499 0.019168
1 0.181827 0.612223 0.048499 0.018992
0 0.109596 0.642586 0.083499 0.019168
1 0.192928 0.642168 0.070166 0.019101
2 0.349596 0.642008 0.221818 0.018611
2 0.161040 0.664204 0.110987 0.018056
0 0.110053 0.693835 0.083499 0.019168
1 0.196301 0.693403 0.075999 0.019130
2 0.305471 0.693480 0.120987 0.018106
0 0.110337 0.725710 0.083499 0.019168
1 0.207835 0.725221 0.098498 0.019243
2 0.339088 0.725187 0.142653 0.018214
0 0.100177 0.754511 0.062666 0.019063
1 0.181009 0.754106 0.085999 0.019180
0 0.100439 0.783886 0.062666 0.019063
1 0.176271 0.783505 0.075999 0.019130
2 0.343773 0.783290 0.237651 0.018691
2 0.178133 0.805371 0.142653 0.018214
0 0.090446 0.831437 0.041833 0.018959
1 0.146278 0.831157 0.056833 0.019034
2 0.256698 0.831228 0.142653 0.018214
0 0.101164 0.865134 0.062666 0.019063
1 0.170746 0.864785 0.063499 0.019067
2 0.339914 0.864561 0.253484 0.018770
0 0.550459 0.084113 0.041833 0.018959
1 0.621291 0.083757 0.086832 0.019184
2 0.799209 0.083490 0.247651 0.018741
2 0.630653 0.105586 0.126820 0.018135
0 0.571755 0.135882 0.083499 0.019168
1 0.642586 0.135527 0.045166 0.018975
2 0.802588 0.135349 0.253484 0.018770
2 0.741946 0.156904 0.348482 0.019247
2 0.742135 0.178153 0.348482 0.019247
2 0.742325 0.199403 0.348482 0.019247
2 0.592101 0.221407 0.047655 0.017738
0 0.572802 0.253379 0.083499 0.019168
1 0.663634 0.252924 0.085165 0.019176
2 0.819886 0.252765 0.205985 0.018532
2 0.616330 0.275036 0.095154 0.017976
0 0.562815 0.301555 0.062666 0.019063
1 0.638230 0.301177 0.075166 0.019126
2 0.805315 0.300964 0.237651 0.018691
2 0.608843 0.323200 0.079321 0.017897
0 0.552900 0.357856 0.041833 0.018959
1 0.604149 0.357599 0.047666 0.018988
2 0.781234 0.357336 0.285150 0.018929
2 0.743924 0.378774 0.348482 0.019247
2 0.744114 0.400023 0.348482 0.019247
2 0.744303 0.421273 0.348482 0.019247
2 0.744493 0.442522 0.348482 0.019247
0 0.553915 0.471604 0.041833 0.018959
1 0.620996 0.471267 0.079332 0.019147
2 0.798081 0.471004 0.253484 0.018770
2 0.626191 0.493117 0.110987 0.018056
0 0.564827 0.527175 0.062666 0.019063
1 0.641492 0.526791 0.077665 0.019138
2 0.809827 0.526572 0.237651 0.018691
2 0.642520 0.548661 0.142653 0.018214
0 0.565251 0.574674 0.062666 0.019063
1 0.632749 0.574336 0.059333 0.019046
2 0.799834 0.574123 0.253484 0.018770
2 0.666693 0.596041 0.190152 0.018453
0 0.555325 0.629725 0.041833 0.018959
1 0.632823 0.629337 0.100165 0.019251
2 0.788658 0.629180 0.190152 0.018453
0 0.576459 0.663370 0.083499 0.019168
1 0.653540 0.662983 0.057666 0.019038
2 0.811875 0.662814 0.237651 0.018691
2 0.746650 0.684392 0.348482 0.019247
2 0.746839 0.705641 0.348482 0.019247
2 0.747029 0.726891 0.348482 0.019247
2 0.752218 0.748115 0.358481 0.019297
2 0.747408 0.769390 0.348482 0.019247
2 0.628850 0.791235 0.110987 0.018056
0 0.567424 0.818419 0.062666 0.019063
1 0.647839 0.818016 0.085165 0.019176
2 0.812008 0.817817 0.221818 0.018611
2 0.684700 0.839706 0.221818 0.018611
0 0.557448 0.867845 0.041833 0.018959
1 0.619113 0.867536 0.068499 0.019092
2 0.798698 0.867260 0.269317 0.018850
2 0.669307 0.889159 0.190152 0.018453
