1 0.107139 0.085010 0.083387 0.018885
2 0.188389 0.084878 0.065887 0.018856
3 0.342973 0.085253 0.221716 0.017859
3 0.261368 0.106635 0.316716 0.018012
0 0.265504 0.096003 0.406792 0.044408
1 0.096866 0.135026 0.062554 0.018851
2 0.178116 0.134895 0.086720 0.018890
3 0.327284 0.135279 0.190050 0.017807
0 0.265617 0.135378 0.406730 0.023158
1 0.107383 0.170009 0.083387 0.018885
2 0.183216 0.169887 0.055054 0.018839
3 0.340301 0.170258 0.237550 0.017884
3 0.277446 0.191609 0.348383 0.018064
3 0.261674 0.212885 0.316716 0.018012
0 0.265779 0.191628 0.406853 0.065658
1 0.097182 0.245026 0.062554 0.018851
2 0.171349 0.244906 0.072554 0.018867
0 0.265934 0.245378 0.406730 0.023158
1 0.097278 0.278151 0.062554 0.018851
2 0.155611 0.278057 0.040887 0.018816
3 0.281862 0.278477 0.190050 0.017807
0 0.266029 0.278503 0.406730 0.023158
1 0.107779 0.307509 0.083387 0.018885
2 0.207362 0.307348 0.102554 0.018916
3 0.364447 0.307719 0.190050 0.017807
3 0.182842 0.329263 0.158383 0.017756
0 0.266144 0.318503 0.406792 0.044408
1 0.107930 0.360009 0.083387 0.018885
2 0.188763 0.359878 0.065054 0.018855
3 0.342931 0.360254 0.221716 0.017859
3 0.111743 0.381878 0.015884 0.017526
0 0.266295 0.371003 0.406792 0.044408
1 0.108068 0.408134 0.083387 0.018885
2 0.188485 0.408004 0.064220 0.018854
3 0.342236 0.408380 0.221716 0.017859
3 0.278131 0.429734 0.348383 0.018064
3 0.119859 0.451240 0.031717 0.017551
0 0.266464 0.429753 0.406853 0.065658
1 0.097869 0.483776 0.062554 0.018851
2 0.162869 0.483670 0.054220 0.018838
3 0.327454 0.484029 0.253383 0.017910
3 0.135849 0.505589 0.063384 0.017602
0 0.266651 0.494753 0.406792 0.044408
1 0.087609 0.538167 0.041720 0.018817
2 0.160109 0.538050 0.090054 0.018896
3 0.334693 0.538393 0.237550 0.017884
3 0.136005 0.559964 0.063384 0.017602
0 0.266807 0.549127 0.406792 0.044408
1 0.087747 0.586292 0.041720 0.018817
2 0.146914 0.586196 0.063387 0.018852
3 0.323998 0.586535 0.269216 0.017935
3 0.191560 0.607999 0.174217 0.017782
0 0.266946 0.597252 0.406792 0.044408
1 0.108733 0.639383 0.083387 0.018885
2 0.187900 0.639255 0.061720 0.018850
0 0.267068 0.639752 0.406730 0.023158
1 0.108816 0.668133 0.083387 0.018885
2 0.190899 0.668000 0.067554 0.018859
3 0.346317 0.668374 0.221716 0.017859
3 0.136379 0.689964 0.063384 0.017602
0 0.267181 0.679127 0.406792 0.044408
1 0.108962 0.718758 0.083387 0.018885
2 0.205628 0.718602 0.096720 0.018906
3 0.359796 0.718977 0.190050 0.017807
3 0.279024 0.740358 0.348383 0.018064
3 0.247419 0.761659 0.285050 0.017961
0 0.267357 0.740377 0.406853 0.065658
1 0.088326 0.787542 0.041720 0.018817
2 0.144576 0.787451 0.057554 0.018843
3 0.318744 0.787794 0.269216 0.017935
3 0.279222 0.809108 0.348383 0.018064
3 0.279283 0.830358 0.348383 0.018064
3 0.279344 0.851608 0.348383 0.018064
3 0.279405 0.872858 0.348383 0.018064
3 0.279466 0.894108 0.348383 0.018064
3 0.176611 0.915524 0.142550 0.017730
0 0.267677 0.851627 0.407097 0.150658
1 0.573804 0.084255 0.083387 0.018885
2 0.657554 0.084119 0.070887 0.018865
3 0.814639 0.084490 0.221716 0.017859
3 0.748867 0.105846 0.358383 0.018080
3 0.743928 0.127104 0.348383 0.018064
3 0.743989 0.148354 0.348383 0.018064
3 0.744050 0.169604 0.348383 0.018064
3 0.744111 0.190854 0.348383 0.018064
3 0.744173 0.212104 0.348383 0.018064
3 0.744234 0.233354 0.348383 0.018064
3 0.657212 0.254745 0.174217 0.017782
0 0.732384 0.169623 0.407219 0.193157
1 0.574371 0.281129 0.083387 0.018885
2 0.644787 0.281015 0.044220 0.018821
3 0.804372 0.281382 0.253383 0.017910
3 0.744433 0.302729 0.348383 0.018064
3 0.744494 0.323979 0.348383 0.018064
3 0.744555 0.345229 0.348383 0.018064
3 0.712950 0.366530 0.285050 0.017961
0 0.732828 0.323998 0.406975 0.108158
1 0.559709 0.398653 0.053387 0.018836
2 0.623042 0.398551 0.060054 0.018847
3 0.798460 0.398892 0.269216 0.017935
3 0.705188 0.420293 0.269216 0.017935
0 0.733074 0.409623 0.406792 0.044408
1 0.554032 0.453037 0.041720 0.018817
2 0.625282 0.452922 0.087554 0.018892
3 0.806533 0.453254 0.253383 0.017910
3 0.749928 0.474596 0.358383 0.018080
3 0.744989 0.495854 0.348383 0.018064
3 0.737133 0.517116 0.332550 0.018038
0 0.733291 0.485248 0.406914 0.086908
1 0.564729 0.550520 0.062554 0.018851
2 0.634729 0.550407 0.064220 0.018854
3 0.804313 0.550758 0.253383 0.017910
3 0.673958 0.572219 0.205883 0.017833
0 0.733511 0.561497 0.406792 0.044408
1 0.575289 0.600503 0.083387 0.018885
2 0.662372 0.600363 0.077554 0.018875
3 0.822790 0.600728 0.221716 0.017859
3 0.634519 0.622283 0.126717 0.017705
0 0.733655 0.611497 0.406792 0.044408
1 0.554594 0.648662 0.041720 0.018817
2 0.606261 0.648578 0.048387 0.018828
3 0.783762 0.648916 0.285050 0.017961
3 0.602991 0.670459 0.063384 0.017602
0 0.733793 0.659622 0.406792 0.044408
1 0.565148 0.696145 0.062554 0.018851
2 0.630564 0.696039 0.055054 0.018839
3 0.795566 0.696397 0.253383 0.017910
3 0.747710 0.717725 0.352550 0.018070
3 0.745688 0.738978 0.348383 0.018064
3 0.745749 0.760228 0.348383 0.018064
3 0.745810 0.781478 0.348383 0.018064
3 0.750871 0.802720 0.358383 0.018080
3 0.745932 0.823978 0.348383 0.018064
3 0.658910 0.845369 0.174217 0.017782
0 0.734113 0.770872 0.407158 0.171908
1 0.555259 0.879911 0.041720 0.018817
2 0.620259 0.879806 0.075054 0.018871
0 0.734428 0.880247 0.406730 0.023158
