1 0.092337 0.081699 0.041883 0.019021
2 0.140252 0.082012 0.041049 0.019016
0 0.271490 0.083493 0.406912 0.025153
1 0.112793 0.114334 0.083548 0.019293
2 0.188623 0.114829 0.055215 0.019108
3 0.342777 0.116460 0.231861 0.019011
3 0.282533 0.137317 0.348523 0.019772
3 0.282286 0.158566 0.348523 0.019772
3 0.282040 0.179816 0.348523 0.019772
3 0.202629 0.200548 0.190196 0.018739
0 0.270620 0.158490 0.407898 0.110150
1 0.111393 0.234954 0.083548 0.019293
2 0.188057 0.235454 0.056882 0.019119
3 0.330128 0.237007 0.206029 0.018843
0 0.269713 0.236612 0.406912 0.025153
1 0.100600 0.267385 0.062715 0.019157
2 0.162681 0.267790 0.048549 0.019065
3 0.332251 0.269522 0.269359 0.019256
3 0.280756 0.290436 0.348523 0.019772
3 0.114266 0.310601 0.016036 0.017603
0 0.269090 0.290360 0.407405 0.067651
1 0.089299 0.343564 0.041883 0.019021
2 0.148047 0.343947 0.062715 0.019157
3 0.324700 0.345725 0.269359 0.019256
3 0.279872 0.366683 0.348523 0.019772
3 0.279625 0.387933 0.348523 0.019772
3 0.279379 0.409182 0.348523 0.019772
3 0.279132 0.430431 0.348523 0.019772
3 0.239304 0.451422 0.269359 0.019256
0 0.267836 0.398481 0.408145 0.131399
1 0.108522 0.482445 0.083548 0.019293
2 0.182686 0.482929 0.051882 0.019086
3 0.282675 0.484206 0.126865 0.018326
0 0.266842 0.484103 0.406912 0.025153
1 0.108152 0.514319 0.083548 0.019293
2 0.189816 0.514851 0.066882 0.019184
3 0.344803 0.516488 0.221861 0.018946
3 0.238310 0.537044 0.269359 0.019256
0 0.266349 0.526601 0.407159 0.046402
1 0.107522 0.568691 0.083548 0.019293
2 0.183769 0.569189 0.056049 0.019114
0 0.265842 0.570350 0.406912 0.025153
1 0.107195 0.596815 0.083548 0.019293
2 0.179693 0.597289 0.048549 0.019065
3 0.333430 0.598917 0.237694 0.019049
3 0.276935 0.619799 0.348523 0.019772
3 0.276689 0.641048 0.348523 0.019772
3 0.281442 0.662330 0.358523 0.019838
3 0.276196 0.683547 0.348523 0.019772
3 0.220534 0.704434 0.237694 0.019049
0 0.264899 0.651597 0.408145 0.131399
1 0.095155 0.736742 0.062715 0.019157
2 0.168069 0.737218 0.070215 0.019206
3 0.332639 0.738917 0.237694 0.019049
3 0.116984 0.758760 0.031868 0.017706
0 0.263768 0.749093 0.407159 0.046402
1 0.104919 0.793058 0.083548 0.019293
2 0.176166 0.793523 0.046049 0.019048
3 0.336569 0.795195 0.253527 0.019152
3 0.116331 0.815008 0.031868 0.017706
0 0.263115 0.805341 0.407159 0.046402
1 0.083535 0.840420 0.041883 0.019021
2 0.156449 0.840896 0.091047 0.019342
3 0.331435 0.842663 0.237694 0.019049
3 0.250358 0.863385 0.301025 0.019462
0 0.262564 0.852839 0.407159 0.046402
1 0.558986 0.084744 0.041883 0.019021
2 0.627317 0.085190 0.081881 0.019282
3 0.766055 0.086721 0.174363 0.018636
0 0.738139 0.086538 0.406912 0.025153
1 0.579427 0.118629 0.083548 0.019293
2 0.670257 0.119222 0.085214 0.019304
3 0.826494 0.120866 0.206029 0.018843
3 0.654171 0.140992 0.158530 0.018533
0 0.737624 0.130912 0.407159 0.046402
1 0.568351 0.175434 0.062715 0.019157
2 0.632932 0.175855 0.053549 0.019097
3 0.797085 0.177551 0.253527 0.019152
3 0.677260 0.198020 0.206029 0.018843
0 0.736964 0.187784 0.407159 0.046402
1 0.567771 0.225432 0.062715 0.019157
2 0.654851 0.226000 0.098547 0.019391
3 0.825671 0.227740 0.221861 0.018946
0 0.736508 0.227158 0.406912 0.025153
1 0.567365 0.260431 0.062715 0.019157
2 0.642779 0.260923 0.075215 0.019239
0 0.736101 0.262157 0.406912 0.025153
1 0.567032 0.289179 0.062715 0.019157
2 0.632029 0.289604 0.054382 0.019103
3 0.796599 0.291303 0.253527 0.019152
3 0.747188 0.312231 0.348523 0.019772
3 0.746941 0.333480 0.348523 0.019772
3 0.746695 0.354729 0.348523 0.019772
3 0.746448 0.375979 0.348523 0.019772
3 0.746202 0.397228 0.348523 0.019772
3 0.579711 0.417392 0.016036 0.017603
0 0.735028 0.354653 0.408391 0.152648
1 0.565233 0.444174 0.062715 0.019157
2 0.631481 0.444606 0.056882 0.019119
3 0.797301 0.446313 0.253527 0.019152
3 0.666226 0.466708 0.190196 0.018739
0 0.733847 0.456524 0.407159 0.046402
1 0.564603 0.498547 0.062715 0.019157
2 0.628767 0.498965 0.052716 0.019092
3 0.792503 0.500659 0.253527 0.019152
3 0.626013 0.520823 0.111032 0.018223
0 0.733216 0.510897 0.407159 0.046402
1 0.553599 0.549102 0.041883 0.019021
2 0.610680 0.549474 0.059382 0.019135
3 0.785666 0.551241 0.269359 0.019256
3 0.744171 0.572221 0.348523 0.019772
3 0.743925 0.593470 0.348523 0.019772
3 0.743678 0.614719 0.348523 0.019772
3 0.742599 0.635963 0.346857 0.019762
0 0.732259 0.593394 0.407898 0.110150
1 0.552243 0.665972 0.041883 0.019021
2 0.621407 0.666424 0.083548 0.019293
3 0.800560 0.668218 0.253527 0.019152
3 0.600321 0.688162 0.063534 0.017913
0 0.731273 0.678391 0.407159 0.046402
1 0.562036 0.719788 0.062715 0.019157
2 0.626617 0.720210 0.053549 0.019097
3 0.751188 0.721648 0.174363 0.018636
0 0.730772 0.721514 0.406912 0.025153
1 0.561681 0.750412 0.062715 0.019157
2 0.630845 0.750863 0.062715 0.019157
3 0.767916 0.752383 0.190196 0.018739
0 0.730417 0.752138 0.406912 0.025153
1 0.561318 0.781661 0.062715 0.019157
2 0.642565 0.782191 0.086881 0.019315
3 0.775886 0.783686 0.158530 0.018533
0 0.730054 0.783387 0.406912 0.025153
1 0.571365 0.813603 0.083548 0.019293
2 0.655528 0.814152 0.071881 0.019217
0 0.729685 0.815261 0.406912 0.025153
1 0.571024 0.842976 0.083548 0.019293
2 0.653104 0.843512 0.067715 0.019190
3 0.808508 0.845151 0.221861 0.018946
3 0.582436 0.864927 0.031868 0.017706
0 0.729221 0.855259 0.407159 0.046402
1 0.565861 0.892945 0.074381 0.019233
2 0.646691 0.893472 0.074381 0.019233
3 0.802511 0.895114 0.216028 0.018908
0 0.728764 0.894633 0.406912 0.025153
