1 0.163750 0.085938 0.092500 0.021875
0 0.266667 0.085938 0.400000 0.021875
1 0.184583 0.116562 0.087500 0.021875
0 0.266667 0.125938 0.400000 0.040625
1 0.190000 0.163438 0.145000 0.021875
0 0.266667 0.172813 0.400000 0.040625
1 0.178333 0.210313 0.121667 0.021875
0 0.266667 0.210313 0.400000 0.021875
1 0.182500 0.242188 0.083333 0.021875
0 0.266667 0.242188 0.400000 0.021875
1 0.194583 0.270937 0.060833 0.021875
0 0.266667 0.299063 0.400000 0.078125
1 0.154583 0.358438 0.074167 0.021875
0 0.266667 0.367812 0.400000 0.040625
1 0.172917 0.411562 0.064167 0.021875
0 0.266667 0.439688 0.400000 0.078125
1 0.245417 0.501563 0.162500 0.021875
0 0.266667 0.501563 0.400000 0.021875
1 0.195000 0.529687 0.108333 0.021875
0 0.266667 0.529687 0.400000 0.021875
1 0.210000 0.560937 0.091667 0.021875
0 0.266667 0.560937 0.400000 0.021875
1 0.149167 0.589063 0.063333 0.021875
0 0.266667 0.589063 0.400000 0.021875
1 0.150000 0.620313 0.065000 0.021875
0 0.266667 0.629687 0.400000 0.040625
1 0.185417 0.673438 0.089167 0.021875
0 0.266667 0.701562 0.400000 0.078125
1 0.229167 0.760312 0.130000 0.021875
0 0.266667 0.760312 0.400000 0.021875
1 0.234583 0.788438 0.140833 0.021875
0 0.266667 0.797813 0.400000 0.040625
1 0.175417 0.835313 0.069167 0.021875
0 0.266667 0.863437 0.400000 0.078125
1 0.661250 0.085938 0.107500 0.021875
0 0.733333 0.085938 0.400000 0.021875
1 0.637500 0.119688 0.106667 0.021875
0 0.733333 0.166563 0.400000 0.115625
1 0.714167 0.246562 0.166667 0.021875
0 0.733333 0.255937 0.400000 0.040625
1 0.687917 0.295938 0.114167 0.021875
0 0.733333 0.295938 0.400000 0.021875
1 0.635833 0.330313 0.056667 0.021875
0 0.733333 0.339687 0.400000 0.040625
1 0.645833 0.382812 0.076667 0.021875
0 0.733333 0.382812 0.400000 0.021875
1 0.628333 0.412813 0.088333 0.021875
0 0.733333 0.478438 0.400000 0.153125
1 0.695833 0.577187 0.130000 0.021875
0 0.733333 0.614688 0.400000 0.096875
1 0.665833 0.685937 0.116667 0.021875
0 0.733333 0.695312 0.400000 0.040625
1 0.696667 0.732812 0.131667 0.021875
0 0.733333 0.789062 0.400000 0.134375
1 0.614167 0.878437 0.060000 0.021875
0 0.733333 0.897188 0.400000 0.059375
