1 0.223750 0.085938 0.119167 0.021875
0 0.266667 0.085938 0.400000 0.021875
1 0.154583 0.119063 0.074167 0.021875
0 0.266667 0.147187 0.400000 0.078125
1 0.155000 0.207187 0.075000 0.021875
0 0.266667 0.207187 0.400000 0.021875
1 0.180000 0.240313 0.078333 0.021875
0 0.266667 0.249688 0.400000 0.040625
1 0.149167 0.290938 0.063333 0.021875
0 0.266667 0.300312 0.400000 0.040625
1 0.172917 0.340938 0.064167 0.021875
0 0.266667 0.350313 0.400000 0.040625
1 0.166250 0.392188 0.097500 0.021875
0 0.266667 0.420312 0.400000 0.078125
1 0.188750 0.482812 0.142500 0.021875
0 0.266667 0.492188 0.400000 0.040625
1 0.205000 0.532188 0.081667 0.021875
0 0.266667 0.532188 0.400000 0.021875
1 0.235833 0.561562 0.143333 0.021875
0 0.266667 0.561562 0.400000 0.021875
1 0.171667 0.592812 0.108333 0.021875
0 0.266667 0.658438 0.400000 0.153125
1 0.184583 0.754062 0.087500 0.021875
0 0.266667 0.791562 0.400000 0.096875
1 0.184167 0.857812 0.133333 0.021875
0 0.266667 0.904687 0.400000 0.115625
1 0.635833 0.085938 0.103333 0.021875
0 0.733333 0.095312 0.400000 0.040625
1 0.645000 0.138437 0.121667 0.021875
0 0.733333 0.166563 0.400000 0.078125
1 0.694583 0.229063 0.127500 0.021875
0 0.733333 0.238437 0.400000 0.040625
1 0.657083 0.280938 0.145833 0.021875
0 0.733333 0.280938 0.400000 0.021875
1 0.652083 0.314063 0.089167 0.021875
0 0.733333 0.370312 0.400000 0.134375
1 0.681250 0.458437 0.147500 0.021875
0 0.733333 0.467813 0.400000 0.040625
1 0.645000 0.510938 0.075000 0.021875
0 0.733333 0.510938 0.400000 0.021875
1 0.667500 0.540312 0.073333 0.021875
0 0.733333 0.540312 0.400000 0.021875
1 0.696667 0.571562 0.131667 0.021875
0 0.733333 0.571562 0.400000 0.021875
1 0.645833 0.602187 0.076667 0.021875
0 0.733333 0.630313 0.400000 0.078125
1 0.642917 0.688438 0.117500 0.021875
0 0.733333 0.688438 0.400000 0.021875
1 0.639167 0.717812 0.110000 0.021875
0 0.733333 0.717812 0.400000 0.021875
1 0.671250 0.745938 0.127500 0.021875
0 0.733333 0.745938 0.400000 0.021875
1 0.680417 0.775312 0.099167 0.021875
0 0.733333 0.775312 0.400000 0.021875
1 0.675833 0.809688 0.136667 0.021875
0 0.733333 0.809688 0.400000 0.021875
1 0.663333 0.841562 0.111667 0.021875
0 0.733333 0.841562 0.400000 0.021875
1 0.660417 0.870313 0.059167 0.021875
0 0.733333 0.889062 0.400000 0.059375
