3 0.490967 0.038955 0.981933 0.047357
0 0.071156 0.093787 0.042394 0.019674
1 0.147372 0.092081 0.098202 0.020923
2 0.325651 0.088717 0.238090 0.022805
2 0.175730 0.113331 0.174785 0.021388
0 0.083457 0.141032 0.063218 0.020140
1 0.145096 0.139653 0.048224 0.019804
0 0.095087 0.171411 0.084042 0.020606
1 0.162557 0.169901 0.039062 0.019599
2 0.319179 0.167021 0.253917 0.023159
2 0.170923 0.191599 0.158959 0.021034
0 0.086613 0.220372 0.063218 0.020140
1 0.149502 0.218965 0.050723 0.019860
2 0.319868 0.215778 0.269743 0.023513
2 0.164949 0.240504 0.143132 0.020680
0 0.099262 0.276364 0.084042 0.020606
1 0.175062 0.274668 0.055721 0.019972
2 0.332100 0.271779 0.238090 0.022805
2 0.270056 0.294427 0.348874 0.025284
2 0.270901 0.315667 0.348874 0.025284
2 0.271746 0.336908 0.348874 0.025284
2 0.272591 0.358149 0.348874 0.025284
2 0.278434 0.379277 0.358870 0.025507
2 0.242629 0.401338 0.285569 0.023867
0 0.105724 0.438792 0.084042 0.020606
1 0.184439 0.437030 0.061552 0.020102
2 0.344393 0.434076 0.238090 0.022805
2 0.281516 0.456743 0.358870 0.025507
2 0.277363 0.478095 0.348874 0.025284
2 0.278208 0.499336 0.348874 0.025284
2 0.279053 0.520576 0.348874 0.025284
2 0.279898 0.541817 0.348874 0.025284
2 0.280743 0.563057 0.348874 0.025284
2 0.131239 0.587662 0.048175 0.018555
0 0.092107 0.620427 0.042394 0.019674
1 0.159161 0.618927 0.079877 0.020512
2 0.336190 0.615590 0.253917 0.023159
2 0.283726 0.638024 0.348874 0.025284
2 0.284571 0.659265 0.348874 0.025284
2 0.285416 0.680505 0.348874 0.025284
2 0.286261 0.701746 0.348874 0.025284
2 0.136756 0.726351 0.048175 0.018555
0 0.097426 0.754118 0.042394 0.019674
1 0.145321 0.753046 0.041561 0.019655
0 0.098768 0.787853 0.042394 0.019674
1 0.158741 0.786511 0.065717 0.020196
2 0.336604 0.783156 0.269743 0.023513
2 0.132123 0.808991 0.032348 0.018201
0 0.111442 0.844469 0.063218 0.020140
1 0.176413 0.843016 0.054888 0.019953
2 0.309295 0.840667 0.190611 0.021742
0 0.102173 0.873440 0.042394 0.019674
1 0.153817 0.872284 0.049057 0.019823
2 0.331262 0.868938 0.285569 0.023867
2 0.298789 0.890925 0.358870 0.025507
2 0.252155 0.913228 0.263912 0.023382
0 0.537615 0.083348 0.042394 0.019674
1 0.610083 0.081727 0.090706 0.020755
2 0.784614 0.078446 0.238090 0.022805
2 0.586797 0.104132 0.064001 0.018909
0 0.539827 0.138949 0.042394 0.019674
1 0.596885 0.137672 0.059886 0.020065
2 0.684788 0.136330 0.095654 0.019617
0 0.540896 0.165812 0.042394 0.019674
1 0.589624 0.164721 0.043227 0.019692
2 0.764155 0.161441 0.285569 0.023867
2 0.734597 0.183362 0.353039 0.025377
2 0.738357 0.204537 0.358870 0.025507
2 0.734204 0.225889 0.348874 0.025284
2 0.592613 0.250317 0.064001 0.018909
0 0.566367 0.282169 0.084042 0.020606
1 0.640918 0.280500 0.053222 0.019916
2 0.796706 0.277639 0.238090 0.022805
2 0.610551 0.303065 0.095654 0.019617
0 0.557869 0.330505 0.063218 0.020140
1 0.626172 0.328977 0.061552 0.020102
2 0.794039 0.325846 0.253917 0.023159
2 0.667857 0.349929 0.206438 0.022096
0 0.559857 0.380483 0.063218 0.020140
1 0.634408 0.378815 0.074046 0.020382
0 0.561001 0.409220 0.063218 0.020140
1 0.627638 0.407729 0.058220 0.020028
2 0.790923 0.404700 0.248086 0.023028
2 0.623510 0.429706 0.111480 0.019971
0 0.562989 0.459198 0.063218 0.020140
1 0.640038 0.457474 0.079044 0.020494
0 0.553993 0.495040 0.042394 0.019674
1 0.626461 0.493418 0.090706 0.020755
2 0.805990 0.490026 0.248086 0.023028
2 0.745612 0.512637 0.348874 0.025284
2 0.746457 0.533877 0.348874 0.025284
2 0.747302 0.555118 0.348874 0.025284
2 0.708581 0.577244 0.269743 0.023513
0 0.569078 0.612255 0.063218 0.020140
1 0.649875 0.610447 0.086541 0.020662
2 0.814410 0.607390 0.222264 0.022450
2 0.750284 0.630085 0.348874 0.025284
2 0.751129 0.651325 0.348874 0.025284
2 0.751974 0.672566 0.348874 0.025284
2 0.752819 0.693806 0.348874 0.025284
2 0.753664 0.715047 0.348874 0.025284
2 0.754509 0.736287 0.348874 0.025284
2 0.755354 0.757528 0.348874 0.025284
2 0.761197 0.778657 0.358870 0.025507
2 0.614608 0.803196 0.064001 0.018909
0 0.588437 0.836922 0.084042 0.020606
1 0.677564 0.834927 0.082376 0.020568
2 0.832103 0.832094 0.206438 0.022096
2 0.759231 0.854984 0.348874 0.025284
0 0.579988 0.886508 0.063218 0.020140
1 0.655372 0.884821 0.075712 0.020419
