3 0.499163 0.036877 0.998327 0.027086
0 0.106793 0.085194 0.083403 0.018924
1 0.197626 0.085004 0.085069 0.018927
2 0.353878 0.085303 0.205897 0.017929
2 0.276874 0.106714 0.348397 0.018227
2 0.276953 0.127964 0.348397 0.018227
2 0.277032 0.149214 0.348397 0.018227
2 0.277110 0.170464 0.348397 0.018227
2 0.282189 0.191703 0.358397 0.018247
2 0.118935 0.213294 0.031731 0.017566
0 0.107380 0.243318 0.083403 0.018924
1 0.191963 0.243142 0.072569 0.018901
2 0.349881 0.243437 0.221731 0.017962
2 0.277460 0.264838 0.348397 0.018227
2 0.277539 0.286088 0.348397 0.018227
2 0.277618 0.307338 0.348397 0.018227
2 0.277697 0.328588 0.348397 0.018227
2 0.277776 0.349838 0.348397 0.018227
2 0.143272 0.371369 0.079231 0.017665
0 0.097568 0.406464 0.062569 0.018880
1 0.167151 0.406319 0.063403 0.018882
0 0.087249 0.432736 0.041736 0.018837
1 0.155582 0.432593 0.081736 0.018920
0 0.087379 0.467736 0.041736 0.018837
1 0.148212 0.467609 0.066736 0.018889
0 0.108335 0.500817 0.083403 0.018924
1 0.192501 0.500641 0.071736 0.018899
0 0.108432 0.527067 0.083403 0.018924
1 0.185932 0.526905 0.058403 0.018872
0 0.108553 0.559567 0.083403 0.018924
1 0.186886 0.559403 0.060069 0.018875
2 0.346471 0.559696 0.237564 0.017995
2 0.278633 0.581087 0.348397 0.018227
2 0.112463 0.602684 0.015898 0.017533
0 0.087995 0.633985 0.041736 0.018837
1 0.157578 0.633840 0.084236 0.018926
0 0.098514 0.661463 0.062569 0.018880
1 0.171847 0.661310 0.070903 0.018898
2 0.336849 0.661591 0.237564 0.017995
2 0.279011 0.682962 0.348397 0.018227
2 0.284090 0.704201 0.358397 0.018247
2 0.284169 0.725451 0.358397 0.018247
2 0.239664 0.746794 0.269231 0.018061
0 0.109357 0.776441 0.083403 0.018924
1 0.188940 0.776275 0.062569 0.018880
2 0.341858 0.776581 0.221731 0.017962
2 0.144855 0.798242 0.079231 0.017665
0 0.099140 0.830213 0.062569 0.018880
1 0.165806 0.830073 0.057569 0.018870
2 0.332058 0.830352 0.253397 0.018028
2 0.160887 0.851959 0.110898 0.017731
0 0.088925 0.884609 0.041736 0.018837
1 0.146008 0.884490 0.059236 0.018873
2 0.326009 0.884739 0.279230 0.018082
2 0.232339 0.906185 0.253397 0.018028
0 0.563042 0.084242 0.062569 0.018880
1 0.634708 0.084092 0.067569 0.018891
2 0.750543 0.084476 0.142564 0.017797
0 0.552753 0.118638 0.041736 0.018837
1 0.613586 0.118512 0.066736 0.018889
2 0.789421 0.118770 0.263397 0.018049
2 0.748666 0.140105 0.358397 0.018247
2 0.743745 0.161365 0.348397 0.018227
2 0.743824 0.182615 0.348397 0.018227
2 0.743903 0.203865 0.348397 0.018227
2 0.704398 0.225198 0.269231 0.018061
0 0.574107 0.259219 0.083403 0.018924
1 0.652024 0.259057 0.059236 0.018873
2 0.811192 0.259350 0.237564 0.017995
2 0.633355 0.280971 0.126731 0.017764
0 0.553450 0.306763 0.041736 0.018837
1 0.602617 0.306660 0.043403 0.018840
2 0.777618 0.306920 0.285064 0.018094
2 0.617698 0.328504 0.095065 0.017698
0 0.574485 0.361094 0.083403 0.018924
1 0.648235 0.360940 0.050903 0.018856
2 0.779487 0.361291 0.190064 0.017896
0 0.574585 0.387969 0.083403 0.018924
1 0.661668 0.387787 0.077569 0.018912
2 0.798336 0.388127 0.174231 0.017863
0 0.574715 0.422969 0.083403 0.018924
1 0.652631 0.422806 0.059236 0.018873
2 0.811799 0.423099 0.237564 0.017995
2 0.610212 0.444770 0.079231 0.017665
0 0.574900 0.472969 0.083403 0.018924
1 0.666150 0.472778 0.085903 0.018929
2 0.822818 0.473076 0.205897 0.017929
2 0.749980 0.494479 0.358397 0.018247
2 0.745059 0.515739 0.348397 0.018227
2 0.745138 0.536989 0.348397 0.018227
2 0.745217 0.558239 0.348397 0.018227
2 0.745296 0.579489 0.348397 0.018227
2 0.745375 0.600739 0.348397 0.018227
2 0.626704 0.622236 0.110898 0.017731
0 0.554746 0.656136 0.041736 0.018837
1 0.607246 0.656027 0.050069 0.018854
2 0.738081 0.656379 0.190064 0.017896
0 0.565262 0.682990 0.062569 0.018880
1 0.639012 0.682836 0.071736 0.018899
2 0.801514 0.683122 0.231731 0.017983
0 0.575785 0.711718 0.083403 0.018924
1 0.652035 0.711559 0.055903 0.018866
2 0.809537 0.711855 0.237564 0.017995
2 0.745866 0.733238 0.348397 0.018227
2 0.745945 0.754488 0.348397 0.018227
2 0.746024 0.775738 0.348397 0.018227
2 0.746102 0.796988 0.348397 0.018227
2 0.746181 0.818238 0.348397 0.018227
2 0.643344 0.839702 0.142564 0.017797
0 0.555539 0.869886 0.041736 0.018837
1 0.613872 0.869764 0.061736 0.018879
2 0.750540 0.870104 0.190064 0.017896
