1 0.172083 0.085938 0.109167 0.021875
0 0.266667 0.142187 0.400000 0.134375
1 0.215417 0.227813 0.102500 0.021875
0 0.266667 0.227813 0.400000 0.021875
1 0.229167 0.259062 0.130000 0.021875
0 0.266667 0.305937 0.400000 0.115625
1 0.180417 0.384062 0.125833 0.021875
0 0.266667 0.384062 0.400000 0.021875
1 0.216250 0.417187 0.150833 0.021875
0 0.266667 0.426563 0.400000 0.040625
1 0.195417 0.469687 0.062500 0.021875
0 0.266667 0.479063 0.400000 0.040625
1 0.235417 0.519687 0.142500 0.021875
0 0.266667 0.566562 0.400000 0.115625
1 0.165833 0.646563 0.096667 0.021875
0 0.266667 0.655937 0.400000 0.040625
1 0.214167 0.694688 0.100000 0.021875
0 0.266667 0.741563 0.400000 0.115625
1 0.164583 0.816562 0.047500 0.021875
0 0.266667 0.854062 0.400000 0.096875
1 0.648333 0.085938 0.128333 0.021875
0 0.733333 0.095312 0.400000 0.040625
1 0.669583 0.135313 0.124167 0.021875
0 0.733333 0.144687 0.400000 0.040625
1 0.615000 0.185938 0.061667 0.021875
0 0.733333 0.195312 0.400000 0.040625
1 0.677083 0.232813 0.092500 0.021875
0 0.733333 0.242188 0.400000 0.040625
1 0.682083 0.280938 0.102500 0.021875
0 0.733333 0.290312 0.400000 0.040625
1 0.640000 0.330313 0.111667 0.021875
0 0.733333 0.358438 0.400000 0.078125
1 0.693333 0.415312 0.125000 0.021875
0 0.733333 0.415312 0.400000 0.021875
1 0.636250 0.444688 0.104167 0.021875
0 0.733333 0.510312 0.400000 0.153125
1 0.667083 0.610313 0.119167 0.021875
0 0.733333 0.610313 0.400000 0.021875
1 0.620000 0.643437 0.071667 0.021875
0 0.733333 0.643437 0.400000 0.021875
1 0.662917 0.676562 0.064167 0.021875
0 0.733333 0.685937 0.400000 0.040625
1 0.646250 0.724688 0.077500 0.021875
0 0.733333 0.724688 0.400000 0.021875
1 0.647917 0.755938 0.127500 0.021875
0 0.733333 0.755938 0.400000 0.021875
1 0.694583 0.788438 0.127500 0.021875
0 0.733333 0.797813 0.400000 0.040625
1 0.658333 0.839063 0.101667 0.021875
0 0.733333 0.895312 0.400000 0.134375
