3 0.502329 0.032514 0.995341 0.030740
0 0.102171 0.082079 0.062690 0.019108
1 0.185085 0.082555 0.090189 0.019266
2 0.351740 0.084137 0.221839 0.018772
2 0.116113 0.104034 0.016011 0.017590
0 0.091186 0.137642 0.041857 0.018989
1 0.142852 0.137939 0.048523 0.019027
2 0.320340 0.139583 0.285170 0.019136
0 0.101309 0.166451 0.062690 0.019108
1 0.178390 0.166894 0.078522 0.019199
2 0.347129 0.168488 0.237672 0.018863
2 0.281497 0.189361 0.348502 0.019499
2 0.281281 0.210611 0.348502 0.019499
2 0.281064 0.231860 0.348502 0.019499
2 0.280847 0.253110 0.348502 0.019499
2 0.193549 0.273859 0.174340 0.018499
0 0.099931 0.301447 0.062690 0.019108
1 0.180762 0.301911 0.086022 0.019242
2 0.345335 0.303481 0.221839 0.018772
2 0.280120 0.324357 0.348502 0.019499
2 0.284903 0.345636 0.358501 0.019557
2 0.279686 0.366856 0.348502 0.019499
2 0.160722 0.387424 0.111009 0.018136
0 0.098700 0.422069 0.062690 0.019108
1 0.177448 0.422521 0.081856 0.019218
0 0.098388 0.452693 0.062690 0.019108
1 0.157553 0.453033 0.042690 0.018993
2 0.284626 0.454387 0.190173 0.018590
0 0.108472 0.485252 0.083522 0.019228
1 0.190970 0.485725 0.068523 0.019142
2 0.346792 0.487245 0.221839 0.018772
2 0.111999 0.507148 0.016011 0.017590
0 0.097558 0.533941 0.062690 0.019108
1 0.167140 0.534340 0.063523 0.019113
2 0.336295 0.535936 0.253505 0.018954
2 0.277747 0.556851 0.348502 0.019499
2 0.282530 0.578129 0.358501 0.019557
2 0.277313 0.599349 0.348502 0.019499
2 0.277096 0.620599 0.348502 0.019499
2 0.134383 0.641030 0.063510 0.017863
0 0.096142 0.672686 0.062690 0.019108
1 0.169057 0.673105 0.070189 0.019151
2 0.333629 0.674675 0.237672 0.018863
2 0.276330 0.695597 0.348502 0.019499
2 0.276114 0.716846 0.348502 0.019499
2 0.275897 0.738095 0.348502 0.019499
2 0.275680 0.759345 0.348502 0.019499
2 0.280463 0.780623 0.358501 0.019557
2 0.275246 0.801844 0.348502 0.019499
2 0.148366 0.822366 0.095176 0.018045
0 0.083927 0.848871 0.041857 0.018989
1 0.135176 0.849166 0.047690 0.019022
2 0.309331 0.850791 0.279337 0.019102
0 0.093993 0.883305 0.062690 0.019108
1 0.171907 0.883753 0.080189 0.019209
0 0.568823 0.084758 0.062690 0.019108
1 0.632155 0.085122 0.051023 0.019041
2 0.802977 0.086727 0.269337 0.019045
2 0.638182 0.107032 0.126842 0.018227
0 0.568320 0.134132 0.062690 0.019108
1 0.633318 0.134505 0.054356 0.019060
2 0.726642 0.135666 0.111009 0.018136
0 0.578379 0.169190 0.083522 0.019228
1 0.652960 0.169618 0.052690 0.019051
2 0.805866 0.171121 0.231838 0.018830
2 0.748150 0.192041 0.348502 0.019499
2 0.747934 0.213290 0.348502 0.019499
2 0.747717 0.234539 0.348502 0.019499
2 0.747500 0.255789 0.348502 0.019499
2 0.704784 0.276794 0.263504 0.019011
0 0.576988 0.305436 0.083522 0.019228
1 0.648236 0.305845 0.046023 0.019013
2 0.805725 0.307375 0.247671 0.018920
2 0.730927 0.328196 0.316836 0.019318
0 0.555626 0.357190 0.041857 0.018989
1 0.628124 0.357606 0.090189 0.019266
2 0.747281 0.358916 0.126842 0.018227
0 0.576165 0.386059 0.083522 0.019228
1 0.650746 0.386487 0.052690 0.019051
2 0.803652 0.387990 0.231838 0.018830
2 0.745937 0.408909 0.348502 0.019499
2 0.745720 0.430159 0.348502 0.019499
2 0.642589 0.450817 0.142674 0.018318
0 0.564779 0.480996 0.062690 0.019108
1 0.626444 0.481350 0.047690 0.019022
2 0.795599 0.482947 0.269337 0.019045
2 0.673719 0.503497 0.206006 0.018681
0 0.574647 0.534805 0.083522 0.019228
1 0.662561 0.535309 0.079356 0.019204
2 0.815884 0.536815 0.206006 0.018681
2 0.749419 0.557684 0.358501 0.019557
2 0.744202 0.578904 0.348502 0.019499
2 0.672737 0.599745 0.206006 0.018681
0 0.563229 0.632867 0.062690 0.019108
1 0.632810 0.633266 0.063523 0.019113
2 0.754467 0.634590 0.158507 0.018408
0 0.573352 0.661676 0.083522 0.019228
1 0.657933 0.662161 0.072689 0.019166
2 0.815839 0.663693 0.221839 0.018772
2 0.743124 0.684526 0.348502 0.019499
2 0.576662 0.704821 0.016011 0.017590
0 0.572555 0.739799 0.083522 0.019228
1 0.652136 0.740255 0.062690 0.019108
2 0.805041 0.741758 0.221839 0.018772
2 0.686911 0.762331 0.237672 0.018863
0 0.551141 0.796552 0.041857 0.018989
1 0.623223 0.796966 0.089355 0.019261
2 0.794461 0.798574 0.231838 0.018830
0 0.561232 0.828486 0.062690 0.019108
1 0.643313 0.828957 0.088522 0.019257
2 0.809135 0.830534 0.221839 0.018772
2 0.741421 0.851396 0.348502 0.019499
2 0.741204 0.872646 0.348502 0.019499
2 0.740987 0.893895 0.348502 0.019499
2 0.740770 0.915144 0.348502 0.019499
2 0.740553 0.936394 0.348502 0.019499
2 0.740336 0.957643 0.348502 0.019499
2 0.581791 0.977984 0.031844 0.017681
