3 0.506791 0.039492 0.986418 0.041883
0 0.100084 0.077514 0.042219 0.019449
1 0.170066 0.078696 0.085541 0.020181
2 0.302514 0.081559 0.158819 0.020170
0 0.109522 0.110181 0.063047 0.019801
1 0.191168 0.111561 0.088041 0.020223
2 0.356524 0.114979 0.222136 0.021239
2 0.289236 0.135098 0.348770 0.023379
2 0.288598 0.156343 0.348770 0.023379
2 0.287960 0.177587 0.348770 0.023379
2 0.287322 0.198832 0.348770 0.023379
2 0.286684 0.220076 0.348770 0.023379
2 0.151497 0.239048 0.079672 0.018833
0 0.104718 0.270141 0.063047 0.019801
1 0.172201 0.271281 0.059715 0.019745
2 0.307564 0.274193 0.190477 0.020704
0 0.103798 0.300758 0.063047 0.019801
1 0.180446 0.302053 0.078043 0.020054
2 0.348718 0.305521 0.237965 0.021507
2 0.164793 0.323669 0.111331 0.019367
0 0.102128 0.356369 0.063047 0.019801
1 0.175026 0.357600 0.070545 0.019927
2 0.299976 0.360336 0.158819 0.020170
0 0.090776 0.387435 0.042219 0.019449
1 0.153677 0.388498 0.071378 0.019942
2 0.334445 0.392177 0.269624 0.022042
2 0.154270 0.410388 0.095501 0.019100
0 0.099539 0.442597 0.063047 0.019801
1 0.166188 0.443723 0.058048 0.019716
0 0.098488 0.477588 0.063047 0.019801
1 0.172636 0.478841 0.073045 0.019970
2 0.322579 0.481999 0.206307 0.020972
0 0.087229 0.505530 0.042219 0.019449
1 0.133051 0.506304 0.037220 0.019365
2 0.233423 0.508625 0.142989 0.019902
0 0.086178 0.540521 0.042219 0.019449
1 0.141164 0.541450 0.055549 0.019674
0 0.095560 0.575063 0.063047 0.019801
1 0.160127 0.576154 0.053883 0.019646
0 0.084321 0.602381 0.042219 0.019449
1 0.140973 0.603338 0.058882 0.019730
2 0.315493 0.606911 0.269624 0.022042
2 0.274449 0.627473 0.348770 0.023379
2 0.273811 0.648718 0.348770 0.023379
2 0.146538 0.667823 0.095501 0.019100
0 0.102221 0.700208 0.083875 0.020153
1 0.188033 0.701657 0.075544 0.020012
2 0.347140 0.704970 0.222136 0.021239
2 0.105314 0.722140 0.016355 0.017763
0 0.079930 0.748593 0.042219 0.019449
1 0.154077 0.749846 0.093873 0.020322
2 0.330264 0.753448 0.237965 0.021507
2 0.270058 0.773686 0.348770 0.023379
2 0.269420 0.794931 0.348770 0.023379
2 0.268782 0.816175 0.348770 0.023379
2 0.268144 0.837420 0.348770 0.023379
2 0.225016 0.857947 0.263792 0.021943
0 0.096761 0.882037 0.083875 0.020153
1 0.170492 0.883282 0.051383 0.019604
2 0.325434 0.886525 0.237965 0.021507
2 0.163170 0.905039 0.142989 0.019902
0 0.587460 0.085747 0.083875 0.020153
1 0.658692 0.086950 0.046385 0.019519
2 0.803220 0.090017 0.222136 0.021239
0 0.576220 0.113064 0.063047 0.019801
1 0.651201 0.114331 0.074711 0.019998
2 0.817807 0.117770 0.237965 0.021507
2 0.755934 0.137981 0.348770 0.023379
2 0.755296 0.159225 0.348770 0.023379
2 0.754658 0.180470 0.348770 0.023379
2 0.635300 0.199709 0.111331 0.019367
0 0.562372 0.227234 0.042219 0.019449
1 0.611110 0.228058 0.043052 0.019463
2 0.785630 0.231631 0.285453 0.022309
2 0.641695 0.250455 0.127160 0.019635
0 0.581680 0.278198 0.083875 0.020153
1 0.664992 0.279606 0.070545 0.019927
2 0.821601 0.282876 0.222136 0.021239
2 0.755979 0.303023 0.358768 0.023547
2 0.750342 0.324183 0.348770 0.023379
2 0.754703 0.345512 0.358768 0.023547
2 0.722406 0.366222 0.295451 0.022478
0 0.578321 0.390045 0.083875 0.020153
1 0.665382 0.391516 0.078043 0.020054
2 0.825740 0.394850 0.222136 0.021239
2 0.692219 0.413850 0.237965 0.021507
0 0.566331 0.442356 0.063047 0.019801
1 0.635063 0.443517 0.062214 0.019787
2 0.803335 0.446985 0.253795 0.021774
0 0.565393 0.473598 0.063047 0.019801
1 0.644539 0.474935 0.083042 0.020139
2 0.756992 0.477460 0.121328 0.019536
0 0.553965 0.507163 0.042219 0.019449
1 0.603119 0.507994 0.043885 0.019477
2 0.738483 0.510905 0.206307 0.020972
0 0.563591 0.533583 0.063047 0.019801
1 0.636906 0.534821 0.071378 0.019942
2 0.801845 0.538233 0.237965 0.021507
2 0.743305 0.558499 0.348770 0.023379
2 0.742667 0.579744 0.348770 0.023379
2 0.742029 0.600988 0.348770 0.023379
2 0.741391 0.622233 0.348770 0.023379
2 0.740753 0.643477 0.348770 0.023379
2 0.745114 0.664807 0.358768 0.023547
2 0.723648 0.685699 0.317112 0.022844
0 0.558130 0.715411 0.063047 0.019801
1 0.626863 0.716572 0.062214 0.019787
2 0.795135 0.720040 0.253795 0.021774
0 0.567569 0.748079 0.083875 0.020153
1 0.647132 0.749423 0.063047 0.019801
2 0.776247 0.752229 0.174648 0.020437
0 0.545952 0.773971 0.042219 0.019449
1 0.600938 0.774899 0.055549 0.019674
0 0.565861 0.804940 0.083875 0.020153
1 0.653339 0.806417 0.078876 0.020068
0 0.564960 0.834932 0.083875 0.020153
1 0.654937 0.836452 0.083875 0.020153
2 0.770723 0.839033 0.127160 0.019635
0 0.564097 0.863675 0.083875 0.020153
1 0.645326 0.865047 0.066380 0.019857
2 0.799852 0.868283 0.222136 0.021239
2 0.733397 0.888415 0.348770 0.023379
2 0.732759 0.909660 0.348770 0.023379
2 0.692548 0.930236 0.269624 0.022042
