0 0.26666666666666666 0.120625 0.4 0.09125
0 0.26666666666666666 0.2175 0.4 0.0675
0 0.26666666666666666 0.290625 0.4 0.04375
0 0.26666666666666666 0.351875 0.4 0.04375
0 0.26666666666666666 0.436875 0.4 0.09125
0 0.26666666666666666 0.51 0.4 0.02
0 0.26666666666666666 0.559375 0.4 0.04375
0 0.26666666666666666 0.668125 0.4 0.13875
0 0.26666666666666666 0.776875 0.4 0.04375
0 0.26666666666666666 0.85 0.4 0.0675
0 0.7333333333333333 0.10875 0.4 0.0675
0 0.7333333333333333 0.229375 0.4 0.13875
0 0.7333333333333333 0.338125 0.4 0.04375
0 0.7333333333333333 0.399375 0.4 0.04375
0 0.7333333333333333 0.460625 0.4 0.04375
0 0.7333333333333333 0.545625 0.4 0.09125
0 0.7333333333333333 0.630625 0.4 0.04375
0 0.7333333333333333 0.691875 0.4 0.04375
0 0.7333333333333333 0.753125 0.4 0.04375
0 0.7333333333333333 0.861875 0.4 0.13875
