3 0.491067 0.035199 0.982135 0.046932
0 0.071464 0.093604 0.042380 0.019656
1 0.132687 0.092260 0.068203 0.020223
2 0.311802 0.088954 0.269734 0.023399
2 0.176022 0.113193 0.174775 0.021314
0 0.073463 0.144832 0.042380 0.019656
1 0.129689 0.143598 0.058207 0.020004
2 0.295892 0.140575 0.253908 0.023051
0 0.084996 0.173341 0.063205 0.020113
1 0.162880 0.171632 0.080697 0.020497
2 0.332415 0.168535 0.238081 0.022704
2 0.268272 0.191202 0.353032 0.025227
2 0.267018 0.212489 0.348867 0.025136
2 0.267847 0.233730 0.348867 0.025136
2 0.268676 0.254971 0.348867 0.025136
2 0.258676 0.276450 0.327209 0.024660
0 0.079753 0.306013 0.042380 0.019656
1 0.146391 0.304550 0.079031 0.020461
2 0.275527 0.302341 0.158948 0.020967
0 0.080777 0.332252 0.042380 0.019656
1 0.148248 0.330771 0.080697 0.020497
2 0.325696 0.327501 0.253908 0.023051
2 0.129943 0.353057 0.063989 0.018882
0 0.103454 0.379274 0.084029 0.020571
1 0.179255 0.377611 0.055708 0.019949
2 0.336296 0.374788 0.238081 0.022704
2 0.176360 0.399558 0.153117 0.020839
0 0.105624 0.434876 0.084029 0.020571
1 0.205165 0.432691 0.103188 0.020991
2 0.362205 0.429869 0.190601 0.021662
2 0.276405 0.453011 0.348867 0.025136
2 0.277234 0.474252 0.348867 0.025136
2 0.278063 0.495493 0.348867 0.025136
2 0.278891 0.516734 0.348867 0.025136
2 0.279720 0.537975 0.348867 0.025136
2 0.280549 0.559216 0.348867 0.025136
2 0.281378 0.580457 0.348867 0.025136
2 0.187248 0.603782 0.158948 0.020967
0 0.113621 0.639788 0.084029 0.020571
1 0.198168 0.637932 0.073200 0.020333
2 0.353126 0.635156 0.216424 0.022228
2 0.289399 0.657814 0.358863 0.025355
2 0.285230 0.679164 0.348867 0.025136
2 0.286059 0.700405 0.348867 0.025136
2 0.223582 0.723036 0.222254 0.022356
0 0.118009 0.752240 0.084029 0.020571
1 0.202973 0.750375 0.074033 0.020351
2 0.361263 0.747525 0.222254 0.022356
2 0.217570 0.771939 0.206428 0.022009
0 0.109718 0.806820 0.063205 0.020113
1 0.182187 0.805229 0.069868 0.020260
0 0.121325 0.837203 0.084029 0.020571
1 0.204206 0.835384 0.069868 0.020260
2 0.360414 0.832580 0.222254 0.022356
2 0.157580 0.858292 0.079815 0.019230
0 0.112961 0.889909 0.063205 0.020113
1 0.174185 0.888566 0.047378 0.019766
2 0.327060 0.885835 0.238081 0.022704
0 0.537930 0.083364 0.042380 0.019656
1 0.606651 0.081856 0.083196 0.020552
2 0.782433 0.078622 0.248077 0.022923
2 0.697882 0.101738 0.285561 0.023746
0 0.550464 0.137488 0.063205 0.020113
1 0.622516 0.135906 0.069035 0.020241
2 0.786221 0.132938 0.238081 0.022704
2 0.676264 0.156610 0.238081 0.022704
0 0.542075 0.189569 0.042380 0.019656
1 0.609130 0.188097 0.079864 0.020479
2 0.786162 0.184836 0.253908 0.023051
2 0.575415 0.210721 0.032336 0.018187
0 0.554389 0.238069 0.063205 0.020113
1 0.627274 0.236469 0.070701 0.020278
2 0.791812 0.233483 0.238081 0.022704
2 0.680189 0.257192 0.238081 0.022704
0 0.566825 0.289694 0.084029 0.020571
1 0.650122 0.287865 0.070701 0.020278
2 0.806746 0.285052 0.222254 0.022356
2 0.642646 0.309914 0.158948 0.020967
0 0.558363 0.339901 0.063205 0.020113
1 0.620003 0.338548 0.048211 0.019784
2 0.789122 0.335461 0.269734 0.023399
2 0.628770 0.360240 0.127295 0.020272
0 0.560533 0.395502 0.063205 0.020113
1 0.625505 0.394076 0.054875 0.019931
2 0.790042 0.391089 0.253908 0.023051
2 0.678419 0.414799 0.222254 0.022356
0 0.562435 0.444231 0.063205 0.020113
1 0.618661 0.442997 0.037382 0.019547
2 0.734885 0.441071 0.174775 0.021314
0 0.553217 0.475072 0.042380 0.019656
1 0.615690 0.473700 0.070701 0.020278
2 0.796054 0.470366 0.269734 0.023399
2 0.721082 0.493271 0.301387 0.024094
0 0.565702 0.527945 0.063205 0.020113
1 0.636505 0.526391 0.066537 0.020187
2 0.806873 0.523276 0.253908 0.023051
2 0.636108 0.548284 0.127295 0.020272
0 0.567750 0.580423 0.063205 0.020113
1 0.641884 0.578795 0.073200 0.020333
2 0.807671 0.575781 0.238081 0.022704
2 0.630243 0.600935 0.111469 0.019924
0 0.580356 0.636420 0.084029 0.020571
1 0.661155 0.634647 0.065704 0.020168
2 0.815280 0.631888 0.222254 0.022356
2 0.624524 0.657335 0.095642 0.019577
0 0.561701 0.692479 0.042380 0.019656
1 0.620010 0.691199 0.062372 0.020095
2 0.796209 0.687956 0.269734 0.023399
2 0.634607 0.712762 0.111469 0.019924
0 0.584598 0.745124 0.084029 0.020571
1 0.658733 0.743496 0.052376 0.019876
2 0.814108 0.740711 0.238081 0.022704
2 0.665417 0.765234 0.168944 0.021186
0 0.586817 0.801974 0.084029 0.020571
1 0.667616 0.800201 0.065704 0.020168
2 0.821741 0.797443 0.222254 0.022356
2 0.686378 0.821673 0.206428 0.022009
0 0.578501 0.855930 0.063205 0.020113
1 0.656385 0.854220 0.080697 0.020497
2 0.825920 0.851124 0.238081 0.022704
2 0.609342 0.877137 0.048162 0.018535
