3 0.492648 0.037636 0.985297 0.043188
0 0.095004 0.091624 0.083915 0.020261
1 0.175814 0.090153 0.065587 0.019927
2 0.290384 0.088693 0.143024 0.020088
0 0.085480 0.119305 0.063088 0.019882
1 0.158792 0.117971 0.071419 0.020033
2 0.323764 0.115593 0.237996 0.021816
2 0.100351 0.140916 0.016395 0.017783
0 0.097714 0.175349 0.083915 0.020261
1 0.186854 0.173727 0.082249 0.020230
2 0.341412 0.171539 0.206339 0.021240
2 0.212971 0.195133 0.237996 0.021816
0 0.078665 0.230712 0.042261 0.019503
1 0.142397 0.229552 0.073085 0.020064
2 0.292373 0.227448 0.206339 0.021240
0 0.075054 0.260787 0.033097 0.019336
1 0.140035 0.259604 0.084748 0.020276
2 0.295842 0.257393 0.206339 0.021240
0 0.101393 0.289066 0.083915 0.020261
1 0.181786 0.287602 0.064754 0.019912
2 0.335511 0.285430 0.222167 0.021528
2 0.272051 0.307841 0.348797 0.023833
0 0.103010 0.339051 0.083915 0.020261
1 0.194233 0.337391 0.086415 0.020306
2 0.327131 0.335597 0.158853 0.020376
0 0.104122 0.373416 0.083915 0.020261
1 0.193679 0.371786 0.083082 0.020246
2 0.348654 0.369590 0.206339 0.021240
2 0.279778 0.392100 0.358794 0.024015
2 0.275467 0.413435 0.348797 0.023833
2 0.276155 0.434679 0.348797 0.023833
0 0.096842 0.470452 0.063088 0.019882
1 0.177235 0.468989 0.085581 0.020291
2 0.341374 0.466626 0.222167 0.021528
2 0.167113 0.491054 0.127195 0.019800
0 0.088167 0.524375 0.042261 0.019503
1 0.152315 0.523208 0.073918 0.020079
2 0.326451 0.520664 0.253825 0.022104
2 0.129280 0.545509 0.048052 0.018359
0 0.085182 0.573819 0.033097 0.019336
1 0.134751 0.572917 0.053924 0.019715
2 0.306804 0.570411 0.269654 0.022392
0 0.090795 0.605602 0.042261 0.019503
1 0.156609 0.604404 0.077251 0.020139
0 0.112633 0.636463 0.083915 0.020261
1 0.203024 0.634818 0.084748 0.020276
0 0.113644 0.667704 0.083915 0.020261
1 0.190705 0.666302 0.058090 0.019791
2 0.349012 0.664046 0.237996 0.021816
2 0.252645 0.687056 0.285482 0.022680
0 0.115322 0.719564 0.083915 0.020261
1 0.184469 0.718305 0.042261 0.019503
2 0.319033 0.716481 0.206339 0.021240
0 0.095647 0.755557 0.042261 0.019503
1 0.144800 0.754663 0.043927 0.019533
2 0.319768 0.752104 0.285482 0.022680
2 0.144674 0.776547 0.063881 0.018647
0 0.107739 0.807228 0.063088 0.019882
1 0.178968 0.805931 0.067254 0.019957
2 0.349771 0.803448 0.253825 0.022104
2 0.201752 0.827398 0.174681 0.020664
0 0.098983 0.858652 0.042261 0.019503
1 0.153134 0.857667 0.053924 0.019715
0 0.099832 0.884894 0.042261 0.019503
1 0.155649 0.883878 0.057256 0.019776
2 0.329368 0.881342 0.269654 0.022392
2 0.164688 0.905595 0.095538 0.019223
0 0.540707 0.083512 0.042261 0.019503
1 0.604021 0.082359 0.072252 0.020048
2 0.785238 0.079686 0.269654 0.022392
2 0.653048 0.103349 0.190510 0.020952
0 0.563111 0.131868 0.083915 0.020261
1 0.643504 0.130405 0.064754 0.019912
2 0.789314 0.128377 0.206339 0.021240
0 0.563960 0.158111 0.083915 0.020261
1 0.646852 0.156602 0.069753 0.020003
2 0.803076 0.154384 0.222167 0.021528
2 0.718789 0.177174 0.317140 0.023257
0 0.544790 0.209725 0.042261 0.019503
1 0.608938 0.208557 0.073918 0.020079
2 0.751416 0.206589 0.190510 0.020952
0 0.566608 0.239962 0.083915 0.020261
1 0.645752 0.238521 0.062255 0.019867
2 0.806141 0.236227 0.237996 0.021816
2 0.742264 0.258646 0.358794 0.024015
2 0.737953 0.279981 0.348797 0.023833
2 0.659497 0.302665 0.190510 0.020952
0 0.559106 0.330125 0.063088 0.019882
1 0.626169 0.328904 0.058923 0.019806
2 0.792807 0.326496 0.253825 0.022104
2 0.581890 0.351591 0.032223 0.018071
0 0.571177 0.381170 0.083915 0.020261
1 0.654069 0.379661 0.069753 0.020003
2 0.794465 0.377731 0.190510 0.020952
0 0.561795 0.413225 0.063088 0.019882
1 0.644270 0.411724 0.089747 0.020367
2 0.802577 0.409468 0.206339 0.021240
0 0.562886 0.446965 0.063088 0.019882
1 0.642446 0.445517 0.083915 0.020261
0 0.553484 0.478396 0.042261 0.019503
1 0.627628 0.477046 0.093912 0.020443
2 0.808845 0.474373 0.247993 0.021998
2 0.744968 0.496792 0.348797 0.023833
2 0.745656 0.518036 0.348797 0.023833
0 0.555990 0.555873 0.042261 0.019503
1 0.608892 0.554910 0.051425 0.019669
2 0.768865 0.552623 0.247993 0.021998
0 0.557062 0.588988 0.042261 0.019503
1 0.609130 0.588040 0.049759 0.019639
2 0.787014 0.585428 0.285482 0.022680
2 0.748547 0.607384 0.348797 0.023833
2 0.749234 0.628628 0.348797 0.023833
2 0.749921 0.649872 0.348797 0.023833
2 0.750609 0.671116 0.348797 0.023833
2 0.711724 0.693079 0.269654 0.022392
0 0.572024 0.729382 0.063088 0.019882
1 0.643253 0.728086 0.067254 0.019957
2 0.814057 0.725602 0.253825 0.022104
2 0.758094 0.747877 0.358794 0.024015
2 0.722125 0.769788 0.285482 0.022680
0 0.574511 0.806234 0.063088 0.019882
1 0.663235 0.804620 0.102243 0.020594
2 0.827790 0.802250 0.206339 0.021240
2 0.621038 0.827269 0.079709 0.018935
0 0.576330 0.862468 0.063088 0.019882
1 0.643394 0.861247 0.058923 0.019806
2 0.807116 0.858893 0.247993 0.021998
