0 0.092778 0.092871 0.084009 0.020515
1 0.174412 0.091134 0.067349 0.020160
2 0.329373 0.088463 0.222239 0.022207
2 0.231883 0.111795 0.285547 0.023554
0 0.073914 0.145168 0.042359 0.019629
1 0.144303 0.143671 0.086508 0.020568
2 0.324670 0.140459 0.253893 0.022880
2 0.265498 0.162976 0.348855 0.024900
2 0.271299 0.184111 0.358851 0.025113
2 0.267105 0.205459 0.348855 0.024900
2 0.267908 0.226701 0.348855 0.024900
2 0.268711 0.247942 0.348855 0.024900
2 0.269515 0.269184 0.348855 0.024900
2 0.119962 0.293624 0.048142 0.018503
0 0.101379 0.320279 0.084009 0.020515
1 0.169268 0.318835 0.039860 0.019575
2 0.326312 0.316120 0.253893 0.022880
2 0.272137 0.338531 0.348855 0.024900
2 0.272941 0.359772 0.348855 0.024900
2 0.162955 0.383370 0.127277 0.020187
0 0.094581 0.416088 0.063184 0.020072
1 0.176215 0.414351 0.088174 0.020603
0 0.095597 0.442952 0.063184 0.020072
1 0.164320 0.441490 0.062351 0.020054
2 0.332609 0.438535 0.253893 0.022880
2 0.126412 0.464180 0.048142 0.018503
0 0.097606 0.496055 0.063184 0.020072
1 0.165495 0.494611 0.060685 0.020018
0 0.088233 0.523766 0.042359 0.019629
1 0.150291 0.522446 0.069848 0.020213
2 0.330243 0.519243 0.269720 0.023217
2 0.200682 0.543257 0.190585 0.021533
0 0.090123 0.573746 0.042359 0.019629
1 0.137188 0.572745 0.039860 0.019575
2 0.315056 0.569586 0.295543 0.023766
2 0.281707 0.591554 0.348855 0.024900
2 0.282510 0.612795 0.348855 0.024900
2 0.148784 0.636899 0.079796 0.019176
0 0.114351 0.663267 0.084009 0.020515
1 0.193902 0.661574 0.063184 0.020072
0 0.105049 0.692851 0.063184 0.020072
1 0.162942 0.691620 0.040693 0.019593
2 0.320402 0.688895 0.253893 0.022880
0 0.106230 0.724089 0.063184 0.020072
1 0.165789 0.722822 0.044025 0.019664
2 0.309089 0.720398 0.222239 0.022207
0 0.107506 0.757825 0.063184 0.020072
1 0.175395 0.756381 0.060685 0.020018
2 0.342852 0.753444 0.253893 0.022880
2 0.288677 0.775855 0.348855 0.024900
2 0.289480 0.797096 0.348855 0.024900
2 0.290284 0.818338 0.348855 0.024900
2 0.280258 0.839809 0.327197 0.024440
0 0.101606 0.877374 0.042359 0.019629
1 0.149920 0.876346 0.042359 0.019629
2 0.308214 0.873604 0.253893 0.022880
0 0.559257 0.082947 0.084009 0.020515
1 0.650054 0.081016 0.085675 0.020550
2 0.806265 0.078318 0.206412 0.021870
2 0.635054 0.103219 0.158931 0.020860
0 0.550782 0.134398 0.063184 0.020072
1 0.623253 0.132856 0.069848 0.020213
2 0.787377 0.129990 0.238066 0.022543
2 0.731953 0.152428 0.348855 0.024900
2 0.737755 0.173563 0.358851 0.025113
2 0.738558 0.194804 0.358851 0.025113
2 0.631488 0.218341 0.143104 0.020523
0 0.555319 0.254350 0.063184 0.020072
1 0.631122 0.252737 0.076512 0.020355
2 0.790664 0.249968 0.222239 0.022207
0 0.545946 0.282060 0.042359 0.019629
1 0.613419 0.280625 0.080677 0.020444
2 0.790871 0.277475 0.253893 0.022880
2 0.674222 0.301215 0.222239 0.022207
0 0.568921 0.338469 0.084009 0.020515
1 0.660967 0.336511 0.088174 0.020603
2 0.818428 0.333787 0.206412 0.021870
2 0.739680 0.356721 0.348855 0.024900
2 0.740483 0.377962 0.348855 0.024900
2 0.741286 0.399203 0.348855 0.024900
2 0.718349 0.420950 0.301374 0.023890
0 0.573410 0.457172 0.084009 0.020515
1 0.662958 0.455267 0.083176 0.020497
2 0.817919 0.452595 0.206412 0.021870
2 0.654205 0.477337 0.168927 0.021073
0 0.565006 0.510497 0.063184 0.020072
1 0.627065 0.509177 0.049023 0.019770
2 0.764950 0.506869 0.206412 0.021870
0 0.555775 0.541956 0.042359 0.019629
1 0.610337 0.540795 0.054854 0.019894
0 0.556886 0.571319 0.042359 0.019629
1 0.626025 0.569848 0.084009 0.020515
2 0.805143 0.566663 0.253893 0.022880
2 0.613940 0.591989 0.079796 0.019176
0 0.569188 0.621077 0.063184 0.020072
1 0.649156 0.619376 0.084842 0.020532
2 0.812864 0.616519 0.222239 0.022207
2 0.723704 0.639674 0.295543 0.023766
0 0.560713 0.672528 0.042359 0.019629
1 0.607361 0.671536 0.039027 0.019558
2 0.784814 0.668386 0.295543 0.023766
2 0.752297 0.690336 0.348855 0.024900
2 0.753100 0.711578 0.348855 0.024900
2 0.753904 0.732819 0.348855 0.024900
2 0.754707 0.754061 0.348855 0.024900
2 0.755510 0.775302 0.348855 0.024900
2 0.724660 0.797217 0.285547 0.023554
0 0.566809 0.833713 0.042359 0.019629
1 0.618039 0.832624 0.048190 0.019753
2 0.795075 0.829483 0.285547 0.023554
2 0.710912 0.852532 0.253893 0.022880
0 0.568794 0.886192 0.042359 0.019629
1 0.635434 0.884775 0.079011 0.020408
2 0.812053 0.881643 0.253893 0.022880
2 0.594195 0.907536 0.016489 0.017830
