3 0.498989 0.036878 0.997979 0.027519
0 0.081057 0.085428 0.032584 0.018832
1 0.128140 0.085310 0.048417 0.018872
0 0.106605 0.114739 0.083417 0.018960
1 0.176188 0.114564 0.042584 0.018857
2 0.287441 0.114908 0.158411 0.017899
0 0.096320 0.144140 0.062584 0.018907
1 0.177570 0.143935 0.086750 0.018968
2 0.334655 0.144165 0.205911 0.018018
0 0.096438 0.170390 0.062584 0.018907
1 0.158104 0.170235 0.047584 0.018870
0 0.096570 0.199765 0.062584 0.018907
1 0.179069 0.199557 0.089250 0.018975
2 0.329488 0.199803 0.190077 0.017979
0 0.086293 0.231041 0.041750 0.018855
1 0.146293 0.230890 0.065084 0.018914
0 0.086422 0.259791 0.041750 0.018855
1 0.146838 0.259638 0.065917 0.018916
2 0.301423 0.259874 0.221744 0.018058
0 0.107387 0.289113 0.083417 0.018960
1 0.181136 0.288927 0.050917 0.018878
2 0.336138 0.289162 0.237577 0.018098
2 0.277484 0.310560 0.348410 0.018378
2 0.277579 0.331809 0.348410 0.018378
2 0.277674 0.353059 0.348410 0.018378
2 0.282769 0.374297 0.358410 0.018403
2 0.277864 0.395559 0.348410 0.018378
2 0.277959 0.416809 0.348410 0.018378
2 0.127639 0.438438 0.047578 0.017620
0 0.087357 0.468539 0.041750 0.018855
1 0.152356 0.468376 0.075084 0.018939
0 0.097894 0.495388 0.062584 0.018907
1 0.171227 0.495203 0.070917 0.018928
2 0.336229 0.495413 0.237577 0.018098
2 0.278407 0.516808 0.348410 0.018378
0 0.108559 0.550987 0.083417 0.018960
1 0.204392 0.550745 0.095083 0.018989
2 0.357728 0.550984 0.190077 0.017979
2 0.239073 0.572533 0.269244 0.018178
0 0.108811 0.607236 0.083417 0.018960
1 0.197561 0.607013 0.080917 0.018954
2 0.327980 0.607309 0.158411 0.017899
0 0.108960 0.640361 0.083417 0.018960
1 0.193543 0.640148 0.072584 0.018933
2 0.351461 0.640375 0.221744 0.018058
2 0.184057 0.662047 0.158411 0.017899
0 0.098778 0.692887 0.062584 0.018907
1 0.160028 0.692733 0.046750 0.018867
2 0.328780 0.692932 0.269244 0.018178
2 0.279292 0.714307 0.348410 0.018378
2 0.279387 0.735557 0.348410 0.018378
2 0.192400 0.757026 0.174244 0.017939
0 0.088782 0.786663 0.041750 0.018855
1 0.149615 0.786509 0.066750 0.018918
2 0.328366 0.786684 0.269244 0.018178
2 0.224296 0.808196 0.237577 0.018098
0 0.099436 0.839761 0.062584 0.018907
1 0.174019 0.839573 0.073417 0.018935
2 0.340271 0.839779 0.237577 0.018098
0 0.089143 0.867287 0.041750 0.018855
1 0.140809 0.867157 0.048417 0.018872
2 0.302478 0.867375 0.253410 0.018138
0 0.552305 0.084241 0.041750 0.018855
1 0.620221 0.084070 0.080917 0.018954
2 0.798139 0.084246 0.253410 0.018138
2 0.743235 0.105635 0.348410 0.018378
2 0.743330 0.126885 0.348410 0.018378
2 0.743425 0.148135 0.348410 0.018378
2 0.743521 0.169385 0.348410 0.018378
2 0.743616 0.190634 0.348410 0.018378
2 0.688295 0.212024 0.237577 0.018098
0 0.563424 0.241089 0.062584 0.018907
1 0.626340 0.240930 0.050084 0.018876
0 0.573958 0.267312 0.083417 0.018960
1 0.652291 0.267115 0.060084 0.018901
2 0.811876 0.267338 0.237577 0.018098
2 0.664889 0.288958 0.190077 0.017979
0 0.574185 0.317937 0.083417 0.018960
1 0.664184 0.317710 0.083417 0.018960
0 0.574322 0.348562 0.083417 0.018960
1 0.661405 0.348342 0.077584 0.018945
2 0.758491 0.348723 0.095078 0.017739
0 0.553634 0.381114 0.041750 0.018855
1 0.614051 0.380962 0.065917 0.018916
2 0.792386 0.381138 0.269244 0.018178
2 0.744565 0.402508 0.348410 0.018378
2 0.744660 0.423758 0.348410 0.018378
2 0.602256 0.445367 0.063411 0.017659
0 0.574879 0.472936 0.083417 0.018960
1 0.661545 0.472718 0.076750 0.018943
2 0.821547 0.472940 0.221744 0.018058
2 0.744976 0.494383 0.348410 0.018378
2 0.745071 0.515633 0.348410 0.018378
2 0.745167 0.536883 0.348410 0.018378
2 0.747345 0.558127 0.352576 0.018388
2 0.750357 0.579370 0.358410 0.018403
2 0.745452 0.600632 0.348410 0.018378
2 0.579298 0.622301 0.015912 0.017540
0 0.565274 0.654211 0.062584 0.018907
1 0.625691 0.654059 0.045084 0.018863
0 0.575837 0.686685 0.083417 0.018960
1 0.648336 0.686502 0.048417 0.018872
2 0.802088 0.686740 0.237577 0.018098
2 0.745934 0.708132 0.348410 0.018378
2 0.751029 0.729369 0.358410 0.018403
0 0.555337 0.761112 0.041750 0.018855
1 0.620336 0.760948 0.075084 0.018939
2 0.795338 0.761132 0.253410 0.018138
2 0.746267 0.782506 0.348410 0.018378
2 0.703862 0.803863 0.263410 0.018163
0 0.566078 0.833585 0.062584 0.018907
1 0.630244 0.833424 0.052584 0.018882
2 0.793996 0.833636 0.253410 0.018138
2 0.659509 0.855225 0.174244 0.017939
0 0.576735 0.887309 0.083417 0.018960
1 0.650901 0.887122 0.051750 0.018880
2 0.806320 0.887355 0.237577 0.018098
2 0.746832 0.908755 0.348410 0.018378
2 0.746927 0.930005 0.348410 0.018378
2 0.747023 0.951255 0.348410 0.018378
2 0.612535 0.972844 0.079245 0.017699
