1 0.100078 0.088821 0.083698 0.019684
2 0.190485 0.087805 0.084532 0.019693
3 0.346313 0.086680 0.206160 0.019810
3 0.112181 0.110562 0.032013 0.017854
0 0.258619 0.098291 0.407495 0.048313
1 0.090624 0.137057 0.062867 0.019450
2 0.160616 0.136271 0.064534 0.019469
0 0.259367 0.135787 0.407070 0.027065
1 0.091248 0.168304 0.062867 0.019450
2 0.161240 0.167517 0.064534 0.019469
3 0.291238 0.166682 0.174497 0.019454
0 0.259991 0.167033 0.407070 0.027065
1 0.091834 0.197675 0.062867 0.019450
2 0.170159 0.196796 0.081199 0.019656
0 0.260578 0.196405 0.407070 0.027065
1 0.082080 0.230914 0.042036 0.019216
2 0.145823 0.230198 0.072866 0.019562
3 0.319566 0.228871 0.253654 0.020343
3 0.273329 0.250643 0.348644 0.021410
3 0.273753 0.271890 0.348644 0.021410
3 0.274178 0.293138 0.348644 0.021410
3 0.147949 0.315808 0.095339 0.018565
0 0.262088 0.272022 0.408768 0.112055
1 0.094755 0.343909 0.062867 0.019450
2 0.153915 0.343244 0.042870 0.019225
0 0.263498 0.342639 0.407070 0.027065
1 0.095416 0.377030 0.062867 0.019450
2 0.167491 0.376221 0.068700 0.019515
3 0.333318 0.374983 0.241989 0.020212
3 0.276249 0.396876 0.348644 0.021410
3 0.281673 0.418068 0.358643 0.021523
3 0.277098 0.439372 0.348644 0.021410
3 0.174617 0.461775 0.142833 0.019099
0 0.265008 0.418255 0.408768 0.112055
1 0.097687 0.490767 0.062867 0.019450
2 0.173512 0.489916 0.076199 0.019600
3 0.341006 0.488659 0.237823 0.020165
3 0.278520 0.510614 0.348644 0.021410
3 0.278945 0.531861 0.348644 0.021410
3 0.279369 0.553109 0.348644 0.021410
3 0.113562 0.576224 0.016181 0.017676
0 0.267279 0.531992 0.408768 0.112055
1 0.089493 0.602122 0.042036 0.019216
2 0.144903 0.601500 0.056201 0.019375
3 0.323229 0.600122 0.279485 0.020633
3 0.162005 0.623185 0.111170 0.018743
0 0.268864 0.611358 0.407495 0.048313
1 0.100882 0.650750 0.062867 0.019450
2 0.164208 0.650038 0.051202 0.019319
3 0.335035 0.648744 0.269486 0.020521
3 0.255051 0.670895 0.295316 0.020811
0 0.269838 0.660103 0.407495 0.048313
1 0.091477 0.701486 0.042036 0.019216
2 0.151887 0.700807 0.066200 0.019487
3 0.330213 0.699429 0.269486 0.020521
3 0.148158 0.722727 0.079507 0.018387
0 0.270848 0.710722 0.407495 0.048313
1 0.092501 0.752730 0.042036 0.019216
2 0.160410 0.751967 0.081199 0.019656
3 0.330403 0.750683 0.237823 0.020165
0 0.271660 0.751343 0.407070 0.027065
1 0.113993 0.785617 0.083698 0.019684
2 0.203983 0.784607 0.083698 0.019684
3 0.364394 0.783430 0.216159 0.019922
3 0.252748 0.805936 0.285317 0.020699
0 0.272533 0.795088 0.407495 0.048313
1 0.094185 0.837096 0.042036 0.019216
2 0.160844 0.836347 0.078699 0.019628
0 0.273344 0.835708 0.407070 0.027065
1 0.115553 0.863734 0.083698 0.019684
2 0.194294 0.862849 0.061201 0.019431
3 0.354289 0.861677 0.237823 0.020165
3 0.198897 0.884675 0.174497 0.019454
0 0.274093 0.873204 0.407495 0.048313
1 0.545862 0.083813 0.042036 0.019216
2 0.607105 0.083125 0.067867 0.019506
3 0.775432 0.081860 0.247822 0.020278
0 0.725021 0.082426 0.407070 0.027065
1 0.556989 0.119317 0.062867 0.019450
2 0.634063 0.118451 0.078699 0.019628
3 0.802807 0.117181 0.237823 0.020165
3 0.658664 0.140053 0.190328 0.019632
0 0.725944 0.128671 0.407495 0.048313
1 0.547671 0.174428 0.042036 0.019216
2 0.607665 0.173754 0.065367 0.019478
3 0.785574 0.172381 0.269486 0.020521
3 0.738920 0.194157 0.348644 0.021410
3 0.739344 0.215405 0.348644 0.021410
3 0.700190 0.237097 0.269486 0.020521
0 0.727467 0.204912 0.408343 0.090808
1 0.555476 0.273101 0.053702 0.019347
2 0.612553 0.272460 0.047869 0.019281
3 0.702555 0.272074 0.111170 0.018743
0 0.728802 0.271780 0.407070 0.027065
1 0.560732 0.306796 0.062867 0.019450
2 0.636141 0.305949 0.075366 0.019590
3 0.803218 0.304698 0.237823 0.020165
3 0.741566 0.326642 0.348644 0.021410
3 0.741990 0.347890 0.348644 0.021410
3 0.742414 0.369138 0.348644 0.021410
3 0.742839 0.390385 0.348644 0.021410
3 0.743263 0.411633 0.348644 0.021410
0 0.730537 0.358645 0.409192 0.133303
1 0.563490 0.444906 0.062867 0.019450
2 0.624734 0.444218 0.047036 0.019272
3 0.793477 0.442947 0.269486 0.020521
3 0.746407 0.464729 0.352810 0.021457
3 0.749747 0.485943 0.358643 0.021523
3 0.658099 0.508225 0.174497 0.019454
0 0.732870 0.475507 0.408343 0.090808
1 0.565462 0.543645 0.062867 0.019450
2 0.624206 0.542985 0.042036 0.019216
3 0.790449 0.541743 0.269486 0.020521
3 0.746295 0.563491 0.348644 0.021410
3 0.751719 0.584682 0.358643 0.021523
3 0.683818 0.606697 0.221991 0.019988
0 0.734842 0.574246 0.408343 0.090808
1 0.577762 0.637892 0.083698 0.019684
2 0.662752 0.636937 0.073699 0.019572
0 0.736090 0.636739 0.407070 0.027065
1 0.557518 0.667498 0.042036 0.019216
2 0.617927 0.666819 0.066200 0.019487
3 0.793337 0.665474 0.263653 0.020456
3 0.582535 0.689094 0.016181 0.017676
0 0.736889 0.676734 0.407495 0.048313
1 0.558616 0.722492 0.042036 0.019216
2 0.625692 0.721738 0.079532 0.019637
3 0.802767 0.720374 0.253654 0.020343
3 0.718201 0.742576 0.285317 0.020699
0 0.737987 0.731728 0.407495 0.048313
1 0.559714 0.777485 0.042036 0.019216
2 0.615124 0.776863 0.056201 0.019375
3 0.796367 0.775452 0.285317 0.020699
3 0.608479 0.798815 0.063676 0.018209
0 0.739085 0.786722 0.407495 0.048313
1 0.571078 0.824863 0.062867 0.019450
2 0.659401 0.823871 0.101196 0.019880
0 0.739821 0.823593 0.407070 0.027065
1 0.561236 0.853727 0.042036 0.019216
2 0.631645 0.852936 0.086198 0.019712
3 0.812054 0.851535 0.253654 0.020343
3 0.678327 0.874289 0.200327 0.019744
0 0.740608 0.862963 0.407495 0.048313
