0 0.26666666666666666 0.096875 0.4 0.04375
0 0.26666666666666666 0.19375 0.4 0.115
0 0.26666666666666666 0.290625 0.4 0.04375
0 0.26666666666666666 0.351875 0.4 0.04375
0 0.26666666666666666 0.413125 0.4 0.04375
0 0.26666666666666666 0.4625 0.4 0.02
0 0.26666666666666666 0.511875 0.4 0.04375
0 0.26666666666666666 0.573125 0.4 0.04375
0 0.26666666666666666 0.634375 0.4 0.04375
0 0.26666666666666666 0.695625 0.4 0.04375
0 0.26666666666666666 0.804375 0.4 0.13875
0 0.7333333333333333 0.120625 0.4 0.09125
0 0.7333333333333333 0.24125 0.4 0.115
0 0.7333333333333333 0.338125 0.4 0.04375
0 0.7333333333333333 0.423125 0.4 0.09125
0 0.7333333333333333 0.508125 0.4 0.04375
0 0.7333333333333333 0.569375 0.4 0.04375
0 0.7333333333333333 0.678125 0.4 0.13875
0 0.7333333333333333 0.786875 0.4 0.04375
0 0.7333333333333333 0.88375 0.4 0.115
