1 0.103669 0.086869 0.083541 0.019277
2 0.177833 0.086400 0.051876 0.019076
3 0.333252 0.086041 0.237689 0.019003
3 0.147247 0.108469 0.095194 0.018101
0 0.262124 0.097117 0.407145 0.046323
1 0.104253 0.138743 0.083541 0.019277
2 0.173834 0.138302 0.042710 0.019018
3 0.332586 0.137922 0.253521 0.019103
3 0.274493 0.159541 0.348518 0.019705
3 0.279732 0.180758 0.358518 0.019768
3 0.274972 0.202039 0.348518 0.019705
3 0.275211 0.223288 0.348518 0.019705
3 0.280450 0.244506 0.358518 0.019768
3 0.275689 0.265787 0.348518 0.019705
3 0.275928 0.287036 0.348518 0.019705
3 0.228669 0.308586 0.253521 0.019103
0 0.263545 0.223362 0.408819 0.195068
1 0.106525 0.340610 0.083541 0.019277
2 0.202772 0.340001 0.096041 0.019356
0 0.264860 0.340233 0.406905 0.025074
1 0.086052 0.372616 0.041876 0.019013
2 0.145216 0.372242 0.063542 0.019150
3 0.322300 0.371745 0.269354 0.019203
3 0.142546 0.394134 0.079361 0.018001
0 0.265338 0.382731 0.407145 0.046323
1 0.097031 0.422548 0.062709 0.019145
2 0.158278 0.422161 0.046876 0.019045
3 0.287448 0.421968 0.190190 0.018702
0 0.265782 0.422105 0.406905 0.025074
1 0.097361 0.451922 0.062709 0.019145
2 0.162359 0.451511 0.054376 0.019092
3 0.326943 0.451094 0.253521 0.019103
3 0.198854 0.473156 0.190190 0.018702
0 0.266232 0.462104 0.407145 0.046323
1 0.087508 0.501987 0.041876 0.019013
2 0.160422 0.501525 0.091041 0.019324
3 0.335423 0.501042 0.237689 0.019003
3 0.128169 0.523605 0.047695 0.017800
0 0.266795 0.512102 0.407145 0.046323
1 0.088042 0.549485 0.041876 0.019013
2 0.136791 0.549176 0.042710 0.019018
3 0.311375 0.548696 0.285187 0.019304
3 0.284115 0.570119 0.358518 0.019768
3 0.279354 0.591400 0.348518 0.019705
3 0.247928 0.612850 0.285187 0.019304
0 0.267568 0.580849 0.407623 0.088822
1 0.109965 0.646224 0.083541 0.019277
2 0.194546 0.645689 0.072708 0.019208
3 0.352464 0.645314 0.221856 0.018903
3 0.121878 0.668025 0.031863 0.017700
0 0.268420 0.656472 0.407145 0.046323
1 0.089688 0.695730 0.041876 0.019013
2 0.159686 0.695286 0.085208 0.019287
3 0.339686 0.694772 0.253521 0.019103
3 0.225346 0.716747 0.237689 0.019003
0 0.268975 0.705845 0.407145 0.046323
1 0.111084 0.745596 0.083541 0.019277
2 0.186081 0.745121 0.053542 0.019087
3 0.326500 0.744857 0.206023 0.018802
0 0.269418 0.745219 0.406905 0.025074
1 0.111485 0.781220 0.083541 0.019277
2 0.202315 0.780645 0.085208 0.019287
3 0.358566 0.780280 0.206023 0.018802
3 0.178812 0.802669 0.142692 0.018402
0 0.269939 0.791467 0.407145 0.046323
1 0.101701 0.837534 0.062709 0.019145
2 0.165449 0.837130 0.051876 0.019076
3 0.265453 0.837122 0.126859 0.018301
0 0.270452 0.837090 0.406905 0.025074
1 0.091616 0.866974 0.041876 0.019013
2 0.149947 0.866604 0.061876 0.019140
3 0.326198 0.866113 0.269354 0.019203
3 0.287688 0.887608 0.358518 0.019768
3 0.282928 0.908889 0.348518 0.019705
3 0.259418 0.930288 0.301020 0.019404
0 0.271142 0.898338 0.407623 0.088822
1 0.559903 0.083981 0.062709 0.019145
2 0.622818 0.083583 0.050209 0.019066
3 0.793235 0.083129 0.269354 0.019203
3 0.629730 0.105415 0.126859 0.018301
0 0.728774 0.094162 0.407145 0.046323
1 0.550092 0.137795 0.041876 0.019013
2 0.609673 0.137418 0.064375 0.019156
3 0.787174 0.136919 0.269354 0.019203
3 0.606586 0.159313 0.079361 0.018001
0 0.729379 0.147910 0.407145 0.046323
1 0.561134 0.193352 0.062709 0.019145
2 0.621549 0.192970 0.045209 0.019034
3 0.789466 0.192531 0.269354 0.019203
3 0.746790 0.214052 0.358518 0.019768
3 0.747030 0.235302 0.358518 0.019768
3 0.742269 0.256583 0.348518 0.019705
3 0.742508 0.277832 0.348518 0.019705
3 0.747747 0.299049 0.358518 0.019768
3 0.616324 0.321132 0.095194 0.018101
0 0.730603 0.256656 0.408340 0.152569
1 0.562879 0.348347 0.062709 0.019145
2 0.643709 0.347835 0.086041 0.019293
3 0.800377 0.347468 0.206023 0.018802
0 0.731630 0.347903 0.406905 0.025074
1 0.563237 0.380220 0.062709 0.019145
2 0.627818 0.379812 0.053542 0.019087
3 0.791986 0.379397 0.253521 0.019103
3 0.593483 0.401905 0.047695 0.017800
0 0.732108 0.390402 0.407145 0.046323
1 0.574188 0.427653 0.083541 0.019277
2 0.668352 0.427057 0.091874 0.019330
3 0.827936 0.426671 0.206023 0.018802
3 0.617766 0.449253 0.095194 0.018101
0 0.732643 0.437900 0.407145 0.046323
1 0.564412 0.484592 0.062709 0.019145
2 0.636493 0.484135 0.068542 0.019182
3 0.800244 0.483724 0.237689 0.019003
3 0.721319 0.505474 0.301020 0.019404
0 0.733283 0.494773 0.407145 0.046323
1 0.554559 0.534656 0.041876 0.019013
2 0.628723 0.534186 0.093541 0.019340
3 0.773308 0.533896 0.174357 0.018602
0 0.733726 0.534147 0.406905 0.025074
1 0.575687 0.560773 0.083541 0.019277
2 0.657767 0.560253 0.067709 0.019177
3 0.813185 0.559894 0.221856 0.018903
3 0.738010 0.581621 0.332685 0.019604
0 0.734141 0.571020 0.407145 0.046323
1 0.565911 0.617712 0.062709 0.019145
2 0.625908 0.617332 0.044376 0.019029
3 0.790493 0.616915 0.263521 0.019167
3 0.580323 0.639496 0.016030 0.017600
0 0.734781 0.627893 0.407145 0.046323
1 0.556064 0.668401 0.041876 0.019013
2 0.612729 0.668042 0.058542 0.019119
0 0.735231 0.667892 0.406905 0.025074
1 0.577241 0.698893 0.083541 0.019277
2 0.650155 0.698431 0.049376 0.019061
3 0.756825 0.698381 0.142692 0.018402
0 0.735576 0.698516 0.406905 0.025074
1 0.556753 0.729649 0.041876 0.019013
2 0.609252 0.729317 0.050209 0.019066
3 0.787586 0.728812 0.285187 0.019304
3 0.644913 0.750967 0.142692 0.018402
0 0.736040 0.739764 0.407145 0.046323
1 0.567761 0.782081 0.062709 0.019145
2 0.639425 0.781627 0.067709 0.019177
3 0.791926 0.781287 0.216023 0.018866
0 0.736512 0.781638 0.406905 0.025074
1 0.578493 0.810139 0.083541 0.019277
2 0.657241 0.809641 0.061042 0.019134
3 0.817242 0.809253 0.237689 0.019003
3 0.582489 0.831990 0.016030 0.017600
0 0.736948 0.820386 0.407145 0.046323
1 0.579056 0.860137 0.083541 0.019277
2 0.650304 0.859686 0.046043 0.019040
3 0.810722 0.859296 0.253521 0.019103
3 0.638467 0.881637 0.126859 0.018301
0 0.737510 0.870385 0.407145 0.046323
