1 0.209583 0.085938 0.090833 0.021875
0 0.266667 0.114062 0.400000 0.078125
1 0.195833 0.172813 0.110000 0.021875
0 0.266667 0.182188 0.400000 0.040625
1 0.217083 0.222188 0.105833 0.021875
0 0.266667 0.231563 0.400000 0.040625
1 0.190833 0.273438 0.053333 0.021875
0 0.266667 0.320312 0.400000 0.115625
1 0.193333 0.397188 0.058333 0.021875
0 0.266667 0.397188 0.400000 0.021875
1 0.215417 0.430937 0.102500 0.021875
0 0.266667 0.440312 0.400000 0.040625
1 0.215000 0.484063 0.101667 0.021875
0 0.266667 0.484063 0.400000 0.021875
1 0.182500 0.513437 0.130000 0.021875
0 0.266667 0.550937 0.400000 0.096875
1 0.219167 0.619062 0.110000 0.021875
0 0.266667 0.675312 0.400000 0.134375
1 0.176250 0.763437 0.117500 0.021875
0 0.266667 0.772813 0.400000 0.040625
1 0.157500 0.816562 0.080000 0.021875
0 0.266667 0.825937 0.400000 0.040625
1 0.234167 0.867188 0.140000 0.021875
0 0.266667 0.867188 0.400000 0.021875
1 0.203333 0.900312 0.078333 0.021875
0 0.266667 0.947187 0.400000 0.115625
1 0.623750 0.085938 0.079167 0.021875
0 0.733333 0.095312 0.400000 0.040625
1 0.655417 0.135937 0.142500 0.021875
0 0.733333 0.145313 0.400000 0.040625
1 0.648750 0.183438 0.129167 0.021875
0 0.733333 0.183438 0.400000 0.021875
1 0.695417 0.213438 0.129167 0.021875
0 0.733333 0.213438 0.400000 0.021875
1 0.695000 0.244688 0.128333 0.021875
0 0.733333 0.244688 0.400000 0.021875
1 0.638750 0.279062 0.109167 0.021875
0 0.733333 0.288438 0.400000 0.040625
1 0.642083 0.326562 0.115833 0.021875
0 0.733333 0.373437 0.400000 0.115625
1 0.699583 0.454688 0.137500 0.021875
0 0.733333 0.492188 0.400000 0.096875
1 0.674167 0.557813 0.133333 0.021875
0 0.733333 0.567187 0.400000 0.040625
1 0.648333 0.609062 0.128333 0.021875
0 0.733333 0.618437 0.400000 0.040625
1 0.671667 0.656563 0.081667 0.021875
0 0.733333 0.684688 0.400000 0.078125
1 0.631667 0.740938 0.095000 0.021875
0 0.733333 0.769062 0.400000 0.078125
1 0.645417 0.828438 0.122500 0.021875
0 0.733333 0.828438 0.400000 0.021875
1 0.683333 0.856563 0.105000 0.021875
0 0.733333 0.865938 0.400000 0.040625
1 0.660833 0.904687 0.153333 0.021875
0 0.733333 0.914062 0.400000 0.040625
