3 0.507412 0.034512 0.985176 0.043212
0 0.111497 0.077172 0.063089 0.019883
1 0.192307 0.078645 0.086415 0.020308
2 0.356821 0.082268 0.222168 0.021533
2 0.219923 0.101029 0.206339 0.021245
0 0.099343 0.130716 0.042262 0.019504
1 0.165157 0.131916 0.077251 0.020141
2 0.340918 0.135744 0.253825 0.022110
2 0.289411 0.156062 0.348797 0.023841
2 0.293722 0.177397 0.358794 0.024023
2 0.185148 0.196674 0.143025 0.020091
0 0.096205 0.227563 0.042262 0.019504
1 0.144524 0.228443 0.042262 0.019504
2 0.318619 0.232241 0.285483 0.022687
2 0.120073 0.249879 0.016395 0.017783
0 0.104898 0.280862 0.063089 0.019883
1 0.180292 0.282236 0.075585 0.020111
0 0.093330 0.316287 0.042262 0.019504
1 0.162060 0.317539 0.083083 0.020248
2 0.340737 0.321421 0.253825 0.022110
2 0.283399 0.341632 0.348797 0.023841
0 0.102104 0.367086 0.063089 0.019883
1 0.177499 0.368460 0.075585 0.020111
0 0.111485 0.399142 0.083916 0.020263
1 0.182298 0.400432 0.045594 0.019564
0 0.110534 0.428508 0.083916 0.020263
1 0.188011 0.429920 0.058923 0.019807
2 0.307122 0.432716 0.158853 0.020380
0 0.109400 0.463498 0.083916 0.020263
1 0.196041 0.465077 0.077251 0.020141
0 0.108429 0.493489 0.083916 0.020263
1 0.182573 0.494840 0.052259 0.019686
2 0.337924 0.498297 0.237997 0.021822
2 0.277670 0.518455 0.348797 0.023841
2 0.276982 0.539698 0.348797 0.023841
2 0.276293 0.560942 0.348797 0.023841
2 0.172719 0.580311 0.143025 0.020091
0 0.094331 0.607016 0.063089 0.019883
1 0.154730 0.608116 0.045594 0.019564
2 0.322576 0.611800 0.269654 0.022399
2 0.278984 0.632262 0.358794 0.024023
2 0.273297 0.653415 0.348797 0.023841
2 0.272609 0.674659 0.348797 0.023841
2 0.153206 0.693739 0.111367 0.019514
0 0.100837 0.727795 0.083916 0.020263
1 0.177481 0.729192 0.057257 0.019777
2 0.335331 0.732694 0.237997 0.021822
2 0.275077 0.752852 0.358794 0.024023
2 0.269390 0.774004 0.348797 0.023841
2 0.268702 0.795248 0.348797 0.023841
2 0.268014 0.816492 0.348797 0.023841
2 0.267325 0.837735 0.348797 0.023841
2 0.219151 0.858114 0.253825 0.022110
0 0.567613 0.085485 0.042262 0.019504
1 0.647589 0.086942 0.105576 0.020658
0 0.587590 0.112106 0.083916 0.020263
1 0.662151 0.113465 0.053092 0.019701
2 0.817918 0.116929 0.237997 0.021822
2 0.725174 0.136495 0.285483 0.022687
0 0.564981 0.166711 0.042262 0.019504
1 0.617882 0.167675 0.051426 0.019671
2 0.764902 0.170979 0.222168 0.021533
0 0.584958 0.193332 0.083916 0.020263
1 0.654104 0.194593 0.042262 0.019504
0 0.573431 0.227507 0.063089 0.019883
1 0.648409 0.228874 0.074752 0.020096
2 0.815006 0.232535 0.237997 0.021822
2 0.753086 0.252663 0.348797 0.023841
2 0.752398 0.273907 0.348797 0.023841
2 0.751709 0.295151 0.348797 0.023841
2 0.592734 0.313510 0.032224 0.018072
0 0.580079 0.343913 0.083916 0.020263
1 0.660889 0.345386 0.065588 0.019929
2 0.791247 0.348387 0.174682 0.020668
0 0.558098 0.379148 0.042262 0.019504
1 0.611416 0.380120 0.052259 0.019686
2 0.790509 0.384009 0.285483 0.022687
2 0.748167 0.404493 0.348797 0.023841
2 0.747478 0.425737 0.348797 0.023841
2 0.751789 0.447072 0.358794 0.024023
2 0.746102 0.468224 0.348797 0.023841
2 0.658356 0.487882 0.174682 0.020668
0 0.574431 0.518236 0.083916 0.020263
1 0.646493 0.519550 0.048093 0.019610
2 0.799761 0.522968 0.237997 0.021822
2 0.593300 0.540462 0.048053 0.018360
0 0.562216 0.573655 0.063089 0.019883
1 0.643859 0.575143 0.088081 0.020339
2 0.809206 0.578782 0.222168 0.021533
2 0.741871 0.598811 0.348797 0.023841
2 0.741183 0.620055 0.348797 0.023841
2 0.740494 0.641298 0.348797 0.023841
2 0.739806 0.662542 0.348797 0.023841
2 0.739118 0.683786 0.348797 0.023841
2 0.738429 0.705030 0.348797 0.023841
2 0.737741 0.726273 0.348797 0.023841
2 0.610424 0.745209 0.095539 0.019226
0 0.555677 0.775471 0.063089 0.019883
1 0.623990 0.776716 0.061423 0.019853
2 0.791837 0.780400 0.253825 0.022110
2 0.735332 0.800626 0.348797 0.023841
2 0.734644 0.821870 0.348797 0.023841
2 0.733956 0.843114 0.348797 0.023841
2 0.669953 0.863204 0.222168 0.021533
0 0.562487 0.886878 0.083916 0.020263
1 0.641214 0.888312 0.061423 0.019853
2 0.801147 0.891852 0.237997 0.021822
2 0.731729 0.911843 0.348797 0.023841
2 0.731040 0.933087 0.348797 0.023841
2 0.595809 0.951879 0.079710 0.018937
