1 0.222500 0.085938 0.116667 0.021875
0 0.266667 0.123438 0.400000 0.096875
1 0.233333 0.195312 0.138333 0.021875
0 0.266667 0.195312 0.400000 0.021875
1 0.194167 0.225938 0.106667 0.021875
0 0.266667 0.225938 0.400000 0.021875
1 0.220417 0.255312 0.112500 0.021875
0 0.266667 0.283438 0.400000 0.078125
1 0.215000 0.342813 0.101667 0.021875
0 0.266667 0.380312 0.400000 0.096875
1 0.200417 0.450937 0.119167 0.021875
0 0.266667 0.488438 0.400000 0.096875
1 0.198750 0.560312 0.069167 0.021875
0 0.266667 0.607187 0.400000 0.115625
1 0.201250 0.686562 0.074167 0.021875
0 0.266667 0.695937 0.400000 0.040625
1 0.200833 0.737187 0.073333 0.021875
0 0.266667 0.755938 0.400000 0.059375
1 0.176250 0.802813 0.070833 0.021875
0 0.266667 0.859062 0.400000 0.134375
1 0.665833 0.085938 0.116667 0.021875
0 0.733333 0.085938 0.400000 0.021875
1 0.673333 0.120313 0.085000 0.021875
0 0.733333 0.120313 0.400000 0.021875
1 0.633750 0.152188 0.099167 0.021875
0 0.733333 0.161562 0.400000 0.040625
1 0.665000 0.203437 0.161667 0.021875
0 0.733333 0.203437 0.400000 0.021875
1 0.635417 0.234063 0.102500 0.021875
0 0.733333 0.234063 0.400000 0.021875
1 0.655000 0.266562 0.141667 0.021875
0 0.733333 0.275938 0.400000 0.040625
1 0.673750 0.318437 0.132500 0.021875
0 0.733333 0.318437 0.400000 0.021875
1 0.634583 0.347813 0.100833 0.021875
0 0.733333 0.347813 0.400000 0.021875
1 0.674167 0.377812 0.086667 0.021875
0 0.733333 0.405938 0.400000 0.078125
1 0.643333 0.465938 0.071667 0.021875
0 0.733333 0.475313 0.400000 0.040625
1 0.645833 0.516563 0.076667 0.021875
0 0.733333 0.525937 0.400000 0.040625
1 0.704167 0.565937 0.146667 0.021875
0 0.733333 0.603437 0.400000 0.096875
1 0.699583 0.669687 0.137500 0.021875
0 0.733333 0.679063 0.400000 0.040625
1 0.670000 0.722812 0.125000 0.021875
0 0.733333 0.732187 0.400000 0.040625
1 0.699167 0.774687 0.136667 0.021875
0 0.733333 0.812187 0.400000 0.096875
1 0.612500 0.879687 0.056667 0.021875
0 0.733333 0.917188 0.400000 0.096875
