3 0.505596 0.036329 0.988809 0.038840
0 0.108214 0.078879 0.062951 0.019612
1 0.184451 0.079935 0.077115 0.019808
0 0.117783 0.113393 0.083781 0.019900
1 0.208601 0.114650 0.085447 0.019924
2 0.364809 0.117438 0.206229 0.020347
2 0.287216 0.137617 0.348705 0.022319
2 0.286693 0.158864 0.348705 0.022319
2 0.286170 0.180110 0.348705 0.022319
2 0.290646 0.201426 0.358703 0.022458
2 0.126818 0.220411 0.032092 0.017935
0 0.104015 0.249475 0.062951 0.019612
1 0.174836 0.250456 0.066284 0.019658
2 0.345209 0.253440 0.253721 0.021004
2 0.236371 0.273187 0.253721 0.021004
0 0.113122 0.302735 0.083781 0.019900
1 0.198108 0.303912 0.073782 0.019762
2 0.324738 0.306291 0.158737 0.019689
0 0.112415 0.331481 0.083781 0.019900
1 0.178654 0.332398 0.036289 0.019243
2 0.334028 0.335174 0.253721 0.021004
2 0.131456 0.353623 0.047923 0.018155
0 0.100677 0.385077 0.062951 0.019612
1 0.189829 0.386312 0.102944 0.020166
2 0.359784 0.389290 0.216227 0.020485
2 0.280525 0.409446 0.348705 0.022319
2 0.145441 0.428829 0.079584 0.018593
0 0.088355 0.462420 0.042121 0.019324
1 0.142929 0.463175 0.054619 0.019497
2 0.323299 0.466298 0.285382 0.021443
2 0.278617 0.486933 0.348705 0.022319
2 0.278094 0.508179 0.348705 0.022319
2 0.182587 0.528111 0.158737 0.019689
0 0.096478 0.555673 0.062951 0.019612
1 0.181463 0.556850 0.094612 0.020050
2 0.278931 0.558825 0.079584 0.018593
0 0.085401 0.582399 0.042121 0.019324
1 0.134976 0.583086 0.044621 0.019358
0 0.084663 0.612394 0.042121 0.019324
1 0.140070 0.613161 0.056285 0.019520
0 0.094217 0.647532 0.062951 0.019612
1 0.182118 0.648750 0.100444 0.020131
2 0.345825 0.651641 0.206229 0.020347
2 0.274064 0.671901 0.348705 0.022319
2 0.273541 0.693148 0.348705 0.022319
2 0.273018 0.714394 0.348705 0.022319
2 0.264580 0.735531 0.332874 0.022100
0 0.081048 0.759244 0.042121 0.019324
1 0.145621 0.760138 0.074615 0.019774
2 0.325158 0.763249 0.263719 0.021143
2 0.215903 0.782990 0.237890 0.020785
0 0.079771 0.811110 0.042121 0.019324
1 0.145594 0.812022 0.077115 0.019808
0 0.089340 0.845624 0.062951 0.019612
1 0.158912 0.846587 0.063784 0.019624
2 0.328034 0.849554 0.253721 0.021004
2 0.269188 0.869993 0.348705 0.022319
2 0.268665 0.891239 0.348705 0.022319
2 0.188989 0.911389 0.190398 0.020127
0 0.585216 0.085484 0.083781 0.019900
1 0.662703 0.086557 0.058785 0.019554
2 0.821411 0.089380 0.237890 0.020785
2 0.759648 0.109778 0.358703 0.022458
2 0.759125 0.131024 0.358703 0.022458
2 0.753603 0.152202 0.348705 0.022319
2 0.753080 0.173448 0.348705 0.022319
2 0.720896 0.194256 0.285382 0.021443
0 0.571310 0.227191 0.062951 0.019612
1 0.654212 0.228339 0.090446 0.019993
2 0.820835 0.231271 0.222060 0.020566
2 0.608682 0.249587 0.063753 0.018374
0 0.570018 0.279682 0.062951 0.019612
1 0.641255 0.280668 0.067117 0.019670
2 0.761636 0.282960 0.152905 0.019608
0 0.569279 0.309677 0.062951 0.019612
1 0.648432 0.310773 0.082947 0.019889
2 0.819221 0.313763 0.237890 0.020785
2 0.749127 0.334046 0.348705 0.022319
2 0.750687 0.355321 0.352871 0.022377
2 0.589774 0.374346 0.032092 0.017935
0 0.567003 0.402161 0.062951 0.019612
1 0.650322 0.403315 0.091279 0.020004
2 0.817361 0.406253 0.222060 0.020566
2 0.696442 0.425832 0.247889 0.020923
0 0.555388 0.450758 0.042121 0.019324
1 0.604130 0.451433 0.042954 0.019335
2 0.707430 0.453489 0.142906 0.019470
0 0.554634 0.481378 0.042121 0.019324
1 0.609625 0.482140 0.055452 0.019508
2 0.790412 0.485268 0.285382 0.021443
2 0.578675 0.503590 0.016261 0.017716
0 0.563649 0.538388 0.062951 0.019612
1 0.620306 0.539172 0.037955 0.019266
2 0.784430 0.542070 0.269552 0.021223
2 0.743497 0.562757 0.348705 0.022319
2 0.600498 0.582030 0.063753 0.018374
0 0.561773 0.614625 0.062951 0.019612
1 0.630094 0.615571 0.061284 0.019589
2 0.734645 0.617643 0.127076 0.019251
0 0.550558 0.646975 0.042121 0.019324
1 0.615547 0.647875 0.075449 0.019785
2 0.790502 0.650922 0.253721 0.021004
2 0.685413 0.670721 0.237890 0.020785
0 0.570203 0.695380 0.083781 0.019900
1 0.654772 0.696551 0.072949 0.019750
2 0.812647 0.699362 0.222060 0.020566
2 0.739636 0.719605 0.348705 0.022319
2 0.739113 0.740851 0.348705 0.022319
2 0.738590 0.762098 0.348705 0.022319
2 0.743066 0.783413 0.358703 0.022458
2 0.595068 0.802618 0.063753 0.018374
0 0.556497 0.828963 0.062951 0.019612
1 0.623569 0.829892 0.058785 0.019554
2 0.758530 0.832386 0.190398 0.020127
0 0.555804 0.857083 0.062951 0.019612
1 0.619544 0.857966 0.052119 0.019462
0 0.565404 0.890347 0.083781 0.019900
1 0.658305 0.891633 0.089613 0.019981
2 0.816596 0.894450 0.206229 0.020347
2 0.647768 0.913366 0.174568 0.019908
