1 0.165833 0.085938 0.096667 0.021875
0 0.266667 0.085938 0.400000 0.021875
1 0.170000 0.118438 0.105000 0.021875
0 0.266667 0.118438 0.400000 0.021875
1 0.206250 0.147187 0.084167 0.021875
0 0.266667 0.194062 0.400000 0.115625
1 0.170000 0.269062 0.105000 0.021875
0 0.266667 0.269062 0.400000 0.021875
1 0.234583 0.297812 0.140833 0.021875
0 0.266667 0.307188 0.400000 0.040625
1 0.208333 0.349062 0.135000 0.021875
0 0.266667 0.358438 0.400000 0.040625
1 0.228333 0.400938 0.128333 0.021875
0 0.266667 0.400938 0.400000 0.021875
1 0.216667 0.433437 0.105000 0.021875
0 0.266667 0.442812 0.400000 0.040625
1 0.157500 0.484063 0.080000 0.021875
0 0.266667 0.484063 0.400000 0.021875
1 0.185833 0.515938 0.090000 0.021875
0 0.266667 0.525312 0.400000 0.040625
1 0.155833 0.567187 0.076667 0.021875
0 0.266667 0.567187 0.400000 0.021875
1 0.207083 0.600313 0.085833 0.021875
0 0.266667 0.609688 0.400000 0.040625
1 0.162083 0.652813 0.089167 0.021875
0 0.266667 0.662188 0.400000 0.040625
1 0.172917 0.704063 0.064167 0.021875
0 0.266667 0.722812 0.400000 0.059375
1 0.171250 0.775937 0.060833 0.021875
0 0.266667 0.775937 0.400000 0.021875
1 0.190833 0.806562 0.053333 0.021875
0 0.266667 0.806562 0.400000 0.021875
1 0.189583 0.837187 0.050833 0.021875
0 0.266667 0.846562 0.400000 0.040625
1 0.198750 0.885312 0.069167 0.021875
0 0.266667 0.913438 0.400000 0.078125
1 0.699583 0.085938 0.137500 0.021875
0 0.733333 0.085938 0.400000 0.021875
1 0.671250 0.114687 0.127500 0.021875
0 0.733333 0.170937 0.400000 0.134375
1 0.667500 0.259062 0.073333 0.021875
0 0.733333 0.259062 0.400000 0.021875
1 0.627500 0.293438 0.086667 0.021875
0 0.733333 0.293438 0.400000 0.021875
1 0.680417 0.322188 0.099167 0.021875
0 0.733333 0.331562 0.400000 0.040625
1 0.656250 0.374063 0.097500 0.021875
0 0.733333 0.374063 0.400000 0.021875
1 0.653750 0.402187 0.139167 0.021875
0 0.733333 0.411562 0.400000 0.040625
1 0.686250 0.450313 0.110833 0.021875
0 0.733333 0.497188 0.400000 0.115625
1 0.680000 0.578438 0.098333 0.021875
0 0.733333 0.606563 0.400000 0.078125
1 0.652917 0.667813 0.090833 0.021875
0 0.733333 0.714688 0.400000 0.115625
1 0.694167 0.792813 0.126667 0.021875
0 0.733333 0.811562 0.400000 0.059375
1 0.699583 0.858437 0.137500 0.021875
0 0.733333 0.867812 0.400000 0.040625
1 0.689167 0.909687 0.116667 0.021875
0 0.733333 0.919063 0.400000 0.040625
