1 0.073779 0.092237 0.042278 0.019525
2 0.142508 0.090948 0.083099 0.020291
0 0.252911 0.089503 0.407289 0.030116
1 0.095751 0.126211 0.083932 0.020306
2 0.184474 0.124547 0.081433 0.020259
0 0.254056 0.123868 0.407289 0.030116
1 0.086338 0.156396 0.063105 0.019916
2 0.168812 0.154850 0.089764 0.020415
3 0.319202 0.152655 0.190524 0.021056
0 0.255056 0.153858 0.407289 0.030116
1 0.076841 0.184083 0.042278 0.019525
2 0.139321 0.182912 0.070603 0.020056
3 0.319702 0.180155 0.269666 0.022540
3 0.268343 0.202374 0.348808 0.024024
3 0.274050 0.223524 0.358805 0.024211
3 0.269759 0.244861 0.348808 0.024024
3 0.112184 0.269072 0.032240 0.018088
0 0.257388 0.223836 0.410122 0.115089
1 0.091232 0.303226 0.063105 0.019916
2 0.171623 0.301718 0.085598 0.020337
3 0.335760 0.299266 0.222181 0.021649
3 0.232750 0.322454 0.269666 0.022540
0 0.260304 0.311309 0.407998 0.051359
1 0.103291 0.352390 0.083932 0.020306
2 0.188681 0.350789 0.074768 0.020134
3 0.347402 0.348438 0.222181 0.021649
3 0.115683 0.374039 0.032240 0.018088
0 0.261949 0.360669 0.407998 0.051359
1 0.105103 0.406748 0.083932 0.020306
2 0.176330 0.405412 0.046444 0.019603
3 0.336718 0.403030 0.253837 0.022243
3 0.180808 0.427210 0.158867 0.020462
0 0.263761 0.415027 0.407998 0.051359
1 0.106935 0.461731 0.083932 0.020306
2 0.183578 0.460294 0.057274 0.019806
3 0.341466 0.457958 0.238009 0.021946
3 0.135156 0.483083 0.063897 0.018682
0 0.265594 0.470009 0.407998 0.051359
1 0.098167 0.511286 0.063105 0.019916
2 0.158982 0.510145 0.046444 0.019603
3 0.327283 0.507615 0.269666 0.022540
3 0.279256 0.529772 0.348808 0.024024
3 0.279965 0.551015 0.348808 0.024024
3 0.280673 0.572259 0.348808 0.024024
3 0.283463 0.593463 0.352973 0.024102
3 0.287087 0.614652 0.358805 0.024211
3 0.124513 0.638957 0.032240 0.018088
0 0.269010 0.572477 0.411538 0.157576
1 0.092877 0.665183 0.042278 0.019525
2 0.147443 0.664160 0.054775 0.019759
3 0.327825 0.661403 0.285494 0.022837
3 0.118182 0.686590 0.016412 0.017791
0 0.272363 0.673071 0.407998 0.051359
1 0.115495 0.718525 0.083932 0.020306
2 0.201302 0.716917 0.075601 0.020150
3 0.352525 0.714706 0.206352 0.021353
0 0.273800 0.716182 0.407289 0.030116
1 0.116516 0.749141 0.083932 0.020306
2 0.192325 0.747719 0.055608 0.019775
3 0.349380 0.745400 0.238009 0.021946
3 0.255535 0.768416 0.285494 0.022837
0 0.275174 0.757420 0.407998 0.051359
1 0.118328 0.803499 0.083932 0.020306
2 0.188306 0.802187 0.043945 0.019556
3 0.347444 0.799828 0.253837 0.022243
3 0.289003 0.822181 0.348808 0.024024
3 0.289712 0.843424 0.348808 0.024024
3 0.187535 0.866596 0.143039 0.020166
0 0.277694 0.833021 0.409414 0.093846
1 0.121347 0.894096 0.083932 0.020306
2 0.210903 0.892416 0.083099 0.020291
3 0.342133 0.890581 0.158867 0.020462
0 0.279652 0.891753 0.407289 0.030116
1 0.561127 0.083099 0.083932 0.020306
2 0.644017 0.081545 0.069770 0.020041
3 0.800240 0.079241 0.222181 0.021649
3 0.581433 0.104600 0.048068 0.018385
0 0.719785 0.091378 0.407998 0.051359
1 0.541987 0.134099 0.042278 0.019525
2 0.603634 0.132943 0.068937 0.020025
3 0.719869 0.131389 0.143039 0.020166
0 0.721118 0.131365 0.407289 0.030116
1 0.563688 0.159950 0.083932 0.020306
2 0.657409 0.158193 0.091430 0.020447
3 0.816547 0.155834 0.206352 0.021353
3 0.702707 0.179225 0.285494 0.022837
0 0.722347 0.168229 0.407998 0.051359
1 0.544507 0.209700 0.042278 0.019525
2 0.609903 0.208474 0.076434 0.020166
3 0.790284 0.205717 0.263834 0.022430
3 0.736010 0.227991 0.348808 0.024024
3 0.741716 0.249141 0.358805 0.024211
3 0.737426 0.270478 0.348808 0.024024
3 0.690649 0.292612 0.253837 0.022243
0 0.725055 0.249453 0.410122 0.115089
1 0.548277 0.322790 0.042278 0.019525
2 0.615339 0.321532 0.079767 0.020228
3 0.792388 0.318838 0.253837 0.022243
3 0.589410 0.343900 0.048068 0.018385
0 0.727762 0.330678 0.407998 0.051359
1 0.560335 0.371954 0.063105 0.019916
2 0.626148 0.370720 0.056441 0.019791
3 0.791534 0.368244 0.253837 0.022243
3 0.606883 0.392963 0.079725 0.018978
0 0.729407 0.380037 0.407998 0.051359
1 0.572498 0.424242 0.083932 0.020306
2 0.653306 0.422727 0.065605 0.019963
3 0.807446 0.420462 0.222181 0.021649
3 0.679860 0.444111 0.222181 0.021649
0 0.731157 0.432521 0.407998 0.051359
1 0.574331 0.479225 0.083932 0.020306
2 0.660554 0.477609 0.076434 0.020166
3 0.820108 0.475242 0.222181 0.021649
3 0.745007 0.497907 0.348808 0.024024
3 0.745715 0.519150 0.348808 0.024024
3 0.751421 0.540300 0.358805 0.024211
3 0.747131 0.561637 0.348808 0.024024
3 0.747839 0.582880 0.348808 0.024024
3 0.637749 0.606201 0.127210 0.019869
0 0.734760 0.540612 0.411538 0.157576
1 0.569103 0.634997 0.063105 0.019916
2 0.631167 0.633833 0.048943 0.019650
3 0.800719 0.631279 0.269666 0.022540
3 0.623566 0.655858 0.095553 0.019275
0 0.738176 0.643080 0.407998 0.051359
1 0.570957 0.690605 0.063105 0.019916
2 0.644684 0.689222 0.072269 0.020087
3 0.815068 0.686653 0.248006 0.022134
3 0.752046 0.709091 0.348808 0.024024
3 0.757753 0.730241 0.358805 0.024211
3 0.742633 0.751781 0.327148 0.023618
0 0.740737 0.719931 0.409414 0.093846
1 0.584682 0.789753 0.083932 0.020306
2 0.663824 0.788269 0.062272 0.019900
3 0.824211 0.785887 0.238009 0.021946
3 0.755358 0.808435 0.348808 0.024024
3 0.756066 0.829678 0.348808 0.024024
3 0.761772 0.850828 0.358805 0.024211
3 0.757482 0.872165 0.348808 0.024024
3 0.758190 0.893408 0.348808 0.024024
3 0.608529 0.917471 0.048068 0.018385
0 0.745111 0.851140 0.411538 0.157576
