1 0.111192 0.077330 0.063076 0.019858
2 0.181172 0.078577 0.064742 0.019888
3 0.308200 0.081465 0.168840 0.020494
0 0.279875 0.080961 0.407264 0.029738
1 0.099650 0.112759 0.042249 0.019487
2 0.155884 0.113761 0.058078 0.019769
3 0.329982 0.117489 0.269645 0.022290
3 0.163106 0.135771 0.095527 0.019187
0 0.278410 0.127198 0.407937 0.050982
1 0.118815 0.165616 0.083904 0.020229
2 0.206290 0.167174 0.078905 0.020140
0 0.277084 0.169061 0.407264 0.029738
1 0.096919 0.198985 0.042249 0.019487
2 0.166066 0.200217 0.083904 0.020229
3 0.345162 0.204033 0.253816 0.022008
3 0.152460 0.221856 0.079699 0.018905
0 0.275679 0.213423 0.407937 0.050982
1 0.105729 0.249781 0.063076 0.019858
2 0.175293 0.251021 0.063909 0.019873
3 0.344392 0.254659 0.253816 0.022008
3 0.237916 0.274018 0.253816 0.022008
0 0.274076 0.264034 0.407937 0.050982
1 0.104007 0.304141 0.063076 0.019858
2 0.172321 0.305358 0.061410 0.019828
3 0.340171 0.308974 0.253816 0.022008
0 0.272690 0.307772 0.407264 0.029738
1 0.102939 0.337881 0.063076 0.019858
2 0.180833 0.339269 0.080571 0.020170
3 0.350349 0.342915 0.237987 0.021726
0 0.271621 0.341512 0.407264 0.029738
1 0.102068 0.365374 0.063076 0.019858
2 0.179129 0.366747 0.078905 0.020140
3 0.347812 0.370377 0.237987 0.021726
3 0.168023 0.388430 0.121353 0.019647
0 0.270414 0.379626 0.407937 0.050982
1 0.090051 0.415799 0.042249 0.019487
2 0.151700 0.416897 0.068908 0.019962
3 0.331213 0.420721 0.269645 0.022290
3 0.280138 0.441067 0.348789 0.023700
0 0.268811 0.430237 0.407937 0.050982
1 0.088349 0.469534 0.042249 0.019487
2 0.147082 0.470580 0.063076 0.019858
3 0.323679 0.474352 0.269645 0.022290
3 0.278435 0.494802 0.348789 0.023700
3 0.282761 0.516135 0.358786 0.023878
3 0.245432 0.536726 0.285474 0.022572
0 0.266436 0.505216 0.409283 0.093470
1 0.106326 0.559879 0.083904 0.020229
2 0.202549 0.561594 0.096400 0.020452
3 0.356236 0.564957 0.190501 0.020880
3 0.117297 0.581956 0.032212 0.018059
0 0.264258 0.573947 0.407937 0.050982
1 0.104743 0.609865 0.083904 0.020229
2 0.189302 0.611372 0.073073 0.020036
3 0.347154 0.614810 0.222158 0.021444
3 0.202772 0.633493 0.206329 0.021162
0 0.262675 0.623932 0.407937 0.050982
1 0.082134 0.665728 0.042249 0.019487
2 0.134202 0.666656 0.049747 0.019621
3 0.312049 0.670450 0.285474 0.022572
3 0.145590 0.688740 0.095527 0.019187
0 0.260894 0.680167 0.407937 0.050982
1 0.080392 0.720713 0.042249 0.019487
2 0.142874 0.721826 0.070574 0.019992
3 0.307392 0.725383 0.237987 0.021726
0 0.259488 0.724529 0.407264 0.029738
1 0.089678 0.756513 0.063076 0.019858
2 0.150494 0.757597 0.046414 0.019561
3 0.318760 0.761220 0.269645 0.022290
3 0.269351 0.781596 0.348789 0.023700
3 0.268678 0.802840 0.348789 0.023700
3 0.268005 0.824084 0.348789 0.023700
3 0.132786 0.842930 0.079699 0.018905
0 0.257014 0.802632 0.409956 0.114714
1 0.075681 0.869421 0.042249 0.019487
2 0.130249 0.870393 0.054745 0.019710
0 0.254778 0.873237 0.407264 0.029738
1 0.588141 0.085828 0.083904 0.020229
2 0.673950 0.087357 0.075573 0.020081
0 0.746410 0.089273 0.407264 0.029738
1 0.566403 0.114199 0.042249 0.019487
2 0.630968 0.115349 0.074740 0.020066
3 0.805482 0.119084 0.253816 0.022008
3 0.756490 0.139467 0.348789 0.023700
3 0.755817 0.160711 0.348789 0.023700
3 0.596855 0.179135 0.032212 0.018059
0 0.744490 0.149881 0.409283 0.093470
1 0.573887 0.206858 0.063076 0.019858
2 0.656781 0.208335 0.090568 0.020348
0 0.742570 0.210489 0.407264 0.029738
1 0.583410 0.235161 0.083904 0.020229
2 0.668803 0.236683 0.074740 0.020066
3 0.827488 0.240135 0.222158 0.021444
3 0.649782 0.258225 0.143014 0.020033
0 0.741343 0.249228 0.407937 0.050982
1 0.561019 0.284151 0.042249 0.019487
2 0.611005 0.285042 0.045581 0.019546
3 0.786769 0.288799 0.285474 0.022572
3 0.679876 0.308150 0.206329 0.021162
0 0.739779 0.298589 0.407937 0.050982
1 0.569909 0.332448 0.063076 0.019858
2 0.641556 0.333725 0.068075 0.019947
0 0.738592 0.336079 0.407264 0.029738
1 0.568959 0.362440 0.063076 0.019858
2 0.649770 0.363879 0.086403 0.020274
3 0.814287 0.367436 0.222158 0.021444
3 0.685317 0.386394 0.222158 0.021444
0 0.737305 0.376692 0.407937 0.050982
1 0.556922 0.413490 0.042249 0.019487
2 0.618572 0.414588 0.068908 0.019962
3 0.798084 0.418412 0.269645 0.022290
3 0.596635 0.436078 0.048041 0.018341
0 0.735682 0.427928 0.407937 0.050982
1 0.565832 0.461162 0.063076 0.019858
2 0.629147 0.462290 0.051413 0.019650
3 0.799913 0.465958 0.269645 0.022290
3 0.750503 0.486333 0.358786 0.023878
3 0.744832 0.507488 0.348789 0.023700
3 0.744159 0.528732 0.348789 0.023700
3 0.719743 0.549553 0.301303 0.022854
0 0.733169 0.507281 0.409956 0.114714
1 0.572445 0.581313 0.083904 0.020229
2 0.665336 0.582969 0.089735 0.020333
3 0.823605 0.586414 0.206329 0.021162
3 0.686304 0.605223 0.237987 0.021726
0 0.730378 0.595381 0.407937 0.050982
1 0.545453 0.630847 0.033085 0.019324
2 0.600437 0.631826 0.064742 0.019888
3 0.785782 0.635754 0.285474 0.022572
3 0.740121 0.656196 0.348789 0.023700
3 0.739448 0.677440 0.348789 0.023700
0 0.728458 0.655989 0.408610 0.072226
1 0.558113 0.704843 0.063076 0.019858
2 0.629759 0.706120 0.068075 0.019947
3 0.729711 0.708526 0.111356 0.019469
0 0.726795 0.708474 0.407264 0.029738
1 0.546650 0.737773 0.042249 0.019487
2 0.598302 0.738693 0.048913 0.019606
3 0.759903 0.742198 0.253816 0.022008
0 0.725746 0.741589 0.407264 0.029738
1 0.556232 0.764201 0.063076 0.019858
2 0.637043 0.765641 0.086403 0.020274
3 0.806559 0.769287 0.232156 0.021622
3 0.569702 0.786322 0.016383 0.017777
0 0.724579 0.778454 0.407937 0.050982
1 0.554609 0.815437 0.063076 0.019858
2 0.625006 0.816691 0.065575 0.019903
3 0.794939 0.820344 0.253816 0.022008
3 0.734283 0.840519 0.348789 0.023700
3 0.738608 0.861852 0.358786 0.023878
3 0.645878 0.881456 0.174672 0.020598
0 0.722283 0.850934 0.409283 0.093470
