3 0.495451 0.039428 0.990902 0.036345
0 0.089578 0.088985 0.062871 0.019457
1 0.161236 0.088172 0.067871 0.019514
2 0.284985 0.087393 0.158668 0.019295
0 0.090158 0.117732 0.062871 0.019457
1 0.151401 0.117037 0.047040 0.019277
2 0.320144 0.115747 0.269489 0.020552
2 0.270995 0.137557 0.348647 0.021451
2 0.271424 0.158805 0.348647 0.021451
2 0.271853 0.180052 0.348647 0.021451
2 0.272281 0.201300 0.348647 0.021451
2 0.272710 0.222547 0.348647 0.021451
2 0.273139 0.243795 0.348647 0.021451
2 0.278567 0.264986 0.358645 0.021564
2 0.218586 0.286919 0.237826 0.020193
0 0.094218 0.318959 0.062871 0.019457
1 0.159627 0.318217 0.055372 0.019372
2 0.292958 0.317329 0.190331 0.019654
0 0.105302 0.351962 0.083702 0.019694
1 0.188209 0.351021 0.069537 0.019533
2 0.344454 0.349873 0.221994 0.020013
2 0.125324 0.373612 0.047848 0.018037
0 0.106424 0.407581 0.083702 0.019694
1 0.180582 0.406739 0.052039 0.019334
2 0.340993 0.405544 0.247825 0.020307
2 0.276846 0.427524 0.348647 0.021451
2 0.282274 0.448715 0.358645 0.021564
2 0.279786 0.469996 0.352813 0.021498
2 0.278132 0.491267 0.348647 0.021451
2 0.223150 0.513143 0.237826 0.020193
0 0.094111 0.540861 0.053705 0.019353
1 0.175352 0.539939 0.096201 0.019835
2 0.297434 0.539178 0.127005 0.018935
0 0.109702 0.570062 0.083702 0.019694
1 0.181777 0.569244 0.047873 0.019287
2 0.335106 0.568129 0.237826 0.020193
2 0.280124 0.590005 0.348647 0.021451
2 0.285552 0.611196 0.358645 0.021564
2 0.280981 0.632501 0.348647 0.021451
2 0.162674 0.655096 0.111174 0.018756
0 0.101670 0.688292 0.062871 0.019457
1 0.181660 0.687384 0.084535 0.019703
2 0.305826 0.686600 0.142837 0.019115
0 0.091822 0.716532 0.042040 0.019221
1 0.151815 0.715851 0.065371 0.019485
2 0.329724 0.714457 0.269489 0.020552
2 0.156422 0.737676 0.095342 0.018576
0 0.092906 0.770276 0.042040 0.019221
1 0.161648 0.769495 0.082869 0.019684
2 0.340390 0.768092 0.253657 0.020373
2 0.181254 0.791150 0.142837 0.019115
0 0.104456 0.826401 0.062871 0.019457
1 0.166116 0.825701 0.047873 0.019287
2 0.335276 0.824406 0.269489 0.020552
2 0.150726 0.847753 0.079511 0.018396
0 0.095100 0.879013 0.042040 0.019221
1 0.143011 0.878469 0.041207 0.019211
2 0.321753 0.877066 0.295319 0.020846
2 0.286353 0.898720 0.348647 0.021451
2 0.286781 0.919968 0.348647 0.021451
2 0.287210 0.941215 0.348647 0.021451
2 0.129323 0.964260 0.032016 0.017857
0 0.556191 0.083690 0.062871 0.019457
1 0.617434 0.082995 0.047040 0.019277
2 0.730767 0.082333 0.158668 0.019295
0 0.567300 0.117943 0.083702 0.019694
1 0.646041 0.117049 0.061205 0.019438
2 0.806035 0.115858 0.237826 0.020193
2 0.579407 0.139683 0.032016 0.017857
0 0.558032 0.174929 0.062871 0.019457
1 0.639273 0.174007 0.087035 0.019731
2 0.804266 0.172760 0.221994 0.020013
2 0.688458 0.195327 0.247825 0.020307
0 0.548600 0.223792 0.042040 0.019221
1 0.596928 0.223243 0.042040 0.019221
2 0.771087 0.221892 0.285320 0.020732
2 0.739853 0.243499 0.348647 0.021451
2 0.740282 0.264746 0.348647 0.021451
2 0.740710 0.285994 0.348647 0.021451
2 0.746138 0.307185 0.358645 0.021564
2 0.614915 0.329926 0.095342 0.018576
0 0.551462 0.365651 0.042040 0.019221
1 0.610205 0.364984 0.062871 0.019457
2 0.786865 0.363604 0.269489 0.020552
2 0.747714 0.385301 0.358645 0.021564
2 0.743144 0.406605 0.348647 0.021451
2 0.743572 0.427853 0.348647 0.021451
2 0.744001 0.449100 0.348647 0.021451
2 0.617778 0.471785 0.095342 0.018576
0 0.564727 0.506766 0.062871 0.019457
1 0.628887 0.506038 0.052872 0.019344
2 0.792630 0.504805 0.253657 0.020373
2 0.745565 0.526591 0.348647 0.021451
2 0.658920 0.548827 0.174500 0.019474
0 0.566228 0.581133 0.062871 0.019457
1 0.636220 0.580338 0.064538 0.019476
2 0.805796 0.579039 0.253657 0.020373
2 0.747065 0.600958 0.348647 0.021451
2 0.747494 0.622205 0.348647 0.021451
2 0.747922 0.643453 0.348647 0.021451
2 0.748351 0.664701 0.348647 0.021451
2 0.732948 0.686128 0.316983 0.021091
0 0.570151 0.713603 0.065371 0.019485
1 0.646392 0.712738 0.074536 0.019589
2 0.749726 0.712190 0.111174 0.018756
0 0.569594 0.747989 0.062871 0.019457
1 0.633754 0.747260 0.052872 0.019344
2 0.797497 0.746027 0.253657 0.020373
2 0.750432 0.767814 0.348647 0.021451
2 0.750860 0.789061 0.348647 0.021451
2 0.711710 0.810758 0.269489 0.020552
0 0.571586 0.846727 0.062871 0.019457
1 0.658243 0.845744 0.097867 0.019854
2 0.828653 0.844435 0.221994 0.020013
2 0.633687 0.867900 0.111174 0.018756
