0 0.099111 0.083727 0.062554 0.018851
1 0.162861 0.083830 0.051720 0.018833
0 0.099018 0.116226 0.062554 0.018851
1 0.171101 0.116343 0.068387 0.018860
0 0.109336 0.150618 0.083387 0.018885
1 0.183919 0.150739 0.052554 0.018835
2 0.339750 0.151615 0.237550 0.017884
2 0.252606 0.172725 0.295050 0.017976
0 0.098756 0.207476 0.062554 0.018851
1 0.185422 0.207616 0.097554 0.018907
2 0.352920 0.208512 0.215883 0.017849
2 0.176193 0.229476 0.142550 0.017730
0 0.098607 0.259351 0.062554 0.018851
1 0.180690 0.259484 0.088387 0.018893
2 0.346521 0.260377 0.221716 0.017858
2 0.283960 0.281526 0.358383 0.018079
2 0.223483 0.302678 0.237550 0.017884
0 0.108819 0.330618 0.083387 0.018885
1 0.182152 0.330736 0.050054 0.018831
2 0.336733 0.331611 0.237550 0.017884
2 0.278756 0.352767 0.348383 0.018063
0 0.098239 0.387476 0.062554 0.018851
1 0.178655 0.387606 0.085054 0.018887
2 0.326986 0.388470 0.190050 0.017807
0 0.087734 0.418084 0.041720 0.018817
1 0.158567 0.418198 0.086720 0.018890
2 0.339399 0.419115 0.253383 0.017909
2 0.199338 0.440139 0.190050 0.017807
0 0.098006 0.468726 0.062554 0.018851
1 0.169672 0.468841 0.067554 0.018859
0 0.097918 0.499351 0.062554 0.018851
1 0.183751 0.499489 0.095887 0.018905
2 0.350415 0.500383 0.215883 0.017849
2 0.278271 0.521517 0.348383 0.018063
2 0.278210 0.542767 0.348383 0.018063
2 0.278149 0.564017 0.348383 0.018063
2 0.278088 0.585267 0.348383 0.018063
2 0.278027 0.606517 0.348383 0.018063
2 0.277966 0.627767 0.348383 0.018063
2 0.277905 0.649017 0.348383 0.018063
2 0.182844 0.670113 0.158383 0.017756
0 0.107751 0.702492 0.083387 0.018885
1 0.179834 0.702608 0.047554 0.018827
2 0.333165 0.703481 0.237550 0.017884
2 0.277688 0.724641 0.348383 0.018063
2 0.277627 0.745891 0.348383 0.018063
2 0.277566 0.767141 0.348383 0.018063
2 0.174588 0.788225 0.142550 0.017730
0 0.086584 0.818708 0.041720 0.018817
1 0.148667 0.818808 0.069220 0.018862
0 0.096905 0.851850 0.062554 0.018851
1 0.167739 0.851964 0.065887 0.018856
2 0.338153 0.852864 0.253383 0.017909
2 0.118926 0.873760 0.031717 0.017551
0 0.555360 0.084463 0.041720 0.018817
1 0.616610 0.084562 0.067554 0.018859
0 0.565683 0.116980 0.062554 0.018851
1 0.631100 0.117086 0.055054 0.018839
2 0.748598 0.117901 0.158383 0.017756
0 0.555166 0.151963 0.041720 0.018817
1 0.608916 0.152050 0.052554 0.018835
2 0.788497 0.152965 0.285050 0.017960
0 0.565484 0.186355 0.062554 0.018851
1 0.640901 0.186477 0.075054 0.018871
2 0.807982 0.187372 0.237550 0.017884
0 0.554992 0.212588 0.041720 0.018817
1 0.613742 0.212683 0.062554 0.018851
2 0.790406 0.213593 0.269216 0.017935
2 0.750762 0.234779 0.358383 0.018079
2 0.745701 0.256021 0.348383 0.018063
2 0.745640 0.277271 0.348383 0.018063
2 0.721829 0.298483 0.300883 0.017986
0 0.554651 0.331338 0.041720 0.018817
1 0.605068 0.331419 0.045887 0.018824
2 0.781315 0.332329 0.285050 0.017960
2 0.626671 0.353329 0.110883 0.017679
0 0.554502 0.383213 0.041720 0.018817
1 0.623252 0.383324 0.082554 0.018883
2 0.802000 0.384237 0.253383 0.017909
2 0.745272 0.405396 0.348383 0.018063
2 0.745211 0.426646 0.348383 0.018063
2 0.747234 0.447899 0.352549 0.018069
2 0.745089 0.469146 0.348383 0.018063
2 0.626278 0.490204 0.110883 0.017679
0 0.570350 0.523239 0.074220 0.018870
1 0.648683 0.523365 0.069220 0.018862
2 0.812848 0.524255 0.237550 0.017884
2 0.665704 0.545268 0.190050 0.017807
0 0.553958 0.572587 0.041720 0.018817
1 0.618958 0.572692 0.075054 0.018871
2 0.793956 0.573600 0.253383 0.017909
2 0.744728 0.594770 0.348383 0.018063
2 0.749667 0.616029 0.358383 0.018079
2 0.749606 0.637278 0.358383 0.018079
2 0.657462 0.658380 0.174217 0.017781
0 0.553616 0.691962 0.041720 0.018817
1 0.622782 0.692074 0.083387 0.018885
2 0.801947 0.692988 0.253383 0.017909
2 0.673136 0.714030 0.205883 0.017832
0 0.553456 0.747587 0.041720 0.018817
1 0.626372 0.747705 0.090887 0.018897
2 0.801370 0.748612 0.237550 0.017884
2 0.593810 0.769527 0.047550 0.017577
0 0.553309 0.798837 0.041720 0.018817
1 0.608725 0.798926 0.055887 0.018840
2 0.766223 0.799806 0.237550 0.017884
0 0.574051 0.830745 0.083387 0.018885
1 0.637384 0.830848 0.030054 0.018798
2 0.797798 0.831732 0.269216 0.017935
2 0.743987 0.852895 0.348383 0.018063
2 0.743926 0.874145 0.348383 0.018063
2 0.640949 0.895229 0.142550 0.017730
