1 0.162917 0.085938 0.044167 0.021875
0 0.266667 0.123438 0.400000 0.096875
1 0.210417 0.190312 0.139167 0.021875
0 0.266667 0.237187 0.400000 0.115625
1 0.226667 0.315937 0.125000 0.021875
0 0.266667 0.325313 0.400000 0.040625
1 0.212083 0.365312 0.095833 0.021875
0 0.266667 0.393437 0.400000 0.078125
1 0.201667 0.453437 0.075000 0.021875
0 0.266667 0.500313 0.400000 0.115625
1 0.210833 0.575937 0.140000 0.021875
0 0.266667 0.575937 0.400000 0.021875
1 0.210833 0.609062 0.093333 0.021875
0 0.266667 0.618437 0.400000 0.040625
1 0.158333 0.662188 0.081667 0.021875
0 0.266667 0.690312 0.400000 0.078125
1 0.179167 0.752188 0.076667 0.021875
0 0.266667 0.752188 0.400000 0.021875
1 0.181667 0.783438 0.128333 0.021875
0 0.266667 0.820937 0.400000 0.096875
1 0.190833 0.890938 0.100000 0.021875
0 0.266667 0.900312 0.400000 0.040625
1 0.638333 0.085938 0.061667 0.021875
0 0.733333 0.132812 0.400000 0.115625
1 0.667083 0.212812 0.119167 0.021875
0 0.733333 0.250312 0.400000 0.096875
1 0.657083 0.319688 0.099167 0.021875
0 0.733333 0.329062 0.400000 0.040625
1 0.651250 0.370937 0.087500 0.021875
0 0.733333 0.380312 0.400000 0.040625
1 0.632083 0.420312 0.049167 0.021875
0 0.733333 0.420312 0.400000 0.021875
1 0.650000 0.452188 0.085000 0.021875
0 0.733333 0.452188 0.400000 0.021875
1 0.650000 0.480938 0.085000 0.021875
0 0.733333 0.480938 0.400000 0.021875
1 0.655833 0.515312 0.143333 0.021875
0 0.733333 0.515312 0.400000 0.021875
1 0.640417 0.547188 0.065833 0.021875
0 0.733333 0.547188 0.400000 0.021875
1 0.661250 0.580313 0.060833 0.021875
0 0.733333 0.580313 0.400000 0.021875
1 0.647500 0.612187 0.126667 0.021875
0 0.733333 0.677813 0.400000 0.153125
1 0.655000 0.776563 0.141667 0.021875
0 0.733333 0.785937 0.400000 0.040625
1 0.658333 0.829688 0.055000 0.021875
0 0.733333 0.829688 0.400000 0.021875
1 0.644167 0.863437 0.120000 0.021875
0 0.733333 0.863437 0.400000 0.021875
1 0.697083 0.896563 0.132500 0.021875
0 0.733333 0.905937 0.400000 0.040625
