1 0.205000 0.085938 0.128333 0.021875
0 0.266667 0.085938 0.400000 0.021875
1 0.221250 0.120313 0.114167 0.021875
0 0.266667 0.129688 0.400000 0.040625
1 0.200000 0.171563 0.118333 0.021875
0 0.266667 0.209063 0.400000 0.096875
1 0.221667 0.277187 0.115000 0.021875
0 0.266667 0.333437 0.400000 0.134375
1 0.226250 0.420938 0.124167 0.021875
0 0.266667 0.420938 0.400000 0.021875
1 0.180417 0.451562 0.125833 0.021875
0 0.266667 0.460938 0.400000 0.040625
1 0.175833 0.502188 0.116667 0.021875
0 0.266667 0.502188 0.400000 0.021875
1 0.199167 0.534062 0.070000 0.021875
0 0.266667 0.534062 0.400000 0.021875
1 0.167083 0.562187 0.099167 0.021875
0 0.266667 0.571562 0.400000 0.040625
1 0.203750 0.609062 0.125833 0.021875
0 0.266667 0.655937 0.400000 0.115625
1 0.235417 0.735938 0.142500 0.021875
0 0.266667 0.745313 0.400000 0.040625
1 0.167083 0.782813 0.052500 0.021875
0 0.266667 0.782813 0.400000 0.021875
1 0.145417 0.817187 0.055833 0.021875
0 0.266667 0.826562 0.400000 0.040625
1 0.171667 0.869062 0.061667 0.021875
0 0.266667 0.878437 0.400000 0.040625
1 0.658750 0.085938 0.102500 0.021875
0 0.733333 0.085938 0.400000 0.021875
1 0.658333 0.119063 0.148333 0.021875
0 0.733333 0.156562 0.400000 0.096875
1 0.640833 0.227813 0.113333 0.021875
0 0.733333 0.227813 0.400000 0.021875
1 0.650417 0.260937 0.085833 0.021875
0 0.733333 0.270313 0.400000 0.040625
1 0.659583 0.310937 0.150833 0.021875
0 0.733333 0.310937 0.400000 0.021875
1 0.621667 0.339687 0.075000 0.021875
0 0.733333 0.339687 0.400000 0.021875
1 0.680417 0.371563 0.099167 0.021875
0 0.733333 0.380937 0.400000 0.040625
1 0.621250 0.424063 0.074167 0.021875
0 0.733333 0.424063 0.400000 0.021875
1 0.667083 0.452813 0.072500 0.021875
0 0.733333 0.452813 0.400000 0.021875
1 0.692917 0.485312 0.124167 0.021875
0 0.733333 0.494688 0.400000 0.040625
1 0.640000 0.537188 0.065000 0.021875
0 0.733333 0.584063 0.400000 0.115625
1 0.659583 0.660937 0.104167 0.021875
0 0.733333 0.670312 0.400000 0.040625
1 0.660833 0.713437 0.106667 0.021875
0 0.733333 0.722812 0.400000 0.040625
1 0.701667 0.763437 0.141667 0.021875
0 0.733333 0.810312 0.400000 0.115625
1 0.620833 0.890938 0.073333 0.021875
0 0.733333 0.900312 0.400000 0.040625
