0 0.26666666666666666 0.096875 0.4 0.04375
0 0.26666666666666666 0.181875 0.4 0.09125
0 0.26666666666666666 0.3025 0.4 0.115
0 0.26666666666666666 0.435 0.4 0.115
0 0.26666666666666666 0.54375 0.4 0.0675
0 0.26666666666666666 0.6525 0.4 0.115
0 0.26666666666666666 0.785 0.4 0.115
0 0.26666666666666666 0.905625 0.4 0.09125
0 0.7333333333333333 0.096875 0.4 0.04375
0 0.7333333333333333 0.17 0.4 0.0675
0 0.7333333333333333 0.243125 0.4 0.04375
0 0.7333333333333333 0.328125 0.4 0.09125
0 0.7333333333333333 0.413125 0.4 0.04375
0 0.7333333333333333 0.48625 0.4 0.0675
0 0.7333333333333333 0.5475 0.4 0.02
0 0.7333333333333333 0.596875 0.4 0.04375
0 0.7333333333333333 0.681875 0.4 0.09125
0 0.7333333333333333 0.814375 0.4 0.13875
