1 0.074885 0.091588 0.042230 0.019463
2 0.129454 0.090648 0.054726 0.019678
3 0.309842 0.088166 0.285461 0.022403
3 0.108046 0.112898 0.032194 0.018041
0 0.254349 0.099750 0.407899 0.050741
1 0.086791 0.140146 0.063058 0.019821
2 0.163438 0.138826 0.078054 0.020080
3 0.331746 0.136552 0.237973 0.021585
3 0.172855 0.160544 0.158827 0.020222
0 0.255841 0.148487 0.407899 0.050741
1 0.098774 0.191203 0.083885 0.020180
2 0.177087 0.189854 0.060558 0.019778
3 0.336647 0.187731 0.237973 0.021585
3 0.111107 0.212871 0.032194 0.018041
0 0.257410 0.199723 0.407899 0.050741
1 0.079630 0.246547 0.042230 0.019463
2 0.138781 0.245528 0.063891 0.019836
3 0.315837 0.243104 0.269631 0.022131
3 0.271083 0.265130 0.348777 0.023494
3 0.271733 0.286375 0.348777 0.023494
3 0.122007 0.310209 0.048023 0.018313
0 0.259744 0.275953 0.409200 0.093230
1 0.082519 0.340897 0.042230 0.019463
2 0.133756 0.340015 0.048061 0.019563
3 0.310811 0.337590 0.285461 0.022403
3 0.131509 0.361934 0.063852 0.018586
0 0.261983 0.349059 0.407899 0.050741
1 0.104859 0.389900 0.083885 0.020180
2 0.172757 0.388731 0.039730 0.019420
3 0.329818 0.386651 0.253802 0.021858
0 0.263169 0.387799 0.407248 0.029497
1 0.105854 0.422392 0.083885 0.020180
2 0.180001 0.421115 0.052227 0.019635
3 0.335395 0.419063 0.237973 0.021585
3 0.134016 0.443788 0.063852 0.018586
0 0.264490 0.430912 0.407899 0.050741
1 0.107403 0.473004 0.083885 0.020180
2 0.181134 0.471734 0.051394 0.019620
3 0.336112 0.469689 0.237973 0.021585
3 0.119737 0.494672 0.032194 0.018041
0 0.266039 0.481524 0.407899 0.050741
1 0.098578 0.525044 0.063058 0.019821
2 0.161061 0.523968 0.049728 0.019592
0 0.267302 0.522763 0.407248 0.029497
1 0.089197 0.558965 0.042230 0.019463
2 0.169176 0.557587 0.105546 0.020553
3 0.295828 0.556031 0.127169 0.019677
0 0.268335 0.556504 0.407248 0.029497
1 0.100663 0.593151 0.063058 0.019821
2 0.163980 0.592061 0.051394 0.019620
0 0.269388 0.590870 0.407248 0.029497
1 0.091168 0.623323 0.042230 0.019463
2 0.152401 0.622268 0.068056 0.019907
3 0.291967 0.620489 0.190486 0.020767
0 0.270306 0.620862 0.407248 0.029497
1 0.102385 0.649386 0.063058 0.019821
2 0.176116 0.648116 0.072222 0.019979
3 0.341508 0.645893 0.237973 0.021585
3 0.288423 0.668063 0.358775 0.023666
3 0.204929 0.690757 0.190486 0.020767
0 0.271760 0.668350 0.408549 0.071986
1 0.104739 0.726241 0.063058 0.019821
2 0.178886 0.724964 0.073055 0.019994
3 0.344694 0.722733 0.237973 0.021585
3 0.190802 0.746640 0.158827 0.020222
0 0.273789 0.734582 0.407899 0.050741
1 0.106327 0.778103 0.063058 0.019821
2 0.178808 0.776854 0.069722 0.019936
3 0.332120 0.774838 0.216312 0.021212
0 0.275051 0.775821 0.407248 0.029497
1 0.117774 0.811664 0.083885 0.020180
2 0.193171 0.810366 0.054726 0.019678
0 0.276085 0.809563 0.407248 0.029497
1 0.118788 0.844781 0.083885 0.020180
2 0.196268 0.843446 0.058892 0.019750
3 0.331251 0.841746 0.190486 0.020767
0 0.277099 0.842679 0.407248 0.029497
1 0.098993 0.878880 0.042230 0.019463
2 0.166892 0.877711 0.081386 0.020137
3 0.344781 0.875272 0.253802 0.021858
3 0.219215 0.898690 0.206315 0.021040
0 0.278457 0.887042 0.407899 0.050741
1 0.562256 0.083193 0.083885 0.020180
2 0.648900 0.081701 0.077220 0.020065
3 0.785133 0.079979 0.174656 0.020495
0 0.720567 0.081091 0.407248 0.029497
1 0.542232 0.109795 0.042230 0.019463
2 0.590969 0.108955 0.043063 0.019477
3 0.765526 0.106574 0.285461 0.022403
3 0.599137 0.130695 0.079682 0.018859
0 0.721696 0.117957 0.407899 0.050741
1 0.554368 0.165851 0.063058 0.019821
2 0.625599 0.164624 0.067223 0.019893
3 0.748919 0.163125 0.158827 0.020222
0 0.723093 0.163570 0.407248 0.029497
1 0.555229 0.193968 0.063058 0.019821
2 0.632709 0.192634 0.079720 0.020108
3 0.801850 0.190345 0.237973 0.021585
3 0.570062 0.215594 0.016365 0.017768
0 0.724279 0.202309 0.407899 0.050741
1 0.546441 0.247259 0.042230 0.019463
2 0.604759 0.246254 0.062224 0.019807
3 0.780982 0.243844 0.269631 0.022131
3 0.737894 0.265842 0.348777 0.023494
3 0.738545 0.287086 0.348777 0.023494
3 0.739195 0.308330 0.348777 0.023494
3 0.739846 0.329575 0.348777 0.023494
3 0.740496 0.350819 0.348777 0.023494
3 0.741147 0.372064 0.348777 0.023494
3 0.583506 0.396035 0.032194 0.018041
0 0.727857 0.319154 0.411802 0.178208
1 0.572914 0.431226 0.083885 0.020180
2 0.642895 0.430021 0.043896 0.019491
3 0.802039 0.427905 0.253802 0.021858
3 0.743539 0.450168 0.348777 0.023494
3 0.749188 0.471326 0.358775 0.023666
3 0.744840 0.492657 0.348777 0.023494
3 0.745490 0.513901 0.348777 0.023494
3 0.746141 0.535146 0.348777 0.023494
3 0.746791 0.556390 0.348777 0.023494
3 0.612894 0.579952 0.079682 0.018859
0 0.733501 0.503480 0.411802 0.178208
1 0.557539 0.609663 0.042230 0.019463
2 0.627937 0.608450 0.086385 0.020223
3 0.808325 0.605968 0.253802 0.021858
3 0.677761 0.629473 0.206315 0.021040
0 0.737003 0.617825 0.407899 0.050741
1 0.580051 0.664290 0.083885 0.020180
2 0.672943 0.662690 0.089717 0.020281
0 0.738361 0.662188 0.407248 0.029497
1 0.570479 0.691962 0.063058 0.019821
2 0.633795 0.690871 0.051394 0.019620
0 0.739203 0.689681 0.407248 0.029497
1 0.560887 0.719009 0.042230 0.019463
2 0.611291 0.718141 0.046395 0.019534
3 0.787514 0.715731 0.285461 0.022403
3 0.617792 0.739910 0.079682 0.018859
0 0.740351 0.727171 0.407899 0.050741
1 0.583342 0.771761 0.083885 0.020180
2 0.656656 0.770499 0.050561 0.019606
3 0.816216 0.768375 0.247970 0.021757
3 0.666906 0.792203 0.174656 0.020495
0 0.741978 0.780282 0.407899 0.050741
1 0.564064 0.822732 0.042230 0.019463
2 0.630296 0.821591 0.078054 0.020080
3 0.806519 0.819181 0.253802 0.021858
3 0.613054 0.843769 0.063852 0.018586
0 0.743528 0.830894 0.407899 0.050741
1 0.565537 0.870844 0.042230 0.019463
2 0.628437 0.869761 0.071389 0.019965
3 0.809242 0.867272 0.269631 0.022131
3 0.756990 0.889427 0.348777 0.023494
3 0.757640 0.910672 0.348777 0.023494
3 0.758291 0.931916 0.348777 0.023494
3 0.758941 0.953160 0.348777 0.023494
3 0.625044 0.976722 0.079682 0.018859
0 0.746302 0.921495 0.410501 0.135719
