0 0.26666666666666666 0.10875 0.4 0.0675
0 0.26666666666666666 0.181875 0.4 0.04375
0 0.26666666666666666 0.243125 0.4 0.04375
0 0.26666666666666666 0.34 0.4 0.115
0 0.26666666666666666 0.460625 0.4 0.09125
0 0.26666666666666666 0.545625 0.4 0.04375
0 0.26666666666666666 0.606875 0.4 0.04375
0 0.26666666666666666 0.668125 0.4 0.04375
0 0.26666666666666666 0.776875 0.4 0.13875
0 0.26666666666666666 0.885625 0.4 0.04375
0 0.7333333333333333 0.10875 0.4 0.0675
0 0.7333333333333333 0.229375 0.4 0.13875
0 0.7333333333333333 0.338125 0.4 0.04375
0 0.7333333333333333 0.423125 0.4 0.09125
0 0.7333333333333333 0.508125 0.4 0.04375
0 0.7333333333333333 0.569375 0.4 0.04375
0 0.7333333333333333 0.678125 0.4 0.13875
0 0.7333333333333333 0.79875 0.4 0.0675
0 0.7333333333333333 0.871875 0.4 0.04375
