3 0.507788 0.032026 0.984423 0.044024
0 0.122522 0.077055 0.083941 0.020330
1 0.214992 0.078815 0.088939 0.020425
2 0.369921 0.082390 0.200528 0.021301
2 0.291727 0.102158 0.348813 0.024124
2 0.291008 0.123401 0.348813 0.024124
2 0.147835 0.141932 0.063905 0.018700
0 0.119181 0.175773 0.083941 0.020330
1 0.210818 0.177517 0.087273 0.020393
2 0.367829 0.181132 0.206359 0.021412
2 0.288386 0.200876 0.348813 0.024124
2 0.137299 0.219257 0.048077 0.018398
0 0.106251 0.249926 0.063114 0.019933
1 0.178311 0.251298 0.068946 0.020044
2 0.341987 0.255039 0.238016 0.022014
2 0.290868 0.275322 0.358810 0.024314
2 0.285150 0.296470 0.348813 0.024124
2 0.284431 0.317714 0.348813 0.024124
2 0.283712 0.338957 0.348813 0.024124
2 0.172196 0.358091 0.127218 0.019905
0 0.091291 0.384059 0.042288 0.019537
1 0.161269 0.385391 0.085607 0.020362
2 0.341190 0.389442 0.253844 0.022316
2 0.281323 0.409559 0.348813 0.024124
2 0.280604 0.430802 0.348813 0.024124
2 0.184916 0.450237 0.158874 0.020508
0 0.108925 0.478800 0.083941 0.020330
1 0.185150 0.480251 0.056450 0.019807
2 0.303008 0.483120 0.158874 0.020508
0 0.097369 0.512341 0.063114 0.019933
1 0.164015 0.513610 0.058116 0.019838
2 0.322276 0.517248 0.238016 0.022014
0 0.096270 0.544831 0.063114 0.019933
1 0.169163 0.546218 0.070612 0.020076
2 0.317844 0.549674 0.206359 0.021412
0 0.105541 0.578768 0.083941 0.020330
1 0.182600 0.580235 0.058116 0.019838
2 0.340861 0.583873 0.238016 0.022014
2 0.274746 0.603871 0.348813 0.024124
2 0.274027 0.625115 0.348813 0.024124
2 0.275391 0.646397 0.352979 0.024203
2 0.272589 0.667601 0.348813 0.024124
2 0.271870 0.688844 0.348813 0.024124
2 0.120783 0.707225 0.048077 0.018398
0 0.079195 0.741444 0.042288 0.019537
1 0.135844 0.742523 0.058949 0.019854
0 0.088551 0.772882 0.063114 0.019933
1 0.169775 0.774429 0.087273 0.020393
2 0.334701 0.778194 0.222187 0.021713
2 0.181115 0.796527 0.174703 0.020809
0 0.086860 0.822866 0.063114 0.019933
1 0.163085 0.824317 0.077276 0.020203
2 0.330927 0.828138 0.238016 0.022014
2 0.100282 0.845004 0.016420 0.017796
0 0.095518 0.874923 0.083941 0.020330
1 0.166328 0.876271 0.045620 0.019600
2 0.326256 0.879941 0.253844 0.022316
2 0.138097 0.897615 0.095562 0.019302
0 0.578625 0.085738 0.063114 0.019933
1 0.651102 0.087118 0.069779 0.020060
2 0.815194 0.090867 0.238016 0.022014
2 0.758243 0.111040 0.348813 0.024124
2 0.630899 0.129872 0.095562 0.019302
0 0.586522 0.160287 0.083941 0.020330
1 0.682324 0.162111 0.095604 0.020552
2 0.835587 0.165654 0.190531 0.021110
2 0.760725 0.185486 0.358810 0.024314
2 0.755008 0.206634 0.348813 0.024124
2 0.754289 0.227877 0.348813 0.024124
2 0.721914 0.248517 0.285500 0.022918
0 0.561762 0.276103 0.042288 0.019537
1 0.616328 0.277142 0.054784 0.019775
0 0.560853 0.302970 0.042288 0.019537
1 0.615418 0.304009 0.054784 0.019775
2 0.787842 0.307916 0.269672 0.022617
0 0.559795 0.334210 0.042288 0.019537
1 0.616027 0.335280 0.058116 0.019838
2 0.766374 0.338768 0.222187 0.021713
0 0.569278 0.361899 0.063114 0.019933
1 0.640922 0.363263 0.068113 0.020029
2 0.764611 0.366243 0.158874 0.020508
0 0.568327 0.390015 0.063114 0.019933
1 0.639970 0.391379 0.068113 0.020029
2 0.803230 0.395112 0.238016 0.022014
2 0.645062 0.413358 0.143046 0.020206
0 0.556306 0.437301 0.042288 0.019537
1 0.610455 0.438332 0.053951 0.019759
2 0.790376 0.442383 0.285500 0.022918
2 0.746338 0.462801 0.348813 0.024124
2 0.745619 0.484044 0.348813 0.024124
2 0.744900 0.505288 0.348813 0.024124
2 0.744181 0.526531 0.348813 0.024124
2 0.743462 0.547774 0.348813 0.024124
2 0.692343 0.568058 0.248012 0.022205
0 0.550872 0.597875 0.042288 0.019537
1 0.619599 0.599183 0.083108 0.020314
2 0.798271 0.603210 0.253844 0.022316
2 0.606363 0.620813 0.079733 0.019001
0 0.569964 0.649505 0.083941 0.020330
1 0.639942 0.650837 0.043954 0.019569
2 0.767379 0.653888 0.190531 0.021110
0 0.558472 0.681171 0.063114 0.019933
1 0.623451 0.682408 0.054784 0.019775
2 0.787961 0.686165 0.253844 0.022316
2 0.579808 0.703459 0.032249 0.018097
0 0.556633 0.735529 0.063114 0.019933
1 0.627443 0.736877 0.066447 0.019997
2 0.797784 0.740745 0.253844 0.022316
2 0.736251 0.760830 0.348813 0.024124
2 0.735532 0.782073 0.348813 0.024124
2 0.734813 0.803317 0.348813 0.024124
2 0.734094 0.824560 0.348813 0.024124
2 0.583007 0.842940 0.048077 0.018398
0 0.562351 0.874432 0.083941 0.020330
1 0.648157 0.876066 0.075610 0.020171
2 0.807251 0.879720 0.222187 0.021713
2 0.731557 0.899536 0.348813 0.024124
2 0.730838 0.920779 0.348813 0.024124
2 0.730119 0.942022 0.348813 0.024124
2 0.642344 0.961608 0.174703 0.020809
