1 0.169167 0.085938 0.103333 0.021875
0 0.266667 0.085938 0.400000 0.021875
1 0.203333 0.117188 0.125000 0.021875
0 0.266667 0.117188 0.400000 0.021875
1 0.186250 0.148438 0.137500 0.021875
0 0.266667 0.157812 0.400000 0.040625
1 0.219583 0.199063 0.110833 0.021875
0 0.266667 0.217812 0.400000 0.059375
1 0.197500 0.268437 0.113333 0.021875
0 0.266667 0.315312 0.400000 0.115625
1 0.227083 0.396562 0.125833 0.021875
0 0.266667 0.405938 0.400000 0.040625
1 0.159583 0.448437 0.084167 0.021875
0 0.266667 0.467187 0.400000 0.059375
1 0.199167 0.515938 0.070000 0.021875
0 0.266667 0.562813 0.400000 0.115625
1 0.167917 0.638437 0.100833 0.021875
0 0.266667 0.638437 0.400000 0.021875
1 0.146667 0.666562 0.058333 0.021875
0 0.266667 0.675937 0.400000 0.040625
1 0.217917 0.714063 0.107500 0.021875
0 0.266667 0.714063 0.400000 0.021875
1 0.180417 0.747812 0.079167 0.021875
0 0.266667 0.757188 0.400000 0.040625
1 0.212500 0.795937 0.143333 0.021875
0 0.266667 0.805312 0.400000 0.040625
1 0.236667 0.845938 0.145000 0.021875
0 0.266667 0.855313 0.400000 0.040625
1 0.163750 0.896563 0.045833 0.021875
0 0.266667 0.896563 0.400000 0.021875
1 0.638333 0.085938 0.108333 0.021875
0 0.733333 0.085938 0.400000 0.021875
1 0.686250 0.118438 0.110833 0.021875
0 0.733333 0.127812 0.400000 0.040625
1 0.680833 0.169063 0.100000 0.021875
0 0.733333 0.178437 0.400000 0.040625
1 0.671667 0.218438 0.081667 0.021875
0 0.733333 0.227813 0.400000 0.040625
1 0.655833 0.266562 0.096667 0.021875
0 0.733333 0.294687 0.400000 0.078125
1 0.647083 0.354063 0.079167 0.021875
0 0.733333 0.363438 0.400000 0.040625
1 0.681250 0.403438 0.100833 0.021875
0 0.733333 0.403438 0.400000 0.021875
1 0.690833 0.433437 0.120000 0.021875
0 0.733333 0.442812 0.400000 0.040625
1 0.682083 0.485938 0.149167 0.021875
0 0.733333 0.504687 0.400000 0.059375
1 0.669167 0.554688 0.076667 0.021875
0 0.733333 0.564063 0.400000 0.040625
1 0.634583 0.602187 0.100833 0.021875
0 0.733333 0.611563 0.400000 0.040625
1 0.655417 0.654062 0.095833 0.021875
0 0.733333 0.663438 0.400000 0.040625
1 0.645000 0.702812 0.075000 0.021875
0 0.733333 0.712187 0.400000 0.040625
1 0.653333 0.749687 0.091667 0.021875
0 0.733333 0.768437 0.400000 0.059375
1 0.682500 0.817813 0.103333 0.021875
0 0.733333 0.827187 0.400000 0.040625
1 0.616667 0.865938 0.065000 0.021875
0 0.733333 0.865938 0.400000 0.021875
1 0.698333 0.898438 0.135000 0.021875
0 0.733333 0.907813 0.400000 0.040625
