1 0.084252 0.086199 0.041813 0.018933
2 0.138835 0.085959 0.054313 0.018988
3 0.279670 0.085963 0.205967 0.018406
0 0.263421 0.086035 0.406836 0.024291
1 0.084502 0.118074 0.041813 0.018933
2 0.134501 0.117853 0.045146 0.018948
3 0.310336 0.117704 0.285132 0.018755
3 0.275503 0.139108 0.348464 0.019034
3 0.275670 0.160357 0.348464 0.019034
3 0.280836 0.181585 0.358464 0.019078
3 0.276002 0.202857 0.348464 0.019034
3 0.189087 0.224490 0.174301 0.018267
0 0.264086 0.171034 0.407668 0.130539
1 0.096025 0.259275 0.062646 0.019025
2 0.173940 0.258932 0.080145 0.019102
3 0.343525 0.258810 0.237633 0.018546
3 0.276609 0.280355 0.348464 0.019034
3 0.276776 0.301605 0.348464 0.019034
3 0.276942 0.322855 0.348464 0.019034
3 0.277109 0.344104 0.348464 0.019034
3 0.277275 0.365354 0.348464 0.019034
3 0.277441 0.386603 0.348464 0.019034
3 0.222192 0.408097 0.237633 0.018546
0 0.265359 0.333531 0.408001 0.173038
1 0.097400 0.434897 0.062646 0.019025
2 0.164899 0.434600 0.059312 0.019010
0 0.266152 0.434779 0.406836 0.024291
1 0.087218 0.464943 0.041813 0.018933
2 0.163050 0.464609 0.096812 0.019175
3 0.340969 0.464450 0.237633 0.018546
3 0.119889 0.486674 0.031803 0.017639
0 0.266470 0.475403 0.407002 0.045541
1 0.087649 0.519942 0.041813 0.018933
2 0.151815 0.519659 0.073479 0.019073
3 0.278484 0.519726 0.158468 0.018197
0 0.266818 0.519778 0.406836 0.024291
1 0.087928 0.555566 0.041813 0.018933
2 0.143760 0.555320 0.056813 0.018999
0 0.267097 0.555402 0.406836 0.024291
1 0.098604 0.588645 0.062646 0.019025
2 0.175686 0.588305 0.078479 0.019095
3 0.344438 0.588187 0.237633 0.018546
3 0.279189 0.609725 0.348464 0.019034
3 0.279355 0.630974 0.348464 0.019034
3 0.144941 0.652817 0.079302 0.017848
0 0.267606 0.620401 0.407335 0.088040
1 0.109759 0.682972 0.083479 0.019117
2 0.185175 0.682640 0.054313 0.018988
3 0.341844 0.682575 0.237633 0.018546
3 0.113681 0.704830 0.015970 0.017569
0 0.268178 0.693525 0.407002 0.045541
1 0.089338 0.735563 0.041813 0.018933
2 0.161003 0.735247 0.088479 0.019139
3 0.339755 0.735085 0.247633 0.018590
3 0.280339 0.756597 0.348464 0.019034
3 0.280505 0.777847 0.348464 0.019034
3 0.185673 0.799515 0.158468 0.018197
0 0.268756 0.767273 0.407335 0.088040
1 0.090042 0.825562 0.041813 0.018933
2 0.149208 0.825301 0.063479 0.019029
3 0.255045 0.825460 0.126802 0.018058
0 0.269211 0.825397 0.406836 0.024291
1 0.090312 0.859936 0.041813 0.018933
2 0.161977 0.859620 0.088479 0.019139
3 0.340729 0.859458 0.247633 0.018590
3 0.286313 0.880948 0.358464 0.019078
3 0.262730 0.902302 0.310965 0.018869
0 0.269647 0.881021 0.407169 0.066790
1 0.571744 0.084052 0.083479 0.019117
2 0.646743 0.083721 0.053479 0.018985
3 0.802995 0.083658 0.237633 0.018546
3 0.741912 0.105178 0.348464 0.019034
3 0.742079 0.126427 0.348464 0.019034
3 0.742245 0.147677 0.348464 0.019034
3 0.691996 0.169149 0.247633 0.018590
0 0.730412 0.126479 0.407502 0.109290
1 0.551826 0.201017 0.041813 0.018933
2 0.624742 0.200695 0.090979 0.019150
3 0.799743 0.200549 0.237633 0.018546
3 0.742828 0.222051 0.348464 0.019034
3 0.742994 0.243300 0.348464 0.019034
3 0.748160 0.264528 0.358464 0.019078
3 0.748327 0.285777 0.358464 0.019078
3 0.600996 0.307677 0.063469 0.017779
0 0.731411 0.253976 0.407668 0.130539
1 0.552937 0.342889 0.041813 0.018933
2 0.613769 0.342621 0.066812 0.019043
3 0.792521 0.342459 0.269299 0.018685
3 0.743939 0.363923 0.348464 0.019034
3 0.744105 0.385173 0.348464 0.019034
3 0.749271 0.406400 0.358464 0.019078
3 0.625690 0.428195 0.110968 0.017988
0 0.732439 0.385224 0.407502 0.109290
1 0.553862 0.461012 0.041813 0.018933
2 0.610111 0.460764 0.057646 0.019003
3 0.713031 0.460936 0.126802 0.018058
0 0.733031 0.460848 0.406836 0.024291
1 0.574974 0.496545 0.083479 0.019117
2 0.664139 0.496152 0.081812 0.019109
3 0.818725 0.496096 0.205967 0.018406
3 0.618478 0.518228 0.095135 0.017918
0 0.733393 0.507097 0.407002 0.045541
1 0.564969 0.549090 0.062646 0.019025
2 0.644551 0.548739 0.083479 0.019117
3 0.807886 0.548645 0.221800 0.018476
3 0.745554 0.570170 0.348464 0.019034
3 0.745720 0.591419 0.348464 0.019034
0 0.733887 0.570221 0.407169 0.066790
1 0.565537 0.621588 0.062646 0.019025
2 0.643452 0.621245 0.080145 0.019102
3 0.813037 0.621123 0.237633 0.018546
3 0.746122 0.642668 0.348464 0.019034
3 0.746288 0.663918 0.348464 0.019034
3 0.746454 0.685168 0.348464 0.019034
3 0.746621 0.706417 0.348464 0.019034
3 0.746787 0.727667 0.348464 0.019034
0 0.734705 0.674594 0.407668 0.130539
1 0.577040 0.760290 0.083479 0.019117
2 0.674121 0.759862 0.097645 0.019179
3 0.828707 0.759807 0.190134 0.018337
3 0.747208 0.781416 0.348464 0.019034
3 0.752374 0.802643 0.358464 0.019078
3 0.747541 0.823915 0.348464 0.019034
3 0.747707 0.845165 0.348464 0.019034
3 0.660792 0.866798 0.174301 0.018267
0 0.735791 0.813342 0.407668 0.130539
1 0.567666 0.893459 0.062646 0.019025
2 0.624748 0.893207 0.038480 0.018919
3 0.789334 0.893107 0.269299 0.018685
3 0.748251 0.914539 0.348464 0.019034
3 0.748417 0.935788 0.348464 0.019034
3 0.748583 0.957038 0.348464 0.019034
3 0.748750 0.978287 0.348464 0.019034
3 0.693501 0.999781 0.237633 0.018546
0 0.736834 0.946464 0.407668 0.130539
