1 0.095584 0.085650 0.062605 0.018947
2 0.171834 0.085409 0.076771 0.018992
3 0.339752 0.085503 0.237596 0.018251
3 0.276122 0.106954 0.348429 0.018601
3 0.276242 0.128204 0.348429 0.018601
3 0.276361 0.149454 0.348429 0.018601
3 0.276481 0.170704 0.348429 0.018601
3 0.213267 0.192154 0.221763 0.018201
0 0.264635 0.138866 0.407387 0.130035
1 0.096382 0.227524 0.062605 0.018947
2 0.175548 0.227273 0.082605 0.019011
3 0.314717 0.227458 0.174263 0.018050
0 0.265134 0.227615 0.406790 0.023785
1 0.096578 0.262523 0.062605 0.018947
2 0.166161 0.262303 0.063438 0.018950
3 0.324497 0.262428 0.231763 0.018232
0 0.265330 0.262615 0.406790 0.023785
1 0.107195 0.298115 0.083438 0.019013
2 0.185111 0.297869 0.059272 0.018937
0 0.265531 0.298239 0.406790 0.023785
1 0.092360 0.327537 0.053438 0.018918
2 0.169860 0.327292 0.088438 0.019029
3 0.343612 0.327368 0.237596 0.018251
3 0.190399 0.349102 0.174263 0.018050
0 0.265755 0.338239 0.406909 0.045035
1 0.107673 0.383114 0.083438 0.019013
2 0.189755 0.382855 0.067605 0.018963
3 0.345174 0.382988 0.221763 0.018201
3 0.277794 0.404452 0.348429 0.018601
3 0.254164 0.425777 0.300929 0.018451
0 0.266128 0.404489 0.407028 0.066285
1 0.108059 0.451864 0.083438 0.019013
2 0.181809 0.451631 0.050938 0.018911
3 0.336811 0.451765 0.237596 0.018251
3 0.191098 0.473476 0.174263 0.018050
0 0.266454 0.462613 0.406909 0.045035
1 0.097948 0.506271 0.062605 0.018947
2 0.161698 0.506070 0.051772 0.018913
3 0.325033 0.506178 0.253429 0.018301
0 0.266700 0.506363 0.406790 0.023785
1 0.087697 0.535679 0.041772 0.018882
2 0.144780 0.535498 0.059272 0.018937
3 0.319782 0.535570 0.269263 0.018351
3 0.278651 0.556950 0.348429 0.018601
3 0.278771 0.578200 0.348429 0.018601
3 0.207641 0.599675 0.205930 0.018151
0 0.267045 0.567612 0.407148 0.087535
1 0.098665 0.633770 0.062605 0.018947
2 0.173248 0.633534 0.073438 0.018982
0 0.267417 0.633862 0.406790 0.023785
1 0.098830 0.663145 0.062605 0.018947
2 0.165079 0.662935 0.056772 0.018929
3 0.330915 0.663036 0.253429 0.018301
3 0.279368 0.684449 0.348429 0.018601
3 0.136989 0.706149 0.063431 0.017700
0 0.267701 0.684486 0.407028 0.066285
1 0.109640 0.733111 0.083438 0.019013
2 0.194639 0.732842 0.073438 0.018982
3 0.352975 0.732967 0.221763 0.018201
3 0.279761 0.754449 0.348429 0.018601
3 0.279881 0.775698 0.348429 0.018601
3 0.161251 0.797324 0.110931 0.017850
0 0.268155 0.765110 0.407148 0.087535
1 0.089330 0.826301 0.041772 0.018882
2 0.166413 0.826058 0.099271 0.019063
3 0.345582 0.826116 0.237596 0.018251
3 0.169453 0.847923 0.126764 0.017900
0 0.268559 0.836985 0.406909 0.045035
1 0.110434 0.874360 0.083438 0.019013
2 0.192933 0.874099 0.068438 0.018966
3 0.348769 0.874231 0.221763 0.018201
3 0.130140 0.896173 0.047598 0.017650
0 0.268829 0.885109 0.406909 0.045035
1 0.551830 0.084207 0.041772 0.018882
2 0.619330 0.083994 0.080105 0.019003
3 0.796832 0.084058 0.253429 0.018301
3 0.592369 0.105954 0.047598 0.017650
0 0.731058 0.094891 0.406909 0.045035
1 0.562531 0.134799 0.062605 0.018947
2 0.637114 0.134563 0.073438 0.018982
3 0.800449 0.134672 0.231763 0.018232
3 0.616404 0.156504 0.095098 0.017800
0 0.731343 0.145515 0.406909 0.045035
1 0.552382 0.182332 0.041772 0.018882
2 0.616548 0.182129 0.073438 0.018982
3 0.771967 0.182262 0.215930 0.018182
0 0.731550 0.182390 0.406790 0.023785
1 0.562984 0.215423 0.062605 0.018947
2 0.642150 0.215173 0.082605 0.019011
3 0.812986 0.215258 0.237596 0.018251
3 0.632690 0.237078 0.126764 0.017900
0 0.731796 0.226140 0.406909 0.045035
1 0.552888 0.272331 0.041772 0.018882
2 0.617470 0.272127 0.074271 0.018984
3 0.792056 0.272200 0.253429 0.018301
3 0.640926 0.293928 0.142597 0.017950
0 0.732116 0.283014 0.406909 0.045035
1 0.574009 0.323514 0.083438 0.019013
2 0.658591 0.323247 0.072605 0.018979
0 0.732344 0.323639 0.406790 0.023785
1 0.563775 0.356047 0.062605 0.018947
2 0.623358 0.355859 0.043438 0.018887
3 0.727110 0.356156 0.142597 0.017950
0 0.732527 0.356139 0.406790 0.023785
1 0.563936 0.384797 0.062605 0.018947
2 0.642686 0.384548 0.081771 0.019008
3 0.813104 0.384634 0.237596 0.018251
0 0.732688 0.384888 0.406790 0.023785
1 0.574536 0.417264 0.083438 0.019013
2 0.656618 0.417004 0.067605 0.018963
3 0.812037 0.417138 0.221763 0.018201
3 0.744657 0.438601 0.348429 0.018601
3 0.744777 0.459851 0.348429 0.018601
3 0.610314 0.481526 0.079264 0.017750
0 0.733050 0.449263 0.407148 0.087535
1 0.554258 0.516079 0.041772 0.018882
2 0.612174 0.515896 0.060938 0.018942
3 0.793009 0.515949 0.279263 0.018382
3 0.745212 0.537350 0.348429 0.018601
3 0.745332 0.558600 0.348429 0.018601
3 0.750451 0.579834 0.358429 0.018633
3 0.705987 0.601225 0.269263 0.018351
0 0.733665 0.558637 0.407267 0.108785
1 0.554890 0.628578 0.041772 0.018882
2 0.630306 0.628339 0.095938 0.019053
3 0.807808 0.628403 0.237596 0.018251
3 0.745844 0.649849 0.348429 0.018601
3 0.745964 0.671099 0.348429 0.018601
3 0.722333 0.692424 0.300929 0.018451
0 0.734238 0.660511 0.407148 0.087535
1 0.576229 0.718511 0.083438 0.019013
2 0.647478 0.718286 0.045938 0.018895
3 0.807897 0.718404 0.253429 0.018301
3 0.746350 0.739848 0.348429 0.018601
3 0.746470 0.761098 0.348429 0.018601
3 0.746589 0.782348 0.348429 0.018601
3 0.643793 0.803923 0.142597 0.017950
0 0.734803 0.761135 0.407267 0.108785
1 0.566480 0.837293 0.062605 0.018947
2 0.630646 0.837090 0.052605 0.018916
3 0.799398 0.837181 0.263429 0.018332
3 0.752018 0.858581 0.358429 0.018633
3 0.747137 0.879847 0.348429 0.018601
3 0.691840 0.901272 0.237596 0.018251
0 0.735411 0.869259 0.407148 0.087535
