3 0.509759 0.039614 0.980482 0.049160
0 0.105576 0.074620 0.042451 0.019747
1 0.165544 0.076070 0.065772 0.020312
2 0.343342 0.080995 0.269779 0.023998
2 0.200419 0.098800 0.159003 0.021318
0 0.124169 0.126971 0.084096 0.020755
1 0.204544 0.128915 0.064939 0.020291
2 0.358187 0.133256 0.222304 0.022849
2 0.293140 0.152944 0.348904 0.025911
2 0.292227 0.174183 0.348904 0.025911
2 0.291314 0.195422 0.348904 0.025911
2 0.211275 0.214747 0.190653 0.022084
0 0.119039 0.246284 0.084096 0.020755
1 0.196915 0.248168 0.059942 0.020171
0 0.107284 0.277266 0.063273 0.020251
1 0.170168 0.278787 0.050780 0.019949
2 0.340470 0.283531 0.269779 0.023998
2 0.157151 0.300359 0.089872 0.019646
0 0.094590 0.330112 0.042451 0.019747
1 0.163721 0.331784 0.084096 0.020755
2 0.342768 0.336739 0.253954 0.023615
2 0.289382 0.356709 0.358899 0.026153
2 0.288469 0.377948 0.358899 0.026153
2 0.282558 0.399066 0.348904 0.025911
2 0.281645 0.420305 0.348904 0.025911
2 0.280732 0.441544 0.348904 0.025911
2 0.145305 0.459530 0.079878 0.019405
0 0.087634 0.491903 0.042451 0.019747
1 0.140939 0.493192 0.052446 0.019989
2 0.319986 0.498148 0.285604 0.024380
2 0.277428 0.518379 0.348904 0.025911
2 0.276515 0.539618 0.348904 0.025911
2 0.275601 0.560857 0.348904 0.025911
2 0.274688 0.582096 0.348904 0.025911
2 0.265862 0.603144 0.333079 0.025528
0 0.092190 0.628334 0.063273 0.020251
1 0.165485 0.630106 0.071602 0.020453
2 0.330372 0.634720 0.238129 0.023232
2 0.152884 0.651688 0.111528 0.020170
0 0.079495 0.681179 0.042451 0.019747
1 0.131552 0.682438 0.049947 0.019929
2 0.309349 0.687364 0.285604 0.024380
2 0.269290 0.707656 0.348904 0.025911
2 0.268376 0.728895 0.348904 0.025911
2 0.272461 0.750255 0.358899 0.026153
2 0.271547 0.771494 0.358899 0.026153
2 0.265637 0.792612 0.348904 0.025911
2 0.217248 0.812702 0.253954 0.023615
0 0.093603 0.837852 0.084096 0.020755
1 0.185222 0.840068 0.087427 0.020835
2 0.342197 0.844489 0.206478 0.022467
2 0.220097 0.862797 0.263949 0.023856
0 0.592822 0.086404 0.084096 0.020755
1 0.676112 0.088418 0.070769 0.020432
2 0.832671 0.092830 0.222304 0.022849
2 0.658931 0.109889 0.143178 0.020936
0 0.569609 0.141496 0.042451 0.019747
1 0.631244 0.142987 0.069104 0.020392
0 0.568266 0.172730 0.042451 0.019747
1 0.624071 0.174080 0.057443 0.020110
2 0.797704 0.178905 0.269779 0.023998
2 0.623547 0.195954 0.079878 0.019405
0 0.576341 0.227329 0.063273 0.020251
1 0.646305 0.229021 0.064939 0.020291
2 0.815773 0.233745 0.253954 0.023615
2 0.644948 0.250874 0.127353 0.020553
0 0.563566 0.282048 0.042451 0.019747
1 0.622286 0.283469 0.063273 0.020251
2 0.798834 0.288364 0.269779 0.023998
2 0.753360 0.308525 0.348904 0.025911
2 0.757444 0.329885 0.358899 0.026153
2 0.751534 0.351003 0.348904 0.025911
2 0.750621 0.372242 0.348904 0.025911
2 0.749707 0.393481 0.348904 0.025911
2 0.748794 0.414720 0.348904 0.025911
2 0.645018 0.433471 0.143178 0.020936
0 0.576492 0.466206 0.084096 0.020755
1 0.665612 0.468362 0.082430 0.020714
2 0.820088 0.472723 0.206478 0.022467
2 0.745464 0.492180 0.348904 0.025911
2 0.744550 0.513419 0.348904 0.025911
2 0.617036 0.531596 0.095703 0.019787
0 0.562052 0.559656 0.063273 0.020251
1 0.627851 0.561247 0.056610 0.020090
2 0.793155 0.565871 0.253954 0.023615
2 0.741435 0.585881 0.348904 0.025911
2 0.740522 0.607120 0.348904 0.025911
2 0.739608 0.628359 0.348904 0.025911
2 0.738695 0.649598 0.348904 0.025911
2 0.737782 0.670837 0.348904 0.025911
2 0.736869 0.692076 0.348904 0.025911
2 0.735956 0.713315 0.348904 0.025911
2 0.608441 0.731492 0.095703 0.019787
0 0.553591 0.756429 0.063273 0.020251
1 0.626470 0.758191 0.070769 0.020432
2 0.790941 0.762794 0.238129 0.023232
2 0.732974 0.782654 0.348904 0.025911
2 0.732061 0.803893 0.348904 0.025911
2 0.736145 0.825252 0.358899 0.026153
2 0.730235 0.846370 0.348904 0.025911
2 0.586895 0.864165 0.064052 0.019022
0 0.537352 0.891731 0.042451 0.019747
1 0.593989 0.893101 0.059109 0.020150
2 0.768455 0.897946 0.269779 0.023998
