0 0.106964 0.085103 0.083395 0.018905
1 0.182797 0.084962 0.055062 0.018852
2 0.316132 0.085340 0.190057 0.017852
0 0.086240 0.118266 0.041728 0.018827
1 0.145406 0.118157 0.063395 0.018867
2 0.322491 0.118453 0.269224 0.017999
2 0.277145 0.139787 0.348390 0.018146
2 0.277215 0.161037 0.348390 0.018146
2 0.277285 0.182287 0.348390 0.018146
2 0.277355 0.203537 0.348390 0.018146
2 0.111176 0.225095 0.015891 0.017529
0 0.086706 0.259516 0.041728 0.018827
1 0.140872 0.259415 0.053395 0.018849
2 0.320874 0.259707 0.285057 0.018029
2 0.277611 0.281037 0.348390 0.018146
2 0.277681 0.302287 0.348390 0.018146
2 0.277751 0.323537 0.348390 0.018146
2 0.277821 0.344787 0.348390 0.018146
2 0.277891 0.366037 0.348390 0.018146
2 0.277961 0.387287 0.348390 0.018146
2 0.230531 0.408625 0.253390 0.017970
0 0.097701 0.435121 0.062562 0.018866
1 0.166868 0.434993 0.062562 0.018866
2 0.335619 0.435305 0.253390 0.017970
2 0.278190 0.456661 0.348390 0.018146
2 0.283260 0.477902 0.358390 0.018165
2 0.278330 0.499161 0.348390 0.018146
2 0.278400 0.520411 0.348390 0.018146
2 0.278470 0.541661 0.348390 0.018146
2 0.246874 0.562970 0.285057 0.018029
0 0.098227 0.594496 0.062562 0.018866
1 0.170310 0.594362 0.068395 0.018877
2 0.334062 0.594683 0.237557 0.017940
2 0.278715 0.616036 0.348390 0.018146
2 0.278785 0.637286 0.348390 0.018146
2 0.278855 0.658536 0.348390 0.018146
2 0.278926 0.679786 0.348390 0.018146
2 0.191913 0.701197 0.174224 0.017823
0 0.109105 0.734476 0.083395 0.018905
1 0.190772 0.734324 0.066728 0.018874
2 0.345773 0.734662 0.221724 0.017911
2 0.279177 0.756035 0.348390 0.018146
2 0.279247 0.777285 0.348390 0.018146
2 0.281400 0.798531 0.352557 0.018154
2 0.279387 0.819785 0.348390 0.018146
2 0.192374 0.841197 0.174224 0.017823
0 0.109553 0.870100 0.083395 0.018905
1 0.191219 0.869949 0.066728 0.018874
2 0.346221 0.870286 0.221724 0.017911
2 0.232124 0.891748 0.253390 0.017970
0 0.563213 0.084256 0.062562 0.018866
1 0.620712 0.084150 0.039228 0.018823
2 0.785714 0.084469 0.269224 0.017999
2 0.743701 0.105797 0.348390 0.018146
2 0.743771 0.127047 0.348390 0.018146
2 0.748841 0.148287 0.358390 0.018165
2 0.743911 0.169547 0.348390 0.018146
2 0.672731 0.190929 0.205890 0.017882
0 0.563672 0.223631 0.062562 0.018866
1 0.648672 0.223473 0.094228 0.018925
0 0.553365 0.256775 0.041728 0.018827
1 0.608781 0.256672 0.055895 0.018854
2 0.790033 0.256961 0.285057 0.018029
2 0.744270 0.278296 0.348390 0.018146
2 0.744340 0.299546 0.348390 0.018146
2 0.578160 0.321104 0.015891 0.017529
0 0.574526 0.356111 0.083395 0.018905
1 0.653692 0.355964 0.061728 0.018864
2 0.814110 0.356292 0.237557 0.017940
2 0.744597 0.377671 0.348390 0.018146
2 0.749667 0.398912 0.358390 0.018165
2 0.746821 0.420167 0.352557 0.018154
2 0.649808 0.441597 0.158391 0.017794
0 0.564488 0.471130 0.062562 0.018866
1 0.629905 0.471009 0.055062 0.018852
2 0.794906 0.471328 0.253390 0.017970
2 0.749977 0.492661 0.358390 0.018165
2 0.745047 0.513921 0.348390 0.018146
2 0.745117 0.535170 0.348390 0.018146
2 0.745187 0.556420 0.348390 0.018146
2 0.745257 0.577670 0.348390 0.018146
2 0.618661 0.599155 0.095057 0.017676
0 0.565024 0.633630 0.062562 0.018866
1 0.635857 0.633498 0.065895 0.018872
2 0.806276 0.633807 0.253390 0.017970
2 0.618846 0.655405 0.095057 0.017676
0 0.554781 0.686149 0.041728 0.018827
1 0.609364 0.686048 0.054228 0.018850
2 0.789782 0.686338 0.285057 0.018029
2 0.745686 0.707670 0.348390 0.018146
2 0.750756 0.728911 0.358390 0.018165
2 0.745826 0.750170 0.348390 0.018146
2 0.745896 0.771420 0.348390 0.018146
2 0.745966 0.792670 0.348390 0.018146
2 0.746036 0.813920 0.348390 0.018146
2 0.587773 0.835463 0.031724 0.017559
0 0.576201 0.864235 0.083395 0.018905
1 0.659534 0.864080 0.070062 0.018880
2 0.816203 0.864415 0.221724 0.017911
2 0.735440 0.885814 0.326723 0.018106
