3 0.494798 0.034443 0.989596 0.037821
0 0.078085 0.089726 0.042088 0.019282
1 0.140575 0.088924 0.070417 0.019645
2 0.320980 0.087235 0.269526 0.020949
2 0.111078 0.111181 0.032061 0.017904
0 0.100069 0.140076 0.083749 0.019816
1 0.185890 0.138975 0.075417 0.019709
2 0.345047 0.137559 0.222033 0.020340
2 0.112233 0.161798 0.032061 0.017904
0 0.090894 0.194577 0.062918 0.019549
1 0.152135 0.193791 0.047087 0.019346
2 0.320874 0.192252 0.269526 0.020949
2 0.200543 0.215049 0.206202 0.020137
0 0.081604 0.244078 0.042088 0.019282
1 0.148261 0.243223 0.078749 0.019752
2 0.301170 0.241887 0.206202 0.020137
0 0.092675 0.272690 0.062918 0.019549
1 0.171830 0.271675 0.082915 0.019805
2 0.342652 0.270109 0.237864 0.020543
2 0.273564 0.292249 0.348681 0.021965
2 0.274048 0.313495 0.348681 0.021965
2 0.274533 0.334742 0.348681 0.021965
2 0.267102 0.356091 0.332850 0.021762
0 0.105754 0.389415 0.083749 0.019816
1 0.183243 0.388421 0.058752 0.019495
2 0.286576 0.387721 0.127047 0.019122
0 0.095981 0.417669 0.062918 0.019549
1 0.159721 0.416852 0.052087 0.019410
2 0.323045 0.415382 0.253695 0.020746
2 0.150221 0.438852 0.095385 0.018716
0 0.107564 0.468778 0.083749 0.019816
1 0.189635 0.467726 0.067918 0.019613
2 0.345044 0.466357 0.222033 0.020340
2 0.151390 0.490094 0.095385 0.018716
0 0.098374 0.522654 0.062918 0.019549
1 0.174613 0.521676 0.077083 0.019730
2 0.342520 0.520148 0.237864 0.020543
2 0.279263 0.542212 0.348681 0.021965
2 0.279748 0.563459 0.348681 0.021965
2 0.245654 0.585149 0.279525 0.021078
0 0.110998 0.619381 0.083749 0.019816
1 0.205568 0.618168 0.092914 0.019934
2 0.365559 0.616741 0.206202 0.020137
2 0.281472 0.639073 0.348681 0.021965
2 0.266126 0.660523 0.317019 0.021558
0 0.091764 0.689638 0.042088 0.019282
1 0.143006 0.688981 0.047921 0.019356
2 0.320078 0.687335 0.285357 0.021152
2 0.137673 0.710927 0.057891 0.018235
0 0.113720 0.738739 0.083749 0.019816
1 0.204540 0.737574 0.085415 0.019837
2 0.360781 0.736195 0.206202 0.020137
2 0.284194 0.758430 0.348681 0.021965
2 0.284678 0.779677 0.348681 0.021965
2 0.285163 0.800924 0.348681 0.021965
2 0.285647 0.822171 0.348681 0.021965
2 0.199061 0.844535 0.174540 0.019731
0 0.116769 0.872469 0.083749 0.019816
1 0.208422 0.871294 0.087081 0.019859
2 0.365497 0.869904 0.206202 0.020137
2 0.208088 0.893176 0.190371 0.019934
0 0.555098 0.083608 0.062918 0.019549
1 0.627588 0.082678 0.069584 0.019634
2 0.791744 0.081197 0.237864 0.020543
2 0.672663 0.103978 0.222033 0.020340
0 0.556224 0.132975 0.062918 0.019549
1 0.619131 0.132168 0.050420 0.019388
2 0.786621 0.130645 0.263694 0.020875
2 0.739196 0.152507 0.352847 0.022018
2 0.737597 0.173780 0.348681 0.021965
2 0.738082 0.195027 0.348681 0.021965
2 0.651496 0.217391 0.174540 0.019731
0 0.558888 0.249833 0.062918 0.019549
1 0.632211 0.248893 0.071250 0.019656
2 0.797201 0.247402 0.237864 0.020543
2 0.652707 0.270508 0.174540 0.019731
0 0.549599 0.299335 0.042088 0.019282
1 0.607924 0.298586 0.062085 0.019538
0 0.550297 0.329955 0.042088 0.019282
1 0.606122 0.329239 0.057086 0.019474
0 0.561354 0.357942 0.062918 0.019549
1 0.638009 0.356959 0.077916 0.019741
2 0.806332 0.355425 0.237864 0.020543
2 0.742243 0.377500 0.348681 0.021965
2 0.742727 0.398747 0.348681 0.021965
2 0.743212 0.419994 0.348681 0.021965
2 0.743696 0.441241 0.348681 0.021965
2 0.749180 0.462424 0.358680 0.022093
2 0.610101 0.485461 0.079554 0.018513
0 0.565030 0.519169 0.062918 0.019549
1 0.630020 0.518335 0.054586 0.019442
2 0.786678 0.516951 0.237864 0.020543
0 0.576086 0.547156 0.083749 0.019816
1 0.669823 0.545954 0.091248 0.019912
2 0.813149 0.544741 0.174540 0.019731
0 0.566455 0.581660 0.062918 0.019549
1 0.635195 0.580778 0.062085 0.019538
2 0.803518 0.579244 0.253695 0.020746
2 0.747344 0.601218 0.348681 0.021965
2 0.747828 0.622465 0.348681 0.021965
2 0.748313 0.643712 0.348681 0.021965
2 0.750880 0.664932 0.352847 0.022018
2 0.749282 0.686205 0.348681 0.021965
2 0.749766 0.707452 0.348681 0.021965
2 0.655265 0.729917 0.158709 0.019528
0 0.560200 0.764267 0.042088 0.019282
1 0.621025 0.763486 0.067084 0.019602
0 0.581814 0.798369 0.083749 0.019816
1 0.666802 0.797279 0.073750 0.019688
2 0.822210 0.795911 0.216201 0.020265
2 0.657302 0.819279 0.158709 0.019528
0 0.562167 0.850504 0.042088 0.019282
1 0.619658 0.849767 0.060419 0.019517
0 0.583752 0.883357 0.083749 0.019816
1 0.662907 0.882342 0.062085 0.019538
