3 0.492864 0.037003 0.985729 0.042635
0 0.074579 0.091767 0.042243 0.019480
1 0.129980 0.090789 0.056406 0.019730
2 0.311200 0.088217 0.285470 0.022523
2 0.266046 0.110269 0.348786 0.023640
2 0.266712 0.131514 0.348786 0.023640
2 0.272377 0.152670 0.358783 0.023817
2 0.268045 0.174002 0.348786 0.023640
2 0.273710 0.195158 0.358783 0.023817
2 0.269378 0.216490 0.348786 0.023640
2 0.270044 0.237734 0.348786 0.023640
2 0.120336 0.261632 0.048036 0.018333
0 0.091305 0.292778 0.063071 0.019847
1 0.171699 0.291359 0.085565 0.020244
2 0.335840 0.289088 0.222154 0.021406
2 0.250697 0.311846 0.305464 0.022876
0 0.103463 0.348204 0.083898 0.020215
1 0.182191 0.346814 0.061405 0.019818
2 0.342166 0.344616 0.237983 0.021685
2 0.274102 0.367073 0.348786 0.023640
2 0.274768 0.388318 0.348786 0.023640
2 0.275435 0.409562 0.348786 0.023640
2 0.260272 0.431085 0.317128 0.023082
0 0.086203 0.462290 0.042243 0.019480
1 0.150768 0.461150 0.074734 0.020053
2 0.325323 0.458695 0.253812 0.021964
2 0.174781 0.482608 0.143009 0.020009
0 0.098400 0.518965 0.063071 0.019847
1 0.182127 0.517488 0.092229 0.020362
2 0.349600 0.515157 0.222154 0.021406
2 0.284452 0.537563 0.358783 0.023817
2 0.280120 0.558895 0.348786 0.023640
2 0.280786 0.580139 0.348786 0.023640
2 0.281453 0.601384 0.348786 0.023640
2 0.282119 0.622628 0.348786 0.023640
2 0.282785 0.643872 0.348786 0.023640
2 0.283452 0.665116 0.348786 0.023640
2 0.173316 0.688315 0.127180 0.019730
0 0.094279 0.719718 0.042243 0.019480
1 0.168008 0.718417 0.093062 0.020377
2 0.343813 0.715940 0.237983 0.021685
0 0.116067 0.749967 0.083898 0.020215
1 0.206458 0.748372 0.084731 0.020230
2 0.322696 0.746946 0.127180 0.019730
0 0.116988 0.779334 0.083898 0.020215
1 0.189468 0.778055 0.048908 0.019597
0 0.097199 0.812818 0.042243 0.019480
1 0.152601 0.811840 0.056406 0.019730
2 0.333820 0.809267 0.285470 0.022523
2 0.249094 0.832018 0.269641 0.022244
0 0.119575 0.861811 0.083898 0.020215
1 0.220381 0.860033 0.105559 0.020597
2 0.378690 0.857864 0.190496 0.020847
2 0.290214 0.880681 0.348786 0.023640
2 0.290881 0.901925 0.348786 0.023640
2 0.291547 0.923169 0.348786 0.023640
2 0.292214 0.944414 0.348786 0.023640
2 0.277051 0.965937 0.317128 0.023082
0 0.551530 0.083351 0.063071 0.019847
1 0.636507 0.081851 0.094729 0.020406
2 0.805230 0.079499 0.222154 0.021406
2 0.566379 0.104970 0.016378 0.017774
0 0.553177 0.135836 0.063071 0.019847
1 0.621908 0.134623 0.062238 0.019833
2 0.790214 0.132278 0.253812 0.021964
2 0.734230 0.154522 0.348786 0.023640
2 0.734896 0.175766 0.348786 0.023640
2 0.735563 0.197010 0.348786 0.023640
2 0.736229 0.218255 0.348786 0.023640
2 0.736896 0.239499 0.348786 0.023640
2 0.742561 0.260655 0.358783 0.023817
2 0.659084 0.283384 0.190496 0.020847
0 0.569236 0.315603 0.083898 0.020215
1 0.655879 0.314074 0.077234 0.020097
0 0.549388 0.347211 0.042243 0.019480
1 0.600624 0.346307 0.048075 0.019583
0 0.550329 0.377203 0.042243 0.019480
1 0.611562 0.376123 0.068069 0.019936
2 0.782785 0.373726 0.253812 0.021964
0 0.572196 0.409951 0.083898 0.020215
1 0.657589 0.408445 0.074734 0.020053
2 0.784657 0.406827 0.158838 0.020288
0 0.562605 0.436378 0.063071 0.019847
1 0.634252 0.435114 0.068069 0.019936
2 0.797560 0.432857 0.237983 0.021685
2 0.743658 0.455064 0.348786 0.023640
2 0.744325 0.476308 0.348786 0.023640
2 0.602530 0.500066 0.063865 0.018612
0 0.555053 0.527786 0.042243 0.019480
1 0.620868 0.526625 0.077234 0.020097
2 0.796673 0.524148 0.253812 0.021964
2 0.691119 0.547266 0.237983 0.021685
0 0.577371 0.574906 0.083898 0.020215
1 0.650684 0.573612 0.050574 0.019627
2 0.805244 0.571510 0.237983 0.021685
2 0.605549 0.596290 0.063865 0.018612
0 0.568603 0.627575 0.063071 0.019847
1 0.644416 0.626237 0.076400 0.020083
0 0.559170 0.659000 0.042243 0.019480
1 0.619153 0.657942 0.065570 0.019892
2 0.797040 0.655428 0.269641 0.022244
2 0.624005 0.679737 0.095523 0.019171
0 0.581761 0.714867 0.083898 0.020215
1 0.656741 0.713544 0.053907 0.019686
2 0.812967 0.711412 0.237983 0.021685
2 0.704914 0.734575 0.253812 0.021964
0 0.573014 0.768161 0.063071 0.019847
1 0.643828 0.766912 0.066403 0.019906
0 0.584506 0.802343 0.083898 0.020215
1 0.664900 0.800924 0.064737 0.019877
2 0.818627 0.798837 0.222154 0.021406
2 0.755145 0.821213 0.348786 0.023640
2 0.760810 0.842369 0.358783 0.023817
2 0.758560 0.863664 0.352951 0.023714
2 0.757144 0.884945 0.348786 0.023640
2 0.762809 0.906101 0.358783 0.023817
2 0.600187 0.930227 0.032207 0.018054
