0 0.092305 0.087462 0.062751 0.019225
1 0.155635 0.086979 0.051085 0.019137
2 0.326468 0.086301 0.269390 0.019551
2 0.273009 0.107960 0.348552 0.020154
2 0.273297 0.129209 0.348552 0.020154
2 0.275668 0.150442 0.352719 0.020186
2 0.273873 0.171707 0.348552 0.020154
0 0.104288 0.203001 0.083583 0.019384
1 0.193867 0.202318 0.082750 0.019378
2 0.348867 0.201762 0.206060 0.019068
2 0.155832 0.224484 0.111065 0.018344
0 0.105050 0.259248 0.083583 0.019384
1 0.194212 0.258569 0.081917 0.019372
2 0.340880 0.258075 0.190227 0.018947
0 0.095117 0.294951 0.062751 0.019225
1 0.155531 0.294490 0.045252 0.019092
0 0.095557 0.327449 0.062751 0.019225
1 0.170970 0.326874 0.075250 0.019321
2 0.338053 0.326226 0.237725 0.019310
2 0.125852 0.349094 0.047735 0.017861
0 0.085785 0.375026 0.041919 0.019067
1 0.152032 0.374521 0.077750 0.019340
2 0.328281 0.373802 0.253557 0.019430
2 0.276905 0.395445 0.348552 0.020154
2 0.277193 0.416694 0.348552 0.020154
2 0.277481 0.437943 0.348552 0.020154
2 0.277769 0.459192 0.348552 0.020154
2 0.278057 0.480441 0.348552 0.020154
2 0.278345 0.501690 0.348552 0.020154
2 0.278633 0.522939 0.348552 0.020154
2 0.278921 0.544188 0.348552 0.020154
2 0.120884 0.566643 0.031902 0.017740
0 0.088792 0.596890 0.041919 0.019067
1 0.152955 0.596400 0.073584 0.019308
2 0.327121 0.595698 0.253557 0.019430
2 0.153252 0.618274 0.095232 0.018223
0 0.110369 0.651728 0.083583 0.019384
1 0.181199 0.651188 0.045252 0.019092
2 0.341199 0.650593 0.253557 0.019430
2 0.280657 0.672306 0.348552 0.020154
2 0.280945 0.693555 0.348552 0.020154
2 0.159573 0.715731 0.105232 0.018299
0 0.090808 0.745632 0.041919 0.019067
1 0.159971 0.745105 0.083583 0.019384
2 0.339137 0.744364 0.253557 0.019430
2 0.281928 0.766051 0.348552 0.020154
2 0.279299 0.787322 0.342719 0.020110
0 0.091765 0.816253 0.041919 0.019067
1 0.165511 0.815691 0.092749 0.019454
2 0.341344 0.814976 0.237725 0.019310
2 0.174140 0.837501 0.131064 0.018496
0 0.092527 0.872500 0.041919 0.019067
1 0.142524 0.872119 0.045252 0.019092
2 0.318357 0.871404 0.285222 0.019672
2 0.188652 0.893644 0.158562 0.018706
0 0.569364 0.083825 0.083583 0.019384
1 0.656442 0.083161 0.077750 0.019340
2 0.816859 0.082563 0.221892 0.019189
2 0.739651 0.104403 0.348552 0.020154
2 0.739939 0.125652 0.348552 0.020154
2 0.668981 0.147444 0.206060 0.019068
0 0.549853 0.181479 0.041919 0.019067
1 0.607350 0.181040 0.060251 0.019206
2 0.782766 0.180328 0.269390 0.019551
2 0.614313 0.202863 0.095232 0.018223
0 0.561014 0.236396 0.062751 0.019225
1 0.646426 0.235745 0.095249 0.019473
2 0.768095 0.235443 0.126897 0.018465
0 0.571820 0.265065 0.083583 0.019384
1 0.652232 0.264452 0.064417 0.019238
2 0.805983 0.263905 0.221892 0.019189
2 0.747107 0.285605 0.358552 0.020231
2 0.742396 0.306892 0.348552 0.020154
2 0.742684 0.328141 0.348552 0.020154
0 0.562623 0.355140 0.062751 0.019225
1 0.642203 0.354533 0.083583 0.019384
0 0.563038 0.385764 0.062751 0.019225
1 0.635951 0.385208 0.070250 0.019283
2 0.800535 0.384578 0.237725 0.019310
2 0.617082 0.407228 0.095232 0.018223
0 0.563691 0.433886 0.062751 0.019225
1 0.633687 0.433352 0.064417 0.019238
2 0.803270 0.432685 0.253557 0.019430
2 0.728562 0.454505 0.316887 0.019913
0 0.553978 0.485838 0.041919 0.019067
1 0.623141 0.485311 0.083583 0.019384
2 0.770641 0.484811 0.190227 0.018947
0 0.564809 0.516382 0.062751 0.019225
1 0.634388 0.515851 0.063584 0.019232
2 0.800638 0.515209 0.247724 0.019386
2 0.745512 0.536880 0.348552 0.020154
2 0.729968 0.558250 0.316887 0.019913
0 0.565850 0.593253 0.062751 0.019225
1 0.630430 0.592761 0.053585 0.019156
2 0.747100 0.592496 0.158562 0.018706
0 0.566232 0.621376 0.062751 0.019225
1 0.627895 0.620906 0.047752 0.019111
2 0.770396 0.620445 0.216059 0.019144
0 0.577063 0.651920 0.083583 0.019384
1 0.657475 0.651307 0.064417 0.019238
2 0.811226 0.650760 0.221892 0.019189
2 0.752350 0.672460 0.358552 0.020231
2 0.597230 0.694894 0.047735 0.017861
0 0.557281 0.729575 0.041919 0.019067
1 0.618528 0.729108 0.067751 0.019264
2 0.797693 0.728368 0.269390 0.019551
0 0.578477 0.756290 0.083583 0.019384
1 0.648474 0.755756 0.043585 0.019079
2 0.804724 0.755190 0.247724 0.019386
2 0.661686 0.777532 0.174395 0.018827
0 0.579206 0.810037 0.083583 0.019384
1 0.659618 0.809424 0.064417 0.019238
0 0.569145 0.836365 0.062751 0.019225
1 0.649558 0.835752 0.085250 0.019397
2 0.797892 0.835247 0.190227 0.018947
0 0.579934 0.863784 0.083583 0.019384
1 0.655763 0.863206 0.055251 0.019168
2 0.812847 0.862634 0.237725 0.019310
2 0.647310 0.885147 0.142730 0.018585
