3 0.495654 0.036298 0.991309 0.035767
0 0.079585 0.088860 0.042021 0.019197
1 0.131663 0.088299 0.049521 0.019278
2 0.306657 0.087040 0.279473 0.020505
2 0.270817 0.108678 0.348632 0.021250
2 0.271224 0.129926 0.348632 0.021250
2 0.271631 0.151174 0.348632 0.021250
2 0.272038 0.172421 0.348632 0.021250
2 0.272445 0.193669 0.348632 0.021250
2 0.272852 0.214917 0.348632 0.021250
2 0.107026 0.237955 0.016167 0.017669
0 0.103862 0.268617 0.083684 0.019646
1 0.193020 0.267657 0.082017 0.019628
2 0.347599 0.266617 0.206147 0.019715
2 0.274264 0.288659 0.348632 0.021250
2 0.274671 0.309907 0.348632 0.021250
2 0.275077 0.331155 0.348632 0.021250
2 0.275484 0.352403 0.348632 0.021250
2 0.280891 0.373597 0.358631 0.021357
2 0.281297 0.394845 0.358631 0.021357
2 0.173799 0.417255 0.142820 0.019033
0 0.107333 0.449849 0.083684 0.019646
1 0.182742 0.449037 0.054520 0.019331
2 0.323572 0.448145 0.206147 0.019715
0 0.108015 0.485470 0.083684 0.019646
1 0.180507 0.484689 0.048687 0.019269
2 0.334253 0.483658 0.237811 0.020056
2 0.278416 0.505512 0.348632 0.021250
2 0.255075 0.527016 0.301137 0.020738
0 0.088620 0.560687 0.042021 0.019197
1 0.136531 0.560171 0.041188 0.019188
2 0.310275 0.558924 0.285306 0.020568
2 0.137367 0.582039 0.063662 0.018180
0 0.089637 0.613806 0.042021 0.019197
1 0.155880 0.613093 0.077851 0.019583
0 0.100651 0.644941 0.062853 0.019421
1 0.169393 0.644200 0.062019 0.019412
2 0.334805 0.643044 0.247810 0.020164
2 0.218141 0.665553 0.221979 0.019885
0 0.091144 0.692548 0.042021 0.019197
1 0.155721 0.691853 0.074518 0.019547
2 0.330298 0.690597 0.253642 0.020227
2 0.179471 0.713474 0.142820 0.019033
0 0.102589 0.746180 0.062853 0.019421
1 0.180081 0.745346 0.079517 0.019601
2 0.309663 0.744575 0.158652 0.019203
0 0.092712 0.774415 0.042021 0.019197
1 0.171871 0.773562 0.103682 0.019861
2 0.353114 0.772235 0.237811 0.020056
2 0.188954 0.795255 0.158652 0.019203
0 0.114477 0.822935 0.083684 0.019646
1 0.204051 0.821970 0.082850 0.019637
2 0.364046 0.820872 0.216146 0.019823
2 0.289877 0.842923 0.358631 0.021357
2 0.285285 0.864225 0.348632 0.021250
2 0.285692 0.885473 0.348632 0.021250
2 0.286098 0.906721 0.348632 0.021250
2 0.291505 0.927915 0.358631 0.021357
2 0.239417 0.949728 0.253642 0.020227
0 0.556619 0.083722 0.062853 0.019421
1 0.631195 0.082919 0.073685 0.019538
2 0.797440 0.081754 0.237811 0.020056
2 0.642446 0.104675 0.158652 0.019203
0 0.557624 0.136217 0.062853 0.019421
1 0.627617 0.135463 0.064519 0.019439
2 0.791362 0.134324 0.241977 0.020101
2 0.603872 0.157596 0.079494 0.018351
0 0.548202 0.188199 0.042021 0.019197
1 0.612779 0.187503 0.074518 0.019547
2 0.792355 0.186194 0.263641 0.020334
2 0.739434 0.208016 0.348632 0.021250
2 0.739841 0.229264 0.348632 0.021250
2 0.740248 0.250512 0.348632 0.021250
2 0.740655 0.271760 0.348632 0.021250
2 0.741062 0.293007 0.348632 0.021250
2 0.591067 0.315875 0.047830 0.018010
0 0.561717 0.349945 0.062853 0.019421
1 0.630043 0.349209 0.061186 0.019403
2 0.797954 0.348025 0.253642 0.020227
2 0.600048 0.371409 0.063662 0.018180
0 0.552246 0.399427 0.042021 0.019197
1 0.605991 0.398848 0.052854 0.019313
0 0.552833 0.430049 0.042021 0.019197
1 0.607411 0.429461 0.054520 0.019331
2 0.787821 0.428143 0.285306 0.020568
2 0.744065 0.449866 0.348632 0.021250
2 0.749472 0.471060 0.358631 0.021357
2 0.723215 0.492595 0.305304 0.020783
0 0.565055 0.524302 0.062853 0.019421
1 0.631715 0.523584 0.057853 0.019367
2 0.797960 0.522418 0.253642 0.020227
2 0.745872 0.544232 0.348632 0.021250
2 0.746279 0.565479 0.348632 0.021250
2 0.588369 0.588432 0.031998 0.017839
0 0.577302 0.619805 0.083684 0.019646
1 0.666043 0.618849 0.081184 0.019619
0 0.557057 0.650651 0.042021 0.019197
1 0.620384 0.649969 0.072018 0.019520
2 0.801627 0.648642 0.269474 0.020397
2 0.653299 0.671492 0.158652 0.019203
0 0.578822 0.699172 0.083684 0.019646
1 0.655480 0.698346 0.057020 0.019358
0 0.558553 0.728768 0.042021 0.019197
1 0.612297 0.728189 0.052854 0.019313
2 0.791874 0.726880 0.285306 0.020568
2 0.646879 0.749694 0.142820 0.019033
0 0.559594 0.783137 0.042021 0.019197
1 0.628337 0.782397 0.082850 0.019637
0 0.560156 0.812509 0.042021 0.019197
1 0.623066 0.811832 0.071185 0.019511
2 0.803893 0.810509 0.269474 0.020397
2 0.751389 0.832327 0.348632 0.021250
2 0.751796 0.853575 0.348632 0.021250
2 0.665128 0.875760 0.174484 0.019374
