1 0.176250 0.085938 0.070833 0.021875
0 0.266667 0.085938 0.400000 0.021875
1 0.168750 0.115937 0.055833 0.021875
0 0.266667 0.115937 0.400000 0.021875
1 0.226250 0.149688 0.124167 0.021875
0 0.266667 0.149688 0.400000 0.021875
1 0.178333 0.178437 0.121667 0.021875
0 0.266667 0.178437 0.400000 0.021875
1 0.166250 0.208437 0.050833 0.021875
0 0.266667 0.217812 0.400000 0.040625
1 0.170833 0.257188 0.106667 0.021875
0 0.266667 0.322813 0.400000 0.153125
1 0.215417 0.419063 0.102500 0.021875
0 0.266667 0.419063 0.400000 0.021875
1 0.190000 0.447813 0.098333 0.021875
0 0.266667 0.457188 0.400000 0.040625
1 0.225833 0.500313 0.123333 0.021875
0 0.266667 0.537813 0.400000 0.096875
1 0.193750 0.607812 0.059167 0.021875
0 0.266667 0.654687 0.400000 0.115625
1 0.217083 0.735313 0.105833 0.021875
0 0.266667 0.735313 0.400000 0.021875
1 0.189167 0.767813 0.096667 0.021875
0 0.266667 0.805312 0.400000 0.096875
1 0.171250 0.872188 0.060833 0.021875
0 0.266667 0.872188 0.400000 0.021875
1 0.202917 0.901563 0.124167 0.021875
0 0.266667 0.910937 0.400000 0.040625
1 0.667500 0.085938 0.120000 0.021875
0 0.733333 0.104688 0.400000 0.059375
1 0.657500 0.155312 0.053333 0.021875
0 0.733333 0.211562 0.400000 0.134375
1 0.706667 0.300312 0.151667 0.021875
0 0.733333 0.356563 0.400000 0.134375
1 0.667500 0.446562 0.120000 0.021875
0 0.733333 0.446562 0.400000 0.021875
1 0.676250 0.476562 0.137500 0.021875
0 0.733333 0.476562 0.400000 0.021875
1 0.679583 0.506563 0.097500 0.021875
0 0.733333 0.506563 0.400000 0.021875
1 0.674583 0.540937 0.134167 0.021875
0 0.733333 0.550312 0.400000 0.040625
1 0.655417 0.594063 0.095833 0.021875
0 0.733333 0.622188 0.400000 0.078125
1 0.664167 0.682813 0.113333 0.021875
0 0.733333 0.692187 0.400000 0.040625
1 0.679583 0.734688 0.097500 0.021875
0 0.733333 0.734688 0.400000 0.021875
1 0.657500 0.765938 0.146667 0.021875
0 0.733333 0.765938 0.400000 0.021875
1 0.657500 0.799687 0.100000 0.021875
0 0.733333 0.809063 0.400000 0.040625
1 0.675833 0.846562 0.136667 0.021875
0 0.733333 0.846562 0.400000 0.021875
1 0.612083 0.880313 0.055833 0.021875
0 0.733333 0.908438 0.400000 0.078125
