3 0.490520 0.035224 0.981040 0.048258
0 0.070505 0.094174 0.042422 0.019711
1 0.118815 0.093049 0.042422 0.019711
2 0.292923 0.089621 0.285587 0.024124
2 0.175110 0.113624 0.174807 0.021544
0 0.093629 0.149287 0.084069 0.020680
1 0.173174 0.147435 0.063246 0.020195
2 0.326043 0.144502 0.222284 0.022650
2 0.098282 0.171065 0.016550 0.017860
0 0.074874 0.199748 0.042422 0.019711
1 0.124434 0.198594 0.044921 0.019769
2 0.299792 0.195137 0.285587 0.024124
2 0.139915 0.220119 0.095678 0.019702
0 0.076994 0.250973 0.042422 0.019711
1 0.129886 0.249742 0.051585 0.019924
2 0.308575 0.246207 0.285587 0.024124
2 0.165774 0.270792 0.143155 0.020808
0 0.099809 0.298590 0.084069 0.020680
1 0.178937 0.296748 0.062413 0.020176
2 0.339302 0.293640 0.238110 0.023018
2 0.136113 0.319631 0.079853 0.019334
0 0.091595 0.351932 0.063246 0.020195
1 0.159895 0.350342 0.061580 0.020157
2 0.327757 0.347059 0.253935 0.023387
2 0.217439 0.370888 0.238110 0.023018
0 0.083458 0.407148 0.042422 0.019711
1 0.140514 0.405820 0.059914 0.020118
2 0.315456 0.402372 0.269761 0.023755
2 0.203889 0.426230 0.206458 0.022281
0 0.096016 0.458756 0.063246 0.020195
1 0.166399 0.457117 0.065744 0.020254
2 0.333427 0.453854 0.248105 0.023251
2 0.206035 0.478080 0.206458 0.022281
0 0.087595 0.507100 0.042422 0.019711
1 0.141736 0.505840 0.054083 0.019982
2 0.239631 0.504186 0.121499 0.020303
0 0.088914 0.538960 0.042422 0.019711
1 0.147636 0.537593 0.063246 0.020195
2 0.321328 0.534174 0.263931 0.023619
2 0.130216 0.559884 0.048201 0.018597
0 0.101523 0.591817 0.063246 0.020195
1 0.163577 0.590372 0.049086 0.019866
2 0.333104 0.587051 0.269761 0.023755
2 0.148239 0.612615 0.079853 0.019334
0 0.103669 0.643667 0.063246 0.020195
1 0.164057 0.642261 0.045754 0.019788
2 0.331918 0.638978 0.269761 0.023755
2 0.166211 0.664096 0.111504 0.020071
0 0.116356 0.698398 0.084069 0.020680
1 0.195901 0.696546 0.063246 0.020195
2 0.348770 0.693612 0.222284 0.022650
2 0.247615 0.717228 0.269761 0.023755
0 0.108271 0.754863 0.063246 0.020195
1 0.179904 0.753196 0.068243 0.020312
2 0.343184 0.750019 0.238110 0.023018
2 0.294504 0.772413 0.358885 0.025830
2 0.290385 0.793769 0.348890 0.025597
2 0.291264 0.815009 0.348890 0.025597
2 0.236753 0.837538 0.238110 0.023018
0 0.123518 0.871440 0.084069 0.020680
1 0.206811 0.869500 0.070742 0.020370
2 0.363428 0.866479 0.222284 0.022650
2 0.294341 0.889348 0.348890 0.025597
2 0.295220 0.910588 0.348890 0.025597
2 0.296099 0.931828 0.348890 0.025597
2 0.296978 0.953067 0.348890 0.025597
2 0.297858 0.974307 0.348890 0.025597
2 0.298737 0.991374 0.348890 0.017252
0 0.536947 0.083315 0.042422 0.019711
1 0.581925 0.082267 0.035759 0.019555
2 0.760615 0.078733 0.301412 0.024492
2 0.633639 0.102949 0.158981 0.021176
0 0.549659 0.138670 0.063246 0.020195
1 0.622958 0.136964 0.071575 0.020389
2 0.787904 0.133749 0.238110 0.023018
2 0.596376 0.159468 0.079853 0.019334
0 0.541265 0.187639 0.042422 0.019711
1 0.607066 0.186107 0.077405 0.020525
2 0.782841 0.182641 0.253935 0.023387
2 0.693347 0.205984 0.269761 0.023755
0 0.543230 0.235117 0.042422 0.019711
1 0.616944 0.233400 0.093231 0.020893
2 0.792719 0.229933 0.238110 0.023018
2 0.734876 0.252540 0.348890 0.025597
2 0.735755 0.273780 0.348890 0.025597
2 0.741632 0.294904 0.358885 0.025830
0 0.557494 0.327954 0.063246 0.020195
1 0.624545 0.326393 0.059081 0.020098
2 0.791157 0.323140 0.253935 0.023387
2 0.651687 0.347647 0.174807 0.021544
0 0.559691 0.381054 0.063246 0.020195
1 0.626326 0.379502 0.058248 0.020079
2 0.792522 0.376258 0.253935 0.023387
2 0.745924 0.398604 0.358885 0.025830
2 0.741805 0.419960 0.348890 0.025597
2 0.742684 0.441199 0.348890 0.025597
2 0.748561 0.462323 0.358885 0.025830
2 0.617837 0.486627 0.095678 0.019702
0 0.565328 0.517238 0.063246 0.020195
1 0.646955 0.515338 0.088234 0.020777
2 0.817316 0.511997 0.232279 0.022882
2 0.746563 0.534904 0.348890 0.025597
2 0.747442 0.556144 0.348890 0.025597
2 0.748321 0.577384 0.348890 0.025597
2 0.749200 0.598624 0.348890 0.025597
2 0.623473 0.622811 0.095678 0.019702
0 0.560708 0.657413 0.042422 0.019711
1 0.635255 0.655678 0.094897 0.020932
2 0.811863 0.652191 0.238110 0.023018
2 0.752354 0.674837 0.348890 0.025597
2 0.753233 0.696077 0.348890 0.025597
2 0.754112 0.717316 0.348890 0.025597
2 0.754992 0.738556 0.348890 0.025597
2 0.645091 0.762375 0.127330 0.020439
0 0.587013 0.789365 0.084069 0.020680
1 0.672805 0.787367 0.075740 0.020486
2 0.831920 0.784288 0.222284 0.022650
2 0.757836 0.807273 0.348890 0.025597
2 0.758715 0.828513 0.348890 0.025597
2 0.656727 0.852148 0.143155 0.020808
0 0.570042 0.882929 0.042422 0.019711
1 0.623766 0.881679 0.053250 0.019963
