1 0.117882 0.079405 0.083749 0.019818
2 0.207453 0.080555 0.082916 0.019807
3 0.362416 0.083171 0.206203 0.020142
3 0.292357 0.103525 0.358680 0.022101
3 0.286873 0.124707 0.348682 0.021972
3 0.175570 0.144530 0.127048 0.019125
0 0.275450 0.113934 0.408577 0.091461
1 0.094826 0.176623 0.042089 0.019282
2 0.156900 0.177420 0.069585 0.019636
0 0.273952 0.179549 0.407121 0.027721
1 0.104484 0.209877 0.062919 0.019550
2 0.179473 0.210840 0.074584 0.019700
3 0.343185 0.213569 0.232032 0.020473
3 0.284375 0.234066 0.348682 0.021972
3 0.244312 0.254805 0.269527 0.020955
0 0.272710 0.233916 0.408091 0.070214
1 0.102843 0.281741 0.062919 0.019550
2 0.159501 0.282469 0.037923 0.019229
3 0.328629 0.285267 0.279525 0.021084
3 0.192747 0.304774 0.168708 0.019660
0 0.271311 0.295157 0.407606 0.048968
1 0.091272 0.332225 0.042089 0.019282
2 0.163344 0.333151 0.089582 0.019893
3 0.337471 0.336013 0.237865 0.020548
0 0.270398 0.335151 0.407121 0.027721
1 0.101073 0.359230 0.062919 0.019550
2 0.158981 0.359974 0.040422 0.019261
3 0.324359 0.362724 0.269527 0.020955
3 0.285963 0.383483 0.358680 0.022101
3 0.280478 0.404666 0.348682 0.021972
3 0.279993 0.425913 0.348682 0.021972
3 0.279508 0.447160 0.348682 0.021972
3 0.199867 0.467390 0.190372 0.019938
0 0.268571 0.415140 0.409547 0.133955
1 0.087418 0.500950 0.042089 0.019282
2 0.141576 0.501646 0.053754 0.019432
3 0.321536 0.504583 0.285358 0.021158
3 0.277724 0.525273 0.348682 0.021972
3 0.277238 0.546520 0.348682 0.021972
3 0.276753 0.567767 0.348682 0.021972
0 0.265816 0.535747 0.408577 0.091461
1 0.095592 0.599195 0.062919 0.019550
2 0.161832 0.600046 0.057087 0.019475
3 0.327627 0.602801 0.253696 0.020752
3 0.275483 0.623384 0.348682 0.021972
3 0.124603 0.642699 0.047893 0.018108
0 0.263818 0.623234 0.408091 0.070214
1 0.083436 0.675300 0.042089 0.019282
2 0.138844 0.676011 0.056253 0.019464
3 0.280476 0.678456 0.206203 0.020142
0 0.262562 0.678226 0.407121 0.027721
1 0.093037 0.711053 0.062919 0.019550
2 0.170526 0.712049 0.079583 0.019764
3 0.339653 0.714847 0.237865 0.020548
3 0.106702 0.733107 0.016231 0.017701
0 0.261505 0.724469 0.407606 0.048968
1 0.081537 0.758412 0.042089 0.019282
2 0.151944 0.759317 0.086249 0.019850
3 0.332320 0.762259 0.253696 0.020752
3 0.176857 0.781515 0.158710 0.019531
0 0.260421 0.771962 0.407606 0.048968
1 0.080310 0.812155 0.042089 0.019282
2 0.129053 0.812781 0.042922 0.019293
3 0.264019 0.815140 0.206203 0.020142
0 0.259436 0.815081 0.407121 0.027721
1 0.090026 0.842909 0.062919 0.019550
2 0.167931 0.843910 0.080416 0.019775
3 0.337475 0.846713 0.237865 0.020548
3 0.269916 0.867098 0.348682 0.021972
3 0.269431 0.888345 0.348682 0.021972
3 0.268946 0.909592 0.348682 0.021972
3 0.205136 0.930025 0.222034 0.020345
0 0.257766 0.888195 0.409062 0.112708
1 0.584481 0.085399 0.083749 0.019818
2 0.658220 0.086347 0.051254 0.019400
3 0.813183 0.088963 0.237865 0.020548
3 0.753956 0.109455 0.348682 0.021972
3 0.587245 0.128566 0.016231 0.017701
0 0.742291 0.109305 0.408091 0.070214
1 0.572396 0.158380 0.062919 0.019550
2 0.646551 0.159333 0.072918 0.019679
3 0.777768 0.161644 0.168708 0.019660
0 0.741106 0.161172 0.407121 0.027721
1 0.582168 0.186635 0.083749 0.019818
2 0.667573 0.187732 0.074584 0.019700
3 0.826285 0.190396 0.222034 0.020345
3 0.656658 0.209470 0.158710 0.019531
0 0.740222 0.199917 0.407606 0.048968
1 0.570526 0.240243 0.062919 0.019550
2 0.638849 0.241121 0.061253 0.019529
3 0.806727 0.243903 0.253696 0.020752
3 0.647515 0.263110 0.142879 0.019328
0 0.738994 0.253659 0.407606 0.048968
1 0.558969 0.290102 0.042089 0.019282
2 0.629792 0.291012 0.087082 0.019861
3 0.807668 0.293922 0.247863 0.020677
3 0.635541 0.312964 0.121215 0.019050
0 0.737852 0.303652 0.407606 0.048968
1 0.578671 0.339737 0.083749 0.019818
2 0.655743 0.340727 0.057920 0.019486
3 0.814039 0.343386 0.237865 0.020548
3 0.748147 0.363793 0.348682 0.021972
3 0.747662 0.385040 0.348682 0.021972
3 0.747176 0.406286 0.348682 0.021972
3 0.751690 0.427598 0.358680 0.022101
3 0.659135 0.447662 0.174541 0.019735
0 0.735754 0.395513 0.409547 0.133955
1 0.554801 0.472575 0.042089 0.019282
2 0.615209 0.473351 0.066252 0.019593
3 0.793502 0.476267 0.269527 0.020955
3 0.745107 0.496898 0.348682 0.021972
3 0.744622 0.518145 0.348682 0.021972
3 0.749135 0.539456 0.358680 0.022101
3 0.743651 0.560639 0.348682 0.021972
3 0.748165 0.581950 0.358680 0.022101
3 0.742680 0.603133 0.348682 0.021972
3 0.615547 0.622752 0.095386 0.018718
0 0.732229 0.549865 0.410518 0.176449
1 0.561020 0.656432 0.062919 0.019550
2 0.640175 0.657449 0.082916 0.019807
3 0.810969 0.660268 0.237865 0.020548
3 0.745910 0.680685 0.358680 0.022101
3 0.742508 0.701895 0.352848 0.022026
3 0.739940 0.723115 0.348682 0.021972
3 0.739455 0.744362 0.348682 0.021972
3 0.738969 0.765609 0.348682 0.021972
3 0.730569 0.786754 0.332851 0.021769
0 0.728275 0.722965 0.410033 0.155202
1 0.547079 0.810650 0.042089 0.019282
2 0.608737 0.811442 0.068752 0.019625
3 0.788280 0.814374 0.269527 0.020955
3 0.737385 0.834974 0.348682 0.021972
3 0.736900 0.856220 0.348682 0.021972
3 0.741414 0.877532 0.358680 0.022101
3 0.740928 0.898778 0.358680 0.022101
3 0.597964 0.918195 0.073722 0.018439
0 0.724992 0.866694 0.409547 0.133955
