1 0.086732 0.090592 0.062995 0.019699
2 0.148386 0.089652 0.047998 0.019470
0 0.255464 0.088644 0.407193 0.028697
1 0.097926 0.119178 0.083824 0.020017
2 0.185825 0.117837 0.079659 0.019953
0 0.256244 0.117388 0.407193 0.028697
1 0.088257 0.146831 0.062995 0.019699
2 0.150328 0.145884 0.048832 0.019483
0 0.256989 0.144882 0.407193 0.028697
1 0.078554 0.173234 0.042166 0.019382
2 0.139792 0.172300 0.067994 0.019775
3 0.318938 0.170193 0.269585 0.021601
3 0.103726 0.194730 0.016304 0.017738
0 0.257989 0.181750 0.407769 0.049942
1 0.085894 0.228759 0.053831 0.019559
2 0.149631 0.227787 0.061329 0.019674
3 0.270040 0.226575 0.158775 0.019911
0 0.259209 0.226740 0.407193 0.028697
1 0.101705 0.258524 0.083824 0.020017
2 0.184604 0.257259 0.069661 0.019801
3 0.322093 0.255787 0.184603 0.020305
0 0.260022 0.256734 0.407193 0.028697
1 0.102620 0.292267 0.083824 0.020017
2 0.172605 0.291199 0.043833 0.019407
0 0.260937 0.290477 0.407193 0.028697
1 0.082722 0.326952 0.042166 0.019382
2 0.138961 0.326095 0.057996 0.019623
3 0.313108 0.324064 0.269585 0.021601
3 0.131639 0.348086 0.063795 0.018462
0 0.262157 0.335468 0.407769 0.049942
1 0.094560 0.379283 0.062995 0.019699
2 0.170794 0.378120 0.077159 0.019915
3 0.338693 0.376184 0.237925 0.021118
3 0.275533 0.398402 0.348736 0.022808
3 0.117808 0.422062 0.032135 0.017979
0 0.263868 0.398580 0.408345 0.071188
1 0.106855 0.448484 0.083824 0.020017
2 0.210167 0.446909 0.110486 0.020424
3 0.363069 0.445202 0.174605 0.020152
3 0.190348 0.469091 0.174605 0.020152
0 0.265461 0.457318 0.407769 0.049942
1 0.087331 0.496917 0.042166 0.019382
2 0.140653 0.496104 0.052164 0.019534
0 0.266478 0.494810 0.407193 0.028697
1 0.098627 0.529252 0.062995 0.019699
2 0.166946 0.528210 0.061329 0.019674
3 0.334845 0.526274 0.253755 0.021359
0 0.267359 0.527303 0.407193 0.028697
1 0.088975 0.557530 0.042166 0.019382
2 0.157710 0.556481 0.082991 0.020004
3 0.336440 0.554380 0.253755 0.021359
3 0.153721 0.578422 0.095455 0.018945
0 0.268409 0.566045 0.407769 0.049942
1 0.111346 0.614075 0.083824 0.020017
2 0.196745 0.612773 0.074660 0.019877
3 0.355479 0.610977 0.222095 0.020877
3 0.186923 0.634802 0.158775 0.019911
0 0.269951 0.622908 0.407769 0.049942
1 0.091804 0.661883 0.042166 0.019382
2 0.144710 0.661076 0.051331 0.019521
3 0.323440 0.658975 0.285416 0.021842
3 0.283191 0.680844 0.348736 0.022808
3 0.283767 0.702089 0.348736 0.022808
3 0.284343 0.723335 0.348736 0.022808
3 0.289918 0.744504 0.358734 0.022961
3 0.245920 0.766430 0.269585 0.021601
0 0.272391 0.712890 0.410073 0.134925
1 0.106048 0.802945 0.062995 0.019699
2 0.176867 0.801865 0.066328 0.019750
3 0.347265 0.799891 0.253755 0.021359
3 0.236614 0.822833 0.247923 0.021271
0 0.275068 0.811619 0.407769 0.049942
1 0.092423 0.853788 0.033002 0.019242
2 0.150328 0.852905 0.070494 0.019814
3 0.330724 0.850779 0.269585 0.021601
3 0.153837 0.874731 0.079625 0.018704
0 0.276440 0.862234 0.407769 0.049942
1 0.542888 0.083635 0.042166 0.019382
2 0.595377 0.082834 0.050498 0.019509
3 0.773691 0.080740 0.285416 0.021842
3 0.678870 0.103440 0.237925 0.021118
0 0.722323 0.092150 0.407769 0.049942
1 0.544328 0.136749 0.042166 0.019382
2 0.601400 0.135878 0.059663 0.019648
3 0.744720 0.134318 0.206265 0.020635
0 0.723475 0.134642 0.407193 0.028697
1 0.555624 0.169083 0.062995 0.019699
2 0.636857 0.167844 0.087157 0.020068
3 0.762265 0.166557 0.142945 0.019669
0 0.724356 0.167135 0.407193 0.028697
1 0.545921 0.195487 0.042166 0.019382
2 0.613407 0.194457 0.080492 0.019966
3 0.759227 0.192859 0.190435 0.020394
0 0.725068 0.193380 0.407193 0.028697
1 0.567614 0.227038 0.083824 0.020017
2 0.640932 0.225919 0.050498 0.019509
3 0.795501 0.224187 0.237925 0.021118
3 0.666937 0.247402 0.206265 0.020635
0 0.726220 0.235871 0.407769 0.049942
1 0.568986 0.277652 0.083824 0.020017
2 0.660218 0.276261 0.086324 0.020055
3 0.816869 0.274496 0.206265 0.020635
3 0.739544 0.296930 0.348736 0.022808
3 0.597650 0.320349 0.063795 0.018462
0 0.727880 0.297108 0.408345 0.071188
1 0.550225 0.354204 0.042166 0.019382
2 0.617294 0.353181 0.079659 0.019953
3 0.794358 0.351106 0.253755 0.021359
3 0.741611 0.373164 0.348736 0.022808
3 0.742188 0.394410 0.348736 0.022808
3 0.576548 0.418191 0.016304 0.017738
0 0.730235 0.383965 0.408921 0.092433
1 0.573663 0.450116 0.083824 0.020017
2 0.666144 0.448706 0.088823 0.020093
3 0.824045 0.446923 0.206265 0.020635
0 0.731980 0.448327 0.407193 0.028697
1 0.574442 0.478860 0.083824 0.020017
2 0.663174 0.477507 0.081325 0.019979
3 0.817326 0.475781 0.206265 0.020635
3 0.650020 0.499587 0.158775 0.019911
0 0.733048 0.487694 0.407769 0.049942
1 0.554952 0.528543 0.042166 0.019382
2 0.606608 0.527755 0.048832 0.019483
0 0.734098 0.526436 0.407193 0.028697
1 0.576730 0.563218 0.083824 0.020017
2 0.657963 0.561979 0.066328 0.019750
3 0.812531 0.560247 0.222095 0.020877
0 0.735047 0.561428 0.407193 0.028697
1 0.577492 0.591337 0.083824 0.020017
2 0.667474 0.589965 0.083824 0.020017
3 0.822875 0.588220 0.206265 0.020635
3 0.748050 0.610615 0.348736 0.022808
3 0.748626 0.631861 0.348736 0.022808
3 0.754201 0.653030 0.358734 0.022961
3 0.591478 0.676767 0.032135 0.017979
0 0.736962 0.632039 0.409497 0.113679
1 0.559933 0.712255 0.042166 0.019382
2 0.627003 0.711232 0.079659 0.019953
3 0.804066 0.709156 0.253755 0.021359
3 0.756319 0.731139 0.358734 0.022961
3 0.751896 0.752461 0.348736 0.022808
3 0.752472 0.773707 0.348736 0.022808
3 0.753048 0.794952 0.348736 0.022808
3 0.658644 0.817646 0.158775 0.019911
0 0.740520 0.763262 0.410073 0.134925
1 0.563576 0.846602 0.042166 0.019382
2 0.621897 0.845713 0.062162 0.019686
3 0.798128 0.843650 0.269585 0.021601
3 0.759962 0.865486 0.358734 0.022961
3 0.755539 0.886808 0.348736 0.022808
3 0.756115 0.908054 0.348736 0.022808
3 0.756691 0.929299 0.348736 0.022808
3 0.757267 0.950545 0.348736 0.022808
3 0.742013 0.972032 0.317076 0.022325
0 0.744451 0.908232 0.410649 0.156170
