1 0.147083 0.085938 0.059167 0.021875
0 0.266667 0.085938 0.400000 0.021875
1 0.213750 0.119688 0.099167 0.021875
0 0.266667 0.129062 0.400000 0.040625
1 0.229167 0.169687 0.130000 0.021875
0 0.266667 0.216562 0.400000 0.115625
1 0.202500 0.292812 0.123333 0.021875
0 0.266667 0.292812 0.400000 0.021875
1 0.200417 0.325937 0.119167 0.021875
0 0.266667 0.335313 0.400000 0.040625
1 0.222083 0.376563 0.115833 0.021875
0 0.266667 0.385937 0.400000 0.040625
1 0.221667 0.429063 0.115000 0.021875
0 0.266667 0.429063 0.400000 0.021875
1 0.209167 0.459688 0.136667 0.021875
0 0.266667 0.487812 0.400000 0.078125
1 0.162917 0.544063 0.090833 0.021875
0 0.266667 0.544063 0.400000 0.021875
1 0.161250 0.576562 0.087500 0.021875
0 0.266667 0.585938 0.400000 0.040625
1 0.219583 0.624062 0.110833 0.021875
0 0.266667 0.633437 0.400000 0.040625
1 0.185833 0.670937 0.136667 0.021875
0 0.266667 0.680312 0.400000 0.040625
1 0.216667 0.720938 0.151667 0.021875
0 0.266667 0.739688 0.400000 0.059375
1 0.141667 0.788438 0.048333 0.021875
0 0.266667 0.788438 0.400000 0.021875
1 0.189167 0.820937 0.096667 0.021875
0 0.266667 0.849063 0.400000 0.078125
1 0.152500 0.906563 0.070000 0.021875
0 0.266667 0.953438 0.400000 0.115625
1 0.678333 0.085938 0.141667 0.021875
0 0.733333 0.132812 0.400000 0.115625
1 0.657500 0.210313 0.100000 0.021875
0 0.733333 0.219688 0.400000 0.040625
1 0.666250 0.262188 0.117500 0.021875
0 0.733333 0.262188 0.400000 0.021875
1 0.694583 0.294687 0.127500 0.021875
0 0.733333 0.294687 0.400000 0.021875
1 0.692500 0.328437 0.123333 0.021875
0 0.733333 0.375312 0.400000 0.115625
1 0.665833 0.452188 0.070000 0.021875
0 0.733333 0.461562 0.400000 0.040625
1 0.648750 0.499688 0.129167 0.021875
0 0.733333 0.509062 0.400000 0.040625
1 0.652917 0.547188 0.090833 0.021875
0 0.733333 0.584688 0.400000 0.096875
1 0.687083 0.654062 0.112500 0.021875
0 0.733333 0.654062 0.400000 0.021875
1 0.695000 0.685937 0.128333 0.021875
0 0.733333 0.685937 0.400000 0.021875
1 0.678750 0.716562 0.095833 0.021875
0 0.733333 0.725938 0.400000 0.040625
1 0.695833 0.764687 0.130000 0.021875
0 0.733333 0.774062 0.400000 0.040625
1 0.667917 0.815312 0.074167 0.021875
0 0.733333 0.815312 0.400000 0.021875
1 0.608750 0.845938 0.049167 0.021875
0 0.733333 0.845938 0.400000 0.021875
1 0.656667 0.876563 0.098333 0.021875
0 0.733333 0.885938 0.400000 0.040625
