3 0.510300 0.037765 0.979401 0.050377
0 0.106498 0.074139 0.042489 0.019797
1 0.182287 0.076065 0.097458 0.021194
2 0.360074 0.081207 0.238154 0.023520
2 0.161728 0.097430 0.079911 0.019500
0 0.104269 0.123486 0.042489 0.019797
1 0.169232 0.125137 0.075803 0.020644
2 0.344103 0.130205 0.253978 0.023922
2 0.151587 0.146576 0.064087 0.019098
0 0.101758 0.179079 0.042489 0.019797
1 0.181712 0.181111 0.105786 0.021405
2 0.355751 0.186157 0.222330 0.023118
2 0.228197 0.204179 0.222330 0.023118
0 0.099191 0.235922 0.042489 0.019797
1 0.162904 0.237540 0.073305 0.020580
2 0.336526 0.242577 0.253978 0.023922
2 0.154421 0.259212 0.079911 0.019500
0 0.096821 0.288392 0.042489 0.019797
1 0.164699 0.290116 0.081633 0.020792
2 0.342485 0.295258 0.253978 0.023922
2 0.231172 0.313692 0.238154 0.023520
0 0.115075 0.345763 0.084132 0.020855
1 0.190865 0.347688 0.055815 0.020136
2 0.347830 0.352302 0.238154 0.023520
2 0.283990 0.371942 0.348924 0.026334
2 0.283031 0.393180 0.348924 0.026334
2 0.282072 0.414418 0.348924 0.026334
2 0.281112 0.435655 0.348924 0.026334
2 0.240592 0.455888 0.269802 0.024324
0 0.098345 0.485418 0.063311 0.020326
1 0.166639 0.487153 0.061645 0.020284
2 0.334431 0.492041 0.253978 0.023922
0 0.096962 0.516026 0.063311 0.020326
1 0.180248 0.518142 0.091628 0.021046
2 0.347207 0.523009 0.222330 0.023118
2 0.125958 0.538650 0.048263 0.018696
0 0.105088 0.566886 0.084132 0.020855
1 0.186708 0.568960 0.067475 0.020432
2 0.341591 0.573520 0.222330 0.023118
2 0.123672 0.589246 0.048263 0.018696
0 0.092166 0.622215 0.063311 0.020326
1 0.156712 0.623855 0.054149 0.020093
2 0.325754 0.628775 0.263972 0.024176
2 0.168634 0.646045 0.143208 0.021108
0 0.079470 0.672546 0.042489 0.019797
1 0.152762 0.674408 0.092460 0.021067
0 0.088470 0.704043 0.063311 0.020326
1 0.162595 0.705926 0.073305 0.020580
2 0.333302 0.710888 0.248148 0.023774
2 0.267796 0.730486 0.348924 0.026334
0 0.086326 0.751516 0.063311 0.020326
1 0.161700 0.753430 0.075803 0.020644
2 0.328659 0.758298 0.238154 0.023520
2 0.154882 0.775145 0.127384 0.020706
0 0.083815 0.807109 0.063311 0.020326
1 0.148778 0.808759 0.054982 0.020115
2 0.313239 0.813563 0.253978 0.023922
2 0.207756 0.832145 0.238154 0.023520
0 0.081417 0.860203 0.063311 0.020326
1 0.164703 0.862319 0.091628 0.021046
2 0.328747 0.867112 0.216500 0.022970
2 0.260743 0.886647 0.348924 0.026334
2 0.264781 0.908011 0.358918 0.026588
2 0.258825 0.929122 0.348924 0.026334
2 0.257865 0.950360 0.348924 0.026334
2 0.256906 0.971598 0.348924 0.026334
2 0.216386 0.989834 0.269802 0.020331
0 0.572897 0.085989 0.042489 0.019797
1 0.627449 0.087375 0.054982 0.020115
0 0.581699 0.121858 0.063311 0.020326
1 0.640416 0.123349 0.042489 0.019797
2 0.806542 0.128195 0.269802 0.024324
2 0.761025 0.148301 0.348924 0.026334
2 0.760066 0.169539 0.348924 0.026334
2 0.727458 0.189973 0.285627 0.024726
0 0.577214 0.221176 0.063311 0.020326
1 0.643426 0.222858 0.057481 0.020178
2 0.809136 0.227693 0.253978 0.023922
2 0.598297 0.243599 0.032438 0.018294
0 0.564264 0.277129 0.042489 0.019797
1 0.613819 0.278388 0.044988 0.019861
2 0.789107 0.283467 0.285627 0.024726
2 0.754000 0.303837 0.348924 0.026334
2 0.753041 0.325075 0.348924 0.026334
2 0.757079 0.346439 0.358918 0.026588
2 0.751123 0.367550 0.348924 0.026334
2 0.752246 0.388841 0.353088 0.026440
2 0.662171 0.407815 0.174857 0.021912
0 0.556929 0.439536 0.042489 0.019797
1 0.613146 0.440964 0.058313 0.020199
2 0.787185 0.446011 0.269802 0.024324
2 0.746665 0.466244 0.348924 0.026334
2 0.745706 0.487482 0.348924 0.026334
2 0.744747 0.508719 0.348924 0.026334
2 0.609281 0.526540 0.079911 0.019500
0 0.551681 0.555719 0.042489 0.019797
1 0.621225 0.557486 0.084965 0.020876
2 0.792765 0.562469 0.238154 0.023520
0 0.571177 0.585606 0.084132 0.020855
1 0.649049 0.587585 0.059979 0.020242
2 0.808096 0.592251 0.238154 0.023520
2 0.597673 0.608167 0.064087 0.019098
0 0.558396 0.637812 0.063311 0.020326
1 0.629605 0.639621 0.067475 0.020432
2 0.800312 0.644583 0.253978 0.023922
2 0.579479 0.660235 0.032438 0.018294
0 0.566606 0.686798 0.084132 0.020855
1 0.655305 0.689052 0.081633 0.020792
2 0.809355 0.693591 0.206505 0.022716
2 0.621837 0.710089 0.121554 0.020558
0 0.543584 0.734991 0.042489 0.019797
1 0.613128 0.736758 0.084965 0.020876
2 0.792580 0.741943 0.253978 0.023922
2 0.738318 0.761826 0.358918 0.026588
2 0.732362 0.782937 0.348924 0.026334
2 0.731402 0.804175 0.348924 0.026334
2 0.603849 0.822197 0.095735 0.019902
0 0.538196 0.854298 0.042489 0.019797
1 0.597745 0.855811 0.064976 0.020369
2 0.751379 0.860339 0.222330 0.023118
0 0.557522 0.887933 0.084132 0.020855
1 0.643722 0.890123 0.076636 0.020665
2 0.747801 0.893392 0.111560 0.020304
