1 0.113559 0.079212 0.074595 0.019726
2 0.198963 0.080339 0.083760 0.019846
3 0.359340 0.083080 0.216210 0.020345
3 0.155123 0.101639 0.083731 0.018597
0 0.276187 0.092609 0.407630 0.049108
1 0.116969 0.129264 0.083760 0.019846
2 0.200290 0.130364 0.070429 0.019671
3 0.356917 0.133056 0.222043 0.020422
3 0.286430 0.153379 0.348690 0.022093
3 0.119707 0.172432 0.016241 0.017706
0 0.274765 0.153225 0.408128 0.070355
1 0.104927 0.198491 0.062930 0.019572
2 0.169500 0.199343 0.053765 0.019451
0 0.273636 0.201342 0.407131 0.027862
1 0.093735 0.231474 0.042100 0.019297
2 0.155392 0.232287 0.068763 0.019649
0 0.272859 0.234462 0.407131 0.027862
1 0.103490 0.259732 0.062930 0.019572
2 0.169730 0.260606 0.057098 0.019495
3 0.300945 0.262962 0.184549 0.019927
0 0.272200 0.262583 0.407131 0.027862
1 0.098087 0.294666 0.053765 0.019451
2 0.166826 0.295573 0.071262 0.019682
0 0.271379 0.297578 0.407131 0.027862
1 0.101907 0.327221 0.062930 0.019572
2 0.172313 0.328150 0.065430 0.019605
0 0.270617 0.330073 0.407131 0.027862
1 0.090877 0.353330 0.042100 0.019297
2 0.149201 0.354099 0.062097 0.019561
3 0.285832 0.356527 0.190381 0.020004
0 0.270001 0.356318 0.407131 0.027862
1 0.090217 0.381451 0.042100 0.019297
2 0.155207 0.382308 0.075428 0.019737
3 0.330165 0.385242 0.253705 0.020839
3 0.280508 0.405840 0.348690 0.022093
3 0.280009 0.427086 0.348690 0.022093
3 0.279511 0.448333 0.348690 0.022093
3 0.279013 0.469580 0.348690 0.022093
3 0.254768 0.490513 0.301197 0.021466
0 0.268095 0.437556 0.409623 0.134095
1 0.087109 0.513930 0.042100 0.019297
2 0.148350 0.514738 0.067929 0.019638
3 0.329557 0.517754 0.273701 0.021103
3 0.111176 0.536126 0.016241 0.017706
0 0.265985 0.527542 0.407630 0.049108
1 0.085819 0.568922 0.042100 0.019297
2 0.151643 0.569790 0.077095 0.019759
3 0.295772 0.572317 0.190381 0.020004
0 0.264944 0.571910 0.407131 0.027862
1 0.084999 0.603916 0.042100 0.019297
2 0.152905 0.604812 0.081261 0.019814
3 0.327863 0.607746 0.247872 0.020762
0 0.264123 0.606905 0.407131 0.027862
1 0.094681 0.635299 0.062930 0.019572
2 0.179251 0.636415 0.093759 0.019978
3 0.347544 0.639260 0.222043 0.020422
3 0.274556 0.659550 0.348690 0.022093
3 0.274058 0.680797 0.348690 0.022093
3 0.273560 0.702044 0.348690 0.022093
3 0.273061 0.723291 0.348690 0.022093
3 0.185493 0.743388 0.174550 0.019795
0 0.262144 0.691267 0.409623 0.134095
1 0.091383 0.775902 0.062930 0.019572
2 0.169287 0.776930 0.080427 0.019803
3 0.338830 0.779792 0.237874 0.020631
3 0.120865 0.798169 0.047903 0.018124
0 0.259843 0.789376 0.407630 0.049108
1 0.079722 0.828881 0.042100 0.019297
2 0.139296 0.829667 0.064596 0.019594
3 0.316754 0.832634 0.269535 0.021048
3 0.159196 0.851808 0.127058 0.019168
0 0.258597 0.842493 0.407630 0.049108
1 0.078402 0.885123 0.042100 0.019297
2 0.127145 0.885766 0.042933 0.019308
0 0.257527 0.888111 0.407131 0.027862
1 0.563906 0.085154 0.042100 0.019297
2 0.620148 0.085896 0.057931 0.019506
3 0.794273 0.088819 0.269535 0.021048
3 0.719619 0.109087 0.279534 0.021180
0 0.742781 0.098766 0.407630 0.049108
1 0.573119 0.136533 0.062930 0.019572
2 0.651440 0.137567 0.081261 0.019814
0 0.741828 0.139385 0.407131 0.027862
1 0.572474 0.164029 0.062930 0.019572
2 0.633298 0.164832 0.046266 0.019352
3 0.801591 0.167677 0.269535 0.021048
3 0.752350 0.188281 0.348690 0.022093
3 0.751852 0.209528 0.348690 0.022093
3 0.751353 0.230774 0.348690 0.022093
3 0.750855 0.252021 0.348690 0.022093
3 0.615794 0.271492 0.079565 0.018542
0 0.739938 0.219997 0.409623 0.134095
1 0.579664 0.301645 0.083760 0.019846
2 0.655069 0.302640 0.054598 0.019462
3 0.811697 0.305332 0.237874 0.020631
3 0.622478 0.324089 0.095396 0.018751
0 0.737709 0.314982 0.407630 0.049108
1 0.557676 0.350738 0.042100 0.019297
2 0.624749 0.351623 0.079594 0.019792
3 0.801791 0.354584 0.253705 0.020839
3 0.621320 0.373456 0.095396 0.018751
0 0.736551 0.364350 0.407630 0.049108
1 0.577202 0.406629 0.083760 0.019846
2 0.648441 0.407569 0.046266 0.019352
3 0.805902 0.410272 0.247872 0.020762
3 0.746662 0.430743 0.348690 0.022093
3 0.746164 0.451990 0.348690 0.022093
3 0.750665 0.473303 0.358688 0.022225
3 0.745167 0.494484 0.348690 0.022093
3 0.744669 0.515730 0.348690 0.022093
3 0.744171 0.536977 0.348690 0.022093
3 0.640771 0.556866 0.142888 0.019377
0 0.733752 0.483706 0.410620 0.176589
1 0.552238 0.582577 0.042100 0.019297
2 0.629309 0.583594 0.099591 0.020055
3 0.808434 0.586582 0.237874 0.020631
3 0.607966 0.605191 0.079565 0.018542
0 0.731113 0.596189 0.407630 0.049108
1 0.561451 0.633956 0.062930 0.019572
2 0.639772 0.634990 0.081261 0.019814
3 0.809731 0.637858 0.237874 0.020631
3 0.693834 0.657582 0.253705 0.020839
0 0.729911 0.647431 0.407630 0.049108
1 0.549819 0.685686 0.042100 0.019297
2 0.604811 0.686412 0.055431 0.019473
0 0.728944 0.688675 0.407131 0.027862
1 0.548998 0.720681 0.042100 0.019297
2 0.606073 0.721434 0.059597 0.019528
3 0.781031 0.724367 0.269535 0.021048
3 0.644304 0.743816 0.158719 0.019586
0 0.727874 0.734293 0.407630 0.049108
1 0.568553 0.775322 0.083760 0.019846
2 0.662289 0.776559 0.091259 0.019945
3 0.821416 0.779284 0.206212 0.020213
3 0.743013 0.799502 0.358688 0.022225
3 0.705854 0.820265 0.285366 0.021257
0 0.726349 0.799282 0.408128 0.070355
1 0.556496 0.845174 0.062930 0.019572
2 0.630652 0.846152 0.072929 0.019704
3 0.796445 0.848965 0.237874 0.020631
3 0.736372 0.869426 0.348690 0.022093
3 0.735874 0.890672 0.348690 0.022093
3 0.692882 0.911358 0.263703 0.020971
0 0.724458 0.879895 0.408627 0.091602
