3 0.505127 0.033816 0.989745 0.037621
0 0.096887 0.079226 0.042082 0.019273
1 0.150213 0.079899 0.052080 0.019400
2 0.329340 0.082786 0.285352 0.021096
2 0.200131 0.102408 0.174535 0.019696
0 0.116483 0.134481 0.083742 0.019799
1 0.190639 0.135418 0.052080 0.019400
2 0.346020 0.138005 0.237859 0.020496
2 0.278052 0.158400 0.332846 0.021695
0 0.115262 0.188849 0.083742 0.019799
1 0.195251 0.189859 0.063745 0.019547
2 0.348549 0.192419 0.222028 0.020296
2 0.245170 0.212367 0.269521 0.020896
0 0.109614 0.236284 0.074577 0.019684
1 0.179604 0.237168 0.052913 0.019410
2 0.343316 0.239860 0.253690 0.020696
2 0.283681 0.260360 0.348677 0.021895
2 0.283204 0.281607 0.348677 0.021895
2 0.282727 0.302854 0.348677 0.021895
2 0.287250 0.324164 0.358675 0.022021
2 0.281773 0.345348 0.348677 0.021895
2 0.199225 0.365559 0.184533 0.019823
0 0.105966 0.398761 0.074577 0.019684
1 0.178873 0.399682 0.058746 0.019484
2 0.337586 0.402311 0.237859 0.020496
2 0.216710 0.422037 0.222028 0.020296
0 0.088498 0.452923 0.042082 0.019273
1 0.150156 0.453702 0.068744 0.019610
2 0.329700 0.456594 0.269521 0.020896
2 0.199658 0.476205 0.190366 0.019896
0 0.097721 0.506172 0.062912 0.019536
1 0.178126 0.507187 0.085409 0.019820
2 0.278931 0.509085 0.095379 0.018697
0 0.097020 0.537418 0.062912 0.019536
1 0.158261 0.538191 0.047081 0.019337
2 0.326973 0.540946 0.269521 0.020896
2 0.174018 0.560268 0.142873 0.019297
0 0.095743 0.594285 0.062912 0.019536
1 0.171149 0.595237 0.075410 0.019694
2 0.338195 0.597971 0.237859 0.020496
0 0.084528 0.629773 0.042082 0.019273
1 0.144103 0.630525 0.064578 0.019557
2 0.321564 0.633391 0.269521 0.020896
2 0.279843 0.654117 0.358675 0.022021
2 0.274367 0.675301 0.348677 0.021895
2 0.273890 0.696548 0.348677 0.021895
2 0.273413 0.717795 0.348677 0.021895
2 0.154203 0.737543 0.111210 0.018897
0 0.091844 0.768010 0.062912 0.019536
1 0.160584 0.768878 0.062079 0.019526
2 0.328879 0.771628 0.253690 0.020696
2 0.276743 0.792223 0.358675 0.022021
2 0.271267 0.813407 0.348677 0.021895
2 0.270790 0.834654 0.348677 0.021895
2 0.270313 0.855901 0.348677 0.021895
2 0.230258 0.876648 0.269521 0.020896
0 0.584318 0.085381 0.083742 0.019799
1 0.655974 0.086286 0.047081 0.019337
0 0.583715 0.112252 0.083742 0.019799
1 0.669952 0.113341 0.076243 0.019705
2 0.829499 0.115980 0.222028 0.020296
2 0.753199 0.136270 0.348677 0.021895
2 0.752723 0.157517 0.348677 0.021895
2 0.752246 0.178764 0.348677 0.021895
2 0.751769 0.200011 0.348677 0.021895
2 0.703798 0.220658 0.253690 0.020696
0 0.570311 0.245227 0.062912 0.019536
1 0.639468 0.246100 0.062912 0.019536
2 0.808180 0.248855 0.253690 0.020696
2 0.631478 0.267877 0.111210 0.018897
0 0.558718 0.297588 0.042082 0.019273
1 0.620792 0.298371 0.069578 0.019621
2 0.753260 0.300669 0.174535 0.019696
0 0.578763 0.332846 0.083742 0.019799
1 0.652086 0.333772 0.050414 0.019379
2 0.806633 0.336348 0.237859 0.020496
2 0.748248 0.356864 0.348677 0.021895
2 0.752770 0.378174 0.358675 0.022021
2 0.660223 0.398258 0.174535 0.019696
0 0.555786 0.428194 0.042082 0.019273
1 0.627026 0.429094 0.087908 0.019852
2 0.808236 0.432007 0.253690 0.020696
2 0.619453 0.450876 0.095379 0.018697
0 0.554552 0.483186 0.042082 0.019273
1 0.619959 0.484012 0.076243 0.019705
2 0.795337 0.486852 0.253690 0.020696
2 0.744867 0.507467 0.348677 0.021895
2 0.744390 0.528714 0.348677 0.021895
2 0.672673 0.549062 0.206197 0.020096
0 0.552448 0.576923 0.042082 0.019273
1 0.608690 0.577633 0.057913 0.019473
2 0.782818 0.580457 0.269521 0.020896
0 0.551774 0.606919 0.042082 0.019273
1 0.614265 0.607708 0.070411 0.019631
2 0.760064 0.610174 0.200364 0.020022
0 0.551129 0.635665 0.042082 0.019273
1 0.614870 0.636470 0.072911 0.019663
2 0.788581 0.639288 0.253690 0.020696
2 0.741444 0.659946 0.348677 0.021895
2 0.740967 0.681193 0.348677 0.021895
2 0.740490 0.702440 0.348677 0.021895
2 0.605449 0.721988 0.079548 0.018497
0 0.548478 0.753773 0.042082 0.019273
1 0.598887 0.754409 0.046248 0.019326
2 0.767183 0.757160 0.269521 0.020896
0 0.558220 0.783900 0.062912 0.019536
1 0.633209 0.784847 0.074577 0.019684
2 0.799838 0.787576 0.237859 0.020496
2 0.619387 0.806551 0.111210 0.018897
0 0.557112 0.833268 0.062912 0.019536
1 0.630434 0.834194 0.071244 0.019642
2 0.771650 0.836602 0.190366 0.019896
0 0.545939 0.866882 0.042082 0.019273
1 0.618429 0.867797 0.090408 0.019884
2 0.792973 0.870626 0.237859 0.020496
2 0.736254 0.891163 0.348677 0.021895
2 0.740777 0.912473 0.358675 0.022021
2 0.735300 0.933657 0.348677 0.021895
2 0.624006 0.953505 0.127041 0.019097
