1 0.119253 0.078706 0.083807 0.019969
2 0.191322 0.079764 0.047980 0.019444
3 0.344610 0.082639 0.237911 0.020982
3 0.177837 0.101445 0.127099 0.019356
0 0.277262 0.092278 0.407730 0.049710
1 0.097086 0.129641 0.042148 0.019358
2 0.158324 0.130540 0.067976 0.019737
3 0.337440 0.133794 0.269572 0.021447
3 0.192330 0.152918 0.158760 0.019820
0 0.275925 0.143518 0.407730 0.049710
1 0.116660 0.178062 0.083807 0.019969
2 0.208309 0.179408 0.087139 0.020018
3 0.365346 0.182338 0.206251 0.020518
3 0.283140 0.202385 0.342891 0.022523
0 0.274669 0.191634 0.407730 0.049710
1 0.094379 0.233371 0.042148 0.019358
2 0.154368 0.234251 0.065477 0.019700
3 0.332234 0.237488 0.269572 0.021447
3 0.284605 0.258042 0.348723 0.022609
3 0.284051 0.279288 0.348723 0.022609
3 0.283496 0.300534 0.348723 0.022609
3 0.282942 0.321780 0.348723 0.022609
3 0.226981 0.342213 0.237911 0.020982
0 0.272109 0.289740 0.409948 0.134694
1 0.111605 0.371775 0.083807 0.019969
2 0.204503 0.373139 0.089639 0.020055
0 0.269891 0.374724 0.407176 0.028464
1 0.100423 0.400992 0.062977 0.019664
2 0.184157 0.402221 0.092138 0.020092
3 0.304118 0.404607 0.127099 0.019356
0 0.269125 0.404093 0.407176 0.028464
1 0.099624 0.431611 0.062977 0.019664
2 0.182109 0.432822 0.089639 0.020055
3 0.348310 0.435886 0.222081 0.020750
3 0.176539 0.454619 0.142929 0.019588
0 0.268049 0.445335 0.407730 0.049710
1 0.098271 0.483476 0.062977 0.019664
2 0.177422 0.484638 0.082973 0.019957
3 0.348207 0.487770 0.237911 0.020982
3 0.143525 0.506019 0.079608 0.018659
0 0.266695 0.497200 0.407730 0.049710
1 0.107365 0.534244 0.083807 0.019969
2 0.190265 0.535461 0.069643 0.019762
3 0.346469 0.538379 0.222081 0.020750
3 0.276761 0.558610 0.348723 0.022609
3 0.276207 0.579856 0.348723 0.022609
3 0.275652 0.601102 0.348723 0.022609
3 0.124710 0.620140 0.047948 0.018194
0 0.264542 0.579685 0.409394 0.113448
1 0.083518 0.649541 0.042148 0.019358
2 0.147673 0.650483 0.073809 0.019823
0 0.262635 0.652796 0.407176 0.028464
1 0.093248 0.675939 0.062977 0.019664
2 0.166984 0.677021 0.072142 0.019798
3 0.334436 0.680105 0.242077 0.021043
3 0.273060 0.700458 0.348723 0.022609
3 0.277504 0.721777 0.358721 0.022756
3 0.271951 0.742950 0.348723 0.022609
3 0.271396 0.764195 0.348723 0.022609
3 0.270842 0.785441 0.348723 0.022609
3 0.254457 0.806455 0.317063 0.022144
0 0.260286 0.742778 0.410503 0.155940
1 0.094889 0.836619 0.074642 0.019835
2 0.177790 0.837836 0.078808 0.019896
3 0.338577 0.840821 0.222081 0.020750
3 0.197632 0.860006 0.206251 0.020518
0 0.257481 0.850258 0.407730 0.049710
1 0.585830 0.085555 0.083807 0.019969
2 0.672063 0.086821 0.076308 0.019859
3 0.828684 0.089745 0.216249 0.020664
3 0.604839 0.107714 0.047948 0.018194
0 0.743839 0.099127 0.407730 0.049710
1 0.574143 0.134143 0.062977 0.019664
2 0.639547 0.135103 0.055479 0.019554
0 0.742845 0.137245 0.407176 0.028464
1 0.562913 0.165234 0.042148 0.019358
2 0.623735 0.166127 0.067143 0.019725
0 0.742029 0.168489 0.407176 0.028464
1 0.582944 0.196159 0.083807 0.019969
2 0.668344 0.197413 0.074642 0.019835
3 0.819132 0.200251 0.206251 0.020518
0 0.741230 0.199108 0.407176 0.028464
1 0.582128 0.227403 0.083807 0.019969
2 0.668362 0.228669 0.076308 0.019859
3 0.827898 0.231636 0.222081 0.020750
3 0.680289 0.250723 0.206251 0.020518
0 0.740138 0.240975 0.407730 0.049710
1 0.570393 0.277866 0.062977 0.019664
2 0.649544 0.279027 0.082973 0.019957
3 0.817412 0.282117 0.232079 0.020897
3 0.750204 0.302384 0.348723 0.022609
3 0.749650 0.323630 0.348723 0.022609
3 0.749095 0.344876 0.348723 0.022609
3 0.748541 0.366122 0.348723 0.022609
3 0.752985 0.387441 0.358721 0.022756
3 0.747432 0.408614 0.348723 0.022609
3 0.723132 0.429511 0.301232 0.021912
0 0.737153 0.355328 0.411057 0.177186
1 0.565664 0.459081 0.062977 0.019664
2 0.642732 0.460212 0.078808 0.019896
3 0.811434 0.463314 0.237911 0.020982
3 0.745475 0.483600 0.348723 0.022609
3 0.749920 0.504919 0.358721 0.022756
3 0.744366 0.526091 0.348723 0.022609
3 0.743812 0.547337 0.348723 0.022609
3 0.743257 0.568583 0.348723 0.022609
3 0.742703 0.589829 0.348723 0.022609
3 0.575930 0.608635 0.016287 0.017729
0 0.732424 0.536543 0.411057 0.177186
1 0.550438 0.643268 0.042148 0.019358
2 0.602512 0.644032 0.049646 0.019468
3 0.740802 0.646687 0.206251 0.020518
0 0.729554 0.646522 0.407176 0.028464
1 0.559923 0.679039 0.062977 0.019664
2 0.630743 0.680078 0.066310 0.019713
3 0.801111 0.683204 0.253741 0.021215
3 0.741818 0.703588 0.352889 0.022670
3 0.739180 0.724803 0.348723 0.022609
3 0.738626 0.746049 0.348723 0.022609
3 0.682665 0.766482 0.237911 0.020982
0 0.727516 0.724632 0.409394 0.113448
1 0.546459 0.795738 0.042148 0.019358
2 0.608531 0.796650 0.069643 0.019762
3 0.788480 0.799916 0.269572 0.021447
3 0.617958 0.818667 0.111269 0.019123
0 0.725298 0.809616 0.407730 0.049710
1 0.545204 0.843854 0.042148 0.019358
2 0.606025 0.844747 0.067143 0.019725
3 0.705573 0.846834 0.111269 0.019123
0 0.724320 0.847109 0.407176 0.028464
1 0.565185 0.876654 0.083807 0.019969
2 0.646836 0.877852 0.067143 0.019725
0 0.723472 0.879602 0.407176 0.028464
