3 0.509702 0.035860 0.980596 0.048827
0 0.115735 0.074999 0.063263 0.020231
1 0.199026 0.076986 0.091582 0.020906
2 0.365998 0.081594 0.222296 0.022776
2 0.295133 0.101164 0.348899 0.025795
2 0.299230 0.122523 0.358894 0.026034
2 0.293332 0.143643 0.348899 0.025795
2 0.292431 0.164882 0.348899 0.025795
2 0.291531 0.186122 0.348899 0.025795
2 0.290630 0.207361 0.348899 0.025795
2 0.258079 0.227845 0.285598 0.024285
0 0.108133 0.254284 0.063263 0.020231
1 0.173516 0.255843 0.055767 0.020052
2 0.343404 0.260521 0.263942 0.023769
2 0.287531 0.280449 0.348899 0.025795
2 0.291628 0.301807 0.358894 0.026034
2 0.285730 0.322927 0.348899 0.025795
2 0.284829 0.344167 0.348899 0.025795
2 0.288926 0.365525 0.358894 0.026034
2 0.259290 0.386079 0.301423 0.024663
0 0.091152 0.408957 0.042440 0.019734
1 0.158618 0.410566 0.080754 0.020648
2 0.336002 0.415423 0.253947 0.023531
2 0.280962 0.435371 0.348899 0.025795
2 0.285059 0.456729 0.358894 0.026034
2 0.279161 0.477849 0.348899 0.025795
2 0.278260 0.499088 0.348899 0.025795
2 0.277359 0.520328 0.348899 0.025795
2 0.165681 0.538925 0.127344 0.020511
0 0.095021 0.563502 0.063263 0.020231
1 0.167484 0.565231 0.069926 0.020389
2 0.331541 0.569769 0.238122 0.023153
2 0.116166 0.585893 0.032392 0.018246
0 0.103392 0.611851 0.084086 0.020727
1 0.198344 0.614116 0.094081 0.020966
2 0.327003 0.617810 0.143170 0.020888
0 0.101909 0.646834 0.084086 0.020727
1 0.177704 0.648642 0.055767 0.020052
2 0.334682 0.653011 0.238122 0.023153
2 0.270896 0.672751 0.348899 0.025795
2 0.269995 0.693990 0.348899 0.025795
2 0.269095 0.715229 0.348899 0.025795
2 0.268194 0.736468 0.348899 0.025795
2 0.267294 0.757708 0.348899 0.025795
2 0.266393 0.778947 0.348899 0.025795
2 0.265492 0.800186 0.348899 0.025795
0 0.084054 0.822122 0.063263 0.020231
1 0.143191 0.823532 0.043273 0.019754
2 0.306832 0.828061 0.263942 0.023769
2 0.113112 0.844701 0.048218 0.018624
0 0.081882 0.873346 0.063263 0.020231
1 0.160176 0.875213 0.081587 0.020668
0 0.571754 0.085876 0.042440 0.019734
1 0.620063 0.087029 0.042440 0.019734
2 0.762465 0.091050 0.222296 0.022776
0 0.580974 0.114235 0.063263 0.020231
1 0.642609 0.115706 0.048271 0.019873
2 0.795839 0.119986 0.238122 0.023153
0 0.569052 0.149594 0.042440 0.019734
1 0.635269 0.151174 0.078255 0.020588
2 0.811403 0.156000 0.253947 0.023531
2 0.758862 0.176008 0.348899 0.025795
2 0.757962 0.197247 0.348899 0.025795
2 0.646284 0.215844 0.127344 0.020511
0 0.585928 0.243169 0.084086 0.020727
1 0.668803 0.245145 0.069926 0.020389
2 0.824948 0.249495 0.222296 0.022776
2 0.731177 0.268519 0.301423 0.024663
0 0.583783 0.293768 0.084086 0.020727
1 0.668323 0.295785 0.073258 0.020469
2 0.826134 0.300174 0.222296 0.022776
2 0.752770 0.319685 0.348899 0.025795
2 0.751869 0.340924 0.348899 0.025795
2 0.750969 0.362163 0.348899 0.025795
2 0.750068 0.383403 0.348899 0.025795
2 0.749167 0.404642 0.348899 0.025795
2 0.748267 0.425881 0.348899 0.025795
2 0.747366 0.447120 0.348899 0.025795
2 0.675252 0.466661 0.206471 0.022398
0 0.554431 0.494420 0.042440 0.019734
1 0.605655 0.495642 0.048271 0.019873
2 0.750971 0.499733 0.222296 0.022776
0 0.553212 0.523155 0.042440 0.019734
1 0.620262 0.524755 0.079921 0.020628
0 0.572605 0.557385 0.084086 0.020727
1 0.640903 0.559014 0.040774 0.019694
2 0.798297 0.563393 0.253947 0.023531
2 0.741592 0.583302 0.348899 0.025795
2 0.745688 0.604660 0.358894 0.026034
2 0.739790 0.625780 0.348899 0.025795
2 0.738890 0.647019 0.348899 0.025795
0 0.546987 0.669956 0.042440 0.019734
1 0.606957 0.671386 0.065762 0.020290
2 0.784757 0.676253 0.269772 0.023908
2 0.610194 0.693350 0.095694 0.019756
0 0.555359 0.718305 0.063263 0.020231
1 0.629905 0.720083 0.074091 0.020489
2 0.796044 0.724671 0.238122 0.023153
2 0.739755 0.744589 0.358894 0.026034
2 0.733857 0.765709 0.348899 0.025795
2 0.737954 0.787068 0.358894 0.026034
2 0.684580 0.807056 0.253947 0.023531
0 0.560711 0.837868 0.084086 0.020727
1 0.635673 0.839656 0.054101 0.020012
2 0.791818 0.844006 0.238122 0.023153
2 0.729698 0.863785 0.348899 0.025795
2 0.728798 0.885024 0.348899 0.025795
2 0.732894 0.906383 0.358894 0.026034
2 0.632044 0.925238 0.158995 0.021266
