1 0.105304 0.085990 0.083469 0.019092
2 0.187802 0.085651 0.068469 0.019030
0 0.263639 0.085965 0.406825 0.024170
1 0.084694 0.116701 0.041803 0.018921
2 0.135527 0.116492 0.046803 0.018941
0 0.263863 0.116589 0.406825 0.024170
1 0.084941 0.150450 0.041803 0.018921
2 0.141606 0.150217 0.058469 0.018989
3 0.316192 0.150125 0.269290 0.018606
3 0.109683 0.172224 0.015961 0.017565
0 0.264187 0.160964 0.406980 0.045420
1 0.106185 0.206614 0.083469 0.019092
2 0.193683 0.206254 0.078469 0.019072
3 0.346602 0.206251 0.205958 0.018345
3 0.281342 0.227769 0.358456 0.018972
3 0.110249 0.249723 0.015961 0.017565
0 0.264675 0.227838 0.407135 0.066670
1 0.106755 0.284737 0.083469 0.019092
2 0.192171 0.284386 0.074303 0.019054
3 0.350923 0.284359 0.221791 0.018410
3 0.237330 0.306076 0.269290 0.018606
0 0.265168 0.295337 0.406980 0.045420
1 0.096690 0.332904 0.062636 0.019006
2 0.186689 0.332535 0.104302 0.019178
3 0.352524 0.332478 0.205958 0.018345
3 0.277264 0.354038 0.348456 0.018931
3 0.253669 0.375385 0.300957 0.018736
0 0.265597 0.354086 0.407135 0.066670
1 0.097256 0.410403 0.062636 0.019006
2 0.168922 0.410109 0.067636 0.019027
3 0.332257 0.410063 0.237624 0.018475
3 0.277830 0.431537 0.348456 0.018931
3 0.277985 0.452786 0.348456 0.018931
3 0.278140 0.474036 0.348456 0.018931
3 0.159547 0.495774 0.110959 0.017955
0 0.266319 0.452834 0.407446 0.109169
1 0.108490 0.522234 0.083469 0.019092
2 0.200155 0.521857 0.086802 0.019106
3 0.357241 0.521837 0.205958 0.018345
3 0.278647 0.543410 0.348456 0.018931
3 0.278802 0.564660 0.348456 0.018931
3 0.281041 0.585901 0.352623 0.018948
3 0.279113 0.607159 0.348456 0.018931
0 0.267136 0.564708 0.407446 0.109169
1 0.098927 0.639150 0.062636 0.019006
2 0.178926 0.638821 0.084302 0.019096
3 0.342678 0.638773 0.221791 0.018410
3 0.279501 0.660283 0.348456 0.018931
3 0.113408 0.682216 0.015961 0.017565
0 0.267834 0.660331 0.407135 0.066670
1 0.099498 0.717274 0.062636 0.019006
2 0.169497 0.716986 0.064303 0.019013
3 0.339082 0.716914 0.253457 0.018541
3 0.161323 0.738895 0.110959 0.017955
0 0.268327 0.727830 0.406980 0.045420
1 0.110284 0.767855 0.083469 0.019092
2 0.208616 0.767451 0.100135 0.019161
3 0.364451 0.767436 0.190125 0.018280
3 0.130027 0.789649 0.047627 0.017695
0 0.268697 0.778454 0.406980 0.045420
1 0.100223 0.816647 0.062636 0.019006
2 0.168139 0.816368 0.060136 0.018996
0 0.268975 0.816579 0.406825 0.024170
1 0.100424 0.844147 0.062636 0.019006
2 0.163340 0.843888 0.050136 0.018955
3 0.333759 0.843813 0.269290 0.018606
3 0.285998 0.865260 0.358456 0.018972
3 0.281153 0.886530 0.348456 0.018931
3 0.281308 0.907780 0.348456 0.018931
0 0.269409 0.875953 0.407291 0.087919
1 0.561547 0.084116 0.062636 0.019006
2 0.645712 0.083770 0.092636 0.019130
3 0.813631 0.083705 0.221791 0.018410
0 0.730299 0.084048 0.406825 0.024170
1 0.572182 0.114073 0.083469 0.019092
2 0.644681 0.113775 0.048470 0.018948
3 0.798433 0.113768 0.237624 0.018475
3 0.742340 0.135249 0.348456 0.018931
3 0.742495 0.156499 0.348456 0.018931
3 0.726817 0.177813 0.316790 0.018801
0 0.730751 0.145922 0.407291 0.087919
1 0.572840 0.204071 0.083469 0.019092
2 0.648672 0.203760 0.055136 0.018976
3 0.805757 0.203739 0.237624 0.018475
3 0.742997 0.225248 0.348456 0.018931
3 0.719402 0.246595 0.300957 0.018736
0 0.731330 0.225295 0.407135 0.066670
1 0.562975 0.279738 0.062636 0.019006
2 0.634224 0.279445 0.066803 0.019024
3 0.802143 0.279380 0.247624 0.018517
0 0.731728 0.279670 0.406825 0.024170
1 0.563213 0.312237 0.062636 0.019006
2 0.635295 0.311941 0.068469 0.019030
3 0.799047 0.311894 0.237624 0.018475
3 0.743787 0.333371 0.348456 0.018931
3 0.748942 0.354600 0.358456 0.018972
3 0.744097 0.375870 0.348456 0.018931
3 0.736336 0.397152 0.332623 0.018866
0 0.732275 0.354669 0.407446 0.109169
1 0.553677 0.432903 0.041803 0.018921
2 0.614510 0.432654 0.066803 0.019024
3 0.793262 0.432544 0.269290 0.018606
3 0.744668 0.453994 0.348456 0.018931
3 0.744823 0.475244 0.348456 0.018931
3 0.744978 0.496493 0.348456 0.018931
3 0.745133 0.517743 0.348456 0.018931
3 0.594874 0.539611 0.047627 0.017695
0 0.733234 0.485917 0.407601 0.130419
1 0.575528 0.572191 0.083469 0.019092
2 0.653861 0.571869 0.060136 0.018996
3 0.813446 0.571838 0.237624 0.018475
3 0.603188 0.593952 0.063460 0.017760
0 0.733942 0.582790 0.406980 0.045420
1 0.565486 0.623483 0.062636 0.019006
2 0.648402 0.623142 0.090136 0.019119
3 0.815070 0.623082 0.221791 0.018410
3 0.746060 0.644616 0.348456 0.018931
3 0.746215 0.665866 0.348456 0.018931
3 0.746370 0.687116 0.348456 0.018931
3 0.699026 0.708560 0.253457 0.018541
0 0.734549 0.665914 0.407446 0.109169
1 0.566326 0.738481 0.062636 0.019006
2 0.638408 0.738185 0.068469 0.019030
3 0.802161 0.738137 0.237624 0.018475
3 0.746900 0.759615 0.348456 0.018931
3 0.747055 0.780864 0.348456 0.018931
3 0.747210 0.802114 0.348456 0.018931
3 0.747366 0.823364 0.348456 0.018931
3 0.752521 0.844593 0.358456 0.018972
3 0.589345 0.866513 0.031794 0.017630
0 0.735544 0.802162 0.407756 0.151669
1 0.557042 0.893522 0.041803 0.018921
2 0.619124 0.893266 0.069303 0.019034
3 0.799126 0.893152 0.269290 0.018606
3 0.668867 0.914937 0.190125 0.018280
0 0.736288 0.904035 0.406980 0.045420
