3 0.504552 0.035677 0.990897 0.036259
0 0.116699 0.080011 0.083699 0.019686
1 0.187107 0.080804 0.044537 0.019245
2 0.346660 0.083226 0.253655 0.020351
2 0.286241 0.103798 0.348644 0.021421
2 0.198743 0.124065 0.174497 0.019459
0 0.094479 0.149144 0.042037 0.019217
1 0.144056 0.149702 0.044537 0.019245
2 0.324440 0.152359 0.295317 0.020820
2 0.126537 0.171382 0.032013 0.017855
0 0.093478 0.199138 0.042037 0.019217
1 0.143889 0.199706 0.046204 0.019264
2 0.320106 0.202316 0.285318 0.020708
2 0.252188 0.222803 0.285318 0.020708
0 0.113270 0.251242 0.083699 0.019686
1 0.187428 0.252077 0.052036 0.019330
0 0.102141 0.286745 0.062868 0.019452
1 0.162135 0.287421 0.044537 0.019245
2 0.302940 0.289632 0.216159 0.019929
0 0.101466 0.320492 0.062868 0.019452
1 0.176874 0.321341 0.075367 0.019593
2 0.280600 0.323134 0.111171 0.018746
0 0.100928 0.347364 0.062868 0.019452
1 0.160504 0.348035 0.043704 0.019236
2 0.327556 0.350541 0.269487 0.020529
2 0.193812 0.370287 0.174497 0.019459
0 0.099876 0.399858 0.062868 0.019452
1 0.168202 0.400627 0.061202 0.019433
2 0.336087 0.403143 0.253655 0.020351
2 0.279835 0.423762 0.348644 0.021421
2 0.279409 0.445010 0.348644 0.021421
2 0.278984 0.466257 0.348644 0.021421
2 0.278559 0.487505 0.348644 0.021421
2 0.278133 0.508752 0.348644 0.021421
2 0.277708 0.530000 0.348644 0.021421
2 0.269366 0.551158 0.332813 0.021243
0 0.096260 0.580462 0.062868 0.019452
1 0.160836 0.581190 0.053703 0.019349
2 0.324972 0.583663 0.253655 0.020351
2 0.141650 0.602851 0.079508 0.018390
0 0.105725 0.628074 0.083699 0.019686
1 0.184466 0.628961 0.061202 0.019433
2 0.341519 0.631355 0.231991 0.020107
2 0.140699 0.650346 0.079508 0.018390
0 0.104599 0.684318 0.083699 0.019686
1 0.189589 0.685275 0.073700 0.019574
2 0.347892 0.687683 0.221992 0.019994
2 0.279141 0.708161 0.358643 0.021533
2 0.273716 0.729353 0.348644 0.021421
2 0.273291 0.750600 0.348644 0.021421
2 0.272865 0.771848 0.348644 0.021421
2 0.272440 0.793095 0.348644 0.021421
2 0.272014 0.814343 0.348644 0.021421
2 0.271589 0.835591 0.348644 0.021421
2 0.160343 0.855590 0.127003 0.018925
0 0.079801 0.882186 0.042037 0.019217
1 0.147293 0.882946 0.080366 0.019649
2 0.324761 0.885570 0.253655 0.020351
2 0.119775 0.904514 0.047845 0.018033
0 0.572897 0.085149 0.062868 0.019452
1 0.632890 0.085825 0.044537 0.019245
2 0.760780 0.087890 0.190329 0.019638
0 0.582612 0.120263 0.083699 0.019686
1 0.664269 0.121182 0.067035 0.019499
2 0.819239 0.123553 0.221992 0.019994
2 0.752155 0.144050 0.348644 0.021421
0 0.571120 0.173889 0.062868 0.019452
1 0.645279 0.174724 0.072867 0.019564
2 0.811081 0.177217 0.237824 0.020173
0 0.570557 0.202011 0.062868 0.019452
1 0.631800 0.202701 0.047037 0.019273
2 0.800519 0.205226 0.269487 0.020529
2 0.750516 0.225915 0.348644 0.021421
2 0.755090 0.247219 0.358643 0.021533
2 0.754664 0.268467 0.358643 0.021533
2 0.749239 0.289658 0.348644 0.021421
2 0.748814 0.310906 0.348644 0.021421
2 0.748388 0.332153 0.348644 0.021421
2 0.747963 0.353401 0.348644 0.021421
2 0.700043 0.374114 0.253655 0.020351
0 0.556038 0.406871 0.042037 0.019217
1 0.607698 0.407452 0.048703 0.019292
2 0.713924 0.409274 0.142834 0.019103
0 0.565877 0.435735 0.062868 0.019452
1 0.626704 0.436420 0.046204 0.019264
2 0.795006 0.438940 0.269487 0.020529
2 0.745836 0.459639 0.348644 0.021421
2 0.745410 0.480887 0.348644 0.021421
2 0.744985 0.502134 0.348644 0.021421
2 0.625823 0.522044 0.111171 0.018746
0 0.553084 0.554354 0.042037 0.019217
1 0.607662 0.554969 0.054536 0.019358
2 0.788045 0.557625 0.285318 0.020708
0 0.558354 0.582541 0.053703 0.019349
1 0.637928 0.583438 0.092865 0.019790
2 0.774151 0.585597 0.158666 0.019281
0 0.551946 0.611223 0.042037 0.019217
1 0.629854 0.612100 0.101197 0.019883
2 0.806905 0.614719 0.231991 0.020107
2 0.747319 0.635300 0.358643 0.021533
2 0.741894 0.656492 0.348644 0.021421
2 0.598985 0.676135 0.063677 0.018211
0 0.560547 0.701955 0.062868 0.019452
1 0.632622 0.702766 0.068701 0.019517
2 0.725099 0.704433 0.095340 0.018568
0 0.549493 0.733709 0.042037 0.019217
1 0.606153 0.734347 0.058702 0.019405
2 0.780705 0.736938 0.269487 0.020529
2 0.739867 0.757730 0.348644 0.021421
2 0.739442 0.778978 0.348644 0.021421
2 0.604448 0.798710 0.079508 0.018390
0 0.568410 0.829558 0.083699 0.019686
1 0.639235 0.830355 0.045370 0.019255
2 0.799205 0.832782 0.253655 0.020351
2 0.737953 0.853345 0.348644 0.021421
2 0.737527 0.874592 0.348644 0.021421
2 0.705439 0.895483 0.285318 0.020708
