1 0.099367 0.077896 0.042188 0.019410
2 0.161853 0.078892 0.070515 0.019861
3 0.310552 0.081887 0.206283 0.020776
0 0.278476 0.081376 0.407212 0.028975
1 0.119204 0.113220 0.083846 0.020074
2 0.207934 0.114634 0.081346 0.020034
3 0.362048 0.117716 0.206283 0.020776
3 0.288546 0.137799 0.348750 0.023047
3 0.287944 0.159044 0.348750 0.023047
3 0.287342 0.180289 0.348750 0.023047
3 0.286740 0.201534 0.348750 0.023047
3 0.286138 0.222780 0.348750 0.023047
3 0.230132 0.243142 0.237942 0.021281
0 0.275678 0.180103 0.410824 0.156446
1 0.093878 0.271602 0.042188 0.019410
2 0.151782 0.272525 0.061351 0.019715
3 0.327558 0.275952 0.269602 0.021785
3 0.165326 0.294621 0.111304 0.019262
0 0.272686 0.285704 0.407814 0.050220
1 0.092320 0.326590 0.042188 0.019410
2 0.144809 0.327426 0.050520 0.019542
3 0.323084 0.330893 0.285431 0.022037
3 0.282491 0.351501 0.348750 0.023047
3 0.281889 0.372746 0.348750 0.023047
3 0.241713 0.393360 0.269602 0.021785
0 0.270526 0.361937 0.409018 0.092711
1 0.089647 0.420943 0.042188 0.019410
2 0.149633 0.421899 0.065516 0.019782
3 0.327492 0.425359 0.269602 0.021785
3 0.129435 0.443457 0.047985 0.018253
0 0.268454 0.435046 0.407814 0.050220
1 0.108953 0.475013 0.083846 0.020074
2 0.201015 0.476480 0.088011 0.020140
3 0.358462 0.479615 0.206283 0.020776
3 0.127912 0.497195 0.047985 0.018253
0 0.266932 0.488784 0.407814 0.050220
1 0.086779 0.522170 0.042188 0.019410
2 0.145099 0.523100 0.062184 0.019728
3 0.321291 0.526533 0.269602 0.021785
3 0.142396 0.544937 0.079645 0.018758
0 0.265586 0.536273 0.407814 0.050220
1 0.106120 0.574991 0.083846 0.020074
2 0.194850 0.576405 0.081346 0.020034
0 0.264400 0.578138 0.407212 0.028975
1 0.105306 0.603734 0.083846 0.020074
2 0.189037 0.605069 0.071348 0.019874
3 0.346067 0.608197 0.222112 0.021028
3 0.140095 0.626169 0.079645 0.018758
0 0.263285 0.617505 0.407814 0.050220
1 0.093510 0.652307 0.063017 0.019742
2 0.164744 0.653442 0.067183 0.019808
3 0.327606 0.656663 0.237942 0.021281
0 0.262205 0.655621 0.407212 0.028975
1 0.092625 0.683550 0.063017 0.019742
2 0.178022 0.684911 0.095510 0.020260
3 0.347133 0.688232 0.222112 0.021028
3 0.272381 0.708295 0.348750 0.023047
3 0.271779 0.729540 0.348750 0.023047
3 0.271177 0.750785 0.348750 0.023047
3 0.270575 0.772031 0.348750 0.023047
3 0.195824 0.792094 0.200451 0.020683
0 0.259814 0.739977 0.410222 0.135201
1 0.078192 0.825227 0.042188 0.019410
2 0.134846 0.826130 0.058851 0.019675
3 0.309372 0.829537 0.269602 0.021785
3 0.181299 0.848750 0.174623 0.020271
0 0.256999 0.839329 0.407814 0.050220
1 0.087030 0.881005 0.063017 0.019742
2 0.164513 0.882240 0.079680 0.020007
0 0.255724 0.884319 0.407212 0.028975
1 0.565928 0.085332 0.042188 0.019410
2 0.629247 0.086341 0.072182 0.019888
3 0.810439 0.089854 0.269602 0.021785
3 0.661120 0.108729 0.158793 0.020019
0 0.744736 0.099434 0.407814 0.050220
1 0.585394 0.133778 0.083846 0.020074
2 0.655378 0.134893 0.043855 0.019436
3 0.814491 0.138055 0.253772 0.021533
3 0.667672 0.156969 0.174623 0.020271
0 0.743373 0.147548 0.407814 0.050220
1 0.573528 0.184850 0.063017 0.019742
2 0.644345 0.185979 0.066350 0.019795
3 0.814705 0.189320 0.253772 0.021533
3 0.753284 0.209595 0.348750 0.023047
3 0.752682 0.230841 0.348750 0.023047
3 0.752080 0.252086 0.348750 0.023047
3 0.751478 0.273331 0.348750 0.023047
3 0.750876 0.294576 0.348750 0.023047
3 0.750274 0.315821 0.348750 0.023047
3 0.725927 0.336688 0.301261 0.022290
0 0.740115 0.262523 0.411426 0.177691
1 0.568340 0.367934 0.063017 0.019742
2 0.633325 0.368970 0.054686 0.019609
0 0.737034 0.371248 0.407212 0.028975
1 0.556916 0.403385 0.042188 0.019410
2 0.611904 0.404262 0.055519 0.019622
0 0.736025 0.406865 0.407212 0.028975
1 0.576895 0.433710 0.083846 0.020074
2 0.662709 0.435078 0.075514 0.019941
3 0.766418 0.437356 0.111304 0.019262
0 0.735175 0.436858 0.407212 0.028975
1 0.555323 0.459622 0.042188 0.019410
2 0.613643 0.460552 0.062184 0.019728
3 0.789836 0.463985 0.269602 0.021785
3 0.750492 0.484613 0.358748 0.023206
3 0.649913 0.504265 0.158793 0.020019
0 0.733830 0.484347 0.408416 0.071465
1 0.553234 0.533356 0.042188 0.019410
2 0.624051 0.534484 0.087178 0.020127
0 0.732342 0.536836 0.407212 0.028975
1 0.552455 0.560850 0.042188 0.019410
2 0.613691 0.561826 0.068016 0.019821
3 0.792799 0.565305 0.269602 0.021785
3 0.747624 0.585840 0.358748 0.023206
3 0.742023 0.607006 0.348750 0.023047
3 0.746420 0.628331 0.358748 0.023206
3 0.740819 0.649496 0.348750 0.023047
3 0.668984 0.669606 0.206283 0.020776
0 0.730058 0.617442 0.410222 0.135201
1 0.559009 0.697235 0.063017 0.019742
2 0.626494 0.698310 0.059684 0.019689
3 0.793522 0.701598 0.253772 0.021533
3 0.738766 0.721980 0.348750 0.023047
3 0.738164 0.743225 0.348750 0.023047
3 0.737562 0.764470 0.348750 0.023047
3 0.634066 0.784075 0.142964 0.019767
0 0.726500 0.743039 0.409620 0.113956
1 0.545337 0.812043 0.042188 0.019410
2 0.615321 0.813158 0.085512 0.020100
3 0.792347 0.816605 0.247940 0.021440
3 0.616785 0.835062 0.111304 0.019262
0 0.724145 0.826145 0.407814 0.050220
1 0.554264 0.864697 0.063017 0.019742
2 0.622582 0.865786 0.061351 0.019715
3 0.787527 0.869040 0.247940 0.021440
0 0.722959 0.868011 0.407212 0.028975
