3 0.491426 0.038310 0.982852 0.046205
0 0.092815 0.092851 0.084007 0.020510
1 0.183612 0.090923 0.085673 0.020546
2 0.316082 0.088737 0.158930 0.020852
0 0.073262 0.127029 0.042357 0.019626
1 0.134488 0.125730 0.068180 0.020175
2 0.313606 0.122553 0.269719 0.023203
2 0.106574 0.148206 0.032314 0.018165
0 0.075101 0.175759 0.042357 0.019626
1 0.140908 0.174363 0.077343 0.020369
2 0.316695 0.171257 0.253892 0.022867
2 0.203375 0.194921 0.222238 0.022196
0 0.087588 0.230516 0.063182 0.020068
1 0.169222 0.228784 0.088172 0.020599
2 0.334596 0.225899 0.222238 0.022196
2 0.268757 0.248555 0.348854 0.024883
2 0.269559 0.269797 0.348854 0.024883
2 0.270360 0.291038 0.348854 0.024883
2 0.184113 0.314127 0.174757 0.021188
0 0.092019 0.347969 0.063182 0.020068
1 0.174903 0.346210 0.090671 0.020652
2 0.341527 0.343299 0.222238 0.022196
2 0.130746 0.369031 0.063968 0.018837
0 0.104247 0.395854 0.084007 0.020510
1 0.186298 0.394113 0.068180 0.020175
2 0.341676 0.391440 0.222238 0.022196
2 0.275004 0.414114 0.348854 0.024883
2 0.275806 0.435355 0.348854 0.024883
2 0.276607 0.456597 0.348854 0.024883
2 0.277408 0.477838 0.348854 0.024883
2 0.270296 0.499248 0.333027 0.024547
0 0.109362 0.531425 0.084007 0.020510
1 0.195578 0.529595 0.076510 0.020351
0 0.099987 0.559135 0.063182 0.020068
1 0.162045 0.557818 0.049021 0.019768
2 0.315757 0.555181 0.238065 0.022532
0 0.090564 0.585595 0.042357 0.019626
1 0.168450 0.583942 0.101500 0.020882
2 0.348401 0.580748 0.238065 0.022532
2 0.282146 0.603413 0.348854 0.024883
2 0.282948 0.624655 0.348854 0.024883
2 0.283749 0.645896 0.348854 0.024883
2 0.284551 0.667138 0.348854 0.024883
2 0.285352 0.688379 0.348854 0.024883
2 0.286154 0.709621 0.348854 0.024883
2 0.271128 0.731198 0.317200 0.024211
0 0.107648 0.762179 0.063182 0.020068
1 0.178869 0.760667 0.067347 0.020157
2 0.349658 0.757668 0.253892 0.022867
2 0.241336 0.781225 0.253892 0.022867
0 0.109652 0.815282 0.063182 0.020068
1 0.180040 0.813789 0.065681 0.020121
2 0.349996 0.810807 0.253892 0.022867
2 0.290821 0.833321 0.348854 0.024883
2 0.291622 0.854563 0.348854 0.024883
2 0.292424 0.875804 0.348854 0.024883
2 0.158696 0.899901 0.079795 0.019173
0 0.548882 0.083171 0.063182 0.020068
1 0.615938 0.081748 0.059017 0.019980
0 0.549990 0.112534 0.063182 0.020068
1 0.619962 0.111049 0.064848 0.020104
2 0.789501 0.108076 0.253892 0.022867
2 0.731159 0.130573 0.348854 0.024883
2 0.731961 0.151815 0.348854 0.024883
2 0.737760 0.172950 0.358850 0.025095
2 0.733564 0.194298 0.348854 0.024883
2 0.734365 0.215539 0.348854 0.024883
2 0.608551 0.239468 0.095622 0.019508
0 0.545541 0.270817 0.042357 0.019626
1 0.600936 0.269641 0.056518 0.019927
2 0.782137 0.266421 0.285546 0.023539
2 0.681729 0.289811 0.238065 0.022532
0 0.557981 0.324325 0.063182 0.020068
1 0.636283 0.322663 0.081508 0.020457
0 0.569454 0.352217 0.084007 0.020510
1 0.661501 0.350264 0.088172 0.020599
2 0.818961 0.347547 0.206411 0.021860
2 0.740211 0.370477 0.348854 0.024883
2 0.741013 0.391719 0.348854 0.024883
2 0.741814 0.412960 0.348854 0.024883
2 0.631826 0.436553 0.127276 0.020180
0 0.573744 0.465922 0.084007 0.020510
1 0.655795 0.464180 0.068180 0.020175
0 0.564652 0.501129 0.063182 0.020068
1 0.642121 0.499485 0.079842 0.020422
2 0.811243 0.496521 0.238065 0.022532
2 0.658773 0.521015 0.174757 0.021188
0 0.576950 0.550888 0.084007 0.020510
1 0.659417 0.549138 0.069013 0.020192
2 0.791471 0.546960 0.174757 0.021188
0 0.567598 0.579223 0.063182 0.020068
1 0.635071 0.577791 0.059850 0.019998
2 0.799196 0.574933 0.248061 0.022744
2 0.748768 0.597261 0.348854 0.024883
2 0.749569 0.618503 0.348854 0.024883
2 0.755369 0.639638 0.358850 0.025095
2 0.608729 0.664009 0.063968 0.018837
0 0.582207 0.690207 0.084007 0.020510
1 0.665507 0.688439 0.070679 0.020228
2 0.814221 0.685908 0.206411 0.021860
0 0.583409 0.722069 0.084007 0.020510
1 0.658795 0.720469 0.054852 0.019892
2 0.812507 0.717832 0.232234 0.022408
2 0.754166 0.740329 0.348854 0.024883
2 0.754967 0.761571 0.348854 0.024883
2 0.760767 0.782706 0.358850 0.025095
2 0.745741 0.804283 0.327196 0.024423
0 0.567063 0.841214 0.042357 0.019626
1 0.642866 0.839605 0.097335 0.020793
2 0.820735 0.836455 0.238065 0.022532
2 0.758645 0.859032 0.348854 0.024883
2 0.759446 0.880273 0.348854 0.024883
2 0.760247 0.901515 0.348854 0.024883
2 0.761049 0.922756 0.348854 0.024883
2 0.761850 0.943998 0.348854 0.024883
2 0.672688 0.967148 0.168926 0.021064
