1 0.076746 0.090502 0.042147 0.019357
2 0.143400 0.089524 0.078807 0.019895
0 0.255895 0.088500 0.407175 0.028458
1 0.098488 0.125190 0.083806 0.019968
2 0.182639 0.123956 0.072142 0.019797
3 0.340125 0.122272 0.222080 0.020746
3 0.269026 0.144568 0.348723 0.022603
3 0.269580 0.165814 0.348723 0.022603
3 0.270133 0.187060 0.348723 0.022603
3 0.270687 0.208306 0.348723 0.022603
3 0.207920 0.230480 0.222080 0.020746
0 0.258192 0.176608 0.409945 0.134687
1 0.081356 0.267343 0.042147 0.019357
2 0.135096 0.266555 0.052979 0.019516
3 0.314661 0.264547 0.285402 0.021675
3 0.146081 0.288273 0.095438 0.018889
0 0.260782 0.275964 0.407729 0.049703
1 0.093204 0.322180 0.062977 0.019663
2 0.164857 0.321129 0.067976 0.019736
3 0.328176 0.319359 0.237911 0.020978
3 0.147514 0.343263 0.095438 0.018889
0 0.262215 0.330954 0.407729 0.049703
1 0.084207 0.376697 0.042147 0.019357
2 0.149611 0.375738 0.076308 0.019858
0 0.263356 0.374695 0.407175 0.028458
1 0.085119 0.411690 0.042147 0.019357
2 0.145524 0.410805 0.066309 0.019712
3 0.323840 0.408815 0.269571 0.021443
3 0.276486 0.430764 0.348723 0.022603
3 0.142482 0.453983 0.079608 0.018657
0 0.264822 0.430935 0.408283 0.070949
1 0.097374 0.482149 0.062977 0.019663
2 0.181108 0.480921 0.092138 0.020090
0 0.266109 0.480300 0.407175 0.028458
1 0.108620 0.513865 0.083806 0.019968
2 0.191937 0.512644 0.070475 0.019773
3 0.348590 0.510972 0.222080 0.020746
3 0.176261 0.534753 0.142929 0.019586
0 0.267216 0.522792 0.407729 0.049703
1 0.109988 0.566355 0.083806 0.019968
2 0.190806 0.565170 0.065476 0.019699
3 0.305384 0.564115 0.142929 0.019586
0 0.268308 0.564659 0.407175 0.028458
1 0.090038 0.600404 0.042147 0.019357
2 0.142528 0.599635 0.050479 0.019479
3 0.320844 0.597645 0.285402 0.021675
3 0.286405 0.619404 0.358721 0.022750
3 0.281959 0.640723 0.348723 0.022603
3 0.282513 0.661969 0.348723 0.022603
3 0.240575 0.683838 0.263739 0.021357
0 0.270295 0.640894 0.409391 0.113441
1 0.093036 0.715382 0.042147 0.019357
2 0.158440 0.714423 0.076308 0.019858
3 0.333839 0.712477 0.253741 0.021211
3 0.284403 0.734456 0.348723 0.022603
3 0.284957 0.755701 0.348723 0.022603
3 0.285510 0.776947 0.348723 0.022603
3 0.291063 0.798120 0.358721 0.022750
3 0.262873 0.819787 0.301232 0.021907
0 0.273569 0.766495 0.409945 0.134687
1 0.096652 0.854106 0.042147 0.019357
2 0.158723 0.853196 0.069642 0.019760
3 0.335789 0.851224 0.263739 0.021357
3 0.288019 0.873179 0.348723 0.022603
3 0.288573 0.894425 0.348723 0.022603
3 0.291209 0.915640 0.352889 0.022664
3 0.265935 0.937265 0.301232 0.021907
0 0.276908 0.894596 0.409391 0.113441
1 0.564153 0.083355 0.083806 0.019968
2 0.651637 0.082072 0.078807 0.019895
3 0.804540 0.080455 0.206250 0.020514
3 0.623879 0.104358 0.127099 0.019354
0 0.722750 0.092282 0.407729 0.049703
1 0.565391 0.130846 0.083806 0.019968
2 0.642043 0.129722 0.057145 0.019577
3 0.799946 0.128032 0.237911 0.020978
3 0.577626 0.152546 0.032117 0.017961
0 0.723988 0.139772 0.407729 0.049703
1 0.566694 0.180836 0.083806 0.019968
2 0.655844 0.179529 0.082140 0.019944
0 0.725014 0.179140 0.407175 0.028458
1 0.567558 0.213955 0.083806 0.019968
2 0.662956 0.212556 0.094637 0.020127
3 0.815860 0.210939 0.190420 0.020282
3 0.666859 0.234378 0.206250 0.020514
0 0.726154 0.222882 0.407729 0.049703
1 0.558625 0.270972 0.062977 0.019663
2 0.625279 0.269994 0.057978 0.019589
3 0.728193 0.269111 0.127099 0.019354
0 0.727359 0.269123 0.407175 0.028458
1 0.549042 0.302993 0.042147 0.019357
2 0.600282 0.302242 0.047980 0.019443
3 0.777348 0.300271 0.285402 0.021675
3 0.740409 0.322067 0.348723 0.022603
3 0.740962 0.343312 0.348723 0.022603
3 0.741516 0.364558 0.348723 0.022603
3 0.718325 0.386153 0.301232 0.021907
0 0.729298 0.343484 0.409391 0.113441
1 0.552104 0.420471 0.042147 0.019357
2 0.614592 0.419555 0.070475 0.019773
3 0.794990 0.417535 0.269571 0.021443
3 0.743471 0.439544 0.348723 0.022603
3 0.744025 0.460790 0.348723 0.022603
3 0.744579 0.482036 0.348723 0.022603
3 0.750131 0.503209 0.358721 0.022750
3 0.745686 0.524528 0.348723 0.022603
3 0.746240 0.545774 0.348723 0.022603
3 0.746794 0.567020 0.348723 0.022603
3 0.612790 0.590239 0.079608 0.018657
0 0.733468 0.503453 0.411606 0.198425
1 0.557398 0.623557 0.042147 0.019357
2 0.612804 0.622745 0.056311 0.019565
3 0.791119 0.620755 0.279569 0.021589
3 0.590462 0.644951 0.032117 0.017961
0 0.736824 0.632178 0.407729 0.049703
1 0.558848 0.679172 0.042147 0.019357
2 0.608005 0.678451 0.043814 0.019382
3 0.735497 0.677206 0.190420 0.020282
0 0.737996 0.677170 0.407175 0.028458
1 0.580557 0.712610 0.083806 0.019968
2 0.662208 0.711412 0.067143 0.019724
3 0.817194 0.709765 0.222080 0.020746
3 0.751094 0.731988 0.348723 0.022603
3 0.751648 0.753234 0.348723 0.022603
3 0.752202 0.774480 0.348723 0.022603
3 0.752756 0.795726 0.348723 0.022603
3 0.618752 0.818945 0.079608 0.018657
0 0.740261 0.764028 0.409945 0.134687
1 0.573840 0.854610 0.062977 0.019663
2 0.654657 0.853425 0.086306 0.020005
3 0.819226 0.851637 0.222080 0.020746
3 0.759791 0.873763 0.358721 0.022750
3 0.755346 0.895082 0.348723 0.022603
3 0.589681 0.918765 0.016286 0.017729
0 0.743404 0.884630 0.408837 0.092195
