3 0.493467 0.032607 0.986933 0.041008
0 0.075762 0.091075 0.042191 0.019413
1 0.129500 0.090215 0.053022 0.019586
2 0.301145 0.088090 0.269603 0.021806
0 0.076545 0.118569 0.042191 0.019413
1 0.149028 0.117408 0.090513 0.020187
2 0.323590 0.115237 0.237944 0.021299
2 0.133405 0.139538 0.079647 0.018764
0 0.088454 0.170890 0.063020 0.019747
1 0.168435 0.169609 0.084681 0.020094
2 0.332166 0.167612 0.222114 0.021046
2 0.269452 0.189871 0.348752 0.023074
2 0.270057 0.211116 0.348752 0.023074
2 0.270662 0.232361 0.348752 0.023074
2 0.271267 0.253607 0.348752 0.023074
2 0.271872 0.274852 0.348752 0.023074
2 0.272477 0.296097 0.348752 0.023074
2 0.273082 0.317342 0.348752 0.023074
2 0.139134 0.340742 0.079647 0.018764
0 0.104508 0.368803 0.083848 0.020080
1 0.182824 0.367549 0.060520 0.019707
2 0.342388 0.365618 0.237944 0.021299
2 0.275092 0.387951 0.348752 0.023074
2 0.133230 0.411478 0.063817 0.018510
0 0.096318 0.447077 0.063020 0.019747
1 0.174634 0.445823 0.081349 0.020040
0 0.107569 0.476279 0.083848 0.020080
1 0.189633 0.474964 0.068018 0.019827
2 0.345032 0.473100 0.222114 0.021046
2 0.167344 0.497201 0.127136 0.019524
0 0.098756 0.532683 0.063020 0.019747
1 0.167073 0.531588 0.061353 0.019720
0 0.105513 0.565082 0.074684 0.019933
1 0.184661 0.563814 0.071351 0.019880
2 0.349642 0.561797 0.237944 0.021299
2 0.114467 0.586818 0.016328 0.017750
0 0.090761 0.617830 0.042191 0.019413
1 0.153663 0.616823 0.071351 0.019880
2 0.334473 0.614552 0.269603 0.021806
2 0.287173 0.636564 0.358750 0.023234
2 0.282779 0.657889 0.348752 0.023074
2 0.259639 0.679515 0.301263 0.022313
0 0.103969 0.715766 0.063020 0.019747
1 0.168537 0.714732 0.053855 0.019600
2 0.332684 0.712728 0.253774 0.021553
2 0.284967 0.734747 0.348752 0.023074
2 0.285572 0.755992 0.348752 0.023074
2 0.214943 0.778378 0.206285 0.020792
0 0.117194 0.814327 0.083848 0.020080
1 0.188845 0.813179 0.047190 0.019493
2 0.294255 0.812116 0.142966 0.019778
0 0.097309 0.847778 0.042191 0.019413
1 0.162294 0.846737 0.075517 0.019947
2 0.321442 0.844813 0.222114 0.021046
0 0.098163 0.877771 0.042191 0.019413
1 0.165647 0.876690 0.080516 0.020027
0 0.552737 0.083436 0.063020 0.019747
1 0.616055 0.082421 0.051356 0.019560
2 0.786868 0.080311 0.269603 0.021806
2 0.575438 0.104952 0.032158 0.018003
0 0.564645 0.135757 0.083848 0.020080
1 0.651709 0.134362 0.078016 0.019987
2 0.809191 0.132465 0.216282 0.020952
2 0.589846 0.157233 0.057985 0.018417
0 0.566247 0.191994 0.083848 0.020080
1 0.647895 0.190686 0.067185 0.019813
2 0.763303 0.189463 0.142966 0.019778
0 0.558096 0.227758 0.065519 0.019787
1 0.643077 0.226396 0.092180 0.020214
2 0.810557 0.224339 0.222114 0.021046
2 0.627037 0.248533 0.127136 0.019524
0 0.547980 0.282307 0.042191 0.019413
1 0.612132 0.281280 0.073850 0.019920
0 0.569627 0.310717 0.083848 0.020080
1 0.648776 0.309449 0.062186 0.019733
2 0.798343 0.307679 0.216282 0.020952
0 0.560049 0.340252 0.063020 0.019747
1 0.633782 0.339071 0.072184 0.019893
2 0.775435 0.337427 0.190455 0.020539
0 0.566682 0.368277 0.074684 0.019933
1 0.639999 0.367103 0.059687 0.019693
2 0.751658 0.365940 0.142966 0.019778
0 0.572207 0.401321 0.083848 0.020080
1 0.646774 0.400127 0.053022 0.019586
2 0.802589 0.398256 0.237944 0.021299
2 0.742791 0.420469 0.348752 0.023074
2 0.743396 0.441714 0.348752 0.023074
2 0.744001 0.462959 0.348752 0.023074
2 0.712947 0.484712 0.285433 0.022060
0 0.565156 0.519586 0.063020 0.019747
1 0.647220 0.518272 0.088847 0.020160
2 0.818033 0.516161 0.232112 0.021206
2 0.587857 0.541102 0.032158 0.018003
0 0.556343 0.575990 0.042191 0.019413
1 0.620078 0.574969 0.073017 0.019907
0 0.567682 0.608316 0.063020 0.019747
1 0.631001 0.607302 0.051356 0.019560
2 0.801813 0.605191 0.269603 0.021806
2 0.653702 0.628818 0.158795 0.020031
0 0.579680 0.663761 0.083848 0.020080
1 0.648831 0.662654 0.042191 0.019413
2 0.807146 0.660743 0.253774 0.021553
2 0.750264 0.682909 0.348752 0.023074
2 0.750869 0.704154 0.348752 0.023074
2 0.751474 0.725399 0.348752 0.023074
2 0.752079 0.746645 0.348752 0.023074
2 0.752684 0.767890 0.348752 0.023074
2 0.694969 0.790069 0.232112 0.021206
0 0.573874 0.825766 0.063020 0.019747
1 0.633860 0.824805 0.044690 0.019453
2 0.801340 0.822748 0.269603 0.021806
0 0.574693 0.854510 0.063020 0.019747
1 0.652175 0.853269 0.079682 0.020013
2 0.821321 0.851185 0.237944 0.021299
2 0.700287 0.874378 0.237944 0.021299
