1 0.106114 0.085556 0.083433 0.019000
2 0.199863 0.085274 0.090933 0.019023
3 0.359032 0.085421 0.205925 0.018119
3 0.281230 0.106905 0.358424 0.018578
3 0.276343 0.128170 0.348424 0.018548
3 0.276457 0.149420 0.348424 0.018548
3 0.276571 0.170669 0.348424 0.018548
3 0.276684 0.191919 0.348424 0.018548
3 0.158049 0.213526 0.110926 0.017833
0 0.264790 0.149455 0.407465 0.151222
1 0.096563 0.247461 0.062600 0.018938
2 0.176146 0.247222 0.083433 0.019000
3 0.339481 0.247356 0.221758 0.018167
3 0.261262 0.268841 0.316758 0.018452
0 0.265372 0.258204 0.406897 0.044973
1 0.096857 0.302461 0.062600 0.018938
2 0.174773 0.302227 0.080100 0.018990
3 0.341442 0.302350 0.231758 0.018197
3 0.277389 0.323793 0.348424 0.018548
3 0.277503 0.345043 0.348424 0.018548
3 0.277617 0.366293 0.348424 0.018548
3 0.277730 0.387543 0.348424 0.018548
3 0.174928 0.409102 0.142592 0.017928
0 0.265893 0.355703 0.407352 0.129972
1 0.107996 0.437429 0.083433 0.019000
2 0.187995 0.437188 0.063433 0.018940
3 0.341330 0.437352 0.221758 0.018167
3 0.278111 0.458792 0.348424 0.018548
3 0.278225 0.480042 0.348424 0.018548
3 0.278338 0.501292 0.348424 0.018548
3 0.128037 0.522994 0.047593 0.017643
0 0.266558 0.480077 0.407238 0.108722
1 0.087791 0.554990 0.041767 0.018875
2 0.140707 0.554831 0.050933 0.018903
3 0.279876 0.555038 0.205925 0.018119
0 0.266959 0.555076 0.406784 0.023723
1 0.108794 0.586802 0.083433 0.019000
2 0.176294 0.586599 0.038433 0.018865
0 0.267130 0.586951 0.406784 0.023723
1 0.098538 0.616833 0.062600 0.018938
2 0.171038 0.616615 0.069266 0.018958
0 0.267290 0.616951 0.406784 0.023723
1 0.088285 0.647490 0.041767 0.018875
2 0.154951 0.647289 0.078433 0.018985
3 0.331620 0.647383 0.253425 0.018262
3 0.279234 0.668790 0.348424 0.018548
3 0.279348 0.690040 0.348424 0.018548
3 0.200295 0.711528 0.190092 0.018071
0 0.267624 0.679450 0.407125 0.087472
1 0.099197 0.739957 0.062600 0.018938
2 0.163363 0.739764 0.052600 0.018908
3 0.327115 0.739897 0.253425 0.018262
3 0.137230 0.761718 0.063426 0.017690
0 0.268005 0.750700 0.406897 0.044973
1 0.089081 0.796238 0.041767 0.018875
2 0.152830 0.796047 0.072600 0.018968
3 0.326582 0.796149 0.253425 0.018262
3 0.280029 0.817539 0.348424 0.018548
3 0.285143 0.838774 0.358424 0.018578
3 0.272340 0.860063 0.332591 0.018500
0 0.268420 0.828199 0.407125 0.087472
1 0.089575 0.888738 0.041767 0.018875
2 0.156658 0.888536 0.079266 0.018988
3 0.333743 0.888628 0.253425 0.018262
3 0.280524 0.910038 0.348424 0.018548
3 0.161889 0.931645 0.110926 0.017833
0 0.268858 0.910074 0.407011 0.066223
1 0.562360 0.084184 0.062600 0.018938
2 0.627360 0.083989 0.054266 0.018913
3 0.791945 0.084119 0.253425 0.018262
3 0.742893 0.105516 0.348424 0.018548
3 0.743006 0.126766 0.348424 0.018548
3 0.743120 0.148016 0.348424 0.018548
3 0.743233 0.169266 0.348424 0.018548
3 0.653348 0.190786 0.168426 0.018006
0 0.731396 0.137426 0.407352 0.129972
1 0.573532 0.225402 0.083433 0.019000
2 0.646032 0.225184 0.048433 0.018895
3 0.804784 0.225331 0.247592 0.018244
3 0.585316 0.247241 0.031760 0.017595
0 0.731925 0.236175 0.406897 0.044973
1 0.552970 0.276089 0.041767 0.018875
2 0.614636 0.275903 0.068433 0.018955
0 0.732138 0.276175 0.406784 0.023723
1 0.563570 0.310432 0.062600 0.018938
2 0.618986 0.310266 0.035100 0.018855
3 0.726489 0.310567 0.158426 0.017976
0 0.732322 0.310550 0.406784 0.023723
1 0.553301 0.337963 0.041767 0.018875
2 0.627050 0.337742 0.092600 0.019028
0 0.732469 0.338049 0.406784 0.023723
1 0.574301 0.369150 0.083433 0.019000
2 0.651384 0.368919 0.057600 0.018923
3 0.754303 0.369234 0.126759 0.017881
0 0.732636 0.369299 0.406784 0.023723
1 0.574488 0.404150 0.083433 0.019000
2 0.641988 0.403947 0.038433 0.018865
3 0.798656 0.404101 0.253425 0.018262
3 0.744604 0.425514 0.348424 0.018548
3 0.744717 0.446764 0.348424 0.018548
3 0.649832 0.468299 0.158426 0.017976
0 0.732994 0.436174 0.407125 0.087472
1 0.564553 0.494181 0.062600 0.018938
2 0.626219 0.493995 0.047600 0.018893
3 0.795388 0.494112 0.269258 0.018309
3 0.665919 0.515751 0.190092 0.018071
0 0.733362 0.504923 0.406897 0.044973
1 0.575233 0.543524 0.083433 0.019000
2 0.650649 0.543297 0.054266 0.018913
3 0.775652 0.543546 0.174259 0.018024
0 0.733569 0.543673 0.406784 0.023723
1 0.564981 0.574180 0.062600 0.018938
2 0.643313 0.573945 0.080933 0.018993
3 0.813315 0.574058 0.237592 0.018214
3 0.634680 0.595846 0.126759 0.017881
0 0.733789 0.584923 0.406897 0.044973
1 0.565245 0.623555 0.062600 0.018938
2 0.635244 0.623344 0.064266 0.018943
3 0.804829 0.623459 0.253425 0.018262
3 0.745777 0.644887 0.348424 0.018548
0 0.734053 0.634297 0.406897 0.044973
1 0.555112 0.676711 0.041767 0.018875
2 0.603862 0.676564 0.042600 0.018878
3 0.754697 0.676735 0.237592 0.018214
0 0.734281 0.676797 0.406784 0.023723
1 0.565699 0.708554 0.062600 0.018938
2 0.626949 0.708370 0.046767 0.018890
3 0.795701 0.708487 0.269258 0.018309
3 0.746231 0.729886 0.348424 0.018548
3 0.751345 0.751121 0.358424 0.018578
3 0.751458 0.772371 0.358424 0.018578
3 0.746572 0.793636 0.348424 0.018548
3 0.746686 0.814886 0.348424 0.018548
3 0.580551 0.836635 0.015927 0.017547
0 0.734792 0.772421 0.407465 0.151222
1 0.576948 0.864146 0.083433 0.019000
2 0.663614 0.863886 0.076766 0.018980
3 0.823616 0.864030 0.221758 0.018167
3 0.596648 0.885962 0.047593 0.017643
0 0.735340 0.874920 0.406897 0.044973
