1 0.086904 0.084708 0.041694 0.018784
2 0.151904 0.084656 0.075027 0.018810
3 0.303155 0.085159 0.205858 0.017666
0 0.266072 0.085188 0.406699 0.022828
1 0.097368 0.117825 0.062527 0.018800
2 0.174868 0.117762 0.079194 0.018814
3 0.344036 0.118251 0.237525 0.017692
3 0.159066 0.139650 0.110858 0.017589
0 0.266134 0.128938 0.406729 0.044078
1 0.097439 0.167200 0.062527 0.018800
2 0.162023 0.167147 0.053360 0.018793
3 0.331190 0.167636 0.263358 0.017712
3 0.277887 0.188929 0.348358 0.017781
3 0.277918 0.210179 0.348358 0.017781
3 0.167115 0.231518 0.126692 0.017602
0 0.266236 0.199563 0.406790 0.086578
1 0.087154 0.259083 0.041694 0.018784
2 0.153404 0.259029 0.077527 0.018812
3 0.282155 0.259551 0.158358 0.017628
0 0.266322 0.259563 0.406699 0.022828
1 0.087202 0.292208 0.041694 0.018784
2 0.149702 0.292157 0.070027 0.018806
3 0.298453 0.292662 0.205858 0.017666
0 0.266369 0.292688 0.406699 0.022828
1 0.108081 0.324066 0.083360 0.018817
2 0.183081 0.324006 0.053360 0.018793
3 0.339332 0.324504 0.237525 0.017692
3 0.151446 0.345906 0.095025 0.017577
0 0.266430 0.335188 0.406729 0.044078
1 0.087329 0.380958 0.041694 0.018784
2 0.158162 0.380901 0.086694 0.018820
0 0.266497 0.381438 0.406699 0.022828
1 0.108201 0.407816 0.083360 0.018817
2 0.203201 0.407739 0.093360 0.018825
3 0.363618 0.408235 0.205858 0.017666
3 0.278232 0.429554 0.348358 0.017781
3 0.278263 0.450804 0.348358 0.017781
3 0.135793 0.472169 0.063358 0.017551
0 0.266581 0.440188 0.406790 0.086578
1 0.108341 0.505316 0.083360 0.018817
2 0.187091 0.505252 0.060860 0.018799
0 0.266675 0.505813 0.406699 0.022828
1 0.097964 0.532824 0.062527 0.018800
2 0.160880 0.532774 0.050027 0.018790
3 0.331298 0.533261 0.269192 0.017717
3 0.278411 0.554554 0.348358 0.017781
3 0.278442 0.575804 0.348358 0.017781
3 0.283472 0.597050 0.358358 0.017789
3 0.259753 0.618319 0.310858 0.017751
0 0.266775 0.575813 0.406821 0.107828
1 0.108543 0.646566 0.083360 0.018817
2 0.184793 0.646504 0.055860 0.018795
3 0.342294 0.647002 0.237525 0.017692
3 0.278575 0.668304 0.348358 0.017781
3 0.278605 0.689554 0.348358 0.017781
3 0.278635 0.710804 0.348358 0.017781
3 0.278666 0.732054 0.348358 0.017781
3 0.278696 0.753304 0.348358 0.017781
3 0.167894 0.774643 0.126692 0.017602
0 0.266969 0.710813 0.406882 0.150328
1 0.098361 0.809699 0.062527 0.018800
2 0.171694 0.809640 0.070860 0.018807
3 0.305028 0.810157 0.174192 0.017640
0 0.267111 0.810188 0.406699 0.022828
1 0.087982 0.836583 0.041694 0.018784
2 0.160899 0.836524 0.090860 0.018823
3 0.335900 0.837008 0.237525 0.017692
3 0.112597 0.858438 0.015858 0.017513
0 0.267165 0.847688 0.406729 0.044078
1 0.108889 0.887816 0.083360 0.018817
2 0.189306 0.887751 0.064194 0.018802
0 0.267223 0.888313 0.406699 0.022828
1 0.563987 0.084323 0.062527 0.018800
2 0.637737 0.084264 0.071694 0.018808
3 0.803155 0.084755 0.237525 0.017692
3 0.625685 0.106148 0.110858 0.017589
0 0.732753 0.095437 0.406729 0.044078
1 0.574479 0.136815 0.083360 0.018817
2 0.651979 0.136752 0.058360 0.018797
3 0.747397 0.137300 0.110858 0.017589
0 0.732813 0.137312 0.406699 0.022828
1 0.553689 0.166832 0.041694 0.018784
2 0.618689 0.166779 0.075027 0.018810
3 0.793690 0.167263 0.253358 0.017704
3 0.744554 0.188553 0.348358 0.017781
3 0.744584 0.209803 0.348358 0.017781
3 0.697115 0.231091 0.253358 0.017704
0 0.732902 0.199187 0.406790 0.086578
1 0.553828 0.263706 0.041694 0.018784
2 0.605495 0.263665 0.048360 0.018789
0 0.732995 0.264187 0.406699 0.022828
1 0.574703 0.293065 0.083360 0.018817
2 0.651787 0.293002 0.057527 0.018796
3 0.810121 0.293500 0.237525 0.017692
3 0.728901 0.314815 0.316692 0.017755
0 0.733053 0.304187 0.406729 0.044078
1 0.564355 0.340573 0.062527 0.018800
2 0.623521 0.340525 0.042527 0.018784
0 0.733106 0.341062 0.406699 0.022828
1 0.574814 0.370565 0.083360 0.018817
2 0.659814 0.370496 0.073360 0.018809
3 0.818149 0.370993 0.221692 0.017679
3 0.744846 0.392302 0.348358 0.017781
3 0.744876 0.413552 0.348358 0.017781
3 0.610323 0.434911 0.079192 0.017564
0 0.733194 0.402937 0.406790 0.086578
1 0.564530 0.463073 0.062527 0.018800
2 0.648697 0.463005 0.092527 0.018825
0 0.733281 0.463562 0.406699 0.022828
1 0.554158 0.493706 0.041694 0.018784
2 0.626241 0.493648 0.089194 0.018822
3 0.805408 0.494129 0.247525 0.017700
3 0.681689 0.515478 0.221692 0.017679
0 0.733340 0.504812 0.406729 0.044078
1 0.560072 0.549952 0.053360 0.018793
2 0.626322 0.549898 0.065860 0.018803
3 0.796739 0.550386 0.253358 0.017704
3 0.673853 0.571735 0.205858 0.017666
0 0.733421 0.561062 0.406729 0.044078
1 0.554315 0.603081 0.041694 0.018784
2 0.632648 0.603018 0.101693 0.018832
0 0.733482 0.603562 0.406699 0.022828
1 0.575192 0.633689 0.083360 0.018817
2 0.658942 0.633622 0.070860 0.018807
3 0.816026 0.634120 0.221692 0.017679
3 0.750223 0.655423 0.358358 0.017789
3 0.745253 0.676677 0.348358 0.017781
3 0.737367 0.697934 0.332525 0.017768
0 0.733572 0.666062 0.406790 0.086578
1 0.575321 0.723689 0.083360 0.018817
2 0.658237 0.723622 0.069194 0.018806
3 0.806572 0.724128 0.205858 0.017666
0 0.733655 0.724187 0.406699 0.022828
1 0.554532 0.754956 0.041694 0.018784
2 0.602866 0.754917 0.041694 0.018784
0 0.733700 0.755437 0.406699 0.022828
1 0.554573 0.783081 0.041694 0.018784
2 0.621239 0.783027 0.078360 0.018813
3 0.797907 0.783510 0.253358 0.017704
3 0.745437 0.804802 0.348358 0.017781
3 0.745468 0.826052 0.348358 0.017781
3 0.745498 0.847302 0.348358 0.017781
3 0.745529 0.868552 0.348358 0.017781
3 0.745559 0.889802 0.348358 0.017781
3 0.721840 0.911071 0.300858 0.017743
0 0.733831 0.847312 0.406882 0.150328
