1 0.078641 0.089404 0.042063 0.019250
2 0.132384 0.088756 0.052895 0.019381
3 0.311958 0.087215 0.285338 0.020935
3 0.103690 0.110980 0.016207 0.017689
0 0.258026 0.098492 0.407552 0.048650
1 0.100530 0.138522 0.083725 0.019753
2 0.171771 0.137662 0.046229 0.019300
3 0.268855 0.137116 0.127026 0.019026
0 0.258857 0.137237 0.407097 0.027402
1 0.101214 0.170392 0.083725 0.019753
2 0.182453 0.169412 0.066227 0.019542
3 0.342029 0.168112 0.232012 0.020292
3 0.129179 0.191933 0.063700 0.018262
0 0.259768 0.179731 0.407552 0.048650
1 0.102420 0.226635 0.083725 0.019753
2 0.191992 0.225555 0.082891 0.019743
3 0.346985 0.224310 0.206182 0.019980
3 0.272867 0.246457 0.348664 0.021699
3 0.273323 0.267704 0.348664 0.021699
3 0.273778 0.288951 0.348664 0.021699
3 0.210909 0.310963 0.222013 0.020171
0 0.261658 0.267845 0.408919 0.112391
1 0.104819 0.338496 0.083725 0.019753
2 0.194391 0.337415 0.082891 0.019743
3 0.349384 0.336171 0.206182 0.019980
3 0.235688 0.358795 0.269507 0.020744
0 0.263373 0.347834 0.407552 0.048650
1 0.105891 0.388489 0.083725 0.019753
2 0.188797 0.387489 0.069560 0.019582
0 0.264217 0.387204 0.407097 0.027402
1 0.096119 0.418611 0.062894 0.019501
2 0.169443 0.417726 0.071226 0.019602
3 0.294857 0.416839 0.158688 0.019408
0 0.264861 0.417201 0.407097 0.027402
1 0.107285 0.453481 0.083725 0.019753
2 0.183109 0.452566 0.055395 0.019411
3 0.340185 0.451296 0.237845 0.020362
3 0.282731 0.473242 0.358662 0.021820
3 0.283187 0.494489 0.358662 0.021820
3 0.278643 0.515797 0.348664 0.021699
3 0.279099 0.537044 0.348664 0.021699
3 0.152905 0.559819 0.095363 0.018644
0 0.266750 0.505314 0.409375 0.133639
1 0.110207 0.589713 0.083725 0.019753
2 0.200195 0.588628 0.083725 0.019753
3 0.355605 0.587378 0.206182 0.019980
3 0.209413 0.610394 0.206182 0.019980
0 0.268761 0.599052 0.407552 0.048650
1 0.090421 0.638708 0.042063 0.019250
2 0.140832 0.638100 0.046229 0.019300
3 0.317072 0.636599 0.285338 0.020935
3 0.281699 0.658279 0.348664 0.021699
3 0.282155 0.679526 0.348664 0.021699
3 0.282610 0.700773 0.348664 0.021699
3 0.251404 0.722402 0.285338 0.020935
0 0.270490 0.679667 0.408919 0.112391
1 0.093008 0.759318 0.042063 0.019250
2 0.154250 0.758579 0.067893 0.019562
3 0.330491 0.757078 0.263675 0.020674
3 0.149720 0.780511 0.079532 0.018453
0 0.272393 0.768405 0.407552 0.048650
1 0.094187 0.814311 0.042063 0.019250
2 0.160845 0.813506 0.078725 0.019692
3 0.337503 0.812000 0.253676 0.020553
3 0.285465 0.833881 0.348664 0.021699
3 0.285921 0.855128 0.348664 0.021699
3 0.167642 0.877808 0.111194 0.018835
0 0.274028 0.844645 0.408464 0.091144
1 0.566078 0.083524 0.083725 0.019753
2 0.634402 0.082700 0.040397 0.019230
3 0.788979 0.081460 0.247843 0.020483
3 0.578212 0.105256 0.032038 0.017880
0 0.724632 0.092863 0.407552 0.048650
1 0.556788 0.136143 0.062894 0.019501
2 0.628862 0.135274 0.068727 0.019572
3 0.792605 0.133923 0.237845 0.020362
3 0.658494 0.156794 0.190351 0.019789
0 0.725758 0.145356 0.407552 0.048650
1 0.568410 0.192260 0.083725 0.019753
2 0.640484 0.191391 0.047896 0.019321
3 0.793811 0.190166 0.237845 0.020362
3 0.612207 0.213610 0.095363 0.018644
0 0.726964 0.201599 0.407552 0.048650
1 0.569589 0.247253 0.083725 0.019753
2 0.657078 0.246198 0.078725 0.019692
3 0.809988 0.244978 0.206182 0.019980
3 0.629217 0.268411 0.127026 0.019026
0 0.728143 0.256592 0.407552 0.048650
1 0.566052 0.296052 0.074559 0.019642
2 0.643542 0.295117 0.067893 0.019562
0 0.728961 0.294712 0.407097 0.027402
1 0.571291 0.326618 0.083725 0.019753
2 0.639199 0.325798 0.039564 0.019220
3 0.796276 0.324529 0.253676 0.020553
3 0.741738 0.346439 0.348664 0.021699
3 0.742194 0.367687 0.348664 0.021699
3 0.742650 0.388934 0.348664 0.021699
3 0.640202 0.411422 0.142857 0.019217
0 0.730529 0.367827 0.408919 0.112391
1 0.573838 0.445352 0.083725 0.019753
2 0.654244 0.444382 0.064560 0.019522
3 0.807988 0.443153 0.222013 0.020171
3 0.665128 0.466129 0.190351 0.019789
0 0.732392 0.454691 0.407552 0.048650
1 0.554200 0.501221 0.042063 0.019250
2 0.625857 0.500357 0.088724 0.019813
3 0.799598 0.498886 0.237845 0.020362
3 0.602996 0.522511 0.063700 0.018262
0 0.733585 0.510309 0.407552 0.048650
1 0.576076 0.549714 0.083725 0.019753
2 0.658565 0.548719 0.068727 0.019572
3 0.758982 0.548132 0.111194 0.018835
0 0.734402 0.548429 0.407097 0.027402
1 0.561681 0.578016 0.053728 0.019391
2 0.626256 0.577237 0.062894 0.019501
3 0.794997 0.575827 0.253676 0.020553
3 0.752125 0.597597 0.358662 0.021820
3 0.747582 0.618904 0.348664 0.021699
3 0.748037 0.640151 0.348664 0.021699
3 0.748493 0.661399 0.348664 0.021699
3 0.622298 0.684174 0.095363 0.018644
0 0.736144 0.629668 0.409375 0.133639
1 0.569145 0.712318 0.062894 0.019501
2 0.648302 0.711364 0.082891 0.019743
3 0.819126 0.709928 0.237845 0.020362
3 0.750007 0.732014 0.348664 0.021699
3 0.750463 0.753262 0.348664 0.021699
3 0.750919 0.774509 0.348664 0.021699
3 0.751375 0.795756 0.348664 0.021699
3 0.751830 0.817003 0.348664 0.021699
3 0.752286 0.838251 0.348664 0.021699
3 0.744826 0.859593 0.332832 0.021508
0 0.739482 0.785273 0.410286 0.176133
1 0.562509 0.888671 0.042063 0.019250
2 0.623751 0.887933 0.067893 0.019562
3 0.802908 0.886396 0.269507 0.020744
3 0.603390 0.910056 0.047869 0.018071
0 0.741894 0.897759 0.407552 0.048650
