1 0.076857 0.090438 0.042142 0.019351
2 0.135596 0.089585 0.062972 0.019653
3 0.312246 0.087647 0.269568 0.021402
3 0.189067 0.110688 0.190416 0.020253
0 0.256280 0.099086 0.407719 0.049642
1 0.078163 0.141053 0.042142 0.019351
2 0.136069 0.140213 0.061306 0.019629
0 0.257312 0.139078 0.407171 0.028396
1 0.099814 0.172620 0.083801 0.019956
2 0.184798 0.171387 0.073803 0.019810
3 0.343118 0.169714 0.222077 0.020713
3 0.183280 0.193288 0.174585 0.020024
0 0.258408 0.181571 0.407719 0.049642
1 0.101072 0.221361 0.083801 0.019956
2 0.178141 0.220242 0.057973 0.019581
3 0.336461 0.218570 0.237907 0.020942
3 0.137046 0.242718 0.079603 0.018645
0 0.259666 0.230311 0.407719 0.049642
1 0.102490 0.276350 0.083801 0.019956
2 0.191224 0.275063 0.081302 0.019919
3 0.345378 0.273451 0.206246 0.020483
3 0.273023 0.295755 0.348720 0.022551
3 0.273571 0.317001 0.348720 0.022551
3 0.187052 0.339510 0.174585 0.020024
0 0.261632 0.306547 0.408815 0.092134
1 0.104973 0.372582 0.083801 0.019956
2 0.179959 0.371494 0.053807 0.019520
0 0.263293 0.370910 0.407171 0.028396
1 0.105698 0.400702 0.083801 0.019956
2 0.184017 0.399566 0.060472 0.019617
3 0.343587 0.397875 0.237907 0.020942
3 0.276231 0.420107 0.348720 0.022551
3 0.276779 0.441353 0.348720 0.022551
3 0.277327 0.462599 0.348720 0.022551
3 0.277875 0.483845 0.348720 0.022551
0 0.265114 0.441522 0.409363 0.113380
1 0.108729 0.518180 0.083801 0.019956
2 0.193297 0.516953 0.072970 0.019798
3 0.319539 0.515746 0.158755 0.019794
0 0.267049 0.516508 0.407171 0.028396
1 0.088722 0.550351 0.042142 0.019351
2 0.154543 0.549396 0.077136 0.019859
3 0.335358 0.547398 0.263735 0.021317
3 0.248423 0.569913 0.285398 0.021632
0 0.268145 0.559000 0.407719 0.049642
1 0.089979 0.599092 0.042142 0.019351
2 0.141636 0.598343 0.048808 0.019448
0 0.269128 0.597118 0.407171 0.028396
1 0.090672 0.625962 0.042142 0.019351
2 0.146495 0.625152 0.057140 0.019569
3 0.320229 0.623256 0.269568 0.021402
3 0.282034 0.645065 0.348720 0.022551
3 0.116363 0.668723 0.016282 0.017726
0 0.270370 0.645234 0.408267 0.070888
1 0.092687 0.704073 0.042142 0.019351
2 0.160175 0.703093 0.080469 0.019907
3 0.337658 0.701143 0.253737 0.021172
3 0.284049 0.723175 0.348720 0.022551
3 0.284597 0.744421 0.348720 0.022551
3 0.285145 0.765667 0.348720 0.022551
3 0.277778 0.787028 0.332889 0.022321
0 0.272933 0.744590 0.409363 0.113380
1 0.095718 0.821551 0.042142 0.019351
2 0.170287 0.820469 0.094633 0.020113
3 0.346937 0.818530 0.237907 0.020942
3 0.128776 0.842950 0.032112 0.017956
0 0.275141 0.830199 0.407719 0.049642
1 0.097104 0.875291 0.042142 0.019351
2 0.154177 0.874462 0.059639 0.019605
3 0.329160 0.872548 0.269568 0.021402
3 0.288466 0.894393 0.348720 0.022551
3 0.289014 0.915639 0.348720 0.022551
3 0.289562 0.936885 0.348720 0.022551
3 0.203044 0.959394 0.174585 0.020024
0 0.277350 0.915808 0.409363 0.113380
1 0.543436 0.083667 0.042142 0.019351
2 0.593844 0.082935 0.046308 0.019411
0 0.722586 0.081692 0.407171 0.028396
1 0.565040 0.113359 0.083801 0.019956
2 0.639192 0.112283 0.052141 0.019496
3 0.794596 0.110653 0.237907 0.020942
3 0.601014 0.134716 0.079603 0.018645
0 0.723633 0.122310 0.407719 0.049642
1 0.555898 0.162876 0.062972 0.019653
2 0.640466 0.161649 0.093799 0.020101
3 0.808784 0.159831 0.222077 0.020713
3 0.689354 0.182818 0.253737 0.021172
0 0.724907 0.171676 0.407719 0.049642
1 0.546725 0.211143 0.042142 0.019351
2 0.614629 0.210158 0.081302 0.019919
3 0.792528 0.208201 0.253737 0.021172
3 0.643105 0.231624 0.158755 0.019794
0 0.726148 0.219791 0.407719 0.049642
1 0.558429 0.260983 0.062972 0.019653
2 0.625084 0.260015 0.057973 0.019581
0 0.727164 0.259159 0.407171 0.028396
1 0.548821 0.292378 0.042142 0.019351
2 0.606726 0.291538 0.061306 0.019629
0 0.727970 0.290403 0.407171 0.028396
1 0.549530 0.319873 0.042142 0.019351
2 0.622850 0.318809 0.092133 0.020076
0 0.728679 0.317898 0.407171 0.028396
1 0.550223 0.346743 0.042142 0.019351
2 0.612711 0.345836 0.070471 0.019762
0 0.729372 0.344768 0.407171 0.028396
1 0.561396 0.375961 0.062972 0.019653
2 0.635132 0.374891 0.072137 0.019786
3 0.792618 0.373231 0.222077 0.020713
0 0.730130 0.374138 0.407171 0.028396
1 0.572487 0.402055 0.083801 0.019956
2 0.651223 0.400912 0.061306 0.019629
3 0.811209 0.399216 0.237907 0.020942
3 0.655953 0.422723 0.174585 0.020024
0 0.731081 0.411006 0.407719 0.049642
1 0.553125 0.459222 0.042142 0.019351
2 0.607698 0.458430 0.054640 0.019532
3 0.788097 0.456437 0.285398 0.021632
3 0.744487 0.478324 0.348720 0.022551
3 0.734203 0.499727 0.327057 0.022236
0 0.732822 0.478493 0.408267 0.070888
1 0.565345 0.529057 0.062972 0.019653
2 0.624084 0.528205 0.042142 0.019351
3 0.790319 0.526418 0.269568 0.021402
3 0.746292 0.548311 0.348720 0.022551
3 0.746840 0.569557 0.348720 0.022551
3 0.747388 0.590803 0.348720 0.022551
3 0.747936 0.612049 0.348720 0.022551
3 0.753484 0.633222 0.358718 0.022696
3 0.749033 0.654541 0.348720 0.022551
3 0.591277 0.678084 0.032112 0.017956
0 0.735998 0.601595 0.411008 0.177118
1 0.570004 0.709649 0.062972 0.019653
2 0.629576 0.708784 0.043809 0.019375
3 0.733323 0.707904 0.142925 0.019564
0 0.738738 0.707825 0.407171 0.028396
1 0.581257 0.741991 0.083801 0.019956
2 0.650827 0.740982 0.042976 0.019363
3 0.809564 0.739303 0.253737 0.021172
3 0.601401 0.763578 0.047942 0.018186
0 0.739851 0.750942 0.407719 0.049642
1 0.572196 0.794633 0.062972 0.019653
2 0.653014 0.793460 0.086301 0.019992
3 0.778007 0.792271 0.142925 0.019564
0 0.740931 0.792809 0.407171 0.028396
1 0.573115 0.830251 0.062972 0.019653
2 0.647685 0.829169 0.073803 0.019810
0 0.741850 0.828428 0.407171 0.028396
1 0.563490 0.861021 0.042142 0.019351
2 0.613481 0.860296 0.045475 0.019399
0 0.742640 0.859047 0.407171 0.028396
1 0.564184 0.887891 0.042142 0.019351
2 0.628338 0.886960 0.073803 0.019810
3 0.802488 0.885058 0.253737 0.021172
3 0.760544 0.906921 0.358718 0.022696
3 0.761093 0.928167 0.358718 0.022696
3 0.761641 0.949413 0.358718 0.022696
3 0.757190 0.970732 0.348720 0.022551
3 0.757738 0.991978 0.348720 0.022551
3 0.723709 1.000000 0.279566 0.021547
0 0.744977 0.949655 0.410460 0.155872
