1 0.092547 0.087327 0.062740 0.019205
2 0.153794 0.086880 0.046908 0.019089
3 0.322544 0.086275 0.269381 0.019462
3 0.273238 0.107885 0.348544 0.020040
3 0.278514 0.129098 0.358543 0.020113
3 0.250041 0.150557 0.301046 0.019693
0 0.261710 0.118595 0.407766 0.089212
1 0.093795 0.183573 0.062740 0.019205
2 0.162125 0.183074 0.061074 0.019193
0 0.262545 0.182967 0.406939 0.025465
1 0.083751 0.212397 0.041908 0.019053
2 0.138749 0.211996 0.055241 0.019150
3 0.319582 0.211302 0.285213 0.019578
3 0.274859 0.232879 0.348544 0.020040
3 0.275135 0.254128 0.348544 0.020040
3 0.275410 0.275377 0.348544 0.020040
3 0.275686 0.296626 0.348544 0.020040
3 0.280961 0.317839 0.358543 0.020113
3 0.281237 0.339088 0.358543 0.020113
3 0.213182 0.360835 0.221883 0.019116
0 0.263882 0.286087 0.408868 0.174208
1 0.086142 0.396764 0.041908 0.019053
2 0.143223 0.396347 0.059407 0.019181
3 0.318222 0.395696 0.269381 0.019462
0 0.265308 0.396082 0.406939 0.025465
1 0.102796 0.427894 0.074406 0.019290
2 0.179043 0.427337 0.065240 0.019223
3 0.317378 0.426953 0.190218 0.018885
0 0.265713 0.427330 0.406939 0.025465
1 0.086928 0.457386 0.041908 0.019053
2 0.146092 0.456954 0.063573 0.019211
3 0.323175 0.456288 0.269381 0.019462
3 0.206789 0.478387 0.206051 0.019000
0 0.266232 0.467328 0.407215 0.046714
1 0.098001 0.507932 0.062740 0.019205
2 0.179247 0.507340 0.086906 0.019381
0 0.266751 0.507327 0.406939 0.025465
1 0.098430 0.541056 0.062740 0.019205
2 0.183009 0.540439 0.093572 0.019430
3 0.353426 0.539821 0.226050 0.019146
3 0.168294 0.562422 0.126888 0.018423
0 0.267318 0.551074 0.407215 0.046714
1 0.109462 0.588478 0.083573 0.019357
2 0.188625 0.587900 0.061907 0.019199
3 0.349042 0.587355 0.237716 0.019231
3 0.279738 0.609112 0.348544 0.020040
3 0.280013 0.630361 0.348544 0.020040
3 0.280289 0.651610 0.348544 0.020040
3 0.280564 0.672859 0.348544 0.020040
3 0.280840 0.694108 0.348544 0.020040
3 0.146538 0.716338 0.079390 0.018077
0 0.268623 0.651695 0.408592 0.152959
1 0.111504 0.745970 0.083573 0.019357
2 0.190250 0.745396 0.061074 0.019193
0 0.269838 0.745440 0.406939 0.025465
1 0.111942 0.779718 0.083573 0.019357
2 0.193605 0.779123 0.066907 0.019235
3 0.348605 0.778617 0.221883 0.019116
3 0.274301 0.800410 0.332711 0.019924
0 0.270414 0.789813 0.407215 0.046714
1 0.102142 0.827292 0.062740 0.019205
2 0.177971 0.826739 0.076073 0.019302
3 0.345471 0.826142 0.237716 0.019231
3 0.187838 0.848543 0.158553 0.018654
0 0.271029 0.837311 0.407215 0.046714
1 0.092406 0.879866 0.041908 0.019053
2 0.151153 0.879437 0.062740 0.019205
3 0.327820 0.878774 0.269381 0.019462
3 0.156853 0.901272 0.095222 0.018192
0 0.271710 0.889808 0.407215 0.046714
1 0.569607 0.083848 0.083573 0.019357
2 0.639188 0.083340 0.042741 0.019059
3 0.797938 0.082807 0.253548 0.019347
3 0.708218 0.104713 0.285213 0.019578
0 0.728079 0.093942 0.407215 0.046714
1 0.549488 0.138997 0.041908 0.019053
2 0.629484 0.138414 0.105238 0.019515
3 0.803651 0.137768 0.221883 0.019116
3 0.613936 0.160403 0.095222 0.018192
0 0.728792 0.148940 0.407215 0.046714
1 0.560618 0.193918 0.062740 0.019205
2 0.633114 0.193390 0.069407 0.019254
0 0.729368 0.193313 0.406939 0.025465
1 0.561063 0.228292 0.062740 0.019205
2 0.631477 0.227778 0.065240 0.019223
3 0.801477 0.227163 0.253548 0.019347
3 0.741755 0.248850 0.348544 0.020040
3 0.742031 0.270099 0.348544 0.020040
3 0.742306 0.291348 0.348544 0.020040
3 0.742582 0.312597 0.348544 0.020040
3 0.592448 0.334943 0.047725 0.017846
0 0.730502 0.280809 0.408317 0.131710
1 0.573262 0.365709 0.083573 0.019357
2 0.663675 0.365050 0.084406 0.019363
3 0.819509 0.364538 0.206051 0.019000
3 0.748538 0.386307 0.358543 0.020113
3 0.748813 0.407556 0.358543 0.020113
3 0.744089 0.428841 0.348544 0.020040
3 0.744364 0.450090 0.348544 0.020040
3 0.705058 0.471628 0.269381 0.019462
0 0.732285 0.418302 0.408317 0.131710
1 0.564629 0.503279 0.062740 0.019205
2 0.634626 0.502768 0.064407 0.019217
3 0.804209 0.502156 0.253548 0.019347
3 0.618660 0.524761 0.095222 0.018192
0 0.733517 0.513298 0.407215 0.046714
1 0.554942 0.559602 0.041908 0.019053
2 0.608273 0.559213 0.051907 0.019126
3 0.784523 0.558553 0.279380 0.019535
3 0.746050 0.580084 0.348544 0.020040
3 0.746326 0.601333 0.348544 0.020040
3 0.746601 0.622582 0.348544 0.020040
3 0.746877 0.643831 0.348544 0.020040
3 0.691738 0.665484 0.237716 0.019231
0 0.734797 0.612043 0.408317 0.131710
1 0.577541 0.695694 0.083573 0.019357
2 0.662120 0.695077 0.072740 0.019278
3 0.820038 0.694550 0.221883 0.019116
3 0.660737 0.716963 0.174385 0.018769
0 0.736013 0.705788 0.407215 0.046714
1 0.567838 0.750767 0.062740 0.019205
2 0.633252 0.750290 0.055241 0.019150
3 0.798252 0.749712 0.253548 0.019347
3 0.645618 0.772076 0.142720 0.018538
0 0.736726 0.760786 0.407215 0.046714
1 0.578959 0.805064 0.083573 0.019357
2 0.671038 0.804392 0.087739 0.019387
3 0.828539 0.803868 0.206051 0.019000
3 0.630490 0.826564 0.111055 0.018308
0 0.737431 0.815158 0.407215 0.046714
1 0.558751 0.853338 0.041908 0.019053
2 0.608748 0.852974 0.045241 0.019077
3 0.776665 0.852374 0.269381 0.019462
0 0.737917 0.852656 0.406939 0.025465
1 0.569548 0.882636 0.062740 0.019205
2 0.647461 0.882068 0.080239 0.019333
3 0.814128 0.881477 0.231883 0.019189
3 0.671077 0.903771 0.190218 0.018885
0 0.738436 0.892655 0.407215 0.046714
