3 0.509332 0.034592 0.981336 0.047868
0 0.115010 0.075369 0.063234 0.020171
1 0.174149 0.076722 0.043243 0.019714
2 0.340712 0.081161 0.269753 0.023650
2 0.294453 0.101362 0.348883 0.025462
2 0.293588 0.122602 0.348883 0.025462
2 0.297722 0.143956 0.358878 0.025691
2 0.291860 0.165082 0.348883 0.025462
2 0.148561 0.183062 0.064016 0.018941
0 0.119727 0.215542 0.084057 0.020648
1 0.195108 0.217267 0.054904 0.019981
2 0.351677 0.221477 0.238101 0.022926
2 0.288758 0.241296 0.348883 0.025462
2 0.287894 0.262536 0.348883 0.025462
2 0.231638 0.282509 0.238101 0.022926
0 0.095115 0.308147 0.042410 0.019695
1 0.154254 0.309501 0.064067 0.020190
2 0.331230 0.314177 0.269753 0.023650
2 0.284970 0.334378 0.348883 0.025462
2 0.284106 0.355618 0.348883 0.025462
2 0.283241 0.376858 0.348883 0.025462
2 0.171595 0.395562 0.127320 0.020390
0 0.100875 0.422707 0.063234 0.020171
1 0.190833 0.424766 0.104881 0.021125
2 0.356564 0.429185 0.206449 0.022201
2 0.280318 0.448700 0.348883 0.025462
2 0.279453 0.469940 0.348883 0.025462
2 0.278589 0.491180 0.348883 0.025462
2 0.282722 0.512534 0.358878 0.025691
2 0.276860 0.533660 0.348883 0.025462
2 0.280994 0.555015 0.358878 0.025691
2 0.275132 0.576140 0.348883 0.025462
2 0.210963 0.595931 0.222275 0.022564
0 0.082124 0.627373 0.042410 0.019695
1 0.145428 0.628822 0.072396 0.020381
2 0.326569 0.633594 0.269753 0.023650
2 0.276977 0.653719 0.358878 0.025691
2 0.276113 0.674959 0.358878 0.025691
2 0.270251 0.696085 0.348883 0.025462
2 0.269386 0.717325 0.348883 0.025462
2 0.268522 0.738565 0.348883 0.025462
2 0.259744 0.759624 0.333057 0.025099
0 0.075820 0.782301 0.042410 0.019695
1 0.133293 0.783617 0.060735 0.020114
2 0.308603 0.788255 0.269753 0.023650
2 0.270672 0.808647 0.358878 0.025691
2 0.264810 0.829772 0.348883 0.025462
2 0.263946 0.851012 0.348883 0.025462
0 0.092678 0.880232 0.084057 0.020648
1 0.163061 0.881844 0.044909 0.019752
2 0.322545 0.886120 0.253927 0.023288
2 0.111362 0.902545 0.048190 0.018579
0 0.581459 0.086046 0.063234 0.020171
1 0.659756 0.087838 0.081558 0.020591
2 0.826736 0.092286 0.232271 0.022792
2 0.765900 0.112153 0.358878 0.025691
2 0.760038 0.133279 0.348883 0.025462
2 0.632566 0.151621 0.095668 0.019665
0 0.588159 0.177492 0.084057 0.020648
1 0.659793 0.179132 0.047408 0.019809
2 0.817610 0.183370 0.248097 0.023155
2 0.757190 0.203246 0.348883 0.025462
2 0.756326 0.224487 0.348883 0.025462
2 0.665504 0.243667 0.168967 0.021343
0 0.563319 0.275719 0.042410 0.019695
1 0.625373 0.277140 0.069897 0.020324
0 0.561972 0.308829 0.042410 0.019695
1 0.620694 0.310173 0.063234 0.020171
2 0.797253 0.314840 0.269753 0.023650
2 0.751826 0.335060 0.348883 0.025462
2 0.750962 0.356300 0.348883 0.025462
2 0.750098 0.377540 0.348883 0.025462
2 0.630538 0.396063 0.111494 0.020028
0 0.557167 0.426899 0.042410 0.019695
1 0.609642 0.428100 0.050739 0.019885
2 0.787867 0.432805 0.285579 0.024013
2 0.752019 0.453244 0.358878 0.025691
2 0.595810 0.470929 0.048190 0.018579
0 0.564604 0.500228 0.063234 0.020171
1 0.625409 0.501620 0.046575 0.019790
0 0.552870 0.532475 0.042410 0.019695
1 0.609511 0.533771 0.059069 0.020076
2 0.783987 0.538391 0.269753 0.023650
2 0.742725 0.558706 0.348883 0.025462
2 0.741861 0.579946 0.348883 0.025462
2 0.709344 0.600462 0.285579 0.024013
0 0.548981 0.628055 0.042410 0.019695
1 0.602706 0.629285 0.053238 0.019942
2 0.782180 0.634019 0.285579 0.024013
2 0.738835 0.654286 0.348883 0.025462
2 0.742969 0.675641 0.358878 0.025691
2 0.737107 0.696767 0.348883 0.025462
2 0.617548 0.715290 0.111494 0.020028
0 0.565076 0.744728 0.084057 0.020648
1 0.652535 0.746730 0.079060 0.020534
2 0.805355 0.750853 0.206449 0.022201
2 0.734107 0.770482 0.348883 0.025462
2 0.733243 0.791722 0.348883 0.025462
2 0.589944 0.809702 0.064016 0.018941
0 0.540363 0.839832 0.042410 0.019695
1 0.604083 0.841290 0.073229 0.020400
2 0.777727 0.845890 0.253927 0.023288
2 0.730217 0.866063 0.348883 0.025462
2 0.618571 0.884767 0.127320 0.020390
