0 0.26666666666666666 0.120625 0.4 0.09125
0 0.26666666666666666 0.253125 0.4 0.13875
0 0.26666666666666666 0.385625 0.4 0.09125
0 0.26666666666666666 0.470625 0.4 0.04375
0 0.26666666666666666 0.54375 0.4 0.0675
0 0.26666666666666666 0.62875 0.4 0.0675
0 0.26666666666666666 0.701875 0.4 0.04375
0 0.26666666666666666 0.775 0.4 0.0675
0 0.26666666666666666 0.83625 0.4 0.02
0 0.26666666666666666 0.909375 0.4 0.09125
0 0.7333333333333333 0.096875 0.4 0.04375
0 0.7333333333333333 0.205625 0.4 0.13875
0 0.7333333333333333 0.314375 0.4 0.04375
0 0.7333333333333333 0.41125 0.4 0.115
0 0.7333333333333333 0.531875 0.4 0.09125
0 0.7333333333333333 0.62875 0.4 0.0675
0 0.7333333333333333 0.7375 0.4 0.115
0 0.7333333333333333 0.84625 0.4 0.0675
