3 0.494086 0.038839 0.988172 0.039701
0 0.087128 0.090368 0.062978 0.019665
1 0.152532 0.089406 0.055480 0.019555
0 0.098327 0.120209 0.083807 0.019972
1 0.165398 0.119222 0.037983 0.019298
2 0.321634 0.117549 0.253742 0.021222
2 0.118479 0.141792 0.047948 0.018195
0 0.078936 0.175505 0.042149 0.019359
1 0.138091 0.174634 0.063811 0.019678
2 0.315157 0.172655 0.269572 0.021455
2 0.275303 0.194496 0.358722 0.022766
2 0.215454 0.216630 0.237912 0.020989
0 0.091278 0.249087 0.062978 0.019665
1 0.162931 0.248033 0.067977 0.019739
2 0.326250 0.246256 0.237912 0.020989
0 0.081697 0.281109 0.042149 0.019359
1 0.146685 0.280153 0.075476 0.019849
2 0.321667 0.278205 0.253742 0.021222
2 0.130593 0.302269 0.063779 0.018428
0 0.083102 0.334849 0.042149 0.019359
1 0.143507 0.333960 0.066311 0.019715
2 0.321823 0.331963 0.269572 0.021455
2 0.187404 0.355194 0.174591 0.020058
0 0.105320 0.387657 0.083807 0.019972
1 0.176140 0.386616 0.045482 0.019408
0 0.085243 0.416708 0.042149 0.019359
1 0.146481 0.415807 0.067977 0.019739
0 0.096344 0.442800 0.062978 0.019665
1 0.165914 0.441777 0.063811 0.019678
0 0.097128 0.472794 0.062978 0.019665
1 0.162949 0.471826 0.056313 0.019567
2 0.328350 0.470018 0.253742 0.021222
0 0.097814 0.499039 0.062978 0.019665
1 0.164051 0.498065 0.057146 0.019580
2 0.314039 0.496484 0.222082 0.020756
0 0.088249 0.531686 0.042149 0.019359
1 0.144905 0.530853 0.058812 0.019604
2 0.319471 0.528910 0.269572 0.021455
2 0.279618 0.550751 0.348724 0.022619
2 0.280173 0.571996 0.348724 0.022619
2 0.280729 0.593242 0.348724 0.022619
2 0.281284 0.614488 0.348724 0.022619
2 0.281840 0.635734 0.348724 0.022619
2 0.282395 0.656980 0.348724 0.022619
2 0.180054 0.679739 0.142930 0.019592
0 0.103272 0.707749 0.062978 0.019665
1 0.188255 0.706499 0.094639 0.020131
2 0.356989 0.704642 0.222082 0.020756
2 0.173413 0.728597 0.127100 0.019359
0 0.104677 0.761489 0.062978 0.019665
1 0.168415 0.760551 0.052147 0.019506
2 0.331733 0.758774 0.253742 0.021222
2 0.285631 0.780706 0.348724 0.022619
2 0.278271 0.802069 0.332894 0.022386
0 0.096272 0.838502 0.042149 0.019359
1 0.157093 0.837607 0.067144 0.019727
2 0.332909 0.835647 0.263740 0.021369
2 0.153083 0.859546 0.079609 0.018661
0 0.097742 0.894741 0.042149 0.019359
1 0.153982 0.893914 0.057979 0.019592
2 0.333130 0.891904 0.279571 0.021602
2 0.194129 0.915203 0.158760 0.019825
0 0.564120 0.083352 0.083807 0.019972
1 0.646604 0.082139 0.068810 0.019751
0 0.564806 0.109597 0.083807 0.019972
1 0.646041 0.108402 0.066311 0.019715
2 0.800610 0.106754 0.222082 0.020756
2 0.735345 0.128968 0.348724 0.022619
2 0.735901 0.150214 0.348724 0.022619
2 0.736456 0.171460 0.348724 0.022619
2 0.737012 0.192706 0.348724 0.022619
2 0.737568 0.213951 0.348724 0.022619
2 0.740206 0.235167 0.352890 0.022680
2 0.738679 0.256443 0.348724 0.022619
2 0.644252 0.279086 0.158760 0.019825
0 0.549336 0.314864 0.042149 0.019359
1 0.602243 0.314086 0.051314 0.019494
2 0.778059 0.312125 0.279571 0.021602
2 0.740705 0.333928 0.348724 0.022619
2 0.741260 0.355174 0.348724 0.022619
2 0.733901 0.376537 0.332894 0.022386
0 0.572682 0.410789 0.083807 0.019972
1 0.644335 0.409735 0.047148 0.019433
2 0.802237 0.408038 0.247910 0.021136
2 0.743221 0.430160 0.348724 0.022619
2 0.743776 0.451406 0.348724 0.022619
2 0.744332 0.472652 0.348724 0.022619
2 0.744888 0.493898 0.348724 0.022619
2 0.745443 0.515144 0.348724 0.022619
2 0.595611 0.538601 0.047948 0.018195
0 0.556084 0.572939 0.042149 0.019359
1 0.611074 0.572130 0.055480 0.019555
2 0.760228 0.570562 0.222082 0.020756
0 0.567430 0.608404 0.062978 0.019665
1 0.641583 0.607314 0.072976 0.019813
2 0.807401 0.605500 0.237912 0.020989
2 0.582166 0.630067 0.016288 0.017729
0 0.579316 0.664490 0.083807 0.019972
1 0.661383 0.663283 0.067977 0.019739
2 0.816786 0.661623 0.222082 0.020756
2 0.607382 0.685957 0.063779 0.018428
0 0.570306 0.718383 0.062978 0.019665
1 0.645292 0.717280 0.074643 0.019837
2 0.788197 0.715803 0.190421 0.020291
0 0.581619 0.752598 0.083807 0.019972
1 0.661187 0.751428 0.062978 0.019665
0 0.582420 0.783217 0.083807 0.019972
1 0.656156 0.782133 0.051314 0.019494
2 0.811142 0.780478 0.237912 0.020989
2 0.602571 0.804800 0.047948 0.018195
0 0.573460 0.838985 0.062978 0.019665
1 0.644279 0.837943 0.066311 0.019715
2 0.814679 0.836062 0.253742 0.021222
2 0.711922 0.858828 0.263740 0.021369
0 0.585328 0.894446 0.083807 0.019972
1 0.667813 0.893233 0.068810 0.019751
2 0.823632 0.891566 0.222082 0.020756
2 0.676716 0.914981 0.190421 0.020291
