1 0.220833 0.085938 0.160000 0.021875
0 0.266667 0.095312 0.400000 0.040625
1 0.156667 0.138437 0.078333 0.021875
0 0.266667 0.138437 0.400000 0.021875
1 0.153750 0.167813 0.072500 0.021875
0 0.266667 0.167813 0.400000 0.021875
1 0.143333 0.200313 0.051667 0.021875
0 0.266667 0.200313 0.400000 0.021875
1 0.164167 0.231563 0.093333 0.021875
0 0.266667 0.231563 0.400000 0.021875
1 0.209167 0.260313 0.090000 0.021875
0 0.266667 0.279062 0.400000 0.059375
1 0.183333 0.329062 0.131667 0.021875
0 0.266667 0.329062 0.400000 0.021875
1 0.155000 0.360938 0.075000 0.021875
0 0.266667 0.360938 0.400000 0.021875
1 0.231250 0.394062 0.134167 0.021875
0 0.266667 0.394062 0.400000 0.021875
1 0.176667 0.427812 0.118333 0.021875
0 0.266667 0.437188 0.400000 0.040625
1 0.179583 0.477187 0.124167 0.021875
0 0.266667 0.486563 0.400000 0.040625
1 0.193750 0.529062 0.059167 0.021875
0 0.266667 0.585313 0.400000 0.134375
1 0.178333 0.673438 0.121667 0.021875
0 0.266667 0.682813 0.400000 0.040625
1 0.172083 0.720938 0.109167 0.021875
0 0.266667 0.720938 0.400000 0.021875
1 0.219583 0.752188 0.110833 0.021875
0 0.266667 0.761563 0.400000 0.040625
1 0.198750 0.800937 0.069167 0.021875
0 0.266667 0.866563 0.400000 0.153125
1 0.703333 0.085938 0.145000 0.021875
0 0.733333 0.095312 0.400000 0.040625
1 0.648333 0.134687 0.081667 0.021875
0 0.733333 0.144063 0.400000 0.040625
1 0.667917 0.185938 0.074167 0.021875
0 0.733333 0.195312 0.400000 0.040625
1 0.647917 0.237813 0.080833 0.021875
0 0.733333 0.237813 0.400000 0.021875
1 0.614583 0.267813 0.060833 0.021875
0 0.733333 0.267813 0.400000 0.021875
1 0.632083 0.295938 0.049167 0.021875
0 0.733333 0.352187 0.400000 0.134375
1 0.669167 0.440937 0.076667 0.021875
0 0.733333 0.497188 0.400000 0.134375
1 0.634167 0.587812 0.100000 0.021875
0 0.733333 0.597187 0.400000 0.040625
1 0.670000 0.636563 0.125000 0.021875
0 0.733333 0.683438 0.400000 0.115625
1 0.647917 0.764687 0.127500 0.021875
0 0.733333 0.764687 0.400000 0.021875
1 0.705833 0.793438 0.150000 0.021875
0 0.733333 0.802813 0.400000 0.040625
1 0.682500 0.843437 0.103333 0.021875
0 0.733333 0.852812 0.400000 0.040625
1 0.687917 0.895312 0.160833 0.021875
0 0.733333 0.895312 0.400000 0.021875
