3 0.493654 0.032601 0.987309 0.040551
0 0.096923 0.090557 0.083834 0.020042
1 0.184821 0.089190 0.079668 0.019978
2 0.343137 0.087351 0.216271 0.020854
2 0.117107 0.112123 0.047974 0.018235
0 0.087891 0.140709 0.063005 0.019718
1 0.157043 0.139633 0.063005 0.019718
2 0.286199 0.138248 0.174613 0.020206
0 0.099257 0.174914 0.083834 0.020042
1 0.187571 0.173540 0.080501 0.019990
2 0.341305 0.171773 0.206273 0.020698
2 0.151100 0.195987 0.111293 0.019220
0 0.079845 0.226477 0.042176 0.019394
1 0.147331 0.225427 0.080501 0.019990
2 0.324810 0.223291 0.253763 0.021437
2 0.120858 0.247719 0.047974 0.018235
0 0.081245 0.277091 0.042176 0.019394
1 0.147064 0.276067 0.077169 0.019939
2 0.322877 0.273957 0.253763 0.021437
2 0.217238 0.296855 0.237933 0.021191
0 0.082801 0.333329 0.042176 0.019394
1 0.146537 0.332338 0.073003 0.019874
2 0.320267 0.330260 0.253763 0.021437
0 0.083544 0.360199 0.042176 0.019394
1 0.147280 0.359207 0.073003 0.019874
2 0.321010 0.357129 0.253763 0.021437
2 0.267026 0.379223 0.332912 0.022669
0 0.095531 0.416899 0.063005 0.019718
1 0.156768 0.415946 0.047175 0.019472
2 0.246350 0.415178 0.111293 0.019220
0 0.085981 0.448305 0.042176 0.019394
1 0.162215 0.447118 0.097998 0.020263
2 0.337611 0.445014 0.232101 0.021100
2 0.126994 0.469546 0.047974 0.018235
0 0.108279 0.501094 0.083834 0.020042
1 0.183263 0.499927 0.053840 0.019576
2 0.339497 0.498121 0.237933 0.021191
2 0.136378 0.522537 0.063804 0.018481
0 0.099334 0.554370 0.063005 0.019718
1 0.167236 0.553313 0.060506 0.019679
2 0.334717 0.551332 0.253763 0.021437
2 0.161592 0.575281 0.111293 0.019220
0 0.090458 0.610145 0.042176 0.019394
1 0.161276 0.609043 0.087167 0.020094
2 0.339172 0.606900 0.247931 0.021346
2 0.286854 0.628969 0.358740 0.023071
2 0.287442 0.650214 0.358740 0.023071
2 0.283031 0.671537 0.348742 0.022915
2 0.283618 0.692783 0.348742 0.022915
2 0.284206 0.714028 0.348742 0.022915
2 0.189814 0.736751 0.158783 0.019959
0 0.105349 0.771823 0.063005 0.019718
1 0.184499 0.770591 0.083001 0.020029
0 0.095920 0.807602 0.042176 0.019394
1 0.171321 0.806429 0.096331 0.020237
2 0.348800 0.804293 0.237933 0.021191
2 0.287317 0.826504 0.348742 0.022915
2 0.287905 0.847749 0.348742 0.022915
2 0.288493 0.868995 0.348742 0.022915
2 0.289080 0.890240 0.348742 0.022915
2 0.265923 0.911855 0.301253 0.022176
0 0.563489 0.083298 0.083834 0.020042
1 0.641806 0.082079 0.060506 0.019679
2 0.801372 0.080221 0.237933 0.021191
2 0.675737 0.103431 0.232101 0.021100
0 0.544130 0.136735 0.042176 0.019394
1 0.595785 0.135932 0.048841 0.019498
2 0.773264 0.133795 0.285423 0.021930
2 0.585143 0.157977 0.047974 0.018235
0 0.545547 0.187974 0.042176 0.019394
1 0.592620 0.187242 0.039677 0.019355
2 0.773432 0.185054 0.301253 0.022176
2 0.610305 0.208846 0.095464 0.018974
0 0.567776 0.238264 0.083834 0.020042
1 0.650258 0.236981 0.068837 0.019809
0 0.547690 0.265458 0.042176 0.019394
1 0.609344 0.264498 0.068837 0.019809
2 0.788906 0.262329 0.269593 0.021684
2 0.604533 0.286453 0.079634 0.018728
0 0.549160 0.318571 0.042176 0.019394
1 0.612063 0.317592 0.071337 0.019848
2 0.792874 0.315404 0.269593 0.021684
2 0.740557 0.337473 0.348742 0.022915
2 0.741145 0.358718 0.348742 0.022915
2 0.741732 0.379964 0.348742 0.022915
2 0.742320 0.401209 0.348742 0.022915
2 0.576693 0.425041 0.016314 0.017743
0 0.573757 0.454468 0.083834 0.020042
1 0.654156 0.453217 0.064671 0.019744
2 0.807890 0.451450 0.222103 0.020945
2 0.625601 0.475541 0.111293 0.019220
0 0.554362 0.506656 0.042176 0.019394
1 0.624764 0.505560 0.086333 0.020081
0 0.555088 0.532900 0.042176 0.019394
1 0.613826 0.531986 0.063005 0.019718
2 0.790472 0.529863 0.269593 0.021684
2 0.746486 0.551802 0.348742 0.022915
2 0.580859 0.575633 0.016314 0.017743
0 0.557024 0.602885 0.042176 0.019394
1 0.620344 0.601900 0.072170 0.019861
2 0.801572 0.599705 0.269593 0.021684
2 0.661357 0.623141 0.174613 0.020206
0 0.568804 0.652087 0.063005 0.019718
1 0.640872 0.650966 0.068837 0.019809
2 0.804604 0.649043 0.237933 0.021191
2 0.670637 0.672383 0.190443 0.020452
0 0.570153 0.700827 0.063005 0.019718
1 0.644720 0.699667 0.073836 0.019887
2 0.810951 0.697705 0.237933 0.021191
2 0.751135 0.719891 0.348742 0.022915
2 0.751723 0.741136 0.348742 0.022915
2 0.673161 0.763613 0.190443 0.020452
0 0.583056 0.790645 0.083834 0.020042
1 0.663455 0.789394 0.064671 0.019744
2 0.809275 0.787751 0.206273 0.020698
0 0.573454 0.820176 0.063005 0.019718
1 0.642189 0.819107 0.062172 0.019705
2 0.810504 0.817113 0.253763 0.021437
2 0.596138 0.841703 0.032144 0.017989
0 0.585338 0.873128 0.083834 0.020042
1 0.674069 0.871747 0.081334 0.020003
