1 0.107052 0.079489 0.062901 0.019516
2 0.188708 0.080493 0.087898 0.019823
3 0.359088 0.083212 0.232018 0.020345
3 0.152401 0.101924 0.079538 0.018471
0 0.275534 0.092811 0.407568 0.048742
1 0.105960 0.129482 0.062901 0.019516
2 0.168868 0.130256 0.050403 0.019362
3 0.339248 0.132975 0.269513 0.020806
3 0.285874 0.153572 0.348669 0.021779
3 0.285410 0.174819 0.348669 0.021779
3 0.284945 0.196066 0.348669 0.021779
3 0.289480 0.217375 0.358668 0.021902
3 0.284017 0.238560 0.348669 0.021779
3 0.141072 0.258056 0.063707 0.018276
0 0.273280 0.195923 0.409890 0.154978
1 0.112988 0.284589 0.083732 0.019772
2 0.204642 0.285716 0.087065 0.019813
3 0.361691 0.288272 0.206188 0.020027
3 0.282487 0.308551 0.348669 0.021779
3 0.287022 0.329860 0.358668 0.021902
3 0.281559 0.351045 0.348669 0.021779
3 0.249432 0.371903 0.285344 0.021000
0 0.270358 0.329655 0.408961 0.112484
1 0.099978 0.403195 0.062901 0.019516
2 0.162053 0.403959 0.048737 0.019342
3 0.331600 0.406668 0.269513 0.020806
0 0.268692 0.405894 0.407104 0.027495
1 0.088784 0.438688 0.042071 0.019260
2 0.166691 0.439645 0.101229 0.019987
3 0.346653 0.442483 0.237850 0.020417
3 0.279114 0.462905 0.348669 0.021779
3 0.278650 0.484152 0.348669 0.021779
3 0.278186 0.505399 0.348669 0.021779
3 0.282721 0.526708 0.358668 0.021902
3 0.282256 0.547955 0.358668 0.021902
3 0.281792 0.569202 0.358668 0.021902
3 0.133847 0.588637 0.063707 0.018276
0 0.266288 0.515880 0.410354 0.176225
1 0.095321 0.616292 0.062901 0.019516
2 0.164895 0.617147 0.063735 0.019526
3 0.334026 0.619851 0.253682 0.020611
3 0.275236 0.640381 0.348669 0.021779
3 0.279771 0.661690 0.358668 0.021902
3 0.274307 0.682876 0.348669 0.021779
3 0.273843 0.704123 0.348669 0.021779
3 0.273379 0.725370 0.348669 0.021779
3 0.122518 0.744768 0.047876 0.018081
0 0.262642 0.682732 0.409890 0.154978
1 0.081355 0.778642 0.042071 0.019260
2 0.152179 0.779513 0.087065 0.019813
3 0.330058 0.782324 0.247849 0.020540
3 0.184614 0.801789 0.174526 0.019638
0 0.260252 0.792093 0.407568 0.048742
1 0.100971 0.834516 0.083732 0.019772
2 0.191792 0.835632 0.085398 0.019792
0 0.259269 0.837087 0.407104 0.027495
1 0.100274 0.866386 0.083732 0.019772
2 0.196511 0.867569 0.096230 0.019925
0 0.258572 0.868957 0.407104 0.027495
1 0.584071 0.085353 0.083732 0.019772
2 0.674893 0.086469 0.085398 0.019792
3 0.831108 0.089014 0.206188 0.020027
3 0.753571 0.109314 0.348669 0.021779
3 0.753106 0.130561 0.348669 0.021779
3 0.752642 0.151808 0.348669 0.021779
3 0.757177 0.173117 0.358668 0.021902
3 0.601317 0.192454 0.047876 0.018081
0 0.741209 0.141041 0.409425 0.133731
1 0.570734 0.218957 0.062901 0.019516
2 0.648223 0.219909 0.079566 0.019720
3 0.793607 0.222321 0.190357 0.019833
0 0.739447 0.221656 0.407104 0.027495
1 0.580439 0.251580 0.083732 0.019772
2 0.671260 0.252697 0.085398 0.019792
3 0.827475 0.255242 0.206188 0.020027
3 0.647035 0.274277 0.142863 0.019249
0 0.738505 0.264775 0.407568 0.048742
1 0.579374 0.300324 0.083732 0.019772
2 0.658530 0.301297 0.062068 0.019505
3 0.818911 0.303893 0.237850 0.020417
3 0.748873 0.324285 0.348669 0.021779
3 0.748408 0.345532 0.348669 0.021779
3 0.747944 0.366780 0.348669 0.021779
3 0.752479 0.388088 0.358668 0.021902
3 0.628281 0.407814 0.111201 0.018860
0 0.736511 0.356013 0.409425 0.133731
1 0.566009 0.435178 0.062901 0.019516
2 0.645998 0.436161 0.084565 0.019782
3 0.770134 0.438312 0.142863 0.019249
0 0.734722 0.437877 0.407104 0.027495
1 0.565421 0.462049 0.062901 0.019516
2 0.640828 0.462976 0.075400 0.019669
3 0.807875 0.465654 0.237850 0.020417
3 0.750335 0.486200 0.358668 0.021902
3 0.744872 0.507386 0.348669 0.021779
3 0.744407 0.528633 0.348669 0.021779
3 0.748942 0.549941 0.358668 0.021902
0 0.733206 0.507242 0.408961 0.112484
1 0.562813 0.581408 0.062901 0.019516
2 0.623222 0.582151 0.045404 0.019301
3 0.775271 0.584645 0.237850 0.020417
0 0.731527 0.584107 0.407104 0.027495
1 0.572532 0.613407 0.083732 0.019772
2 0.660020 0.614482 0.078733 0.019710
3 0.812903 0.616986 0.206188 0.020027
3 0.742031 0.637368 0.348669 0.021779
3 0.741567 0.658615 0.348669 0.021779
3 0.741102 0.679862 0.348669 0.021779
3 0.740638 0.701110 0.348669 0.021779
3 0.676849 0.721578 0.222019 0.020222
0 0.729669 0.669096 0.409425 0.133731
1 0.554502 0.751954 0.053736 0.019403
2 0.615327 0.752701 0.055402 0.019423
3 0.788207 0.755452 0.269513 0.020806
3 0.738999 0.776100 0.348669 0.021779
3 0.691041 0.796763 0.253682 0.020611
0 0.727334 0.775956 0.408032 0.069989
1 0.567807 0.829628 0.083732 0.019772
2 0.641547 0.830534 0.051236 0.019372
3 0.796512 0.833064 0.237850 0.020417
3 0.737306 0.853589 0.348669 0.021779
3 0.736842 0.874836 0.348669 0.021779
3 0.736377 0.896083 0.348669 0.021779
3 0.735913 0.917331 0.348669 0.021779
3 0.735449 0.938578 0.348669 0.021779
3 0.734984 0.959825 0.348669 0.021779
3 0.687026 0.980488 0.253682 0.020611
0 0.724480 0.906564 0.410354 0.176225
