3 0.489774 0.037136 0.979547 0.050164
0 0.069128 0.094995 0.042482 0.019789
1 0.142837 0.093138 0.093287 0.021068
2 0.284035 0.090207 0.169022 0.021729
0 0.091433 0.127577 0.084126 0.020838
1 0.171388 0.125563 0.064137 0.020334
2 0.324663 0.122327 0.222325 0.023071
2 0.214843 0.146355 0.253974 0.023869
0 0.093895 0.182546 0.084126 0.020838
1 0.165105 0.180752 0.046647 0.019893
0 0.074248 0.209306 0.042482 0.019789
1 0.142543 0.207585 0.082460 0.020796
2 0.320804 0.203720 0.253974 0.023869
2 0.107709 0.230350 0.032432 0.018287
0 0.076794 0.266149 0.042482 0.019789
1 0.133845 0.264712 0.059973 0.020229
2 0.308774 0.260930 0.269798 0.024267
2 0.189377 0.285200 0.190676 0.022274
0 0.079144 0.318619 0.042482 0.019789
1 0.147439 0.316899 0.082460 0.020796
2 0.286138 0.314030 0.174852 0.021875
0 0.090786 0.345841 0.063304 0.020313
1 0.167825 0.343901 0.079128 0.020712
2 0.336508 0.340276 0.238149 0.023470
2 0.169221 0.365753 0.143203 0.021078
0 0.103602 0.399299 0.084126 0.020838
1 0.186889 0.397201 0.070800 0.020502
2 0.343495 0.393881 0.222325 0.023071
2 0.274486 0.416881 0.348920 0.026261
2 0.275437 0.438119 0.348920 0.026261
2 0.276388 0.459357 0.348920 0.026261
2 0.214042 0.482190 0.222325 0.023071
0 0.098479 0.517620 0.063304 0.020313
1 0.180100 0.515563 0.088290 0.020943
2 0.345451 0.512023 0.222325 0.023071
2 0.129441 0.538727 0.048257 0.018686
0 0.100773 0.568841 0.063304 0.020313
1 0.172399 0.567036 0.068301 0.020439
2 0.335669 0.563548 0.238149 0.023470
2 0.282067 0.586161 0.348920 0.026261
2 0.283018 0.607399 0.348920 0.026261
2 0.283970 0.628637 0.348920 0.026261
2 0.284921 0.649875 0.348920 0.026261
2 0.246311 0.672110 0.269798 0.024267
0 0.117255 0.704127 0.084126 0.020838
1 0.201374 0.702008 0.072466 0.020544
2 0.308425 0.699936 0.121549 0.020533
0 0.118514 0.732236 0.084126 0.020838
1 0.199301 0.730201 0.065803 0.020376
2 0.353409 0.726944 0.222325 0.023071
2 0.226099 0.751413 0.222325 0.023071
0 0.110229 0.779972 0.063304 0.020313
1 0.194765 0.777842 0.094120 0.021089
2 0.331382 0.775026 0.159027 0.021477
0 0.111432 0.806831 0.063304 0.020313
1 0.181809 0.805059 0.065803 0.020376
2 0.351741 0.801403 0.253974 0.023869
2 0.292726 0.824152 0.348920 0.026261
2 0.293677 0.845390 0.348920 0.026261
2 0.294628 0.866628 0.348920 0.026261
2 0.129423 0.892052 0.016608 0.017889
0 0.545943 0.082983 0.063304 0.020313
1 0.617153 0.081189 0.067468 0.020418
2 0.780006 0.077712 0.238149 0.023470
0 0.547538 0.118588 0.063304 0.020313
1 0.610419 0.117004 0.050811 0.019998
2 0.780767 0.113338 0.269798 0.024267
2 0.633885 0.138300 0.159027 0.021477
0 0.549720 0.167311 0.063304 0.020313
1 0.616765 0.165622 0.059140 0.020208
2 0.783366 0.162050 0.253974 0.023869
2 0.731014 0.184631 0.348920 0.026261
2 0.731965 0.205869 0.348920 0.026261
2 0.732916 0.227107 0.348920 0.026261
2 0.654745 0.250338 0.190676 0.022274
0 0.554979 0.284744 0.063304 0.020313
1 0.636600 0.282688 0.088290 0.020943
2 0.801951 0.279148 0.222325 0.023071
2 0.617590 0.305054 0.111554 0.020281
0 0.567740 0.336953 0.084126 0.020838
1 0.643530 0.335043 0.055808 0.020124
2 0.800553 0.331713 0.238149 0.023470
2 0.738623 0.354535 0.348920 0.026261
2 0.739574 0.375773 0.348920 0.026261
2 0.574369 0.401197 0.016608 0.017889
0 0.561553 0.431537 0.063304 0.020313
1 0.635678 0.429669 0.073298 0.020565
0 0.562840 0.460270 0.063304 0.020313
1 0.640297 0.458319 0.079961 0.020733
2 0.809396 0.454684 0.238149 0.023470
2 0.744135 0.477590 0.348920 0.026261
0 0.565386 0.517113 0.063304 0.020313
1 0.634097 0.515382 0.062471 0.020292
2 0.802364 0.511769 0.253974 0.023869
2 0.635909 0.537224 0.127379 0.020679
0 0.577979 0.565574 0.084126 0.020838
1 0.662931 0.563433 0.074131 0.020586
2 0.821203 0.560071 0.222325 0.023071
2 0.748862 0.583156 0.348920 0.026261
2 0.749814 0.604394 0.348920 0.026261
2 0.750765 0.625632 0.348920 0.026261
2 0.751716 0.646870 0.348920 0.026261
2 0.752667 0.668108 0.348920 0.026261
2 0.753618 0.689346 0.348920 0.026261
0 0.574674 0.724496 0.063304 0.020313
1 0.653380 0.722514 0.082460 0.020796
2 0.823728 0.718847 0.238149 0.023470
2 0.755968 0.741816 0.348920 0.026261
2 0.756920 0.763054 0.348920 0.026261
2 0.757871 0.784292 0.348920 0.026261
2 0.758822 0.805530 0.348920 0.026261
2 0.759773 0.826769 0.348920 0.026261
2 0.665778 0.850398 0.159027 0.021477
0 0.592387 0.887267 0.084126 0.020838
1 0.675257 0.885179 0.069967 0.020481
2 0.815622 0.882269 0.190676 0.022274
