1 0.197917 0.085938 0.067500 0.021875
0 0.266667 0.123438 0.400000 0.096875
1 0.158750 0.194062 0.082500 0.021875
0 0.266667 0.194062 0.400000 0.021875
1 0.197917 0.226562 0.160833 0.021875
0 0.266667 0.235937 0.400000 0.040625
1 0.188750 0.275313 0.095833 0.021875
0 0.266667 0.322188 0.400000 0.115625
1 0.150000 0.397813 0.065000 0.021875
0 0.266667 0.435312 0.400000 0.096875
1 0.172500 0.507188 0.063333 0.021875
0 0.266667 0.544687 0.400000 0.096875
1 0.212083 0.612812 0.095833 0.021875
0 0.266667 0.612812 0.400000 0.021875
1 0.178750 0.642188 0.122500 0.021875
0 0.266667 0.698438 0.400000 0.134375
1 0.207083 0.787813 0.132500 0.021875
0 0.266667 0.787813 0.400000 0.021875
1 0.210000 0.819688 0.091667 0.021875
0 0.266667 0.875938 0.400000 0.134375
1 0.699167 0.085938 0.136667 0.021875
0 0.733333 0.095312 0.400000 0.040625
1 0.615417 0.138437 0.062500 0.021875
0 0.733333 0.138437 0.400000 0.021875
1 0.670833 0.172187 0.126667 0.021875
0 0.733333 0.181562 0.400000 0.040625
1 0.686250 0.225312 0.110833 0.021875
0 0.733333 0.253437 0.400000 0.078125
1 0.681250 0.310312 0.147500 0.021875
0 0.733333 0.310312 0.400000 0.021875
1 0.685417 0.344062 0.109167 0.021875
0 0.733333 0.353438 0.400000 0.040625
1 0.700833 0.390937 0.140000 0.021875
0 0.733333 0.400313 0.400000 0.040625
1 0.675000 0.438437 0.135000 0.021875
0 0.733333 0.447813 0.400000 0.040625
1 0.712500 0.490938 0.163333 0.021875
0 0.733333 0.500313 0.400000 0.040625
1 0.650000 0.542813 0.085000 0.021875
0 0.733333 0.542813 0.400000 0.021875
1 0.615000 0.575313 0.061667 0.021875
0 0.733333 0.584688 0.400000 0.040625
1 0.628333 0.625938 0.088333 0.021875
0 0.733333 0.663438 0.400000 0.096875
1 0.674167 0.735313 0.086667 0.021875
0 0.733333 0.735313 0.400000 0.021875
1 0.690417 0.765938 0.119167 0.021875
0 0.733333 0.812813 0.400000 0.115625
1 0.646667 0.889062 0.078333 0.021875
0 0.733333 0.898438 0.400000 0.040625
