1 0.106197 0.079939 0.062865 0.019445
2 0.177439 0.080733 0.067031 0.019491
3 0.348241 0.083262 0.253652 0.020322
3 0.159508 0.102411 0.095336 0.018557
0 0.274705 0.093069 0.407489 0.048278
1 0.115597 0.131300 0.083696 0.019677
2 0.202254 0.132266 0.077030 0.019602
3 0.362224 0.134674 0.221989 0.019969
3 0.182239 0.153920 0.142831 0.019086
0 0.273690 0.144313 0.407489 0.048278
1 0.114606 0.181294 0.083696 0.019677
2 0.194181 0.182181 0.062865 0.019445
0 0.272910 0.183684 0.407068 0.027030
1 0.093094 0.215433 0.042034 0.019212
2 0.156004 0.216134 0.071197 0.019537
0 0.272228 0.218055 0.407068 0.027030
1 0.092425 0.249179 0.042034 0.019212
2 0.165334 0.249992 0.091195 0.019760
3 0.340302 0.252568 0.237821 0.020145
3 0.211562 0.272385 0.206157 0.019792
0 0.271349 0.262425 0.407489 0.048278
1 0.101751 0.304289 0.062865 0.019445
2 0.167160 0.305019 0.055365 0.019361
3 0.332130 0.307483 0.253652 0.020322
3 0.281714 0.328173 0.348642 0.021381
3 0.281293 0.349421 0.348642 0.021381
3 0.280872 0.370668 0.348642 0.021381
3 0.280451 0.391916 0.348642 0.021381
3 0.153377 0.411752 0.095336 0.018557
0 0.269417 0.359914 0.409173 0.133269
1 0.098952 0.445524 0.062865 0.019445
2 0.158945 0.446193 0.044533 0.019240
0 0.267671 0.448030 0.407068 0.027030
1 0.088004 0.472280 0.042034 0.019212
2 0.148414 0.472953 0.066198 0.019482
0 0.267138 0.474902 0.407068 0.027030
1 0.097837 0.501768 0.062865 0.019445
2 0.172829 0.502604 0.074530 0.019575
3 0.336548 0.505054 0.231988 0.020080
3 0.277800 0.525651 0.348642 0.021381
3 0.282379 0.546954 0.358641 0.021492
3 0.221548 0.567529 0.237821 0.020145
0 0.265925 0.536145 0.408331 0.090773
1 0.106321 0.599373 0.083696 0.019677
2 0.178813 0.600181 0.048700 0.019287
3 0.332533 0.602520 0.237821 0.020145
3 0.275868 0.623140 0.348642 0.021381
3 0.275447 0.644388 0.348642 0.021381
3 0.275026 0.665636 0.348642 0.021381
3 0.266689 0.686795 0.332810 0.021204
0 0.263782 0.644258 0.408752 0.112021
1 0.104054 0.713735 0.083696 0.019677
2 0.186545 0.714655 0.068697 0.019510
3 0.342349 0.717017 0.221989 0.019969
3 0.139034 0.736003 0.079505 0.018380
0 0.262147 0.726749 0.407489 0.048278
1 0.092536 0.769238 0.062865 0.019445
2 0.152113 0.769902 0.043700 0.019231
0 0.261255 0.771744 0.407068 0.027030
1 0.081415 0.804743 0.042034 0.019212
2 0.157240 0.805588 0.097028 0.019825
3 0.335125 0.808196 0.237821 0.020145
3 0.271794 0.828743 0.348642 0.021381
3 0.271373 0.849990 0.348642 0.021381
3 0.270952 0.871238 0.348642 0.021381
3 0.270531 0.892486 0.348642 0.021381
3 0.135541 0.912233 0.079505 0.018380
0 0.259497 0.860484 0.409173 0.133269
1 0.572812 0.085141 0.062865 0.019445
2 0.639055 0.085879 0.057032 0.019380
0 0.741531 0.087647 0.407068 0.027030
1 0.572131 0.119512 0.062865 0.019445
2 0.632541 0.120185 0.045367 0.019250
3 0.800427 0.122682 0.269484 0.020498
3 0.757094 0.143451 0.358641 0.021492
3 0.709178 0.164169 0.263651 0.020433
0 0.740429 0.143266 0.407910 0.069526
1 0.570620 0.195754 0.062865 0.019445
2 0.640196 0.196529 0.063698 0.019454
0 0.739339 0.198259 0.407068 0.027030
1 0.569988 0.227625 0.062865 0.019445
2 0.635814 0.228359 0.056199 0.019370
3 0.777453 0.230563 0.206157 0.019792
0 0.738707 0.230131 0.407068 0.027030
1 0.579834 0.256488 0.083696 0.019677
2 0.660242 0.257384 0.064531 0.019463
3 0.813963 0.259723 0.221989 0.019969
3 0.749382 0.280255 0.348642 0.021381
3 0.748961 0.301503 0.348642 0.021381
3 0.732708 0.322574 0.316978 0.021028
0 0.737506 0.290749 0.408331 0.090773
1 0.577865 0.355852 0.083696 0.019677
2 0.664522 0.356818 0.077030 0.019602
3 0.824492 0.359226 0.221989 0.019969
3 0.660339 0.378649 0.174494 0.019439
0 0.735958 0.368866 0.407489 0.048278
1 0.555994 0.408114 0.042034 0.019212
2 0.613487 0.408755 0.060365 0.019417
3 0.788872 0.411335 0.269484 0.020498
3 0.746372 0.432114 0.348642 0.021381
3 0.745951 0.453361 0.348642 0.021381
3 0.745530 0.474609 0.348642 0.021381
3 0.745109 0.495857 0.348642 0.021381
3 0.744688 0.517104 0.348642 0.021381
3 0.601783 0.536764 0.063673 0.018204
0 0.733865 0.474479 0.409594 0.154516
1 0.563301 0.565088 0.062865 0.019445
2 0.635376 0.565891 0.068697 0.019510
0 0.732020 0.567594 0.407068 0.027030
1 0.562780 0.591335 0.062865 0.019445
2 0.640272 0.592199 0.079529 0.019630
3 0.809407 0.594709 0.237821 0.020145
3 0.742744 0.615218 0.348642 0.021381
3 0.742323 0.636466 0.348642 0.021381
3 0.741901 0.657714 0.348642 0.021381
3 0.741480 0.678961 0.348642 0.021381
3 0.717312 0.699944 0.301147 0.020851
0 0.730447 0.646960 0.409173 0.133269
1 0.559994 0.731944 0.062865 0.019445
2 0.633736 0.732766 0.072030 0.019547
3 0.799122 0.735235 0.237821 0.020145
3 0.660799 0.754945 0.190326 0.019616
0 0.728502 0.745074 0.407489 0.048278
1 0.558978 0.783189 0.062865 0.019445
2 0.623971 0.783913 0.054532 0.019352
0 0.727697 0.785695 0.407068 0.027030
1 0.558409 0.811935 0.062865 0.019445
2 0.633400 0.812771 0.074530 0.019575
3 0.800036 0.815254 0.237821 0.020145
3 0.627551 0.834584 0.126999 0.018910
0 0.726917 0.825065 0.407489 0.048278
1 0.567771 0.865171 0.083696 0.019677
2 0.650679 0.866095 0.069531 0.019519
3 0.803983 0.868429 0.216156 0.019904
3 0.742319 0.888994 0.358641 0.021492
3 0.736898 0.910186 0.348642 0.021381
3 0.736477 0.931434 0.348642 0.021381
3 0.736056 0.952681 0.348642 0.021381
3 0.608982 0.972517 0.095336 0.018557
0 0.725022 0.920680 0.409173 0.133269
