1 0.099883 0.088928 0.083707 0.019706
2 0.193205 0.087854 0.090373 0.019783
3 0.351949 0.086654 0.206167 0.019865
3 0.104079 0.110757 0.016189 0.017680
0 0.258427 0.098356 0.407513 0.048421
1 0.090489 0.139042 0.062876 0.019466
2 0.161314 0.138227 0.066209 0.019505
3 0.331724 0.136892 0.253661 0.020411
3 0.276331 0.158782 0.358649 0.021619
3 0.271766 0.180087 0.348650 0.021504
3 0.272201 0.201334 0.348650 0.021504
3 0.145984 0.224038 0.095347 0.018590
0 0.260101 0.180221 0.408816 0.112164
1 0.103243 0.253283 0.083707 0.019706
2 0.194066 0.252239 0.085373 0.019725
3 0.350310 0.251067 0.206167 0.019865
3 0.194513 0.274111 0.190335 0.019683
0 0.261788 0.262711 0.407513 0.048421
1 0.093914 0.306522 0.062876 0.019466
2 0.171405 0.305631 0.079541 0.019658
3 0.340564 0.304310 0.237830 0.020229
3 0.274756 0.326320 0.348650 0.021504
3 0.275191 0.347567 0.348650 0.021504
3 0.275625 0.368815 0.348650 0.021504
3 0.276060 0.390062 0.348650 0.021504
3 0.276494 0.411310 0.348650 0.021504
0 0.263743 0.358325 0.409251 0.133411
1 0.096661 0.440881 0.062876 0.019466
2 0.161653 0.440134 0.054544 0.019371
3 0.326230 0.438866 0.253661 0.020411
3 0.150852 0.462135 0.095347 0.018590
0 0.265621 0.450189 0.407513 0.048421
1 0.097772 0.495250 0.062876 0.019466
2 0.173180 0.494383 0.075374 0.019610
0 0.266515 0.493934 0.407079 0.027174
1 0.087970 0.525366 0.042045 0.019227
2 0.165878 0.524470 0.101205 0.019907
0 0.267129 0.523931 0.407079 0.027174
1 0.088698 0.560987 0.042045 0.019227
2 0.141192 0.560383 0.050377 0.019323
3 0.319517 0.558957 0.285324 0.020775
3 0.150388 0.582155 0.089514 0.018523
0 0.268074 0.570175 0.407513 0.048421
1 0.100085 0.608361 0.062876 0.019466
2 0.169660 0.607561 0.063709 0.019476
3 0.338820 0.606241 0.253661 0.020411
3 0.285927 0.628102 0.358649 0.021619
3 0.281362 0.649407 0.348650 0.021504
3 0.281796 0.670654 0.348650 0.021504
3 0.282231 0.691902 0.348650 0.021504
3 0.287665 0.713092 0.358649 0.021619
3 0.116869 0.736308 0.016189 0.017680
0 0.270131 0.670788 0.409685 0.154659
1 0.113746 0.766973 0.083707 0.019706
2 0.197486 0.766010 0.071208 0.019562
0 0.272073 0.765777 0.407079 0.027174
1 0.103956 0.797714 0.062876 0.019466
2 0.176031 0.796885 0.068709 0.019534
3 0.339775 0.795627 0.237830 0.020229
3 0.289798 0.817454 0.358649 0.021619
3 0.285233 0.838759 0.348650 0.021504
3 0.290667 0.859949 0.358649 0.021619
3 0.291102 0.881197 0.358649 0.021619
3 0.286537 0.902502 0.348650 0.021504
3 0.152404 0.925297 0.079515 0.018408
0 0.274002 0.860141 0.409685 0.154659
1 0.545664 0.083801 0.042045 0.019227
2 0.621488 0.082929 0.097039 0.019859
3 0.799397 0.081508 0.237830 0.020229
3 0.618186 0.104845 0.111178 0.018772
0 0.725039 0.092989 0.407513 0.048421
1 0.567555 0.135430 0.083707 0.019706
2 0.660044 0.134367 0.088706 0.019764
3 0.810039 0.133267 0.190335 0.019683
0 0.725883 0.134235 0.407079 0.027174
1 0.568117 0.162927 0.083707 0.019706
2 0.658940 0.161883 0.085373 0.019725
3 0.812268 0.160744 0.200334 0.019798
3 0.675219 0.183573 0.221998 0.020047
0 0.726662 0.172355 0.407513 0.048421
1 0.548347 0.215036 0.042045 0.019227
2 0.595425 0.214494 0.039545 0.019198
0 0.727505 0.213600 0.407079 0.027174
1 0.569868 0.248542 0.083707 0.019706
2 0.641942 0.247713 0.047878 0.019294
3 0.795271 0.246575 0.237830 0.020229
3 0.613643 0.269916 0.095347 0.018590
0 0.728412 0.257970 0.407513 0.048421
1 0.550187 0.305025 0.042045 0.019227
2 0.598931 0.304464 0.042878 0.019237
3 0.778506 0.303024 0.295323 0.020890
3 0.622709 0.326068 0.111178 0.018772
0 0.729562 0.314213 0.407513 0.048421
1 0.561765 0.361774 0.062876 0.019466
2 0.643839 0.360830 0.088706 0.019764
3 0.809665 0.359548 0.221998 0.020047
3 0.742607 0.381571 0.348650 0.021504
3 0.743042 0.402819 0.348650 0.021504
3 0.748476 0.424009 0.358649 0.021619
3 0.743911 0.445314 0.348650 0.021504
3 0.744345 0.466561 0.348650 0.021504
3 0.744780 0.487809 0.348650 0.021504
3 0.745214 0.509056 0.348650 0.021504
3 0.579418 0.532216 0.016189 0.017680
0 0.732245 0.445448 0.410554 0.197154
1 0.555553 0.567494 0.042045 0.019227
2 0.608463 0.566886 0.051211 0.019332
3 0.787205 0.565455 0.285324 0.020775
3 0.751810 0.587115 0.358649 0.021619
3 0.747245 0.608420 0.348650 0.021504
3 0.681438 0.630429 0.216166 0.019980
0 0.735363 0.597930 0.408382 0.090916
1 0.578300 0.660994 0.083707 0.019706
2 0.662041 0.660030 0.071208 0.019562
3 0.755792 0.659577 0.095347 0.018590
0 0.736628 0.659798 0.407079 0.027174
1 0.558198 0.696854 0.042045 0.019227
2 0.621524 0.696126 0.072042 0.019572
3 0.799849 0.694700 0.263660 0.020526
3 0.754455 0.716474 0.358649 0.021619
3 0.749890 0.737779 0.348650 0.021504
3 0.684083 0.759789 0.216166 0.019980
0 0.738008 0.727290 0.408382 0.090916
1 0.560191 0.794342 0.042045 0.019227
2 0.612268 0.793744 0.049544 0.019313
3 0.790177 0.792323 0.285324 0.020775
3 0.593134 0.815841 0.032021 0.017862
0 0.739567 0.803531 0.407513 0.048421
1 0.561315 0.849336 0.042045 0.019227
2 0.632557 0.848517 0.087873 0.019754
3 0.813798 0.847057 0.253661 0.020411
3 0.752573 0.869014 0.348650 0.021504
3 0.753008 0.890261 0.348650 0.021504
3 0.758442 0.911451 0.358649 0.021619
0 0.741125 0.879772 0.408382 0.090916
