0 0.26666666666666666 0.096875 0.4 0.04375
0 0.26666666666666666 0.158125 0.4 0.04375
0 0.26666666666666666 0.27875 0.4 0.1625
0 0.26666666666666666 0.399375 0.4 0.04375
0 0.26666666666666666 0.460625 0.4 0.04375
0 0.26666666666666666 0.521875 0.4 0.04375
0 0.26666666666666666 0.583125 0.4 0.04375
0 0.26666666666666666 0.644375 0.4 0.04375
0 0.26666666666666666 0.753125 0.4 0.13875
0 0.26666666666666666 0.8975 0.4 0.115
0 0.7333333333333333 0.096875 0.4 0.04375
0 0.7333333333333333 0.158125 0.4 0.04375
0 0.7333333333333333 0.255 0.4 0.115
0 0.7333333333333333 0.36375 0.4 0.0675
0 0.7333333333333333 0.436875 0.4 0.04375
0 0.7333333333333333 0.5575 0.4 0.1625
0 0.7333333333333333 0.66625 0.4 0.02
0 0.7333333333333333 0.739375 0.4 0.09125
0 0.7333333333333333 0.824375 0.4 0.04375
0 0.7333333333333333 0.945 0.4 0.1625
