1 0.087992 0.084101 0.041689 0.018778
2 0.147158 0.084140 0.063355 0.018792
3 0.324241 0.084883 0.269187 0.017679
3 0.278799 0.106103 0.348354 0.017732
3 0.278774 0.127353 0.348354 0.017732
3 0.278749 0.148603 0.348354 0.017732
3 0.283724 0.169856 0.358354 0.017738
3 0.278699 0.191103 0.348354 0.017732
3 0.159924 0.212274 0.110854 0.017574
0 0.267082 0.148595 0.406844 0.150270
1 0.098225 0.239108 0.062522 0.018792
2 0.161975 0.239150 0.051689 0.018784
3 0.325308 0.239884 0.253354 0.017669
3 0.120283 0.260997 0.031687 0.017521
0 0.266962 0.250470 0.406718 0.044021
1 0.098167 0.287858 0.062522 0.018792
2 0.166501 0.287903 0.060855 0.018790
3 0.334417 0.288640 0.253354 0.017669
3 0.175642 0.309784 0.142521 0.017595
0 0.266904 0.299220 0.406718 0.044021
1 0.098111 0.335983 0.062522 0.018792
2 0.176027 0.336034 0.080022 0.018803
0 0.266860 0.336720 0.406693 0.022771
1 0.108492 0.365364 0.083355 0.018805
2 0.189742 0.365419 0.065855 0.018794
3 0.344325 0.366146 0.221687 0.017647
3 0.175550 0.387284 0.142521 0.017595
0 0.266812 0.376720 0.406718 0.044021
1 0.098011 0.419733 0.062522 0.018792
2 0.176345 0.419785 0.080855 0.018804
3 0.346344 0.420523 0.237521 0.017658
3 0.151736 0.441643 0.095021 0.017563
0 0.266748 0.431095 0.406718 0.044021
1 0.108364 0.474114 0.083355 0.018805
2 0.191280 0.474170 0.069189 0.018796
3 0.347530 0.474899 0.221687 0.017647
3 0.222921 0.496066 0.237521 0.017658
0 0.266684 0.485470 0.406718 0.044021
1 0.097886 0.525982 0.062522 0.018792
2 0.174969 0.526034 0.078355 0.018802
0 0.266635 0.526720 0.406693 0.022771
1 0.097845 0.560357 0.062522 0.018792
2 0.162428 0.560400 0.053355 0.018785
3 0.326594 0.561135 0.253354 0.017669
3 0.283236 0.582356 0.358354 0.017738
3 0.283211 0.603606 0.358354 0.017738
3 0.278186 0.624852 0.348354 0.017732
0 0.266557 0.592970 0.406769 0.086521
1 0.108147 0.657239 0.083355 0.018805
2 0.202314 0.657302 0.091689 0.018811
0 0.266480 0.657970 0.406693 0.022771
1 0.087281 0.685350 0.041689 0.018778
2 0.140614 0.685386 0.051689 0.018784
3 0.256446 0.686088 0.158354 0.017605
0 0.266446 0.686095 0.406693 0.022771
1 0.108073 0.720364 0.083355 0.018805
2 0.203073 0.720428 0.093355 0.018812
3 0.363488 0.721159 0.205854 0.017637
3 0.283047 0.742356 0.358354 0.017738
3 0.278021 0.763602 0.348354 0.017732
3 0.277996 0.784852 0.348354 0.017732
0 0.266367 0.752970 0.406769 0.086521
1 0.107956 0.819114 0.083355 0.018805
2 0.193372 0.819171 0.074189 0.018799
0 0.266288 0.819845 0.406693 0.022771
1 0.087089 0.847225 0.041689 0.018778
2 0.144172 0.847263 0.059189 0.018789
3 0.324172 0.848008 0.279187 0.017686
3 0.119563 0.869122 0.031687 0.017521
0 0.266242 0.858595 0.406718 0.044021
1 0.565075 0.084418 0.062522 0.018792
2 0.642992 0.084470 0.080022 0.018803
3 0.812574 0.085208 0.237521 0.017658
3 0.745466 0.106413 0.348354 0.017732
3 0.745440 0.127663 0.348354 0.017732
3 0.745415 0.148913 0.348354 0.017732
3 0.745390 0.170163 0.348354 0.017732
3 0.599948 0.191316 0.057521 0.017538
0 0.733761 0.138280 0.406819 0.129021
1 0.564907 0.226293 0.062522 0.018792
2 0.634490 0.226339 0.063355 0.018792
3 0.803656 0.227077 0.253354 0.017669
3 0.666131 0.248235 0.190021 0.017626
0 0.733644 0.237655 0.406718 0.044021
1 0.575257 0.282550 0.083355 0.018805
2 0.654007 0.282602 0.060855 0.018790
0 0.733590 0.283280 0.406693 0.022771
1 0.554383 0.316911 0.041689 0.018778
2 0.603550 0.316944 0.043355 0.018779
3 0.778549 0.317685 0.285021 0.017690
3 0.610607 0.338824 0.079187 0.017553
0 0.733537 0.328280 0.406718 0.044021
1 0.554320 0.370661 0.041689 0.018778
2 0.615570 0.370702 0.067522 0.018795
0 0.733486 0.371405 0.406693 0.022771
1 0.564705 0.397543 0.062522 0.018792
2 0.637621 0.397592 0.070022 0.018797
3 0.802204 0.398326 0.237521 0.017658
3 0.745095 0.419538 0.348354 0.017732
3 0.750070 0.440791 0.358354 0.017738
3 0.745045 0.462038 0.348354 0.017732
3 0.745020 0.483288 0.348354 0.017732
3 0.749995 0.504541 0.358354 0.017738
3 0.665803 0.525735 0.190021 0.017626
0 0.733378 0.462030 0.406844 0.150270
1 0.574937 0.553175 0.083355 0.018805
2 0.657020 0.553229 0.067522 0.018795
3 0.812436 0.553958 0.221687 0.017647
3 0.744911 0.575163 0.348354 0.017732
3 0.744886 0.596413 0.348354 0.017732
3 0.744861 0.617663 0.348354 0.017732
3 0.705252 0.638887 0.269187 0.017679
0 0.733219 0.596405 0.406794 0.107771
1 0.564384 0.668793 0.062522 0.018792
2 0.659384 0.668856 0.114189 0.018826
3 0.830216 0.669595 0.205854 0.017637
3 0.602274 0.690693 0.063354 0.017542
0 0.733120 0.680155 0.406718 0.044021
1 0.574734 0.725050 0.083355 0.018805
2 0.660150 0.725107 0.074189 0.018799
0 0.733066 0.725780 0.406693 0.022771
1 0.564285 0.751918 0.062522 0.018792
2 0.642619 0.751970 0.080855 0.018804
3 0.812618 0.752708 0.237521 0.017658
3 0.578426 0.773802 0.015854 0.017511
0 0.733022 0.763280 0.406718 0.044021
1 0.574639 0.805050 0.083355 0.018805
2 0.640889 0.805094 0.035855 0.018774
3 0.796305 0.805822 0.253354 0.017669
3 0.622947 0.826957 0.105021 0.017570
0 0.732959 0.816405 0.406718 0.044021
1 0.574580 0.855050 0.083355 0.018805
2 0.660413 0.855107 0.075022 0.018800
3 0.819579 0.855838 0.221687 0.017647
3 0.712887 0.877017 0.285021 0.017690
0 0.732900 0.866405 0.406718 0.044021
