1 0.153333 0.085938 0.071667 0.021875
0 0.266667 0.085938 0.400000 0.021875
1 0.229583 0.118438 0.130833 0.021875
0 0.266667 0.118438 0.400000 0.021875
1 0.180833 0.146563 0.126667 0.021875
0 0.266667 0.146563 0.400000 0.021875
1 0.225417 0.174687 0.122500 0.021875
0 0.266667 0.212188 0.400000 0.096875
1 0.204167 0.284062 0.126667 0.021875
0 0.266667 0.284062 0.400000 0.021875
1 0.190833 0.314688 0.100000 0.021875
0 0.266667 0.314688 0.400000 0.021875
1 0.216250 0.343438 0.104167 0.021875
0 0.266667 0.352812 0.400000 0.040625
1 0.209167 0.390313 0.090000 0.021875
0 0.266667 0.390313 0.400000 0.021875
1 0.176667 0.424687 0.071667 0.021875
0 0.266667 0.424687 0.400000 0.021875
1 0.146667 0.459062 0.058333 0.021875
0 0.266667 0.468438 0.400000 0.040625
1 0.178333 0.506563 0.121667 0.021875
0 0.266667 0.506563 0.400000 0.021875
1 0.208750 0.538438 0.089167 0.021875
0 0.266667 0.566562 0.400000 0.078125
1 0.210417 0.627812 0.092500 0.021875
0 0.266667 0.627812 0.400000 0.021875
1 0.192500 0.656563 0.103333 0.021875
0 0.266667 0.656563 0.400000 0.021875
1 0.200000 0.689063 0.071667 0.021875
0 0.266667 0.689063 0.400000 0.021875
1 0.153333 0.719063 0.071667 0.021875
0 0.266667 0.719063 0.400000 0.021875
1 0.216250 0.747188 0.150833 0.021875
0 0.266667 0.822187 0.400000 0.171875
1 0.667083 0.085938 0.119167 0.021875
0 0.733333 0.114062 0.400000 0.078125
1 0.658333 0.175313 0.055000 0.021875
0 0.733333 0.184688 0.400000 0.040625
1 0.658750 0.228437 0.102500 0.021875
0 0.733333 0.237813 0.400000 0.040625
1 0.622500 0.279062 0.076667 0.021875
0 0.733333 0.288438 0.400000 0.040625
1 0.657083 0.332188 0.099167 0.021875
0 0.733333 0.341562 0.400000 0.040625
1 0.685000 0.380937 0.155000 0.021875
0 0.733333 0.380937 0.400000 0.021875
1 0.655000 0.411562 0.095000 0.021875
0 0.733333 0.420938 0.400000 0.040625
1 0.654583 0.460938 0.047500 0.021875
0 0.733333 0.507812 0.400000 0.115625
1 0.681667 0.586562 0.101667 0.021875
0 0.733333 0.633437 0.400000 0.115625
1 0.616250 0.708438 0.064167 0.021875
0 0.733333 0.745938 0.400000 0.096875
1 0.630000 0.814688 0.091667 0.021875
0 0.733333 0.814688 0.400000 0.021875
1 0.678750 0.849063 0.142500 0.021875
0 0.733333 0.886563 0.400000 0.096875
