0 0.26666666666666666 0.071875 0.4 0.01875
0 0.26666666666666666 0.1171875 0.4 0.040625
0 0.26666666666666666 0.1625 0.4 0.01875
0 0.26666666666666666 0.2078125 0.4 0.040625
0 0.26666666666666666 0.2640625 0.4 0.040625
0 0.26666666666666666 0.3203125 0.4 0.040625
0 0.26666666666666666 0.3765625 0.4 0.040625
0 0.26666666666666666 0.4328125 0.4 0.040625
0 0.26666666666666666 0.4890625 0.4 0.040625
0 0.26666666666666666 0.5453125 0.4 0.040625
0 0.26666666666666666 0.6015625 0.4 0.040625
0 0.26666666666666666 0.646875 0.4 0.01875
0 0.26666666666666666 0.6921875 0.4 0.040625
0 0.26666666666666666 0.7484375 0.4 0.040625
0 0.26666666666666666 0.8046875 0.4 0.040625
0 0.26666666666666666 0.8609375 0.4 0.040625
0 0.26666666666666666 0.9171875 0.4 0.040625
0 0.7333333333333333 0.0828125 0.4 0.040625
0 0.7333333333333333 0.128125 0.4 0.01875
0 0.7333333333333333 0.1625 0.4 0.01875
0 0.7333333333333333 0.2078125 0.4 0.040625
0 0.7333333333333333 0.2640625 0.4 0.040625
0 0.7333333333333333 0.3203125 0.4 0.040625
0 0.7333333333333333 0.3765625 0.4 0.040625
0 0.7333333333333333 0.4328125 0.4 0.040625
0 0.7333333333333333 0.4890625 0.4 0.040625
0 0.7333333333333333 0.5453125 0.4 0.040625
0 0.7333333333333333 0.6015625 0.4 0.040625
0 0.7333333333333333 0.646875 0.4 0.01875
0 0.7333333333333333 0.68125 0.4 0.01875
0 0.7333333333333333 0.7265625 0.4 0.040625
0 0.7333333333333333 0.7828125 0.4 0.040625
0 0.7333333333333333 0.8390625 0.4 0.040625
0 0.7333333333333333 0.8953125 0.4 0.040625
