1 0.111377 0.082771 0.083469 0.019092
2 0.185542 0.083076 0.051803 0.018962
0 0.269703 0.084047 0.406825 0.024171
1 0.111148 0.114021 0.083469 0.019092
2 0.191564 0.114351 0.064303 0.019013
3 0.345307 0.115608 0.221791 0.018411
3 0.241403 0.136432 0.269291 0.018606
0 0.269397 0.125921 0.406980 0.045421
1 0.089909 0.169559 0.041803 0.018921
2 0.143241 0.169779 0.051803 0.018962
3 0.322401 0.171140 0.285124 0.018671
3 0.280579 0.192218 0.348456 0.018932
3 0.280424 0.213468 0.348456 0.018932
3 0.264436 0.234653 0.316790 0.018801
0 0.268835 0.202795 0.407291 0.087920
1 0.089201 0.266433 0.041803 0.018921
2 0.135450 0.266623 0.037636 0.018904
3 0.315443 0.267988 0.300957 0.018736
3 0.281955 0.289101 0.352623 0.018949
3 0.279716 0.310342 0.348456 0.018932
3 0.284561 0.331612 0.358456 0.018973
3 0.279405 0.352841 0.348456 0.018932
3 0.279250 0.374091 0.348456 0.018932
3 0.279095 0.395340 0.348456 0.018932
3 0.120609 0.415939 0.031794 0.017630
0 0.267817 0.342168 0.407912 0.172919
1 0.087858 0.450180 0.041803 0.018921
2 0.152440 0.450446 0.074303 0.019055
3 0.327016 0.451788 0.253457 0.018541
3 0.278528 0.472839 0.348456 0.018932
3 0.278373 0.494089 0.348456 0.018932
3 0.278218 0.515339 0.348456 0.018932
3 0.278063 0.536588 0.348456 0.018932
3 0.269991 0.557805 0.332623 0.018867
0 0.266629 0.504666 0.407601 0.130420
1 0.097256 0.589596 0.062636 0.019007
2 0.179755 0.589935 0.089302 0.019116
3 0.345998 0.591243 0.221791 0.018411
3 0.282510 0.612233 0.358456 0.018973
3 0.269438 0.633429 0.332623 0.018867
0 0.265843 0.612164 0.407136 0.066671
1 0.096721 0.662720 0.062636 0.019007
2 0.166304 0.663006 0.063469 0.019010
3 0.335463 0.664326 0.253457 0.018541
3 0.276976 0.685336 0.348456 0.018932
3 0.276820 0.706586 0.348456 0.018932
3 0.276665 0.727835 0.348456 0.018932
3 0.276510 0.749085 0.348456 0.018932
3 0.276354 0.770335 0.348456 0.018932
3 0.276199 0.791584 0.348456 0.018932
3 0.109796 0.812151 0.015961 0.017565
0 0.264921 0.738412 0.407912 0.172919
1 0.101248 0.841491 0.074303 0.019055
2 0.178331 0.841808 0.066803 0.019024
3 0.341240 0.843103 0.237624 0.018476
3 0.164838 0.863628 0.126793 0.018020
0 0.264080 0.853411 0.406980 0.045421
1 0.105462 0.892134 0.083469 0.019092
2 0.200877 0.892526 0.094302 0.019137
0 0.263788 0.893410 0.406825 0.024171
1 0.567620 0.084647 0.062636 0.019007
2 0.629285 0.084900 0.047636 0.018945
3 0.798445 0.086221 0.269291 0.018606
3 0.629126 0.106775 0.110960 0.017955
0 0.736285 0.096590 0.406980 0.045421
1 0.577625 0.140939 0.083469 0.019092
2 0.664291 0.141295 0.076803 0.019065
0 0.735952 0.142215 0.406825 0.024171
1 0.577401 0.171563 0.083469 0.019092
2 0.649067 0.171858 0.046803 0.018942
0 0.735728 0.172839 0.406825 0.024171
1 0.556354 0.200852 0.041803 0.018921
2 0.611769 0.201080 0.055970 0.018979
3 0.793012 0.202450 0.285124 0.018671
3 0.723275 0.223414 0.300957 0.018736
0 0.735435 0.212838 0.406980 0.045421
1 0.555988 0.250851 0.041803 0.018921
2 0.615571 0.251096 0.064303 0.019013
3 0.793063 0.252451 0.269291 0.018606
3 0.746659 0.273511 0.348456 0.018932
3 0.730670 0.294695 0.316790 0.018801
0 0.734992 0.273463 0.407136 0.066671
1 0.555458 0.323350 0.041803 0.018921
2 0.626291 0.323641 0.086802 0.019106
3 0.751701 0.324782 0.142626 0.018086
0 0.734618 0.324712 0.406825 0.024171
1 0.555262 0.350225 0.041803 0.018921
2 0.624011 0.350508 0.082636 0.019089
3 0.802754 0.351867 0.253457 0.018541
3 0.745933 0.372884 0.348456 0.018932
3 0.745777 0.394134 0.348456 0.018932
3 0.634790 0.414928 0.126793 0.018020
0 0.734189 0.383461 0.407291 0.087920
1 0.554540 0.448973 0.041803 0.018921
2 0.608290 0.449194 0.052636 0.018966
3 0.787866 0.450558 0.285124 0.018671
3 0.610630 0.471079 0.079293 0.017825
0 0.733622 0.460960 0.406980 0.045421
1 0.574981 0.502808 0.083469 0.019092
2 0.640813 0.503079 0.035136 0.018894
3 0.795806 0.504341 0.253457 0.018541
3 0.744818 0.525382 0.348456 0.018932
3 0.586332 0.545981 0.031794 0.017630
0 0.733152 0.525334 0.407136 0.066671
1 0.553618 0.575222 0.041803 0.018921
2 0.611950 0.575461 0.061803 0.019003
3 0.788193 0.576811 0.269291 0.018606
3 0.744288 0.597881 0.348456 0.018932
3 0.744133 0.619130 0.348456 0.018932
3 0.593563 0.639762 0.047627 0.017695
0 0.732544 0.608458 0.407291 0.087920
1 0.563335 0.670888 0.062636 0.019007
2 0.630418 0.671164 0.058469 0.018990
3 0.797077 0.672474 0.253457 0.018541
3 0.609008 0.692951 0.079293 0.017825
0 0.732001 0.682831 0.406980 0.045421
1 0.573377 0.722180 0.083469 0.019092
2 0.644210 0.722471 0.045136 0.018935
3 0.804203 0.723754 0.253457 0.018541
0 0.731704 0.723456 0.406825 0.024171
1 0.562765 0.749012 0.062636 0.019007
2 0.647763 0.749361 0.094302 0.019137
3 0.784840 0.750550 0.158459 0.018151
0 0.731507 0.750330 0.406825 0.024171
1 0.562545 0.779011 0.062636 0.019007
2 0.638794 0.779325 0.076803 0.019065
3 0.806704 0.780640 0.237624 0.018476
3 0.631968 0.801172 0.126793 0.018020
0 0.731211 0.790955 0.406980 0.045421
1 0.572551 0.835303 0.083469 0.019092
2 0.663383 0.835677 0.085136 0.019099
3 0.819626 0.836944 0.205958 0.018346
3 0.639473 0.857454 0.142626 0.018086
0 0.730799 0.847204 0.406980 0.045421
1 0.551352 0.885217 0.041803 0.018921
2 0.622601 0.885510 0.087636 0.019109
3 0.803844 0.886880 0.253457 0.018541
3 0.742023 0.907876 0.348456 0.018932
3 0.741868 0.929126 0.348456 0.018932
3 0.741712 0.950375 0.348456 0.018932
3 0.741557 0.971625 0.348456 0.018932
3 0.743485 0.992883 0.352623 0.018949
3 0.741246 1.000000 0.348456 0.018932
3 0.582760 1.000000 0.031794 0.017630
0 0.729968 0.960952 0.407912 0.172919
