1 0.186250 0.085938 0.090833 0.021875
0 0.266667 0.085938 0.400000 0.021875
1 0.182083 0.114687 0.082500 0.021875
0 0.266667 0.152188 0.400000 0.096875
1 0.224583 0.220312 0.120833 0.021875
0 0.266667 0.267188 0.400000 0.115625
1 0.210833 0.347813 0.093333 0.021875
0 0.266667 0.404062 0.400000 0.134375
1 0.204167 0.491563 0.080000 0.021875
0 0.266667 0.500938 0.400000 0.040625
1 0.205000 0.544687 0.081667 0.021875
0 0.266667 0.582187 0.400000 0.096875
1 0.197917 0.647813 0.114167 0.021875
0 0.266667 0.657188 0.400000 0.040625
1 0.161667 0.696562 0.088333 0.021875
0 0.266667 0.696562 0.400000 0.021875
1 0.210417 0.727187 0.092500 0.021875
0 0.266667 0.783438 0.400000 0.134375
1 0.193333 0.872812 0.058333 0.021875
0 0.266667 0.882188 0.400000 0.040625
1 0.642917 0.085938 0.117500 0.021875
0 0.733333 0.095312 0.400000 0.040625
1 0.622500 0.137187 0.076667 0.021875
0 0.733333 0.137187 0.400000 0.021875
1 0.657083 0.166563 0.052500 0.021875
0 0.733333 0.166563 0.400000 0.021875
1 0.679583 0.200313 0.144167 0.021875
0 0.733333 0.228437 0.400000 0.078125
1 0.667917 0.289062 0.120833 0.021875
0 0.733333 0.335938 0.400000 0.115625
1 0.697917 0.411562 0.134167 0.021875
0 0.733333 0.439688 0.400000 0.078125
1 0.644167 0.497188 0.073333 0.021875
0 0.733333 0.553438 0.400000 0.134375
1 0.609583 0.638437 0.050833 0.021875
0 0.733333 0.638437 0.400000 0.021875
1 0.677500 0.667813 0.140000 0.021875
0 0.733333 0.667813 0.400000 0.021875
1 0.669583 0.696562 0.124167 0.021875
0 0.733333 0.734062 0.400000 0.096875
1 0.676250 0.805937 0.137500 0.021875
0 0.733333 0.843437 0.400000 0.096875
1 0.666250 0.909062 0.070833 0.021875
0 0.733333 0.909062 0.400000 0.021875
