1 0.086494 0.084938 0.041712 0.018807
2 0.143994 0.084860 0.060045 0.018832
3 0.319411 0.085245 0.269209 0.017867
3 0.277380 0.106553 0.348375 0.017975
3 0.227015 0.127871 0.247542 0.017837
0 0.265713 0.106569 0.406823 0.065554
1 0.086680 0.161813 0.041712 0.018807
2 0.133346 0.161749 0.038379 0.018802
3 0.313764 0.162128 0.300875 0.017910
3 0.277566 0.183428 0.348375 0.017975
3 0.277617 0.204678 0.348375 0.017975
3 0.198502 0.226035 0.190042 0.017759
0 0.265925 0.194069 0.406875 0.086804
1 0.086904 0.254313 0.041712 0.018807
2 0.141487 0.254238 0.054212 0.018824
3 0.321905 0.254617 0.285042 0.017888
3 0.277790 0.275927 0.348375 0.017975
3 0.277842 0.297177 0.348375 0.017975
3 0.277893 0.318427 0.348375 0.017975
3 0.277944 0.339677 0.348375 0.017975
3 0.277996 0.360927 0.348375 0.017975
3 0.127631 0.382382 0.047542 0.017565
0 0.266226 0.318443 0.407029 0.150554
1 0.097701 0.411173 0.062545 0.018835
2 0.183534 0.411056 0.095879 0.018881
3 0.353119 0.411450 0.221709 0.017802
3 0.278170 0.432802 0.348375 0.017975
3 0.278222 0.454052 0.348375 0.017975
3 0.230773 0.475367 0.253375 0.017845
0 0.266529 0.443443 0.406875 0.086804
1 0.097926 0.504298 0.062545 0.018835
2 0.161676 0.504211 0.051712 0.018820
3 0.325011 0.504614 0.253375 0.017845
3 0.143813 0.526111 0.079209 0.017608
0 0.266703 0.515318 0.406772 0.044304
1 0.098052 0.556173 0.062545 0.018835
2 0.170135 0.556075 0.068379 0.018843
3 0.333887 0.556477 0.237542 0.017824
3 0.151855 0.577975 0.095042 0.017629
0 0.266829 0.567193 0.406772 0.044304
1 0.087754 0.604937 0.041712 0.018807
2 0.151503 0.604850 0.072545 0.018849
3 0.330255 0.605232 0.263375 0.017859
3 0.191556 0.626671 0.174209 0.017737
0 0.266947 0.615943 0.406772 0.044304
1 0.108725 0.661784 0.083379 0.018864
2 0.177891 0.661689 0.041712 0.018807
3 0.336226 0.662098 0.253375 0.017845
3 0.278777 0.683427 0.348375 0.017975
3 0.283829 0.704670 0.358375 0.017988
3 0.196797 0.726039 0.184209 0.017751
0 0.267137 0.694068 0.406875 0.086804
1 0.104378 0.759290 0.074212 0.018851
2 0.175211 0.759193 0.054212 0.018824
3 0.339795 0.759594 0.253375 0.017845
3 0.279014 0.780927 0.348375 0.017975
3 0.279065 0.802177 0.348375 0.017975
3 0.279117 0.823427 0.348375 0.017975
3 0.192085 0.844795 0.174209 0.017737
0 0.267399 0.802193 0.406926 0.108054
1 0.109244 0.876158 0.083379 0.018864
2 0.187161 0.876052 0.059212 0.018831
3 0.346329 0.876460 0.237542 0.017824
3 0.279297 0.897801 0.348375 0.017975
3 0.216015 0.919138 0.221709 0.017802
0 0.267630 0.897817 0.406823 0.065554
1 0.573993 0.084273 0.083379 0.018864
2 0.644409 0.084177 0.044212 0.018810
3 0.803994 0.084585 0.253375 0.017845
3 0.633212 0.106068 0.126709 0.017673
0 0.732353 0.095308 0.406772 0.044304
1 0.574131 0.141148 0.083379 0.018864
2 0.643297 0.141054 0.041712 0.018807
0 0.732465 0.141558 0.406721 0.023054
1 0.574194 0.167398 0.083379 0.018864
2 0.661694 0.167279 0.078379 0.018857
3 0.814612 0.167696 0.205875 0.017781
3 0.712580 0.189085 0.285042 0.017888
0 0.732555 0.178433 0.406772 0.044304
1 0.565143 0.214911 0.065045 0.018839
2 0.643059 0.214805 0.077545 0.018856
3 0.771810 0.215254 0.158375 0.017716
0 0.732644 0.215307 0.406721 0.023054
1 0.574396 0.250523 0.083379 0.018864
2 0.662312 0.250403 0.079212 0.018858
3 0.815647 0.250819 0.205875 0.017781
3 0.749448 0.272160 0.358375 0.017988
3 0.744500 0.293416 0.348375 0.017975
3 0.744551 0.314666 0.348375 0.017975
3 0.744603 0.335916 0.348375 0.017975
3 0.602155 0.357361 0.063376 0.017586
0 0.732859 0.304057 0.406978 0.129304
1 0.553900 0.389926 0.041712 0.018807
2 0.616817 0.389841 0.070879 0.018847
3 0.797651 0.390219 0.269209 0.017867
3 0.744786 0.411541 0.348375 0.017975
3 0.744838 0.432791 0.348375 0.017975
3 0.744889 0.454041 0.348375 0.017975
3 0.744941 0.475291 0.348375 0.017975
3 0.744992 0.496541 0.348375 0.017975
3 0.665877 0.517899 0.190042 0.017759
0 0.733222 0.454057 0.407029 0.150554
1 0.564691 0.544287 0.062545 0.018835
2 0.635524 0.544190 0.065879 0.018840
3 0.805942 0.544583 0.253375 0.017845
3 0.702660 0.565974 0.263375 0.017859
0 0.733468 0.555307 0.406772 0.044304
1 0.554391 0.592426 0.041712 0.018807
2 0.619807 0.592337 0.075879 0.018853
3 0.795225 0.592723 0.253375 0.017845
3 0.602777 0.614235 0.063376 0.017586
0 0.733584 0.603432 0.406772 0.044304
1 0.575357 0.647398 0.083379 0.018864
2 0.657440 0.647286 0.067545 0.018842
3 0.804942 0.647710 0.205875 0.017781
0 0.733692 0.647807 0.406721 0.023054
1 0.575444 0.683022 0.083379 0.018864
2 0.652110 0.682918 0.056712 0.018827
3 0.810028 0.683328 0.237542 0.017824
3 0.745496 0.704666 0.348375 0.017975
3 0.745548 0.725916 0.348375 0.017975
3 0.634766 0.747317 0.126709 0.017673
0 0.733855 0.715307 0.406875 0.086804
1 0.565248 0.774287 0.062545 0.018835
2 0.648165 0.774174 0.090045 0.018873
3 0.814832 0.774571 0.221709 0.017802
3 0.619051 0.796088 0.095042 0.017629
0 0.734025 0.785307 0.406772 0.044304
1 0.565363 0.821786 0.062545 0.018835
2 0.627863 0.821701 0.049212 0.018817
3 0.797864 0.822095 0.269209 0.017867
3 0.682499 0.843502 0.221709 0.017802
0 0.734140 0.832806 0.406772 0.044304
1 0.575909 0.874897 0.083379 0.018864
2 0.661742 0.874780 0.075045 0.018852
0 0.734243 0.875306 0.406721 0.023054
