1 0.089539 0.083241 0.041758 0.018865
2 0.160372 0.083436 0.086758 0.018989
3 0.341201 0.084560 0.253417 0.018198
3 0.280264 0.105642 0.348417 0.018460
3 0.280160 0.126892 0.348417 0.018460
3 0.280056 0.148141 0.348417 0.018460
3 0.279952 0.169391 0.348417 0.018460
3 0.216515 0.190467 0.221751 0.018111
0 0.268441 0.137484 0.407295 0.129870
1 0.088875 0.218865 0.041758 0.018865
2 0.139708 0.219005 0.046758 0.018878
0 0.268037 0.219984 0.406774 0.023621
1 0.088712 0.251990 0.041758 0.018865
2 0.144962 0.252145 0.057591 0.018908
3 0.319124 0.253250 0.269251 0.018242
3 0.279437 0.274391 0.348417 0.018460
3 0.279333 0.295641 0.348417 0.018460
3 0.279229 0.316890 0.348417 0.018460
3 0.284125 0.338154 0.358417 0.018487
3 0.231521 0.359259 0.253417 0.018198
0 0.267614 0.306233 0.407295 0.129870
1 0.098471 0.386393 0.062591 0.018922
2 0.172637 0.386597 0.072591 0.018950
3 0.338466 0.387679 0.237584 0.018154
3 0.112530 0.408307 0.015919 0.017544
0 0.267164 0.398108 0.406878 0.044870
1 0.087800 0.438239 0.041758 0.018865
2 0.145716 0.438398 0.060925 0.018918
3 0.321545 0.439508 0.269251 0.018242
3 0.143942 0.460268 0.079252 0.017718
0 0.266910 0.449982 0.406878 0.044870
1 0.103817 0.485783 0.074258 0.018954
2 0.176316 0.485983 0.057591 0.018908
3 0.334646 0.487044 0.237584 0.018154
3 0.270375 0.508117 0.332583 0.018416
0 0.266677 0.497482 0.406878 0.044870
1 0.108122 0.542670 0.083425 0.018980
2 0.191454 0.542900 0.070091 0.018943
3 0.348117 0.543957 0.221751 0.018111
3 0.278013 0.565014 0.348417 0.018460
3 0.277909 0.586264 0.348417 0.018460
3 0.282805 0.607527 0.358417 0.018487
3 0.279784 0.628769 0.352583 0.018471
3 0.277597 0.650013 0.348417 0.018460
3 0.277493 0.671263 0.348417 0.018460
3 0.206139 0.692316 0.205918 0.018067
0 0.266086 0.618106 0.407503 0.172370
1 0.086397 0.724487 0.041758 0.018865
2 0.163480 0.724699 0.099258 0.019023
3 0.295143 0.725687 0.142585 0.017893
0 0.265560 0.725605 0.406774 0.023621
1 0.086266 0.751362 0.041758 0.018865
2 0.167932 0.751587 0.108424 0.019048
3 0.343761 0.752696 0.221751 0.018111
3 0.276991 0.773762 0.348417 0.018460
3 0.276886 0.795012 0.348417 0.018460
3 0.281782 0.816276 0.358417 0.018487
3 0.126263 0.837097 0.047585 0.017631
0 0.265220 0.794980 0.407191 0.108620
1 0.106511 0.871418 0.083425 0.018980
2 0.176511 0.871611 0.043425 0.018869
0 0.264840 0.872479 0.406774 0.023621
1 0.566619 0.084556 0.062591 0.018922
2 0.648285 0.084781 0.087591 0.018991
3 0.813698 0.085862 0.221751 0.018111
3 0.651928 0.106666 0.158418 0.017936
0 0.735313 0.096271 0.406878 0.044870
1 0.566359 0.137680 0.062591 0.018922
2 0.639275 0.137881 0.070091 0.018943
3 0.803854 0.138960 0.237584 0.018154
3 0.596252 0.159638 0.047585 0.017631
0 0.735053 0.149395 0.406878 0.044870
1 0.566111 0.188305 0.062591 0.018922
2 0.633194 0.188490 0.058425 0.018911
3 0.776106 0.189509 0.205918 0.018067
0 0.734857 0.189395 0.406774 0.023621
1 0.565967 0.217680 0.062591 0.018922
2 0.625133 0.217843 0.042592 0.018867
3 0.791796 0.218927 0.269251 0.018242
3 0.746275 0.240052 0.348417 0.018460
3 0.722421 0.261236 0.300917 0.018329
0 0.734609 0.240020 0.406982 0.066120
1 0.565630 0.286429 0.062591 0.018922
2 0.629380 0.286605 0.051758 0.018892
3 0.784792 0.287658 0.237584 0.018154
0 0.734376 0.287519 0.406774 0.023621
1 0.555076 0.314526 0.041758 0.018865
2 0.607575 0.314670 0.050092 0.018888
3 0.785904 0.315787 0.285084 0.018285
3 0.745801 0.336926 0.348417 0.018460
3 0.745696 0.358176 0.348417 0.018460
3 0.745592 0.379426 0.348417 0.018460
3 0.745488 0.400676 0.348417 0.018460
3 0.750384 0.421939 0.358417 0.018487
3 0.594864 0.442761 0.047585 0.017631
0 0.733926 0.379394 0.407399 0.151120
1 0.564718 0.472678 0.062591 0.018922
2 0.629301 0.472856 0.053425 0.018897
3 0.793463 0.473934 0.253417 0.018198
3 0.745026 0.495050 0.348417 0.018460
3 0.744922 0.516300 0.348417 0.018460
3 0.744818 0.537550 0.348417 0.018460
3 0.744714 0.558800 0.348417 0.018460
3 0.744609 0.580050 0.348417 0.018460
3 0.673256 0.601103 0.205918 0.018067
0 0.733151 0.537518 0.407399 0.151120
1 0.563955 0.628302 0.062591 0.018922
2 0.641871 0.628517 0.080091 0.018970
3 0.811450 0.629609 0.237584 0.018154
3 0.657181 0.650434 0.174251 0.017980
0 0.732649 0.640017 0.406878 0.044870
1 0.563722 0.675802 0.062591 0.018922
2 0.637472 0.676005 0.071758 0.018947
3 0.802884 0.677086 0.237584 0.018154
3 0.577782 0.697716 0.015919 0.017544
0 0.732416 0.687517 0.406878 0.044870
1 0.563471 0.727051 0.062591 0.018922
2 0.625971 0.727224 0.049258 0.018885
3 0.795967 0.728317 0.269251 0.018242
3 0.637947 0.749132 0.136751 0.017877
0 0.732165 0.738766 0.406878 0.044870
1 0.563214 0.779551 0.062591 0.018922
2 0.626547 0.779726 0.050925 0.018890
3 0.726127 0.780625 0.126752 0.017849
0 0.731960 0.780641 0.406774 0.023621
1 0.563070 0.808926 0.062591 0.018922
2 0.638070 0.809133 0.074258 0.018954
3 0.804732 0.810217 0.237584 0.018154
3 0.735462 0.831276 0.332583 0.018416
0 0.731764 0.820641 0.406878 0.044870
1 0.573227 0.862079 0.083425 0.018980
2 0.648643 0.862287 0.054258 0.018899
0 0.731556 0.863141 0.406774 0.023621
1 0.558098 0.888288 0.053425 0.018897
2 0.616848 0.888450 0.050925 0.018890
3 0.787677 0.889545 0.269251 0.018242
3 0.742990 0.910672 0.348417 0.018460
3 0.742886 0.931922 0.348417 0.018460
3 0.742781 0.953172 0.348417 0.018460
3 0.711011 0.974335 0.285084 0.018285
0 0.731219 0.931890 0.407191 0.108620
