3 0.493316 0.033862 0.986631 0.041418
0 0.075463 0.091250 0.042204 0.019430
1 0.136698 0.090244 0.068031 0.019854
2 0.315840 0.087926 0.269613 0.021917
2 0.148168 0.111936 0.111318 0.019316
0 0.097897 0.145894 0.083861 0.020114
1 0.185793 0.144450 0.079695 0.020046
2 0.339108 0.142557 0.206295 0.020877
2 0.268495 0.164972 0.348761 0.023217
2 0.269116 0.186217 0.348761 0.023217
2 0.269736 0.207462 0.348761 0.023217
2 0.151635 0.230657 0.111318 0.019316
0 0.090896 0.262912 0.063032 0.019772
1 0.172959 0.261564 0.088860 0.020196
2 0.338771 0.259465 0.222124 0.021137
2 0.197759 0.283037 0.200463 0.020781
0 0.102971 0.319603 0.083861 0.020114
1 0.172537 0.318460 0.043037 0.019444
2 0.328352 0.316525 0.247952 0.021561
2 0.178591 0.340241 0.158806 0.020096
0 0.094016 0.369762 0.063032 0.019772
1 0.159417 0.368687 0.055534 0.019649
0 0.094892 0.399755 0.063032 0.019772
1 0.171957 0.398489 0.078862 0.020032
2 0.340685 0.396342 0.237954 0.021397
2 0.280903 0.418579 0.358758 0.023381
2 0.276525 0.439906 0.348761 0.023217
2 0.277146 0.461151 0.348761 0.023217
2 0.277766 0.482396 0.348761 0.023217
2 0.278386 0.503641 0.348761 0.023217
2 0.279007 0.524886 0.348761 0.023217
2 0.271713 0.546261 0.332931 0.022957
0 0.100185 0.580961 0.063032 0.019772
1 0.173917 0.579750 0.072197 0.019923
2 0.307653 0.578178 0.174636 0.020356
0 0.106984 0.613982 0.074696 0.019964
1 0.176551 0.612840 0.052202 0.019594
2 0.336947 0.610830 0.247952 0.021561
2 0.147613 0.635195 0.079659 0.018796
0 0.112990 0.662645 0.083861 0.020114
1 0.194637 0.661304 0.067198 0.019840
2 0.349618 0.659383 0.222124 0.021137
2 0.275673 0.681853 0.332931 0.022957
0 0.104054 0.713429 0.063032 0.019772
1 0.164039 0.712444 0.044704 0.019471
2 0.331517 0.710318 0.269613 0.021917
2 0.285066 0.732336 0.348761 0.023217
2 0.285686 0.753581 0.348761 0.023217
2 0.270477 0.775086 0.317102 0.022697
0 0.096304 0.804829 0.042204 0.019430
1 0.170453 0.803610 0.093858 0.020278
2 0.346679 0.801340 0.237954 0.021397
2 0.292729 0.823482 0.358758 0.023381
2 0.288351 0.844809 0.348761 0.023217
2 0.288971 0.866054 0.348761 0.023217
2 0.289592 0.887299 0.348761 0.023217
2 0.295211 0.908462 0.358758 0.023381
2 0.124622 0.932519 0.016341 0.017756
0 0.562846 0.083243 0.083861 0.020114
1 0.663655 0.081587 0.105522 0.020470
2 0.821969 0.079611 0.190465 0.020616
2 0.662211 0.103491 0.206295 0.020877
0 0.543606 0.137947 0.042204 0.019430
1 0.606507 0.136914 0.071364 0.019909
2 0.787315 0.134568 0.269613 0.021917
2 0.647969 0.158113 0.174636 0.020356
0 0.555662 0.194012 0.063032 0.019772
1 0.623979 0.192890 0.061366 0.019745
0 0.556502 0.222756 0.063032 0.019772
1 0.626901 0.221599 0.065532 0.019813
0 0.567701 0.249453 0.083861 0.020114
1 0.643099 0.248214 0.054701 0.019635
2 0.799746 0.246266 0.237954 0.021397
2 0.743297 0.268448 0.358758 0.023381
2 0.738919 0.289775 0.348761 0.023217
2 0.739539 0.311020 0.348761 0.023217
2 0.621438 0.334216 0.111318 0.019316
0 0.566549 0.367000 0.074696 0.019964
1 0.649863 0.365631 0.079695 0.020046
2 0.787348 0.363998 0.174636 0.020356
0 0.551143 0.396010 0.042204 0.019430
1 0.619876 0.394881 0.083028 0.020101
2 0.798601 0.392570 0.253784 0.021657
2 0.742569 0.414745 0.348761 0.023217
2 0.584894 0.438591 0.032170 0.018016
0 0.574088 0.468151 0.083861 0.020114
1 0.652402 0.466864 0.060533 0.019731
0 0.574982 0.498768 0.083861 0.020114
1 0.646215 0.497598 0.046370 0.019498
2 0.806611 0.495588 0.253784 0.021657
2 0.642688 0.519536 0.142977 0.019836
0 0.566229 0.555801 0.063032 0.019772
1 0.631630 0.554726 0.055534 0.019649
2 0.796608 0.552641 0.253784 0.021657
2 0.747241 0.574707 0.348761 0.023217
2 0.747861 0.595952 0.348761 0.023217
2 0.748482 0.617197 0.348761 0.023217
2 0.749102 0.638442 0.348761 0.023217
2 0.749723 0.659687 0.348761 0.023217
2 0.750343 0.680932 0.348761 0.023217
2 0.750964 0.702177 0.348761 0.023217
2 0.743669 0.723551 0.332931 0.022957
0 0.561691 0.757173 0.042204 0.019430
1 0.615011 0.756297 0.052202 0.019594
0 0.562475 0.784042 0.042204 0.019430
1 0.638707 0.782790 0.098024 0.020347
2 0.817016 0.780485 0.237954 0.021397
2 0.758900 0.802695 0.358758 0.023381
2 0.754522 0.824022 0.348761 0.023217
2 0.760141 0.845185 0.358758 0.023381
2 0.755763 0.866512 0.348761 0.023217
2 0.637662 0.889707 0.111318 0.019316
