1 0.201250 0.085938 0.120833 0.021875
0 0.266667 0.142187 0.400000 0.134375
1 0.150833 0.226562 0.066667 0.021875
0 0.266667 0.226562 0.400000 0.021875
1 0.183750 0.255312 0.085833 0.021875
0 0.266667 0.255312 0.400000 0.021875
1 0.224167 0.283438 0.120000 0.021875
0 0.266667 0.311563 0.400000 0.078125
1 0.158333 0.373437 0.081667 0.021875
0 0.266667 0.382812 0.400000 0.040625
1 0.194583 0.424687 0.060833 0.021875
0 0.266667 0.424687 0.400000 0.021875
1 0.176250 0.459062 0.070833 0.021875
0 0.266667 0.459062 0.400000 0.021875
1 0.175000 0.489063 0.068333 0.021875
0 0.266667 0.489063 0.400000 0.021875
1 0.152500 0.522813 0.070000 0.021875
0 0.266667 0.588437 0.400000 0.153125
1 0.232917 0.685937 0.137500 0.021875
0 0.266667 0.695312 0.400000 0.040625
1 0.179583 0.736563 0.124167 0.021875
0 0.266667 0.755313 0.400000 0.059375
1 0.232917 0.808438 0.137500 0.021875
0 0.266667 0.808438 0.400000 0.021875
1 0.181667 0.836562 0.128333 0.021875
0 0.266667 0.874062 0.400000 0.096875
1 0.619583 0.085938 0.070833 0.021875
0 0.733333 0.085938 0.400000 0.021875
1 0.643750 0.118438 0.119167 0.021875
0 0.733333 0.146563 0.400000 0.078125
1 0.682083 0.205313 0.102500 0.021875
0 0.733333 0.214688 0.400000 0.040625
1 0.639583 0.254063 0.064167 0.021875
0 0.733333 0.263437 0.400000 0.040625
1 0.653333 0.306563 0.138333 0.021875
0 0.733333 0.315937 0.400000 0.040625
1 0.620417 0.357812 0.072500 0.021875
0 0.733333 0.357812 0.400000 0.021875
1 0.647917 0.389688 0.080833 0.021875
0 0.733333 0.389688 0.400000 0.021875
1 0.650417 0.424063 0.085833 0.021875
0 0.733333 0.433437 0.400000 0.040625
1 0.683750 0.471562 0.105833 0.021875
0 0.733333 0.509062 0.400000 0.096875
1 0.647917 0.580937 0.080833 0.021875
0 0.733333 0.590313 0.400000 0.040625
1 0.637917 0.629062 0.060833 0.021875
0 0.733333 0.638437 0.400000 0.040625
1 0.673750 0.675937 0.132500 0.021875
0 0.733333 0.675937 0.400000 0.021875
1 0.663750 0.710313 0.065833 0.021875
0 0.733333 0.719688 0.400000 0.040625
1 0.638750 0.762813 0.062500 0.021875
0 0.733333 0.762813 0.400000 0.021875
1 0.632500 0.795937 0.096667 0.021875
0 0.733333 0.805312 0.400000 0.040625
1 0.634167 0.844063 0.100000 0.021875
0 0.733333 0.890938 0.400000 0.115625
