1 0.112357 0.076728 0.063125 0.019954
2 0.171921 0.077882 0.043964 0.019583
3 0.315185 0.081282 0.222195 0.021786
0 0.281029 0.080620 0.407306 0.030366
1 0.111389 0.104844 0.063125 0.019954
2 0.181782 0.106207 0.065624 0.020002
3 0.351704 0.110124 0.253851 0.022399
3 0.148540 0.127446 0.063915 0.018720
0 0.279696 0.119358 0.408037 0.051609
1 0.099319 0.152751 0.042298 0.019551
2 0.159299 0.153913 0.065624 0.020002
3 0.337135 0.157983 0.269679 0.022706
3 0.138970 0.175401 0.048087 0.018414
0 0.278039 0.167467 0.408037 0.051609
1 0.118360 0.205012 0.083951 0.020357
2 0.197084 0.206537 0.061458 0.019922
0 0.276619 0.208703 0.407306 0.030366
1 0.117392 0.233128 0.083951 0.020357
2 0.205279 0.234830 0.079786 0.020277
0 0.275651 0.236818 0.407306 0.030366
1 0.116488 0.259369 0.083951 0.020357
2 0.189381 0.260781 0.049796 0.019696
3 0.343475 0.264391 0.238023 0.022093
3 0.182796 0.282536 0.143055 0.020253
0 0.274382 0.273681 0.408037 0.051609
1 0.094027 0.306450 0.042298 0.019551
2 0.149009 0.307515 0.055627 0.019809
3 0.313932 0.311334 0.253851 0.022399
0 0.273112 0.310544 0.407306 0.030366
1 0.113928 0.333719 0.083951 0.020357
2 0.198900 0.335365 0.073954 0.020164
3 0.357159 0.339056 0.222195 0.021786
3 0.116924 0.355660 0.016430 0.017801
0 0.271822 0.348031 0.408037 0.051609
1 0.101859 0.381627 0.063125 0.019954
2 0.171835 0.382982 0.064791 0.019986
0 0.270531 0.385519 0.407306 0.030366
1 0.106679 0.411105 0.074787 0.020180
2 0.174573 0.412420 0.048963 0.019680
0 0.269520 0.414884 0.407306 0.030366
1 0.089531 0.437031 0.042298 0.019551
2 0.143263 0.438072 0.053128 0.019760
0 0.268616 0.441125 0.407306 0.030366
1 0.088520 0.466397 0.042298 0.019551
2 0.136837 0.467332 0.042298 0.019551
3 0.315922 0.471426 0.295504 0.023206
0 0.267605 0.470490 0.407306 0.030366
1 0.108141 0.501788 0.083951 0.020357
2 0.183949 0.503257 0.055627 0.019809
3 0.340959 0.506923 0.238023 0.022093
0 0.266400 0.505479 0.407306 0.030366
1 0.096631 0.533451 0.063125 0.019954
2 0.176188 0.534992 0.083951 0.020357
3 0.339445 0.538779 0.222195 0.021786
3 0.276234 0.558812 0.348820 0.024239
3 0.275503 0.580055 0.348820 0.024239
3 0.274771 0.601298 0.348820 0.024239
3 0.234470 0.621774 0.269679 0.022706
0 0.263840 0.579829 0.410231 0.115338
1 0.092672 0.648413 0.063125 0.019954
2 0.151819 0.649558 0.043131 0.019567
0 0.261345 0.652305 0.407306 0.030366
1 0.091704 0.676528 0.063125 0.019954
2 0.159182 0.677835 0.059792 0.019889
0 0.260376 0.680421 0.407306 0.030366
1 0.101106 0.706095 0.083951 0.020357
2 0.182329 0.707668 0.066457 0.020018
3 0.336839 0.711286 0.222195 0.021786
3 0.135758 0.728649 0.079743 0.019027
0 0.259000 0.720407 0.408037 0.051609
1 0.088843 0.759626 0.063125 0.019954
2 0.168400 0.761167 0.083951 0.020357
3 0.331657 0.764954 0.222195 0.021786
3 0.102252 0.781768 0.016430 0.017801
0 0.257149 0.774139 0.408037 0.051609
1 0.086971 0.813983 0.063125 0.019954
2 0.157364 0.815346 0.065624 0.020002
0 0.255643 0.817875 0.407306 0.030366
1 0.085874 0.845847 0.063125 0.019954
2 0.165847 0.847396 0.084784 0.020373
3 0.329521 0.851191 0.222195 0.021786
3 0.138853 0.868755 0.095571 0.019334
0 0.254181 0.860361 0.408037 0.051609
1 0.568455 0.085562 0.042298 0.019551
2 0.615939 0.086482 0.040632 0.019518
3 0.702139 0.088777 0.111399 0.019640
0 0.747541 0.089656 0.407306 0.030366
1 0.567552 0.111804 0.042298 0.019551
2 0.626282 0.112941 0.063125 0.019954
3 0.802868 0.116987 0.269679 0.022706
3 0.654686 0.135374 0.143055 0.020253
0 0.746271 0.126519 0.408037 0.051609
1 0.576136 0.165113 0.063125 0.019954
2 0.646113 0.166468 0.064791 0.019986
3 0.812702 0.170320 0.248020 0.022286
3 0.613287 0.187714 0.063915 0.018720
0 0.744443 0.179626 0.408037 0.051609
1 0.563916 0.217393 0.042298 0.019551
2 0.629311 0.218660 0.076453 0.020212
0 0.743001 0.221487 0.407306 0.030366
1 0.562689 0.253006 0.042298 0.019551
2 0.626002 0.254233 0.072288 0.020131
3 0.743858 0.257141 0.143055 0.020253
0 0.741775 0.257100 0.407306 0.030366
1 0.572005 0.285073 0.063125 0.019954
2 0.631152 0.286218 0.043131 0.019567
3 0.797742 0.290070 0.269679 0.022706
3 0.617071 0.307828 0.079743 0.019027
0 0.740312 0.299586 0.408037 0.051609
1 0.580525 0.340256 0.083951 0.020357
2 0.658833 0.341773 0.060625 0.019905
3 0.815426 0.345431 0.232192 0.021980
3 0.749716 0.365415 0.348820 0.024239
3 0.709414 0.385892 0.269679 0.022706
0 0.738053 0.365189 0.408769 0.072852
1 0.567445 0.417528 0.063125 0.019954
2 0.629507 0.418730 0.048963 0.019680
0 0.736117 0.421421 0.407306 0.030366
1 0.576868 0.446470 0.083951 0.020357
2 0.652260 0.447931 0.054794 0.019793
3 0.808853 0.451589 0.238023 0.022093
3 0.651090 0.469790 0.158883 0.020560
0 0.734762 0.460782 0.408037 0.051609
1 0.554127 0.501674 0.042298 0.019551
2 0.627853 0.503102 0.093115 0.020535
3 0.803606 0.507131 0.238023 0.022093
3 0.625433 0.524937 0.111399 0.019640
0 0.732847 0.516389 0.408037 0.051609
1 0.562798 0.552483 0.063125 0.019954
2 0.634024 0.553863 0.067290 0.020035
3 0.804779 0.557795 0.253851 0.022399
3 0.742401 0.577844 0.348820 0.024239
3 0.599217 0.596328 0.063915 0.018720
0 0.730738 0.577618 0.408769 0.072852
1 0.570608 0.628285 0.083951 0.020357
2 0.656829 0.629955 0.076453 0.020212
3 0.816338 0.633670 0.222195 0.021786
3 0.739798 0.653444 0.348820 0.024239
3 0.739067 0.674687 0.348820 0.024239
3 0.743334 0.696027 0.358816 0.024432
3 0.663462 0.715737 0.200536 0.021367
0 0.727404 0.674461 0.410231 0.115338
1 0.545715 0.745967 0.042298 0.019551
2 0.611110 0.747234 0.076453 0.020212
3 0.786447 0.751255 0.253851 0.022399
3 0.590364 0.768714 0.058083 0.018607
0 0.724435 0.760682 0.408037 0.051609
1 0.564778 0.797603 0.083951 0.020357
2 0.638503 0.799031 0.051462 0.019728
3 0.793430 0.802657 0.238023 0.022093
3 0.738966 0.822860 0.358816 0.024432
3 0.733237 0.844006 0.348820 0.024239
3 0.734588 0.865289 0.352985 0.024319
3 0.731774 0.886491 0.348820 0.024239
3 0.596504 0.905129 0.079743 0.019027
0 0.721208 0.854401 0.410963 0.136581
