3 0.491598 0.040178 0.983197 0.045868
0 0.072233 0.093148 0.042346 0.019613
1 0.129295 0.091956 0.059840 0.019978
2 0.264682 0.089754 0.190576 0.021460
0 0.094172 0.122702 0.083997 0.020483
1 0.174974 0.121014 0.065671 0.020100
2 0.334102 0.118316 0.232226 0.022330
2 0.233264 0.141680 0.285539 0.023443
0 0.085592 0.172275 0.063172 0.020048
1 0.151817 0.170892 0.057341 0.019926
2 0.246386 0.169542 0.111440 0.019807
0 0.086822 0.205387 0.063172 0.020048
1 0.151380 0.204039 0.054009 0.019856
2 0.315506 0.201236 0.253885 0.022782
2 0.109708 0.226793 0.032304 0.018154
0 0.099067 0.254525 0.083997 0.020483
1 0.184450 0.252742 0.074834 0.020291
2 0.340247 0.250113 0.216399 0.021999
2 0.269813 0.272843 0.348848 0.024766
2 0.270602 0.294085 0.348848 0.024766
2 0.276388 0.315222 0.358844 0.024974
2 0.272179 0.336568 0.348848 0.024766
2 0.272968 0.357810 0.348848 0.024766
2 0.123398 0.382192 0.048131 0.018485
0 0.104866 0.410715 0.083997 0.020483
1 0.192749 0.408879 0.079832 0.020396
2 0.346046 0.406303 0.206403 0.021791
2 0.275612 0.429032 0.348848 0.024766
2 0.281399 0.450170 0.358844 0.024974
2 0.237622 0.472342 0.269712 0.023113
0 0.087660 0.508612 0.042346 0.019613
1 0.145138 0.507412 0.060673 0.019995
0 0.099093 0.535884 0.063172 0.020048
1 0.174897 0.534301 0.076500 0.020326
2 0.339440 0.531489 0.232226 0.022330
2 0.121980 0.557289 0.032304 0.018154
0 0.101065 0.588988 0.063172 0.020048
1 0.170621 0.587536 0.064005 0.020065
2 0.339746 0.584629 0.253885 0.022782
2 0.282224 0.607088 0.348848 0.024766
2 0.283012 0.628330 0.348848 0.024766
2 0.283801 0.649572 0.348848 0.024766
2 0.284590 0.670813 0.348848 0.024766
2 0.287461 0.692012 0.353013 0.024853
2 0.127895 0.716603 0.032304 0.018154
0 0.107027 0.749551 0.063172 0.020048
1 0.189911 0.747820 0.090661 0.020622
2 0.356537 0.744965 0.222230 0.022121
2 0.288185 0.767651 0.348848 0.024766
2 0.293972 0.788788 0.358844 0.024974
2 0.289763 0.810134 0.348848 0.024766
2 0.290552 0.831376 0.348848 0.024766
2 0.291340 0.852618 0.348848 0.024766
2 0.292129 0.873860 0.348848 0.024766
2 0.292918 0.895102 0.348848 0.024766
2 0.175002 0.918823 0.111440 0.019807
0 0.559545 0.082970 0.083997 0.020483
1 0.644512 0.081196 0.074001 0.020274
2 0.802807 0.078515 0.222230 0.022121
2 0.730291 0.101288 0.348848 0.024766
2 0.731079 0.122529 0.348848 0.024766
2 0.723954 0.143936 0.333021 0.024435
0 0.563210 0.181682 0.083997 0.020483
1 0.642346 0.180029 0.062339 0.020030
2 0.802723 0.177305 0.238057 0.022452
2 0.733956 0.199999 0.348848 0.024766
2 0.734745 0.221241 0.348848 0.024766
2 0.735533 0.242483 0.348848 0.024766
2 0.736322 0.263725 0.348848 0.024766
2 0.697543 0.285793 0.269712 0.023113
0 0.557970 0.321220 0.063172 0.020048
1 0.636273 0.319585 0.081498 0.020430
0 0.559014 0.349335 0.063172 0.020048
1 0.627737 0.347899 0.062339 0.020030
2 0.793113 0.345070 0.248054 0.022660
2 0.661037 0.369087 0.190576 0.021460
0 0.560847 0.398690 0.063172 0.020048
1 0.630403 0.397238 0.064005 0.020065
2 0.799527 0.394331 0.253885 0.022782
2 0.747003 0.416686 0.358844 0.024974
2 0.742794 0.438032 0.348848 0.024766
2 0.743583 0.459274 0.348848 0.024766
2 0.728544 0.480846 0.317193 0.024105
0 0.565092 0.513021 0.063172 0.020048
1 0.643811 0.511377 0.082331 0.020448
2 0.814185 0.508444 0.238057 0.022452
2 0.643374 0.533270 0.143094 0.020468
0 0.556651 0.566343 0.042346 0.019613
1 0.622042 0.564977 0.076500 0.020326
2 0.797414 0.561940 0.253885 0.022782
2 0.748222 0.584225 0.348848 0.024766
2 0.754009 0.605363 0.358844 0.024974
2 0.754798 0.626604 0.358844 0.024974
2 0.750588 0.647951 0.348848 0.024766
2 0.680155 0.670680 0.206403 0.021791
0 0.582441 0.699606 0.083997 0.020483
1 0.670740 0.697762 0.080665 0.020413
2 0.784885 0.696003 0.127267 0.020138
0 0.583670 0.732718 0.083997 0.020483
1 0.670303 0.730909 0.077333 0.020343
2 0.830264 0.728193 0.222230 0.022121
2 0.743587 0.751262 0.327190 0.024313
0 0.575345 0.789164 0.063172 0.020048
1 0.638237 0.787850 0.050677 0.019787
2 0.784870 0.785413 0.222230 0.022121
0 0.576528 0.821027 0.063172 0.020048
1 0.645668 0.819583 0.063172 0.020048
2 0.811460 0.816745 0.248054 0.022660
2 0.615242 0.842102 0.063958 0.018815
0 0.568064 0.873724 0.042346 0.019613
1 0.618878 0.872663 0.047345 0.019717
2 0.795499 0.869599 0.285539 0.023443
2 0.759636 0.891606 0.348848 0.024766
2 0.760424 0.912848 0.348848 0.024766
2 0.650423 0.936404 0.127267 0.020138
