1 0.094348 0.086330 0.062660 0.019052
2 0.155597 0.086033 0.046827 0.018976
3 0.324349 0.085842 0.269312 0.018803
3 0.274950 0.107331 0.348477 0.019186
3 0.280132 0.128557 0.358476 0.019234
3 0.180317 0.150290 0.158481 0.018266
0 0.263375 0.118012 0.407400 0.088217
1 0.084733 0.179503 0.041827 0.018951
2 0.150565 0.179185 0.076826 0.019121
3 0.278901 0.179189 0.158481 0.018266
0 0.263902 0.179261 0.406852 0.024468
1 0.085002 0.210753 0.041827 0.018951
2 0.151668 0.210430 0.078493 0.019129
0 0.264171 0.210511 0.406852 0.024468
1 0.085271 0.242002 0.041827 0.018951
2 0.137770 0.241748 0.050160 0.018992
0 0.264439 0.241760 0.406852 0.024468
1 0.095957 0.273201 0.062660 0.019052
2 0.161372 0.272884 0.055160 0.019016
3 0.326374 0.272711 0.253479 0.018726
3 0.118228 0.294969 0.031817 0.017653
0 0.264800 0.283634 0.407035 0.045718
1 0.106798 0.322525 0.083493 0.019153
2 0.192213 0.322111 0.074326 0.019109
3 0.350965 0.321968 0.221813 0.018573
3 0.276983 0.343576 0.348477 0.019186
3 0.277165 0.364826 0.348477 0.019186
3 0.277348 0.386075 0.348477 0.019186
3 0.277531 0.407325 0.348477 0.019186
3 0.246048 0.428728 0.285145 0.018879
0 0.265590 0.375507 0.407766 0.130716
1 0.087164 0.461998 0.041827 0.018951
2 0.144663 0.461719 0.060160 0.019040
0 0.266333 0.461755 0.406852 0.024468
1 0.108223 0.488146 0.083493 0.019153
2 0.184055 0.487779 0.055160 0.019016
3 0.309474 0.487797 0.174314 0.018343
0 0.266559 0.488005 0.406852 0.024468
1 0.098081 0.520071 0.062660 0.019052
2 0.165996 0.519742 0.060160 0.019040
3 0.333498 0.519556 0.253479 0.018726
3 0.278682 0.541072 0.348477 0.019186
3 0.283865 0.562298 0.358476 0.019234
3 0.279048 0.583571 0.348477 0.019186
3 0.284231 0.604797 0.358476 0.019234
3 0.284414 0.626046 0.358476 0.019234
3 0.279597 0.647320 0.348477 0.019186
3 0.240197 0.668761 0.269312 0.018803
0 0.267473 0.594253 0.408132 0.173215
1 0.099603 0.696942 0.062660 0.019052
2 0.177518 0.696565 0.080160 0.019137
0 0.268355 0.696750 0.406852 0.024468
1 0.089423 0.724492 0.041827 0.018951
2 0.161922 0.724141 0.090159 0.019185
3 0.336507 0.723921 0.237646 0.018649
3 0.245858 0.745610 0.279311 0.018851
0 0.268683 0.734875 0.407035 0.045718
1 0.100292 0.776941 0.062660 0.019052
2 0.178623 0.776561 0.080993 0.019141
0 0.269043 0.776749 0.406852 0.024468
1 0.090133 0.806990 0.041827 0.018951
2 0.152215 0.806690 0.069327 0.019084
0 0.269302 0.806748 0.406852 0.024468
1 0.111197 0.833764 0.083493 0.019153
2 0.183696 0.833413 0.048494 0.018984
0 0.269533 0.833623 0.406852 0.024468
1 0.111434 0.861263 0.083493 0.019153
2 0.202266 0.860824 0.085160 0.019161
3 0.358518 0.860692 0.205980 0.018496
3 0.123289 0.883081 0.031817 0.017653
0 0.269861 0.871747 0.407035 0.045718
1 0.561005 0.084071 0.062660 0.019052
2 0.641420 0.083682 0.085160 0.019161
3 0.797672 0.083550 0.205980 0.018496
0 0.729757 0.083879 0.406852 0.024468
1 0.550890 0.119121 0.041827 0.018951
2 0.609222 0.118838 0.061827 0.019048
3 0.745891 0.118802 0.190147 0.018419
0 0.730058 0.118878 0.406852 0.024468
1 0.551159 0.150370 0.041827 0.018951
2 0.607408 0.150098 0.057660 0.019028
3 0.781576 0.149880 0.269312 0.018803
3 0.591763 0.172049 0.047650 0.017730
0 0.730419 0.160753 0.407035 0.045718
1 0.551638 0.205994 0.041827 0.018951
2 0.602887 0.205746 0.047660 0.018980
3 0.779972 0.205514 0.285145 0.018879
3 0.639741 0.227443 0.142648 0.018189
0 0.730897 0.216376 0.407035 0.045718
1 0.552052 0.254118 0.041827 0.018951
2 0.598718 0.253892 0.038494 0.018935
3 0.779136 0.253644 0.300978 0.018956
3 0.600572 0.275758 0.063483 0.017806
0 0.731312 0.264500 0.407035 0.045718
1 0.562888 0.302816 0.062660 0.019052
2 0.633303 0.302476 0.065160 0.019064
3 0.803305 0.302278 0.253479 0.018726
3 0.593075 0.324546 0.047650 0.017730
0 0.731731 0.313249 0.407035 0.045718
1 0.573735 0.352765 0.083493 0.019153
2 0.647900 0.352406 0.051827 0.019000
0 0.732070 0.352624 0.406852 0.024468
1 0.573993 0.382764 0.083493 0.019153
2 0.653991 0.382377 0.063493 0.019056
3 0.807327 0.382260 0.221813 0.018573
3 0.625430 0.404391 0.110982 0.018036
0 0.732420 0.393248 0.407035 0.045718
1 0.574444 0.435263 0.083493 0.019153
2 0.660693 0.434846 0.075993 0.019117
3 0.820278 0.434698 0.221813 0.018573
3 0.633798 0.456851 0.126815 0.018113
0 0.732871 0.445747 0.407035 0.045718
1 0.559923 0.490960 0.053494 0.019008
2 0.622005 0.490659 0.057660 0.019028
3 0.732842 0.490748 0.142648 0.018189
0 0.733259 0.490746 0.406852 0.024468
1 0.575197 0.522761 0.083493 0.019153
2 0.668112 0.522312 0.089326 0.019181
3 0.826448 0.522170 0.205980 0.018496
3 0.618718 0.544426 0.095149 0.017959
0 0.733624 0.533245 0.407035 0.045718
1 0.575638 0.574010 0.083493 0.019153
2 0.665220 0.573577 0.082660 0.019149
3 0.825222 0.573427 0.215979 0.018544
3 0.745823 0.595062 0.348477 0.019186
3 0.746006 0.616312 0.348477 0.019186
3 0.667024 0.637944 0.190147 0.018419
0 0.734248 0.605743 0.407400 0.088217
1 0.566066 0.672184 0.062660 0.019052
2 0.636898 0.671841 0.065993 0.019068
3 0.775651 0.671794 0.190147 0.018419
0 0.734818 0.671992 0.406852 0.024468
1 0.576779 0.706508 0.083493 0.019153
2 0.668027 0.706066 0.085993 0.019165
3 0.824696 0.705933 0.205980 0.018496
3 0.588633 0.728326 0.031817 0.017653
0 0.735206 0.716991 0.407035 0.045718
1 0.551847 0.762880 0.032661 0.018907
2 0.615595 0.762571 0.081826 0.019145
0 0.735598 0.762615 0.406852 0.024468
1 0.567072 0.789056 0.062660 0.019052
2 0.642071 0.788693 0.074326 0.019109
3 0.808739 0.788512 0.237646 0.018649
3 0.668508 0.810441 0.190147 0.018419
0 0.735915 0.799489 0.407035 0.045718
1 0.577919 0.839005 0.083493 0.019153
2 0.661667 0.838599 0.070993 0.019092
3 0.818753 0.838464 0.221813 0.018573
3 0.748104 0.860057 0.348477 0.019186
3 0.748286 0.881306 0.348477 0.019186
3 0.748469 0.902556 0.348477 0.019186
3 0.748652 0.923805 0.348477 0.019186
3 0.748835 0.945055 0.348477 0.019186
3 0.746101 0.966318 0.342643 0.019158
0 0.736803 0.902612 0.407949 0.151965
