1 0.165000 0.085938 0.095000 0.021875
0 0.266667 0.095312 0.400000 0.040625
1 0.185000 0.133437 0.088333 0.021875
0 0.266667 0.142813 0.400000 0.040625
1 0.202500 0.185938 0.123333 0.021875
0 0.266667 0.195312 0.400000 0.040625
1 0.199583 0.235313 0.070833 0.021875
0 0.266667 0.300938 0.400000 0.153125
1 0.177500 0.395313 0.120000 0.021875
0 0.266667 0.404687 0.400000 0.040625
1 0.192917 0.445312 0.104167 0.021875
0 0.266667 0.492188 0.400000 0.115625
1 0.192083 0.572187 0.149167 0.021875
0 0.266667 0.600313 0.400000 0.078125
1 0.214583 0.658438 0.100833 0.021875
0 0.266667 0.658438 0.400000 0.021875
1 0.209583 0.692813 0.090833 0.021875
0 0.266667 0.739688 0.400000 0.115625
1 0.241250 0.814688 0.154167 0.021875
0 0.266667 0.814688 0.400000 0.021875
1 0.235000 0.844063 0.141667 0.021875
0 0.266667 0.844063 0.400000 0.021875
1 0.208333 0.878437 0.135000 0.021875
0 0.266667 0.887813 0.400000 0.040625
1 0.646667 0.085938 0.125000 0.021875
0 0.733333 0.085938 0.400000 0.021875
1 0.657500 0.119063 0.053333 0.021875
0 0.733333 0.137813 0.400000 0.059375
1 0.650417 0.187188 0.132500 0.021875
0 0.733333 0.196563 0.400000 0.040625
1 0.643750 0.238437 0.072500 0.021875
0 0.733333 0.304063 0.400000 0.153125
1 0.677083 0.399687 0.092500 0.021875
0 0.733333 0.409062 0.400000 0.040625
1 0.629583 0.450313 0.090833 0.021875
0 0.733333 0.450313 0.400000 0.021875
1 0.665000 0.481563 0.115000 0.021875
0 0.733333 0.490938 0.400000 0.040625
1 0.665000 0.533438 0.115000 0.021875
0 0.733333 0.542813 0.400000 0.040625
1 0.669167 0.585938 0.076667 0.021875
0 0.733333 0.595313 0.400000 0.040625
1 0.660000 0.639062 0.058333 0.021875
0 0.733333 0.667188 0.400000 0.078125
1 0.632500 0.724063 0.096667 0.021875
0 0.733333 0.724063 0.400000 0.021875
1 0.615833 0.752188 0.063333 0.021875
0 0.733333 0.808438 0.400000 0.134375
1 0.703333 0.896563 0.145000 0.021875
0 0.733333 0.905937 0.400000 0.040625
