3 0.505231 0.038194 0.989538 0.037998
0 0.117999 0.079345 0.083754 0.019831
1 0.208402 0.080521 0.084587 0.019841
2 0.364197 0.083172 0.206207 0.020174
2 0.168736 0.101883 0.111221 0.018938
0 0.116829 0.129963 0.083754 0.019831
1 0.199733 0.131041 0.069590 0.019646
2 0.355945 0.133697 0.222038 0.020379
2 0.286298 0.154045 0.348685 0.022026
2 0.290806 0.175356 0.358684 0.022156
2 0.285315 0.196538 0.348685 0.022026
2 0.289823 0.217850 0.358684 0.022156
2 0.284333 0.239032 0.348685 0.022026
2 0.283842 0.260279 0.348685 0.022026
2 0.232941 0.280870 0.247867 0.020715
0 0.102369 0.304801 0.062924 0.019560
1 0.171525 0.305700 0.062924 0.019560
0 0.112105 0.334307 0.083754 0.019831
1 0.201675 0.335472 0.082921 0.019820
2 0.356637 0.338112 0.206207 0.020174
0 0.101069 0.361042 0.062924 0.019560
1 0.161893 0.361833 0.046260 0.019343
0 0.106193 0.391739 0.074589 0.019711
1 0.171600 0.392589 0.043760 0.019311
2 0.330728 0.395283 0.253700 0.020791
2 0.280245 0.415880 0.348685 0.022026
2 0.284753 0.437192 0.358684 0.022156
2 0.208023 0.457447 0.206207 0.020174
0 0.098064 0.491023 0.062924 0.019560
1 0.171803 0.491982 0.072089 0.019679
2 0.337180 0.494757 0.237869 0.020585
2 0.277948 0.515240 0.348685 0.022026
2 0.277457 0.536487 0.348685 0.022026
2 0.276965 0.557734 0.348685 0.022026
2 0.276474 0.578981 0.348685 0.022026
0 0.105763 0.608641 0.083754 0.019831
1 0.180335 0.609610 0.052925 0.019430
2 0.336131 0.612261 0.237869 0.020585
2 0.275232 0.632723 0.348685 0.022026
2 0.274741 0.653969 0.348685 0.022026
2 0.218841 0.674496 0.237869 0.020585
0 0.103625 0.701127 0.083754 0.019831
1 0.181530 0.702140 0.059591 0.019516
2 0.337742 0.704796 0.232036 0.020509
2 0.278093 0.725274 0.358684 0.022156
2 0.277602 0.746521 0.358684 0.022156
2 0.272111 0.767702 0.348685 0.022026
2 0.271620 0.788949 0.348685 0.022026
2 0.271129 0.810196 0.348685 0.022026
2 0.270638 0.831443 0.348685 0.022026
2 0.270147 0.852690 0.348685 0.022026
2 0.190501 0.872907 0.190376 0.019968
0 0.574180 0.085277 0.062924 0.019560
1 0.634171 0.086057 0.044593 0.019321
0 0.583801 0.119782 0.083754 0.019831
1 0.677537 0.121001 0.091253 0.019928
2 0.802087 0.123246 0.137051 0.019274
0 0.583136 0.148528 0.083754 0.019831
1 0.679372 0.149779 0.096252 0.019993
2 0.833084 0.152403 0.190376 0.019968
0 0.561627 0.177628 0.042094 0.019289
1 0.619535 0.178381 0.061258 0.019538
0 0.560818 0.212623 0.042094 0.019289
1 0.629141 0.213511 0.082088 0.019809
2 0.807433 0.216454 0.253700 0.020791
2 0.751117 0.236975 0.348685 0.022026
2 0.750626 0.258222 0.348685 0.022026
2 0.750135 0.279469 0.348685 0.022026
2 0.686320 0.299892 0.222038 0.020379
0 0.568647 0.324616 0.062924 0.019560
1 0.634471 0.325472 0.056258 0.019473
2 0.799848 0.328248 0.253700 0.020791
2 0.669377 0.347804 0.190376 0.019968
0 0.577820 0.378494 0.083754 0.019831
1 0.664474 0.379620 0.077089 0.019744
2 0.816520 0.382223 0.206207 0.020174
0 0.566769 0.405854 0.062924 0.019560
1 0.629677 0.406672 0.050426 0.019397
2 0.800053 0.409513 0.269531 0.020997
2 0.746653 0.430071 0.348685 0.022026
2 0.746162 0.451318 0.348685 0.022026
2 0.745671 0.472565 0.348685 0.022026
2 0.745180 0.493812 0.348685 0.022026
2 0.749688 0.515124 0.358684 0.022156
2 0.744198 0.536305 0.348685 0.022026
2 0.743706 0.557552 0.348685 0.022026
2 0.735300 0.578696 0.332855 0.021820
0 0.551804 0.602564 0.042094 0.019289
1 0.628459 0.603561 0.098752 0.020026
2 0.807168 0.606510 0.237869 0.020585
2 0.686695 0.626196 0.237869 0.020585
0 0.561049 0.653317 0.062924 0.019560
1 0.638121 0.654319 0.078755 0.019766
2 0.806831 0.657138 0.237869 0.020585
2 0.740933 0.677534 0.348685 0.022026
2 0.740442 0.698781 0.348685 0.022026
2 0.739950 0.720028 0.348685 0.022026
2 0.676135 0.740451 0.222038 0.020379
0 0.558477 0.764550 0.062924 0.019560
1 0.624717 0.765411 0.057092 0.019484
2 0.766765 0.767884 0.206207 0.020174
0 0.547427 0.791910 0.042094 0.019289
1 0.602418 0.792626 0.055425 0.019462
2 0.783210 0.795602 0.285362 0.021203
0 0.546719 0.822531 0.042094 0.019289
1 0.609626 0.823349 0.071256 0.019668
2 0.790418 0.826325 0.269531 0.020997
2 0.737018 0.846884 0.348685 0.022026
2 0.689034 0.867513 0.253700 0.020791
0 0.565960 0.891541 0.083754 0.019831
1 0.647198 0.892598 0.066257 0.019603
2 0.801743 0.895232 0.222038 0.020379
2 0.656274 0.914594 0.190376 0.019968
