3 0.493599 0.031352 0.987197 0.040644
0 0.096855 0.090595 0.083837 0.020050
1 0.180587 0.089284 0.071340 0.019854
2 0.337653 0.087451 0.222105 0.020965
2 0.243682 0.110176 0.301255 0.022204
0 0.087780 0.138873 0.063008 0.019724
1 0.161097 0.137725 0.071340 0.019854
2 0.331077 0.135689 0.247933 0.021370
2 0.268766 0.157919 0.348744 0.022948
2 0.274356 0.179086 0.358742 0.023104
2 0.269948 0.200410 0.348744 0.022948
2 0.270539 0.221655 0.348744 0.022948
2 0.271130 0.242901 0.348744 0.022948
2 0.192572 0.265385 0.190446 0.020470
0 0.092231 0.298838 0.063008 0.019724
1 0.173880 0.297560 0.088003 0.020115
2 0.339278 0.295596 0.222105 0.020965
2 0.273217 0.317884 0.348744 0.022948
2 0.273808 0.339130 0.348744 0.022948
2 0.274400 0.360375 0.348744 0.022948
2 0.274991 0.381621 0.348744 0.022948
2 0.180603 0.404353 0.158786 0.019974
0 0.106384 0.433020 0.083837 0.020050
1 0.173869 0.431964 0.038847 0.019346
2 0.288029 0.430802 0.168784 0.020131
0 0.086286 0.459591 0.042179 0.019398
1 0.144190 0.458684 0.061342 0.019698
2 0.320002 0.456557 0.269595 0.021709
2 0.277686 0.478475 0.348744 0.022948
2 0.283276 0.499642 0.358742 0.023104
2 0.278868 0.520965 0.348744 0.022948
2 0.279460 0.542211 0.348744 0.022948
2 0.280051 0.563456 0.348744 0.022948
2 0.272727 0.584825 0.332914 0.022700
0 0.101152 0.619393 0.063008 0.019724
1 0.172386 0.618278 0.067174 0.019789
2 0.343200 0.616229 0.253765 0.021461
2 0.274223 0.638564 0.332914 0.022700
0 0.112992 0.670469 0.083837 0.020050
1 0.188392 0.669288 0.054677 0.019594
2 0.342126 0.667507 0.232103 0.021122
2 0.283563 0.689679 0.348744 0.022948
2 0.194174 0.712332 0.168784 0.020131
0 0.110531 0.746774 0.074672 0.019907
1 0.199678 0.745378 0.091335 0.020167
2 0.358828 0.743512 0.206275 0.020717
2 0.151131 0.768018 0.079636 0.018735
0 0.116644 0.801690 0.083837 0.020050
1 0.193293 0.800490 0.057176 0.019633
0 0.117600 0.836058 0.083837 0.020050
1 0.195500 0.834838 0.059675 0.019672
2 0.354649 0.832972 0.237935 0.021213
2 0.158616 0.857295 0.089634 0.018892
0 0.098093 0.883873 0.042179 0.019398
1 0.165161 0.882824 0.079671 0.019985
2 0.342224 0.880677 0.253765 0.021461
2 0.131194 0.905235 0.032147 0.017992
0 0.542591 0.083618 0.042179 0.019398
1 0.597996 0.082751 0.056343 0.019620
2 0.779224 0.080539 0.285425 0.021956
2 0.607353 0.104484 0.095466 0.018983
0 0.554501 0.137193 0.063008 0.019724
1 0.629901 0.136013 0.075505 0.019920
0 0.555388 0.169061 0.063008 0.019724
1 0.637037 0.167783 0.088003 0.020115
2 0.802435 0.165819 0.222105 0.020965
2 0.736374 0.188108 0.348744 0.022948
2 0.741964 0.209275 0.358742 0.023104
2 0.737556 0.230599 0.348744 0.022948
2 0.738148 0.251844 0.348744 0.022948
2 0.588355 0.275443 0.047977 0.018240
0 0.569697 0.308868 0.083837 0.020050
1 0.660928 0.307440 0.086336 0.020089
2 0.817578 0.305613 0.206275 0.020717
2 0.740269 0.328077 0.348744 0.022948
2 0.740860 0.349323 0.348744 0.022948
2 0.741452 0.370568 0.348744 0.022948
2 0.599574 0.394044 0.063806 0.018487
0 0.562639 0.429629 0.063008 0.019724
1 0.639289 0.428430 0.078005 0.019959
2 0.807603 0.426420 0.237935 0.021213
2 0.748624 0.448598 0.358742 0.023104
2 0.744216 0.469921 0.348744 0.022948
2 0.744808 0.491167 0.348744 0.022948
2 0.745399 0.512412 0.348744 0.022948
2 0.643096 0.535268 0.142956 0.019726
0 0.576983 0.570686 0.083837 0.020050
1 0.662381 0.569349 0.074672 0.019907
2 0.818198 0.567535 0.216273 0.020874
2 0.752554 0.589817 0.358742 0.023104
2 0.748146 0.611141 0.348744 0.022948
2 0.748737 0.632386 0.348744 0.022948
2 0.749329 0.653631 0.348744 0.022948
2 0.754919 0.674799 0.358742 0.023104
2 0.592212 0.698600 0.032147 0.017992
0 0.570881 0.725815 0.063008 0.019724
1 0.641699 0.724706 0.066341 0.019776
2 0.812096 0.722664 0.253765 0.021461
2 0.625228 0.746844 0.095466 0.018983
0 0.561945 0.779091 0.042179 0.019398
1 0.619849 0.778185 0.061342 0.019698
2 0.800660 0.775980 0.279593 0.021865
2 0.587132 0.800577 0.016317 0.017744
0 0.584113 0.826880 0.083837 0.020050
1 0.675343 0.825452 0.086336 0.020089
2 0.831993 0.823625 0.206275 0.020717
2 0.707195 0.846833 0.253765 0.021461
0 0.585434 0.874369 0.083837 0.020050
1 0.665417 0.873117 0.063841 0.019737
2 0.818734 0.871343 0.222105 0.020965
2 0.756006 0.893579 0.348744 0.022948
2 0.756597 0.914825 0.348744 0.022948
2 0.757188 0.936070 0.348744 0.022948
2 0.757780 0.957315 0.348744 0.022948
2 0.663391 0.980047 0.158786 0.019974
