0 0.26666666666666666 0.120625 0.4 0.09125
0 0.26666666666666666 0.19375 0.4 0.02
0 0.26666666666666666 0.243125 0.4 0.04375
0 0.26666666666666666 0.351875 0.4 0.13875
0 0.26666666666666666 0.484375 0.4 0.09125
0 0.26666666666666666 0.616875 0.4 0.13875
0 0.26666666666666666 0.725625 0.4 0.04375
0 0.26666666666666666 0.786875 0.4 0.04375
0 0.26666666666666666 0.83625 0.4 0.02
0 0.26666666666666666 0.885625 0.4 0.04375
0 0.7333333333333333 0.144375 0.4 0.13875
0 0.7333333333333333 0.28875 0.4 0.115
0 0.7333333333333333 0.37375 0.4 0.02
0 0.7333333333333333 0.423125 0.4 0.04375
0 0.7333333333333333 0.484375 0.4 0.04375
0 0.7333333333333333 0.569375 0.4 0.09125
0 0.7333333333333333 0.654375 0.4 0.04375
0 0.7333333333333333 0.739375 0.4 0.09125
0 0.7333333333333333 0.871875 0.4 0.13875
