3 0.494286 0.038833 0.988572 0.039208
0 0.077073 0.090312 0.042133 0.019339
1 0.145811 0.089335 0.082959 0.019919
2 0.324544 0.087420 0.253730 0.021097
2 0.141781 0.111271 0.095425 0.018847
0 0.099166 0.140007 0.083792 0.019931
1 0.197481 0.138610 0.100456 0.020168
2 0.353303 0.137020 0.190408 0.020197
2 0.253857 0.159687 0.317052 0.021997
0 0.089951 0.187647 0.062963 0.019635
1 0.156606 0.186699 0.057963 0.019564
2 0.319926 0.185003 0.247898 0.021014
0 0.090835 0.222640 0.062963 0.019635
1 0.172904 0.221474 0.088791 0.020002
2 0.338723 0.219742 0.222069 0.020647
2 0.224281 0.242622 0.253730 0.021097
0 0.102529 0.273108 0.083792 0.019931
1 0.193763 0.271811 0.086292 0.019967
2 0.350417 0.270210 0.206239 0.020422
2 0.273051 0.292563 0.348713 0.022447
2 0.273588 0.313809 0.348713 0.022447
2 0.202888 0.336068 0.206239 0.020422
0 0.094578 0.370739 0.062963 0.019635
1 0.170398 0.369661 0.076293 0.019824
2 0.337883 0.367905 0.237900 0.020872
2 0.156786 0.391733 0.111256 0.019072
0 0.085411 0.420253 0.042133 0.019339
1 0.151649 0.419311 0.077960 0.019848
2 0.327883 0.417431 0.253730 0.021097
2 0.276762 0.439412 0.348713 0.022447
2 0.134825 0.462683 0.063764 0.018397
0 0.097736 0.495716 0.062963 0.019635
1 0.168973 0.494704 0.067128 0.019694
2 0.336876 0.492942 0.247898 0.021014
2 0.136199 0.517048 0.063764 0.018397
0 0.088758 0.552729 0.042133 0.019339
1 0.137083 0.552042 0.042133 0.019339
2 0.311234 0.550192 0.285391 0.021547
2 0.121805 0.574138 0.032103 0.017947
0 0.095791 0.600138 0.053797 0.019505
1 0.155780 0.599285 0.053797 0.019505
0 0.090685 0.628965 0.042133 0.019339
1 0.139010 0.628278 0.042133 0.019339
2 0.234008 0.627553 0.127086 0.019297
0 0.102000 0.664436 0.062963 0.019635
1 0.176570 0.663376 0.073794 0.019789
2 0.342806 0.661638 0.237900 0.020872
2 0.227530 0.684531 0.237900 0.020872
0 0.092880 0.715825 0.042133 0.019339
1 0.162867 0.714830 0.085458 0.019955
2 0.255783 0.714134 0.079595 0.018622
0 0.093543 0.742070 0.042133 0.019339
1 0.149783 0.741271 0.057963 0.019564
0 0.104716 0.771917 0.062963 0.019635
1 0.187618 0.770738 0.090458 0.020026
2 0.354270 0.768994 0.222069 0.020647
2 0.166924 0.792911 0.111256 0.019072
0 0.095596 0.823305 0.042133 0.019339
1 0.144337 0.822613 0.042966 0.019351
2 0.318905 0.820756 0.285391 0.021547
0 0.117089 0.849255 0.083792 0.019931
1 0.195825 0.848135 0.061296 0.019611
2 0.355812 0.846486 0.237900 0.020872
2 0.248035 0.869272 0.269560 0.021322
0 0.554071 0.083532 0.062963 0.019635
1 0.628224 0.082478 0.072961 0.019777
2 0.794043 0.080746 0.237900 0.020872
2 0.735008 0.102839 0.348713 0.022447
2 0.735544 0.124085 0.348713 0.022447
2 0.736081 0.145331 0.348713 0.022447
2 0.736618 0.166577 0.348713 0.022447
2 0.737155 0.187823 0.348713 0.022447
2 0.650624 0.210307 0.174578 0.019972
0 0.547556 0.238027 0.042133 0.019339
1 0.594215 0.237364 0.038800 0.019291
2 0.774615 0.235425 0.301221 0.021772
2 0.738908 0.257186 0.348713 0.022447
2 0.739445 0.278432 0.348713 0.022447
2 0.739982 0.299678 0.348713 0.022447
2 0.740519 0.320925 0.348713 0.022447
2 0.741056 0.342171 0.348713 0.022447
2 0.654525 0.364655 0.174578 0.019972
0 0.562029 0.398475 0.062963 0.019635
1 0.639515 0.397374 0.079626 0.019872
2 0.808668 0.395594 0.237900 0.020872
2 0.742966 0.417782 0.348713 0.022447
2 0.743503 0.439028 0.348713 0.022447
2 0.744040 0.460275 0.348713 0.022447
2 0.744577 0.481521 0.348713 0.022447
2 0.745114 0.502767 0.348713 0.022447
2 0.745651 0.524013 0.348713 0.022447
2 0.659120 0.546497 0.174578 0.019972
0 0.577087 0.582044 0.083792 0.019931
1 0.658739 0.580884 0.067128 0.019694
2 0.813727 0.579306 0.222069 0.020647
2 0.747609 0.601499 0.348713 0.022447
2 0.748146 0.622745 0.348713 0.022447
2 0.614124 0.645904 0.079595 0.018622
0 0.569025 0.675300 0.062963 0.019635
1 0.652760 0.674110 0.092124 0.020049
2 0.820246 0.672355 0.222069 0.020647
2 0.670809 0.695733 0.190408 0.020197
0 0.570241 0.723417 0.062963 0.019635
1 0.641895 0.722398 0.067962 0.019706
2 0.805214 0.720702 0.237900 0.020872
2 0.648280 0.744186 0.142917 0.019522
0 0.571599 0.777157 0.062963 0.019635
1 0.635337 0.776251 0.052131 0.019481
2 0.798657 0.774555 0.253730 0.021097
2 0.594231 0.798714 0.032103 0.017947
0 0.562416 0.826046 0.042133 0.019339
1 0.631987 0.825058 0.084625 0.019943
2 0.811553 0.823130 0.253730 0.021097
2 0.753768 0.845205 0.348713 0.022447
2 0.759304 0.866381 0.358711 0.022590
2 0.759840 0.887627 0.358711 0.022590
2 0.644565 0.910519 0.127086 0.019297
