0 0.102519 0.087492 0.083592 0.019407
1 0.194181 0.086768 0.086925 0.019433
2 0.351264 0.086152 0.206068 0.019125
2 0.222403 0.108421 0.247732 0.019454
0 0.092796 0.136946 0.062760 0.019243
1 0.161542 0.136403 0.061927 0.019236
2 0.282378 0.136074 0.158570 0.018750
0 0.103695 0.171237 0.083592 0.019407
1 0.194523 0.170519 0.085259 0.019420
2 0.350773 0.169910 0.206068 0.019125
2 0.139417 0.192831 0.079408 0.018124
0 0.104388 0.220609 0.083592 0.019407
1 0.183551 0.219984 0.061927 0.019236
2 0.341051 0.219365 0.231900 0.019329
2 0.276769 0.241124 0.352726 0.020283
2 0.274984 0.262389 0.348560 0.020250
2 0.248618 0.283849 0.295229 0.019829
0 0.084829 0.311394 0.041928 0.019078
1 0.150242 0.310877 0.076092 0.019348
0 0.085285 0.343892 0.041928 0.019078
1 0.145282 0.343418 0.065260 0.019262
2 0.323197 0.342638 0.269397 0.019625
2 0.157672 0.365196 0.111073 0.018374
0 0.086075 0.400139 0.041928 0.019078
1 0.141905 0.399698 0.056927 0.019197
0 0.096947 0.432555 0.062760 0.019243
1 0.174443 0.431943 0.079426 0.019374
2 0.343609 0.431231 0.237733 0.019375
2 0.277661 0.453003 0.348560 0.020250
2 0.277959 0.474252 0.348560 0.020250
2 0.278258 0.495501 0.348560 0.020250
2 0.283556 0.516710 0.358559 0.020329
2 0.278855 0.537999 0.348560 0.020250
2 0.279153 0.559248 0.348560 0.020250
2 0.279451 0.580496 0.348560 0.020250
2 0.184755 0.602496 0.158570 0.018750
0 0.110233 0.636836 0.083592 0.019407
1 0.190645 0.636201 0.064426 0.019256
2 0.344396 0.635612 0.221900 0.019250
2 0.201369 0.657992 0.190235 0.019000
0 0.090182 0.692623 0.041928 0.019078
1 0.161428 0.692060 0.087758 0.019440
2 0.303096 0.691566 0.174403 0.018875
0 0.101098 0.728163 0.062760 0.019243
1 0.183594 0.727512 0.089425 0.019453
0 0.101590 0.763161 0.062760 0.019243
1 0.174919 0.762582 0.071093 0.019308
2 0.344918 0.761864 0.247732 0.019454
2 0.282304 0.783610 0.348560 0.020250
2 0.284685 0.804843 0.352726 0.020283
2 0.282900 0.826108 0.348560 0.020250
2 0.251534 0.847607 0.285230 0.019750
0 0.113585 0.875573 0.083592 0.019407
1 0.200247 0.874888 0.076926 0.019354
2 0.352331 0.874312 0.206068 0.019125
0 0.548328 0.083970 0.041928 0.019078
1 0.620407 0.083401 0.089425 0.019453
2 0.799573 0.082611 0.247732 0.019454
2 0.684044 0.104774 0.237733 0.019375
0 0.569915 0.137553 0.083592 0.019407
1 0.644910 0.136960 0.053594 0.019170
2 0.801161 0.136351 0.237733 0.019375
2 0.724380 0.158209 0.316895 0.020000
0 0.570643 0.189425 0.083592 0.019407
1 0.646889 0.188823 0.056094 0.019190
2 0.748975 0.188641 0.126905 0.018499
0 0.550293 0.223962 0.041928 0.019078
1 0.617790 0.223429 0.080259 0.019381
2 0.731959 0.223153 0.126905 0.018499
0 0.561140 0.254503 0.062760 0.019243
1 0.631136 0.253951 0.064426 0.019256
2 0.792802 0.253299 0.237733 0.019375
0 0.551118 0.282709 0.041928 0.019078
1 0.622781 0.282143 0.088592 0.019447
0 0.551566 0.314582 0.041928 0.019078
1 0.601147 0.314191 0.044427 0.019098
2 0.776562 0.313430 0.285230 0.019750
2 0.631869 0.335824 0.126905 0.018499
0 0.562772 0.370747 0.062760 0.019243
1 0.631935 0.370201 0.062760 0.019243
2 0.800684 0.369493 0.253565 0.019500
2 0.743486 0.391196 0.348560 0.020250
2 0.743784 0.412445 0.348560 0.020250
2 0.649088 0.434444 0.158570 0.018750
0 0.564123 0.466992 0.062760 0.019243
1 0.638286 0.466406 0.072759 0.019322
2 0.788286 0.465846 0.206068 0.019125
0 0.564615 0.501990 0.062760 0.019243
1 0.642527 0.501374 0.080259 0.019381
0 0.554646 0.533945 0.041928 0.019078
1 0.611727 0.533494 0.059427 0.019216
2 0.786726 0.532737 0.269397 0.019625
2 0.674530 0.554875 0.206068 0.019125
0 0.565747 0.582610 0.062760 0.019243
1 0.649492 0.581949 0.091925 0.019473
2 0.816992 0.581251 0.221900 0.019250
2 0.746461 0.603059 0.348560 0.020250
2 0.746759 0.624308 0.348560 0.020250
2 0.715393 0.645807 0.285230 0.019750
0 0.577479 0.676273 0.083592 0.019407
1 0.647892 0.675717 0.044427 0.019098
2 0.807475 0.675081 0.253565 0.019500
2 0.752777 0.696764 0.358559 0.020329
2 0.748076 0.718053 0.348560 0.020250
2 0.629630 0.740239 0.111073 0.018374
0 0.557920 0.767057 0.041928 0.019078
1 0.607084 0.766669 0.043594 0.019091
2 0.782083 0.765912 0.285230 0.019750
2 0.754049 0.787384 0.358559 0.020329
2 0.749348 0.808673 0.348560 0.020250
2 0.749646 0.829922 0.348560 0.020250
2 0.749945 0.851170 0.348560 0.020250
2 0.750243 0.872419 0.348560 0.020250
2 0.734709 0.893793 0.316895 0.020000
