1 0.189167 0.085938 0.050000 0.021875
0 0.266667 0.085938 0.400000 0.021875
1 0.188750 0.115937 0.142500 0.021875
0 0.266667 0.162812 0.400000 0.115625
1 0.180833 0.239687 0.080000 0.021875
0 0.266667 0.267813 0.400000 0.078125
1 0.210417 0.327813 0.139167 0.021875
0 0.266667 0.337187 0.400000 0.040625
1 0.191250 0.379688 0.100833 0.021875
0 0.266667 0.389062 0.400000 0.040625
1 0.167917 0.432188 0.054167 0.021875
0 0.266667 0.460313 0.400000 0.078125
1 0.187083 0.517813 0.045833 0.021875
0 0.266667 0.555312 0.400000 0.096875
1 0.201667 0.622188 0.075000 0.021875
0 0.266667 0.631563 0.400000 0.040625
1 0.223750 0.671562 0.119167 0.021875
0 0.266667 0.709063 0.400000 0.096875
1 0.154583 0.780937 0.074167 0.021875
0 0.266667 0.818438 0.400000 0.096875
1 0.202083 0.884687 0.075833 0.021875
0 0.266667 0.894062 0.400000 0.040625
1 0.698333 0.085938 0.135000 0.021875
0 0.733333 0.095312 0.400000 0.040625
1 0.637083 0.133437 0.105833 0.021875
0 0.733333 0.133437 0.400000 0.021875
1 0.654167 0.165313 0.140000 0.021875
0 0.733333 0.174687 0.400000 0.040625
1 0.665417 0.212812 0.162500 0.021875
0 0.733333 0.212812 0.400000 0.021875
1 0.691250 0.245938 0.120833 0.021875
0 0.733333 0.302187 0.400000 0.134375
1 0.606250 0.390313 0.044167 0.021875
0 0.733333 0.390313 0.400000 0.021875
1 0.642917 0.421563 0.117500 0.021875
0 0.733333 0.487187 0.400000 0.153125
1 0.672917 0.587187 0.084167 0.021875
0 0.733333 0.587187 0.400000 0.021875
1 0.664167 0.620313 0.160000 0.021875
0 0.733333 0.620313 0.400000 0.021875
1 0.675000 0.649062 0.135000 0.021875
0 0.733333 0.705313 0.400000 0.134375
1 0.625833 0.792188 0.083333 0.021875
0 0.733333 0.792188 0.400000 0.021875
1 0.620000 0.820312 0.071667 0.021875
0 0.733333 0.820312 0.400000 0.021875
1 0.641250 0.848437 0.114167 0.021875
0 0.733333 0.876563 0.400000 0.078125
