3 0.491040 0.037701 0.982080 0.047117
0 0.092154 0.093223 0.084035 0.020586
1 0.186696 0.091130 0.093197 0.020789
2 0.346651 0.088214 0.206432 0.022047
2 0.112589 0.114655 0.048168 0.018543
0 0.083954 0.149679 0.063210 0.020125
1 0.153924 0.148130 0.064876 0.020162
2 0.312629 0.145242 0.232254 0.022619
0 0.074919 0.184894 0.042386 0.019664
1 0.144056 0.183363 0.084035 0.020586
2 0.323169 0.180024 0.253911 0.023098
2 0.266530 0.202537 0.348870 0.025200
2 0.267366 0.223777 0.348870 0.025200
2 0.268202 0.245018 0.348870 0.025200
2 0.269038 0.266259 0.348870 0.025200
2 0.269874 0.287500 0.348870 0.025200
2 0.270710 0.308740 0.348870 0.025200
2 0.271546 0.329981 0.348870 0.025200
2 0.272382 0.351222 0.348870 0.025200
2 0.122866 0.375791 0.048168 0.018543
0 0.083844 0.411670 0.042386 0.019664
1 0.132573 0.410591 0.043219 0.019682
2 0.312103 0.407242 0.295560 0.024020
2 0.280453 0.429202 0.358866 0.025422
2 0.276291 0.450554 0.348870 0.025200
2 0.245474 0.472495 0.285564 0.023799
0 0.108430 0.506793 0.084035 0.020586
1 0.188812 0.505013 0.064876 0.020162
2 0.342519 0.502236 0.222259 0.022397
2 0.160518 0.527524 0.111474 0.019945
0 0.100059 0.558876 0.063210 0.020125
1 0.164614 0.557446 0.054048 0.019922
2 0.328734 0.554438 0.253911 0.023098
2 0.225865 0.577975 0.238085 0.022748
0 0.091589 0.608460 0.042386 0.019664
1 0.156144 0.607030 0.074872 0.020383
2 0.330676 0.603792 0.253911 0.023098
2 0.283200 0.626102 0.348870 0.025200
2 0.284036 0.647343 0.348870 0.025200
2 0.284872 0.668584 0.348870 0.025200
2 0.285707 0.689824 0.348870 0.025200
2 0.286543 0.711065 0.348870 0.025200
2 0.287379 0.732306 0.348870 0.025200
2 0.185343 0.755824 0.143126 0.020646
0 0.098670 0.788381 0.042386 0.019664
1 0.159060 0.787044 0.066542 0.020199
2 0.337340 0.783723 0.269738 0.023448
2 0.290281 0.806024 0.348870 0.025200
2 0.291117 0.827265 0.348870 0.025200
2 0.291952 0.848505 0.348870 0.025200
2 0.292788 0.869746 0.348870 0.025200
2 0.182839 0.893439 0.127300 0.020295
0 0.548205 0.083127 0.063210 0.020125
1 0.616509 0.081615 0.061544 0.020088
2 0.784377 0.078524 0.253911 0.023098
2 0.734402 0.100889 0.358866 0.025422
2 0.730240 0.122241 0.348870 0.025200
2 0.731076 0.143482 0.348870 0.025200
2 0.676519 0.165949 0.238085 0.022748
0 0.552803 0.199951 0.063210 0.020125
1 0.624438 0.198365 0.068208 0.020235
2 0.748159 0.196252 0.158953 0.020996
0 0.543620 0.231418 0.042386 0.019664
1 0.592765 0.230330 0.044052 0.019701
2 0.767714 0.227082 0.285564 0.023799
2 0.735231 0.249061 0.348870 0.025200
2 0.641108 0.272403 0.158953 0.020996
0 0.556909 0.304281 0.063210 0.020125
1 0.635208 0.302547 0.081536 0.020531
2 0.805159 0.299410 0.238085 0.022748
2 0.658975 0.323906 0.190606 0.021697
0 0.548685 0.360112 0.042386 0.019664
1 0.625318 0.358415 0.099028 0.020918
2 0.801100 0.355149 0.232254 0.022619
2 0.589944 0.381083 0.048168 0.018543
0 0.561162 0.412358 0.063210 0.020125
1 0.625301 0.410939 0.053215 0.019904
2 0.789004 0.407940 0.253911 0.023098
2 0.747359 0.430121 0.358866 0.025422
2 0.745279 0.451426 0.353035 0.025292
2 0.725291 0.473128 0.311386 0.024370
0 0.554364 0.504424 0.042386 0.019664
1 0.609757 0.503198 0.056547 0.019977
2 0.788037 0.499876 0.279734 0.023670
2 0.595624 0.525395 0.048168 0.018543
0 0.566719 0.553547 0.063210 0.020125
1 0.631274 0.552118 0.054048 0.019922
2 0.800392 0.548999 0.263907 0.023319
2 0.665870 0.573237 0.184775 0.021568
0 0.574615 0.605895 0.074872 0.020383
1 0.639170 0.604466 0.042386 0.019664
2 0.749980 0.602638 0.158953 0.020996
0 0.559626 0.638116 0.042386 0.019664
1 0.615851 0.636871 0.058213 0.020014
2 0.742488 0.634693 0.174779 0.021346
0 0.581581 0.666392 0.084035 0.020586
1 0.669043 0.664456 0.079037 0.020475
2 0.798178 0.662223 0.158953 0.020996
0 0.572398 0.697859 0.063210 0.020125
1 0.640285 0.696356 0.060711 0.020070
2 0.752345 0.694501 0.143126 0.020646
0 0.573751 0.732219 0.063210 0.020125
1 0.639972 0.730753 0.057380 0.019996
2 0.805757 0.727708 0.253911 0.023098
2 0.754949 0.750092 0.348870 0.025200
2 0.668740 0.773260 0.174779 0.021346
0 0.566338 0.808666 0.042386 0.019664
1 0.622980 0.807413 0.059046 0.020033
0 0.577881 0.837173 0.063210 0.020125
1 0.644935 0.835689 0.059046 0.020033
2 0.803641 0.832801 0.238085 0.022748
0 0.579110 0.868410 0.063210 0.020125
1 0.655744 0.866713 0.078204 0.020457
2 0.824028 0.863613 0.238085 0.022748
2 0.760309 0.886283 0.348870 0.025200
2 0.761145 0.907524 0.348870 0.025200
2 0.761981 0.928765 0.348870 0.025200
2 0.767815 0.949895 0.358866 0.025422
2 0.763653 0.971246 0.348870 0.025200
2 0.685357 0.991695 0.190606 0.016610
