0 0.106416 0.085395 0.083419 0.018966
1 0.191416 0.085174 0.073419 0.018940
0 0.085707 0.112324 0.041753 0.018858
1 0.150707 0.112155 0.075086 0.018945
2 0.325709 0.112325 0.253413 0.018158
2 0.126225 0.134094 0.047581 0.017623
0 0.096381 0.167921 0.062586 0.018912
1 0.171380 0.167727 0.074253 0.018943
2 0.338049 0.167919 0.237579 0.018117
2 0.237314 0.189430 0.269246 0.018199
0 0.086183 0.215448 0.041753 0.018858
1 0.150766 0.215280 0.074253 0.018943
2 0.325352 0.215452 0.253413 0.018158
2 0.126701 0.237218 0.047581 0.017623
0 0.096819 0.262921 0.062586 0.018912
1 0.158902 0.262760 0.048420 0.018875
2 0.328488 0.262944 0.269246 0.018199
2 0.277336 0.284327 0.348412 0.018405
2 0.150768 0.305906 0.095080 0.017747
0 0.107565 0.334143 0.083419 0.018966
1 0.184231 0.333944 0.056753 0.018897
2 0.342150 0.334159 0.237579 0.018117
2 0.214332 0.355741 0.221746 0.018076
0 0.097385 0.385420 0.062586 0.018912
1 0.169468 0.385233 0.068420 0.018927
0 0.097506 0.411670 0.062586 0.018912
1 0.160006 0.411508 0.049253 0.018878
0 0.087220 0.439822 0.041753 0.018858
1 0.143469 0.439676 0.057586 0.018899
2 0.317638 0.439848 0.269246 0.018199
2 0.191070 0.461427 0.174246 0.017952
0 0.097896 0.496044 0.062586 0.018912
1 0.171229 0.495854 0.070919 0.018934
2 0.336231 0.496050 0.237579 0.018117
0 0.087638 0.530446 0.041753 0.018858
1 0.145138 0.530297 0.060086 0.018906
2 0.320556 0.530466 0.269246 0.018199
2 0.278571 0.551825 0.348412 0.018405
2 0.278669 0.573075 0.348412 0.018405
2 0.280851 0.594320 0.352579 0.018416
2 0.128450 0.615966 0.047581 0.017623
0 0.109002 0.645392 0.083419 0.018966
1 0.194419 0.645170 0.074253 0.018943
2 0.353170 0.645382 0.221746 0.018076
2 0.279102 0.666825 0.348412 0.018405
2 0.279201 0.688075 0.348412 0.018405
2 0.284299 0.709312 0.358412 0.018431
2 0.128981 0.730965 0.047581 0.017623
0 0.109548 0.763516 0.083419 0.018966
1 0.182881 0.763325 0.050086 0.018880
2 0.337466 0.763549 0.237579 0.018117
0 0.099287 0.797293 0.062586 0.018912
1 0.165120 0.797122 0.055920 0.018895
2 0.330539 0.797317 0.253413 0.018158
2 0.216471 0.818863 0.221746 0.018076
0 0.089130 0.853569 0.041753 0.018858
1 0.154963 0.853398 0.076753 0.018949
2 0.307049 0.853628 0.205913 0.018035
0 0.099691 0.884792 0.062586 0.018912
1 0.166774 0.884618 0.058420 0.018901
2 0.309693 0.884872 0.205913 0.018035
0 0.562664 0.084210 0.062586 0.018912
1 0.633913 0.084025 0.066753 0.018923
2 0.804748 0.084206 0.253413 0.018158
2 0.743180 0.105616 0.348412 0.018405
2 0.748278 0.126853 0.358412 0.018431
2 0.748376 0.148103 0.358412 0.018431
2 0.743475 0.169366 0.348412 0.018405
2 0.577324 0.191047 0.015914 0.017541
0 0.569112 0.217319 0.074253 0.018943
1 0.634111 0.217150 0.042586 0.018860
2 0.792863 0.217363 0.253413 0.018158
2 0.601296 0.239110 0.063414 0.017664
0 0.553124 0.274236 0.041753 0.018858
1 0.607707 0.274094 0.054253 0.018891
2 0.745626 0.274361 0.200080 0.018019
0 0.563680 0.304208 0.062586 0.018912
1 0.629929 0.304036 0.056753 0.018897
2 0.795764 0.304231 0.253413 0.018158
2 0.633363 0.325903 0.126747 0.017829
0 0.563936 0.359833 0.062586 0.018912
1 0.626019 0.359672 0.048420 0.018875
2 0.795605 0.359856 0.269246 0.018199
2 0.728620 0.381280 0.316746 0.018322
0 0.574578 0.408556 0.083419 0.018966
1 0.666244 0.408318 0.086753 0.018975
2 0.823330 0.408535 0.205913 0.018035
2 0.602179 0.430359 0.063414 0.017664
0 0.553985 0.460485 0.041753 0.018858
1 0.618984 0.460316 0.075086 0.018945
0 0.564551 0.492957 0.062586 0.018912
1 0.643717 0.492752 0.082586 0.018964
2 0.767053 0.493056 0.142580 0.017870
0 0.575127 0.527305 0.083419 0.018966
1 0.649293 0.527112 0.051753 0.018884
0 0.575248 0.553555 0.083419 0.018966
1 0.651914 0.553356 0.056753 0.018897
2 0.778166 0.553653 0.174246 0.017952
0 0.554536 0.579859 0.041753 0.018858
1 0.609952 0.579715 0.055920 0.018895
2 0.791204 0.579869 0.285079 0.018240
0 0.565105 0.612957 0.062586 0.018912
1 0.638022 0.612767 0.070086 0.018932
2 0.802607 0.612965 0.237579 0.018117
2 0.713955 0.634445 0.285079 0.018240
0 0.565351 0.666081 0.062586 0.018912
1 0.642434 0.665881 0.078419 0.018953
0 0.565509 0.700456 0.062586 0.018912
1 0.627592 0.700295 0.048420 0.018875
2 0.797178 0.700479 0.269246 0.018199
2 0.751026 0.721849 0.358412 0.018431
2 0.746124 0.743112 0.348412 0.018405
2 0.746222 0.764362 0.348412 0.018405
2 0.746320 0.785612 0.348412 0.018405
2 0.746419 0.806862 0.348412 0.018405
2 0.746517 0.828112 0.348412 0.018405
2 0.619949 0.849691 0.095080 0.017747
0 0.576734 0.875428 0.083419 0.018966
1 0.666317 0.875195 0.082586 0.018964
2 0.821319 0.875418 0.205913 0.018035
2 0.746834 0.896861 0.348412 0.018405
