1 0.096962 0.084896 0.062543 0.018831
2 0.171962 0.084799 0.074210 0.018846
0 0.265713 0.085302 0.406718 0.023026
1 0.086627 0.120534 0.041710 0.018804
2 0.153294 0.120448 0.078376 0.018851
3 0.327045 0.120848 0.247540 0.017820
3 0.277510 0.142162 0.348373 0.017950
3 0.282559 0.163406 0.358373 0.017963
3 0.277608 0.184662 0.348373 0.017950
3 0.282657 0.205906 0.358373 0.017963
3 0.277706 0.227162 0.348373 0.017950
3 0.277755 0.248412 0.348373 0.017950
3 0.277804 0.269662 0.348373 0.017950
3 0.251186 0.290946 0.295040 0.017881
0 0.265990 0.205927 0.407109 0.193026
1 0.087083 0.318659 0.041710 0.018804
2 0.141666 0.318588 0.054210 0.018820
3 0.322084 0.318980 0.285040 0.017868
3 0.277966 0.340287 0.348373 0.017950
3 0.278015 0.361537 0.348373 0.017950
3 0.278064 0.382787 0.348373 0.017950
3 0.254362 0.404067 0.300873 0.017889
0 0.266348 0.361552 0.406913 0.108026
1 0.097761 0.432395 0.062543 0.018831
2 0.181094 0.432287 0.090876 0.018867
3 0.348178 0.432696 0.221707 0.017787
3 0.278227 0.454037 0.348373 0.017950
3 0.278276 0.475287 0.348373 0.017950
3 0.278325 0.496537 0.348373 0.017950
3 0.283374 0.517780 0.358373 0.017963
3 0.112173 0.539252 0.015874 0.017520
0 0.266634 0.485927 0.406962 0.129276
1 0.098078 0.570520 0.062543 0.018831
2 0.180578 0.570413 0.089210 0.018865
3 0.346829 0.570823 0.221707 0.017787
3 0.120212 0.592366 0.031707 0.017541
0 0.266854 0.581552 0.406767 0.044276
1 0.098203 0.624895 0.062543 0.018831
2 0.159870 0.624815 0.047543 0.018811
3 0.329038 0.625221 0.269206 0.017848
3 0.191587 0.646649 0.174207 0.017725
0 0.266979 0.635926 0.406767 0.044276
1 0.098331 0.680520 0.062543 0.018831
2 0.167081 0.680431 0.061710 0.018830
3 0.332499 0.680842 0.247540 0.017820
3 0.278798 0.702161 0.348373 0.017950
3 0.278847 0.723411 0.348373 0.017950
3 0.278895 0.744661 0.348373 0.017950
3 0.283944 0.765905 0.358373 0.017963
3 0.278993 0.787161 0.348373 0.017950
3 0.244459 0.808456 0.279206 0.017861
0 0.267229 0.744676 0.407011 0.150526
1 0.109108 0.837381 0.083376 0.018858
2 0.187858 0.837279 0.060876 0.018829
3 0.347859 0.837697 0.237540 0.017807
3 0.231658 0.859097 0.253373 0.017828
0 0.267467 0.848426 0.406767 0.044276
1 0.109239 0.894256 0.083376 0.018858
2 0.182156 0.894162 0.049210 0.018814
3 0.336323 0.894587 0.237540 0.017807
3 0.279289 0.915911 0.348373 0.017950
3 0.284338 0.937154 0.358373 0.017963
3 0.279387 0.958411 0.348373 0.017950
3 0.279436 0.979661 0.348373 0.017950
3 0.129068 1.000000 0.047540 0.017561
0 0.267696 0.947801 0.406962 0.129276
1 0.563628 0.084292 0.062543 0.018831
2 0.636128 0.084198 0.069210 0.018839
3 0.800296 0.084611 0.237540 0.017807
3 0.741178 0.105938 0.342540 0.017943
0 0.732403 0.095324 0.406767 0.044276
1 0.563747 0.136167 0.062543 0.018831
2 0.624580 0.136088 0.045876 0.018809
3 0.792915 0.136496 0.269206 0.017848
3 0.593797 0.158003 0.047540 0.017561
0 0.732523 0.147199 0.406767 0.044276
1 0.574274 0.184278 0.083376 0.018858
2 0.648858 0.184182 0.052543 0.018818
3 0.804692 0.184606 0.237540 0.017807
3 0.744324 0.205934 0.348373 0.017950
3 0.744373 0.227184 0.348373 0.017950
3 0.696922 0.248495 0.253373 0.017828
0 0.732682 0.216574 0.406864 0.086776
1 0.564069 0.276167 0.062543 0.018831
2 0.646152 0.276061 0.088376 0.018864
0 0.732820 0.276574 0.406718 0.023026
1 0.553724 0.307430 0.041710 0.018804
2 0.626224 0.307337 0.090043 0.018866
3 0.800808 0.307736 0.237540 0.017807
3 0.617941 0.329222 0.095040 0.017623
0 0.732916 0.318449 0.406767 0.044276
1 0.574675 0.358653 0.083376 0.018858
2 0.655092 0.358549 0.064210 0.018833
3 0.810926 0.358973 0.225873 0.017792
3 0.625975 0.380462 0.110873 0.017643
0 0.733034 0.369698 0.406767 0.044276
1 0.574800 0.413028 0.083376 0.018858
2 0.649800 0.412931 0.053376 0.018819
3 0.806051 0.413354 0.237540 0.017807
3 0.618184 0.434847 0.095040 0.017623
0 0.733159 0.424073 0.406767 0.044276
1 0.554076 0.460555 0.041710 0.018804
2 0.619909 0.460470 0.076710 0.018849
3 0.795744 0.460868 0.253373 0.017828
3 0.610376 0.482357 0.079207 0.017602
0 0.733268 0.471573 0.406767 0.044276
1 0.554192 0.511180 0.041710 0.018804
2 0.610859 0.511107 0.058376 0.018825
3 0.785444 0.511506 0.269206 0.017848
3 0.750076 0.532802 0.358373 0.017963
3 0.745125 0.554058 0.348373 0.017950
3 0.626424 0.575462 0.110873 0.017643
0 0.733434 0.543448 0.406864 0.086776
1 0.575240 0.604278 0.083376 0.018858
2 0.660240 0.604168 0.073376 0.018845
3 0.818574 0.604588 0.221707 0.017787
3 0.658207 0.626046 0.174207 0.017725
0 0.733599 0.615323 0.406767 0.044276
1 0.564951 0.659916 0.062543 0.018831
2 0.636618 0.659824 0.067543 0.018837
3 0.799952 0.660237 0.237540 0.017807
3 0.666251 0.681660 0.190040 0.017746
0 0.733727 0.670948 0.406767 0.044276
1 0.575480 0.708653 0.083376 0.018858
2 0.661313 0.708542 0.075043 0.018847
3 0.820481 0.708961 0.221707 0.017787
3 0.666363 0.730410 0.190040 0.017746
0 0.733839 0.719698 0.406767 0.044276
1 0.554758 0.757430 0.041710 0.018804
2 0.608508 0.757360 0.052543 0.018818
3 0.732676 0.757825 0.174207 0.017725
0 0.733926 0.757823 0.406718 0.023026
1 0.554822 0.784930 0.041710 0.018804
2 0.619822 0.784845 0.075043 0.018847
3 0.783989 0.785258 0.231707 0.017800
0 0.733990 0.785323 0.406718 0.023026
1 0.575721 0.813653 0.083376 0.018858
2 0.656971 0.813548 0.065876 0.018835
3 0.787806 0.814003 0.174207 0.017725
0 0.734056 0.814073 0.406718 0.023026
1 0.575789 0.843028 0.083376 0.018858
2 0.660788 0.842918 0.073376 0.018845
3 0.819123 0.843338 0.221707 0.017787
3 0.595422 0.864877 0.047540 0.017561
0 0.734148 0.854073 0.406767 0.044276
