1 0.117022 0.079845 0.083713 0.019722
2 0.195763 0.080766 0.061216 0.019459
3 0.355730 0.083262 0.237835 0.020275
3 0.286547 0.103705 0.348655 0.021572
3 0.291104 0.125011 0.358654 0.021689
3 0.285663 0.146200 0.348655 0.021572
3 0.229811 0.166800 0.237835 0.020275
0 0.274440 0.124816 0.408852 0.112243
1 0.110075 0.193528 0.074547 0.019615
2 0.176316 0.194302 0.045384 0.019274
0 0.272958 0.196058 0.407085 0.027253
1 0.103540 0.227205 0.062882 0.019479
2 0.163533 0.227907 0.044551 0.019264
3 0.331000 0.230491 0.269498 0.020646
3 0.133082 0.249428 0.047858 0.018053
0 0.272036 0.240427 0.407527 0.048501
1 0.092111 0.275827 0.042051 0.019235
2 0.166685 0.276700 0.094545 0.019849
0 0.271243 0.278548 0.407085 0.027253
1 0.112370 0.303568 0.083713 0.019722
2 0.186111 0.304430 0.051217 0.019342
3 0.346079 0.306926 0.247834 0.020392
3 0.123581 0.325577 0.032027 0.017868
0 0.270450 0.316668 0.407527 0.048501
1 0.111292 0.355436 0.083713 0.019722
2 0.204614 0.356528 0.090379 0.019800
3 0.363331 0.359010 0.206172 0.019905
3 0.169996 0.378001 0.127015 0.018979
0 0.269372 0.368537 0.407527 0.048501
1 0.110252 0.405430 0.083713 0.019722
2 0.175244 0.406191 0.033719 0.019138
0 0.268553 0.407907 0.407085 0.027253
1 0.099265 0.432805 0.062882 0.019479
2 0.160924 0.433526 0.047884 0.019303
3 0.330057 0.436130 0.269498 0.020646
3 0.279205 0.456788 0.348655 0.021572
3 0.278763 0.478035 0.348655 0.021572
3 0.278321 0.499282 0.348655 0.021572
3 0.119565 0.518678 0.032027 0.017868
0 0.267098 0.477899 0.408852 0.112243
1 0.107237 0.550413 0.083713 0.019722
2 0.185561 0.551329 0.060383 0.019449
3 0.345112 0.553820 0.237835 0.020275
3 0.276762 0.574273 0.348655 0.021572
3 0.118006 0.593669 0.032027 0.017868
0 0.265097 0.574137 0.407969 0.069748
1 0.095237 0.626532 0.062882 0.019479
2 0.160229 0.627292 0.054550 0.019381
3 0.324779 0.629842 0.253666 0.020461
3 0.140610 0.648940 0.079521 0.018424
0 0.263732 0.639754 0.407527 0.048501
1 0.083665 0.682028 0.042051 0.019235
2 0.143241 0.682725 0.064549 0.019498
0 0.262797 0.684748 0.407085 0.027253
1 0.083002 0.713899 0.042051 0.019235
2 0.141745 0.714586 0.062882 0.019479
3 0.318377 0.717277 0.269498 0.020646
3 0.241695 0.737633 0.285329 0.020831
0 0.261913 0.727243 0.407527 0.048501
1 0.081872 0.768268 0.042051 0.019235
2 0.151446 0.769081 0.084546 0.019732
3 0.330995 0.771807 0.253666 0.020461
3 0.198069 0.791504 0.200340 0.019837
0 0.260783 0.781612 0.407527 0.048501
1 0.101676 0.817880 0.083713 0.019722
2 0.174167 0.818728 0.048717 0.019313
3 0.280391 0.820596 0.142847 0.019164
0 0.259977 0.820357 0.407085 0.027253
1 0.090559 0.851504 0.062882 0.019479
2 0.159300 0.852308 0.062049 0.019469
3 0.327600 0.854902 0.253666 0.020461
3 0.143847 0.874005 0.095352 0.018609
0 0.259054 0.864726 0.407527 0.048501
1 0.562801 0.085059 0.042051 0.019235
2 0.623211 0.085766 0.066215 0.019518
3 0.801509 0.088476 0.269498 0.020646
3 0.753157 0.109163 0.348655 0.021572
3 0.752715 0.130411 0.348655 0.021572
3 0.752273 0.151658 0.348655 0.021572
3 0.751831 0.172905 0.348655 0.021572
3 0.751389 0.194153 0.348655 0.021572
3 0.648044 0.214197 0.142847 0.019164
0 0.740608 0.151522 0.409736 0.154738
1 0.559514 0.243165 0.042051 0.019235
2 0.619507 0.243866 0.065382 0.019508
3 0.797389 0.246572 0.269498 0.020646
3 0.639049 0.265973 0.127015 0.018979
0 0.738425 0.256509 0.407527 0.048501
1 0.568799 0.297655 0.062882 0.019479
2 0.633791 0.298415 0.054550 0.019381
0 0.737515 0.300253 0.407085 0.027253
1 0.557669 0.331904 0.042051 0.019235
2 0.629327 0.332742 0.088712 0.019781
0 0.736800 0.334624 0.407085 0.027253
1 0.567408 0.364522 0.062882 0.019479
2 0.646149 0.365443 0.082047 0.019703
3 0.816532 0.368061 0.237835 0.020275
3 0.747348 0.388504 0.348655 0.021572
3 0.746906 0.409752 0.348655 0.021572
3 0.746465 0.430999 0.348655 0.021572
3 0.730191 0.452061 0.316992 0.021201
0 0.735241 0.409615 0.408852 0.112243
1 0.575407 0.480880 0.083713 0.019722
2 0.671228 0.482000 0.095378 0.019859
3 0.824530 0.484418 0.190341 0.019720
3 0.744931 0.504740 0.348655 0.021572
3 0.749489 0.526046 0.358654 0.021689
3 0.749047 0.547293 0.358654 0.021689
3 0.664449 0.567556 0.190341 0.019720
0 0.732824 0.525851 0.408852 0.112243
1 0.562574 0.596994 0.062882 0.019479
2 0.631316 0.597798 0.062049 0.019469
0 0.731291 0.599592 0.407085 0.027253
1 0.572379 0.626487 0.083713 0.019722
2 0.656535 0.627471 0.072048 0.019586
3 0.814003 0.629938 0.222004 0.020090
3 0.691493 0.649758 0.247834 0.020392
0 0.730459 0.639587 0.407527 0.048501
1 0.571313 0.677731 0.083713 0.019722
2 0.657136 0.678734 0.075381 0.019625
3 0.813354 0.681187 0.216171 0.020022
3 0.637934 0.700388 0.142847 0.019164
0 0.729394 0.690831 0.407527 0.048501
1 0.559729 0.733852 0.062882 0.019479
2 0.621388 0.734573 0.047884 0.019303
3 0.787604 0.737142 0.263665 0.020578
3 0.684259 0.757186 0.237835 0.020275
0 0.728224 0.747074 0.407527 0.048501
1 0.548170 0.788723 0.042051 0.019235
2 0.598580 0.789313 0.046218 0.019284
3 0.774796 0.791999 0.285329 0.020831
3 0.738525 0.812828 0.348655 0.021572
3 0.743083 0.834133 0.358654 0.021689
3 0.737641 0.855322 0.348655 0.021572
3 0.737200 0.876570 0.348655 0.021572
3 0.736758 0.897817 0.348655 0.021572
3 0.654243 0.918105 0.184508 0.019652
0 0.725976 0.855186 0.409736 0.154738
