1 0.114490 0.081150 0.083605 0.019441
2 0.208651 0.081931 0.091938 0.019510
3 0.368215 0.083881 0.206079 0.019207
3 0.284157 0.104434 0.348570 0.020390
0 0.272648 0.093713 0.407287 0.047123
1 0.092856 0.135348 0.041941 0.019095
2 0.152019 0.135839 0.063606 0.019275
3 0.329082 0.137934 0.269408 0.019733
3 0.164612 0.157820 0.111085 0.018419
0 0.271845 0.148085 0.407287 0.047123
1 0.112876 0.190518 0.083605 0.019441
2 0.195371 0.191203 0.068606 0.019316
3 0.335353 0.192990 0.190247 0.019076
0 0.271191 0.192457 0.406974 0.025874
1 0.091528 0.225343 0.041941 0.019095
2 0.160273 0.225913 0.082772 0.019434
3 0.339003 0.228022 0.253576 0.019602
3 0.179116 0.247946 0.142749 0.018682
0 0.270517 0.238079 0.407287 0.047123
1 0.090818 0.273465 0.041941 0.019095
2 0.137898 0.273856 0.039441 0.019074
3 0.318711 0.275982 0.301073 0.019996
3 0.281316 0.296922 0.348570 0.020390
3 0.281003 0.318171 0.348570 0.020390
3 0.285689 0.339461 0.358570 0.020473
3 0.280376 0.360669 0.348570 0.020390
3 0.285062 0.381959 0.358570 0.020473
3 0.137257 0.401983 0.063588 0.018025
0 0.269023 0.339323 0.408855 0.153366
1 0.088512 0.429705 0.041941 0.019095
2 0.160174 0.430300 0.088605 0.019482
3 0.333904 0.432367 0.237744 0.019470
3 0.284011 0.453204 0.358570 0.020473
3 0.283697 0.474453 0.358570 0.020473
3 0.278384 0.495660 0.348570 0.020390
3 0.283070 0.516951 0.358570 0.020473
3 0.277757 0.538158 0.348570 0.020390
3 0.277443 0.559406 0.348570 0.020390
3 0.277130 0.580655 0.348570 0.020390
3 0.134325 0.600721 0.063588 0.018025
0 0.266404 0.516812 0.409482 0.195864
1 0.106393 0.629866 0.083605 0.019441
2 0.182222 0.630495 0.055273 0.019205
3 0.339286 0.632424 0.237744 0.019470
3 0.149401 0.652099 0.095252 0.018287
0 0.264551 0.642429 0.407287 0.047123
1 0.095230 0.680401 0.062773 0.019268
2 0.162726 0.680962 0.059440 0.019240
3 0.329790 0.682973 0.253576 0.019602
3 0.280312 0.703814 0.358570 0.020473
3 0.274999 0.725021 0.348570 0.020390
3 0.274686 0.746270 0.348570 0.020390
3 0.179378 0.766730 0.158582 0.018813
0 0.263333 0.724924 0.408228 0.110869
1 0.093533 0.795394 0.062773 0.019268
2 0.171862 0.796045 0.081105 0.019420
3 0.338925 0.798056 0.231911 0.019422
3 0.273616 0.818766 0.348570 0.020390
3 0.278302 0.840056 0.358570 0.020473
3 0.277988 0.861304 0.358570 0.020473
3 0.272675 0.882512 0.348570 0.020390
3 0.264446 0.903695 0.332738 0.020259
0 0.261480 0.850542 0.408542 0.132117
1 0.560296 0.084850 0.041941 0.019095
2 0.621542 0.085358 0.067773 0.019309
0 0.739443 0.086962 0.406974 0.025874
1 0.580639 0.118146 0.083605 0.019441
2 0.673134 0.118914 0.088605 0.019482
3 0.831032 0.120849 0.206079 0.019207
3 0.750306 0.141431 0.348570 0.020390
3 0.607501 0.161497 0.063588 0.018025
0 0.738640 0.141334 0.407601 0.068371
1 0.574940 0.193728 0.074439 0.019364
2 0.644520 0.194306 0.051940 0.019178
3 0.807834 0.196286 0.253576 0.019602
3 0.638364 0.216131 0.126917 0.018550
0 0.737681 0.206330 0.407287 0.047123
1 0.578703 0.249388 0.083605 0.019441
2 0.654531 0.250017 0.055273 0.019205
3 0.811596 0.251946 0.237744 0.019470
3 0.582130 0.271293 0.016091 0.017630
0 0.736860 0.261951 0.407287 0.047123
1 0.567512 0.301798 0.062773 0.019268
2 0.642924 0.302424 0.075272 0.019371
3 0.809988 0.304436 0.237744 0.019470
3 0.625936 0.324159 0.105252 0.018370
0 0.736086 0.314448 0.407287 0.047123
1 0.577107 0.357506 0.083605 0.019441
2 0.646270 0.358080 0.041941 0.019095
3 0.804584 0.360019 0.253576 0.019602
3 0.651780 0.380002 0.158582 0.018813
0 0.735265 0.370070 0.407287 0.047123
1 0.565852 0.414291 0.062773 0.019268
2 0.642931 0.414931 0.078605 0.019399
3 0.811661 0.416957 0.237744 0.019470
3 0.745935 0.437662 0.348570 0.020390
3 0.745621 0.458911 0.348570 0.020390
3 0.745308 0.480160 0.348570 0.020390
3 0.689581 0.500949 0.237744 0.019470
0 0.733955 0.458814 0.408228 0.110869
1 0.574627 0.525621 0.083605 0.019441
2 0.654205 0.526282 0.062773 0.019268
3 0.807103 0.528176 0.221911 0.019339
3 0.744293 0.548906 0.348570 0.020390
3 0.748979 0.570196 0.358570 0.020473
3 0.743666 0.591403 0.348570 0.020390
3 0.711688 0.612389 0.285241 0.019864
0 0.732314 0.570057 0.408228 0.110869
1 0.562504 0.641152 0.062773 0.019268
2 0.643333 0.641823 0.086105 0.019461
3 0.807897 0.643814 0.221911 0.019339
3 0.742587 0.664524 0.348570 0.020390
3 0.742274 0.685772 0.348570 0.020390
3 0.741960 0.707021 0.348570 0.020390
3 0.622904 0.727284 0.111085 0.018419
0 0.730608 0.685675 0.408228 0.110869
1 0.571168 0.759982 0.083605 0.019441
2 0.663246 0.760746 0.087771 0.019475
0 0.729483 0.761921 0.406974 0.025874
1 0.549903 0.789182 0.041941 0.019095
2 0.609066 0.789673 0.063606 0.019275
3 0.730716 0.791308 0.158582 0.018813
0 0.729049 0.791294 0.406974 0.025874
1 0.549432 0.821055 0.041941 0.019095
2 0.608595 0.821546 0.063606 0.019275
3 0.785659 0.823641 0.269408 0.019733
3 0.744931 0.844554 0.358570 0.020473
3 0.739618 0.865761 0.348570 0.020390
3 0.604729 0.885893 0.079420 0.018156
0 0.728108 0.855040 0.407914 0.089620
