1 0.076416 0.090694 0.042162 0.019376
2 0.133904 0.089825 0.060492 0.019653
3 0.309302 0.087799 0.269582 0.021565
3 0.133242 0.111714 0.079621 0.018693
0 0.255848 0.099234 0.407760 0.049888
1 0.098773 0.147243 0.083820 0.020006
2 0.178340 0.146040 0.062991 0.019691
3 0.331243 0.144353 0.222092 0.020847
3 0.269326 0.166544 0.348733 0.022761
3 0.269897 0.187789 0.348733 0.022761
3 0.270468 0.209035 0.348733 0.022761
3 0.271039 0.230281 0.348733 0.022761
3 0.200375 0.252603 0.206262 0.020607
0 0.258519 0.198589 0.410044 0.134870
1 0.091953 0.281123 0.062991 0.019691
2 0.174436 0.279876 0.089652 0.020094
3 0.340669 0.277988 0.222092 0.020847
3 0.238344 0.300789 0.279580 0.021716
0 0.260971 0.289820 0.407760 0.049888
1 0.093246 0.329238 0.062991 0.019691
2 0.172396 0.328042 0.082987 0.019993
3 0.343212 0.326084 0.237922 0.021086
3 0.192147 0.349622 0.184599 0.020280
0 0.262264 0.337935 0.407760 0.049888
1 0.084107 0.376886 0.042162 0.019376
2 0.153260 0.375841 0.083820 0.020006
0 0.263255 0.374803 0.407189 0.028642
1 0.095362 0.407972 0.062991 0.019691
2 0.154933 0.407072 0.043828 0.019401
3 0.321999 0.405171 0.269582 0.021565
3 0.157604 0.428911 0.111281 0.019172
0 0.264380 0.416669 0.407760 0.049888
1 0.107137 0.458429 0.083820 0.020006
2 0.197951 0.457057 0.085487 0.020031
3 0.354186 0.455320 0.206262 0.020607
3 0.174794 0.479286 0.142941 0.019650
0 0.265740 0.467284 0.407760 0.049888
1 0.098133 0.511076 0.062991 0.019691
2 0.172701 0.509949 0.073822 0.019855
3 0.338934 0.508061 0.237922 0.021086
3 0.207865 0.531297 0.206262 0.020607
0 0.267151 0.519773 0.407760 0.049888
1 0.109908 0.561534 0.083820 0.020006
2 0.194474 0.560255 0.072989 0.019842
0 0.268225 0.559765 0.407189 0.028642
1 0.100417 0.596059 0.062991 0.019691
2 0.177484 0.594894 0.078821 0.019930
3 0.343301 0.593012 0.232090 0.020998
3 0.154743 0.617117 0.095451 0.018932
0 0.269435 0.604756 0.407760 0.049888
1 0.101827 0.648548 0.062991 0.019691
2 0.178062 0.647396 0.077155 0.019905
3 0.345961 0.645483 0.237922 0.021086
3 0.287794 0.667616 0.358731 0.022912
3 0.283366 0.688938 0.348733 0.022761
3 0.283937 0.710183 0.348733 0.022761
3 0.284508 0.731429 0.348733 0.022761
3 0.285079 0.752675 0.348733 0.022761
3 0.285650 0.773920 0.348733 0.022761
3 0.286221 0.795166 0.348733 0.022761
3 0.128491 0.818805 0.032130 0.017975
0 0.272844 0.731605 0.411757 0.198607
1 0.117633 0.848975 0.083820 0.020006
2 0.189701 0.847886 0.047994 0.019464
3 0.343020 0.846193 0.237922 0.021086
3 0.177375 0.869951 0.127111 0.019411
0 0.276236 0.857830 0.407760 0.049888
1 0.119027 0.900840 0.083820 0.020006
2 0.209425 0.899473 0.084653 0.020018
3 0.365243 0.897743 0.206262 0.020607
3 0.218344 0.921218 0.206262 0.020607
0 0.277630 0.909694 0.407760 0.049888
1 0.563817 0.083326 0.083820 0.020006
2 0.656298 0.081928 0.088819 0.020081
3 0.814199 0.080166 0.206262 0.020607
3 0.591899 0.104781 0.063791 0.018454
0 0.722420 0.092180 0.407760 0.049888
1 0.554712 0.132223 0.062991 0.019691
2 0.633030 0.131039 0.081321 0.019968
3 0.803012 0.129095 0.237922 0.021086
3 0.735680 0.151367 0.348733 0.022761
3 0.736251 0.172613 0.348733 0.022761
3 0.736822 0.193858 0.348733 0.022761
3 0.742392 0.215029 0.358731 0.022912
3 0.737964 0.236350 0.348733 0.022761
3 0.635639 0.259151 0.142941 0.019650
0 0.725158 0.194035 0.410615 0.156116
1 0.548681 0.295473 0.042162 0.019376
2 0.606586 0.294597 0.061325 0.019666
3 0.782400 0.292565 0.269582 0.021565
3 0.740063 0.314459 0.348733 0.022761
3 0.740634 0.335705 0.348733 0.022761
3 0.709545 0.357429 0.285412 0.021804
0 0.728684 0.325258 0.408902 0.092379
1 0.561648 0.390296 0.062991 0.019691
2 0.634550 0.389194 0.070490 0.019804
3 0.799117 0.387331 0.237922 0.021086
3 0.749698 0.409333 0.362897 0.022975
3 0.743187 0.430685 0.348733 0.022761
3 0.748757 0.451855 0.358731 0.022912
3 0.749328 0.473101 0.358731 0.022912
3 0.744900 0.494422 0.348733 0.022761
3 0.745471 0.515668 0.348733 0.022761
3 0.674806 0.537991 0.206262 0.020607
0 0.732379 0.462730 0.411186 0.177362
1 0.577017 0.574476 0.083820 0.020006
2 0.652418 0.573336 0.054659 0.019565
3 0.809070 0.571593 0.237922 0.021086
3 0.747570 0.593777 0.348733 0.022761
3 0.748141 0.615023 0.348733 0.022761
3 0.748712 0.636269 0.348733 0.022761
3 0.749283 0.657514 0.348733 0.022761
0 0.736477 0.615199 0.409473 0.113625
1 0.580174 0.691952 0.083820 0.020006
2 0.664740 0.690674 0.072989 0.019842
3 0.822642 0.688912 0.222092 0.020847
3 0.687407 0.712211 0.222092 0.020847
0 0.738778 0.700807 0.407760 0.049888
1 0.560672 0.741632 0.042162 0.019376
2 0.611495 0.740864 0.047161 0.019452
3 0.785226 0.738862 0.279580 0.021716
3 0.752054 0.760618 0.348733 0.022761
3 0.752625 0.781864 0.348733 0.022761
3 0.753196 0.803110 0.348733 0.022761
3 0.722107 0.824834 0.285412 0.021804
0 0.740961 0.782040 0.409473 0.113625
1 0.584524 0.853794 0.083820 0.020006
2 0.657426 0.852692 0.049660 0.019489
3 0.811578 0.850987 0.237922 0.021086
3 0.755077 0.873095 0.348733 0.022761
3 0.755648 0.894341 0.348733 0.022761
3 0.756219 0.915587 0.348733 0.022761
3 0.756790 0.936832 0.348733 0.022761
3 0.757361 0.958078 0.348733 0.022761
3 0.726272 0.979802 0.285412 0.021804
0 0.744555 0.915763 0.410615 0.156116
