0 0.26666666666666666 0.096875 0.4 0.04375
0 0.26666666666666666 0.19375 0.4 0.115
0 0.26666666666666666 0.314375 0.4 0.09125
0 0.26666666666666666 0.399375 0.4 0.04375
0 0.26666666666666666 0.460625 0.4 0.04375
0 0.26666666666666666 0.521875 0.4 0.04375
0 0.26666666666666666 0.583125 0.4 0.04375
0 0.26666666666666666 0.668125 0.4 0.09125
0 0.26666666666666666 0.776875 0.4 0.09125
0 0.26666666666666666 0.861875 0.4 0.04375
0 0.7333333333333333 0.144375 0.4 0.13875
0 0.7333333333333333 0.253125 0.4 0.04375
0 0.7333333333333333 0.35 0.4 0.115
0 0.7333333333333333 0.4825 0.4 0.115
0 0.7333333333333333 0.59125 0.4 0.0675
0 0.7333333333333333 0.664375 0.4 0.04375
0 0.7333333333333333 0.71375 0.4 0.02
0 0.7333333333333333 0.763125 0.4 0.04375
0 0.7333333333333333 0.824375 0.4 0.04375
0 0.7333333333333333 0.909375 0.4 0.09125
