3 0.496096 0.040039 0.992192 0.034760
0 0.101154 0.088234 0.083652 0.019562
1 0.176147 0.087501 0.053654 0.019269
2 0.332395 0.086601 0.237784 0.019817
2 0.168611 0.109452 0.142792 0.018890
0 0.081157 0.136558 0.041989 0.019155
1 0.135736 0.136025 0.054487 0.019277
2 0.316148 0.134889 0.285280 0.020281
2 0.185278 0.157418 0.174456 0.019199
0 0.092419 0.185202 0.062820 0.019359
1 0.167829 0.184466 0.075319 0.019481
2 0.334909 0.183460 0.237784 0.019817
2 0.186124 0.206164 0.174456 0.019199
0 0.103681 0.233846 0.083652 0.019562
1 0.177841 0.233122 0.051988 0.019253
2 0.333256 0.232230 0.237784 0.019817
2 0.131558 0.255451 0.063632 0.018117
0 0.094133 0.283944 0.062820 0.019359
1 0.175793 0.283146 0.087818 0.019603
2 0.341206 0.282157 0.221952 0.019662
2 0.203670 0.304751 0.206120 0.019508
0 0.084682 0.339666 0.041989 0.019155
1 0.141761 0.339108 0.059487 0.019326
2 0.316757 0.338025 0.269448 0.020126
2 0.275879 0.359676 0.348608 0.020899
2 0.276248 0.380924 0.348608 0.020899
2 0.126213 0.403641 0.047800 0.017962
0 0.107195 0.436329 0.083652 0.019562
1 0.179689 0.435621 0.048655 0.019220
2 0.333437 0.434745 0.237784 0.019817
2 0.190484 0.457393 0.174456 0.019199
0 0.087351 0.493403 0.041989 0.019155
1 0.156928 0.492723 0.084485 0.019570
2 0.296927 0.491982 0.174456 0.019199
0 0.108735 0.525072 0.083652 0.019562
1 0.195811 0.524221 0.077819 0.019505
0 0.098797 0.552671 0.062820 0.019359
1 0.162958 0.552045 0.052821 0.019261
2 0.326705 0.551071 0.253616 0.019972
2 0.176670 0.573788 0.142792 0.018890
0 0.110145 0.606315 0.083652 0.019562
1 0.179723 0.605635 0.042822 0.019163
2 0.338470 0.604711 0.253616 0.019972
2 0.177603 0.627533 0.142792 0.018890
0 0.100576 0.655162 0.062820 0.019359
1 0.161820 0.654564 0.046988 0.019204
2 0.267239 0.654160 0.142792 0.018890
0 0.101161 0.688909 0.062820 0.019359
1 0.164906 0.688287 0.051988 0.019253
0 0.091299 0.720883 0.041989 0.019155
1 0.152960 0.720281 0.068653 0.019415
2 0.332539 0.719153 0.269448 0.020126
2 0.282495 0.740894 0.348608 0.020899
2 0.282864 0.762142 0.348608 0.020899
2 0.283233 0.783390 0.348608 0.020899
2 0.283602 0.804638 0.348608 0.020899
2 0.125651 0.827432 0.031968 0.017808
0 0.114506 0.857543 0.083652 0.019562
1 0.181583 0.856889 0.037822 0.019114
2 0.290335 0.856452 0.158624 0.019044
0 0.115091 0.891291 0.083652 0.019562
1 0.211333 0.890351 0.096151 0.019684
2 0.365081 0.889475 0.190288 0.019353
2 0.285457 0.911504 0.348608 0.020899
2 0.285825 0.932752 0.348608 0.020899
2 0.286194 0.954001 0.348608 0.020899
2 0.286563 0.975249 0.348608 0.020899
2 0.286932 0.993024 0.348608 0.013952
0 0.546949 0.083881 0.041989 0.019155
1 0.598611 0.083377 0.048655 0.019220
0 0.568269 0.111801 0.083652 0.019562
1 0.638680 0.111113 0.044488 0.019180
2 0.798260 0.110180 0.253616 0.019972
2 0.627810 0.133096 0.126960 0.018735
0 0.569212 0.166171 0.083652 0.019562
1 0.644206 0.165439 0.053654 0.019269
2 0.800454 0.164539 0.237784 0.019817
2 0.744577 0.186336 0.358607 0.020997
2 0.744946 0.207584 0.358607 0.020997
2 0.740315 0.228881 0.348608 0.020899
2 0.740684 0.250129 0.348608 0.020899
2 0.701473 0.271764 0.269448 0.020126
0 0.561140 0.301261 0.062820 0.019359
1 0.636550 0.300525 0.075319 0.019481
2 0.803630 0.299519 0.237784 0.019817
2 0.741921 0.321373 0.348608 0.020899
2 0.742289 0.342621 0.348608 0.020899
2 0.742658 0.363870 0.348608 0.020899
2 0.608455 0.386432 0.079464 0.018271
0 0.573627 0.420525 0.083652 0.019562
1 0.673202 0.419552 0.102817 0.019749
2 0.830283 0.418644 0.190288 0.019353
2 0.743992 0.440738 0.348608 0.020899
2 0.744361 0.461986 0.348608 0.020899
2 0.705150 0.483621 0.269448 0.020126
0 0.575319 0.518016 0.083652 0.019562
1 0.664478 0.517146 0.081985 0.019546
2 0.824059 0.516213 0.216119 0.019605
2 0.634860 0.539312 0.126960 0.018735
0 0.565738 0.566239 0.062820 0.019359
1 0.632399 0.565588 0.057821 0.019310
2 0.798646 0.564590 0.253616 0.019972
2 0.746519 0.586351 0.348608 0.020899
2 0.746888 0.607599 0.348608 0.020899
2 0.752257 0.628798 0.358607 0.020997
2 0.628886 0.651255 0.111128 0.018580
0 0.578193 0.683627 0.083652 0.019562
1 0.666519 0.682765 0.080319 0.019529
2 0.820267 0.681889 0.206120 0.019508
2 0.690230 0.704410 0.231951 0.019760
0 0.579083 0.734873 0.083652 0.019562
1 0.658659 0.734096 0.062820 0.019359
2 0.811574 0.733228 0.221952 0.019662
2 0.591128 0.756632 0.031968 0.017808
0 0.580059 0.791118 0.083652 0.019562
1 0.657969 0.790358 0.059487 0.019326
0 0.559694 0.818194 0.041989 0.019155
1 0.623022 0.817576 0.071986 0.019448
2 0.804267 0.816432 0.269448 0.020126
2 0.655899 0.839132 0.158624 0.019044
0 0.560529 0.866315 0.041989 0.019155
1 0.613858 0.865795 0.051988 0.019253
2 0.793020 0.864670 0.285280 0.020281
2 0.625070 0.887562 0.095296 0.018426
