3 0.498364 0.033757 0.996727 0.029048
0 0.084515 0.086051 0.041801 0.018918
1 0.145347 0.085805 0.066801 0.019020
2 0.324099 0.085706 0.269289 0.018589
2 0.172588 0.107570 0.142624 0.018077
0 0.105748 0.141591 0.083467 0.019087
1 0.185747 0.141267 0.063467 0.019006
0 0.085122 0.170425 0.041801 0.018918
1 0.141371 0.170197 0.057634 0.018982
2 0.315540 0.170117 0.269289 0.018589
2 0.244444 0.191655 0.285122 0.018653
0 0.085482 0.220424 0.041801 0.018918
1 0.159648 0.220124 0.093467 0.019128
2 0.335899 0.220035 0.237622 0.018461
2 0.236887 0.241686 0.269289 0.018589
0 0.106657 0.267839 0.083467 0.019087
1 0.176656 0.267556 0.043468 0.018925
0 0.106909 0.302838 0.083467 0.019087
1 0.194824 0.302482 0.079300 0.019070
2 0.348160 0.302487 0.205956 0.018333
2 0.277064 0.324025 0.348454 0.018910
2 0.277217 0.345275 0.348454 0.018910
2 0.282369 0.366504 0.358454 0.018950
2 0.277522 0.387774 0.348454 0.018910
2 0.111428 0.409697 0.015959 0.017564
0 0.107903 0.440961 0.083467 0.019087
1 0.180818 0.440666 0.049301 0.018949
2 0.334987 0.440667 0.237622 0.018461
2 0.111810 0.462821 0.015959 0.017564
0 0.097860 0.492878 0.062634 0.019003
1 0.159109 0.492630 0.046801 0.018939
2 0.327861 0.492572 0.269289 0.018589
2 0.183432 0.514407 0.158457 0.018141
0 0.108685 0.549710 0.083467 0.019087
1 0.192017 0.549372 0.070134 0.019033
0 0.108897 0.579084 0.083467 0.019087
1 0.201395 0.578710 0.088467 0.019107
2 0.359314 0.578696 0.205956 0.018333
2 0.191970 0.600623 0.174290 0.018205
0 0.088424 0.629168 0.041801 0.018918
1 0.147589 0.628928 0.063467 0.019006
2 0.321758 0.628848 0.263455 0.018566
2 0.284411 0.650250 0.358454 0.018950
2 0.279564 0.671520 0.348454 0.018910
2 0.279717 0.692770 0.348454 0.018910
2 0.279870 0.714019 0.348454 0.018910
2 0.280023 0.735269 0.348454 0.018910
2 0.153511 0.757031 0.095125 0.017884
0 0.099956 0.784124 0.062634 0.019003
1 0.172038 0.783832 0.068467 0.019026
0 0.089791 0.819165 0.041801 0.018918
1 0.153540 0.818907 0.072634 0.019043
2 0.332292 0.818809 0.263455 0.018566
2 0.285779 0.840247 0.358454 0.018950
2 0.162184 0.861998 0.110958 0.017948
0 0.090290 0.888539 0.041801 0.018918
1 0.153623 0.888283 0.071801 0.019040
2 0.271542 0.888430 0.142624 0.018077
0 0.551175 0.084162 0.041801 0.018918
1 0.604924 0.083944 0.052634 0.018962
2 0.784509 0.083842 0.285122 0.018653
2 0.604665 0.105821 0.073458 0.017797
0 0.572386 0.136577 0.083467 0.019087
1 0.651968 0.136255 0.062634 0.019003
2 0.789054 0.136325 0.190123 0.018269
0 0.551755 0.164786 0.041801 0.018918
1 0.614671 0.164531 0.070967 0.019036
0 0.551953 0.192285 0.041801 0.018918
1 0.606952 0.192063 0.055134 0.018972
0 0.552205 0.227285 0.041801 0.018918
1 0.594704 0.227113 0.030134 0.018871
2 0.691791 0.227345 0.142624 0.018077
0 0.552416 0.256659 0.041801 0.018918
1 0.613665 0.256411 0.067634 0.019023
2 0.792834 0.256311 0.269289 0.018589
2 0.600906 0.278338 0.063458 0.017756
0 0.573636 0.310324 0.083467 0.019087
1 0.663635 0.309960 0.083467 0.019087
2 0.819054 0.309956 0.205956 0.018333
2 0.704208 0.331671 0.269289 0.018589
0 0.563566 0.358491 0.062634 0.019003
1 0.646481 0.358155 0.090134 0.019114
2 0.813150 0.358105 0.221789 0.018397
2 0.728304 0.379699 0.316788 0.018782
0 0.553509 0.408532 0.041801 0.018918
1 0.611008 0.408299 0.060134 0.018993
2 0.786427 0.408214 0.269289 0.018589
2 0.746580 0.429626 0.352621 0.018927
2 0.749650 0.450864 0.358454 0.018950
2 0.744803 0.472134 0.348454 0.018910
2 0.744956 0.493383 0.348454 0.018910
2 0.745109 0.514633 0.348454 0.018910
2 0.745262 0.535883 0.348454 0.018910
2 0.745415 0.557132 0.348454 0.018910
2 0.618903 0.578895 0.095125 0.017884
0 0.565388 0.611612 0.062634 0.019003
1 0.633303 0.611337 0.060134 0.018993
2 0.800805 0.611284 0.253456 0.018525
2 0.745959 0.632756 0.348454 0.018910
2 0.746112 0.654006 0.348454 0.018910
2 0.651266 0.675640 0.158457 0.018141
0 0.576519 0.710943 0.083467 0.019087
1 0.664018 0.710589 0.078467 0.019067
2 0.816937 0.710595 0.205956 0.018333
2 0.707091 0.732290 0.269289 0.018589
0 0.556095 0.767902 0.041801 0.018918
1 0.622344 0.767634 0.077634 0.019063
2 0.774847 0.767641 0.205956 0.018333
0 0.577153 0.799067 0.083467 0.019087
1 0.659652 0.798733 0.068467 0.019026
2 0.815488 0.798727 0.221789 0.018397
2 0.747308 0.820254 0.348454 0.018910
2 0.581214 0.842176 0.015959 0.017564
0 0.577671 0.870941 0.083467 0.019087
1 0.658503 0.870614 0.065134 0.019013
2 0.817672 0.870594 0.231789 0.018438
2 0.676577 0.892416 0.205956 0.018333
