3 0.501120 0.040003 0.997761 0.027810
0 0.099996 0.083248 0.062593 0.018926
1 0.157496 0.083410 0.039260 0.018860
2 0.322491 0.084498 0.269252 0.018256
2 0.280302 0.105630 0.348418 0.018479
2 0.280196 0.126880 0.348418 0.018479
2 0.280090 0.148129 0.348418 0.018479
2 0.279984 0.169379 0.348418 0.018479
2 0.271961 0.190607 0.332585 0.018434
0 0.099331 0.216372 0.062593 0.018926
1 0.163080 0.216551 0.051760 0.018895
2 0.326410 0.217635 0.253419 0.018212
2 0.216304 0.238576 0.221753 0.018123
0 0.099069 0.268872 0.062593 0.018926
1 0.159902 0.269043 0.045927 0.018879
2 0.328231 0.270141 0.269252 0.018256
2 0.279375 0.291253 0.348418 0.018479
2 0.279269 0.312503 0.348418 0.018479
2 0.279162 0.333753 0.348418 0.018479
2 0.279056 0.355003 0.348418 0.018479
2 0.278950 0.376253 0.348418 0.018479
2 0.283844 0.397517 0.358418 0.018507
2 0.278738 0.418753 0.348418 0.018479
2 0.159882 0.439669 0.110920 0.017811
0 0.098041 0.474495 0.062593 0.018926
1 0.175957 0.474714 0.080093 0.018975
2 0.345536 0.475816 0.237586 0.018167
2 0.143765 0.496499 0.079254 0.017722
0 0.108199 0.526399 0.083426 0.018984
1 0.198615 0.526653 0.084260 0.018986
2 0.354444 0.527716 0.205919 0.018078
2 0.283088 0.548766 0.358418 0.018507
2 0.277982 0.570002 0.348418 0.018479
2 0.277876 0.591251 0.348418 0.018479
2 0.277770 0.612501 0.348418 0.018479
2 0.282663 0.633765 0.358418 0.018507
2 0.277557 0.655001 0.348418 0.018479
2 0.253701 0.676184 0.300919 0.018345
0 0.107281 0.710148 0.083426 0.018984
1 0.196447 0.710398 0.081760 0.018979
2 0.351026 0.711458 0.205919 0.018078
2 0.277170 0.732500 0.348418 0.018479
2 0.277064 0.753750 0.348418 0.018479
2 0.276958 0.775000 0.348418 0.018479
2 0.276852 0.796250 0.348418 0.018479
2 0.110497 0.817033 0.015921 0.017544
0 0.096161 0.850743 0.062593 0.018926
1 0.157411 0.850915 0.046760 0.018881
2 0.262824 0.851836 0.142586 0.017900
0 0.085586 0.882588 0.041760 0.018867
1 0.145169 0.882755 0.064260 0.018930
2 0.322664 0.883879 0.269252 0.018256
2 0.157559 0.904665 0.110920 0.017811
0 0.556243 0.084530 0.041760 0.018867
1 0.631242 0.084741 0.095093 0.019017
2 0.808321 0.085864 0.237586 0.018167
2 0.644050 0.106652 0.142586 0.017900
0 0.555987 0.135780 0.041760 0.018867
1 0.620570 0.135961 0.074260 0.018958
2 0.795149 0.137077 0.253419 0.018212
2 0.746709 0.158191 0.348418 0.018479
2 0.746603 0.179441 0.348418 0.018479
2 0.746497 0.200691 0.348418 0.018479
2 0.746391 0.221941 0.348418 0.018479
2 0.603786 0.242790 0.063420 0.017678
0 0.565723 0.272058 0.062593 0.018926
1 0.643222 0.272276 0.079260 0.018972
2 0.780718 0.273287 0.174253 0.017989
0 0.555159 0.301404 0.041760 0.018867
1 0.607242 0.301550 0.049260 0.018888
2 0.769321 0.302631 0.253419 0.018212
0 0.575843 0.331462 0.083426 0.018984
1 0.668342 0.331722 0.088426 0.018998
2 0.826254 0.332791 0.205919 0.018078
2 0.674483 0.353614 0.205919 0.018078
0 0.575571 0.385837 0.083426 0.018984
1 0.664737 0.386087 0.081760 0.018979
0 0.575415 0.417086 0.083426 0.018984
1 0.653748 0.417307 0.060093 0.018918
2 0.813327 0.418380 0.237586 0.018167
2 0.745304 0.439439 0.348418 0.018479
2 0.745198 0.460689 0.348418 0.018479
2 0.745092 0.481939 0.348418 0.018479
2 0.744986 0.503189 0.348418 0.018479
2 0.623214 0.524096 0.105087 0.017795
0 0.553907 0.552027 0.041760 0.018867
1 0.620157 0.552213 0.077593 0.018968
2 0.796402 0.553333 0.253419 0.018212
2 0.744630 0.574438 0.348418 0.018479
2 0.749524 0.595702 0.358418 0.018507
2 0.665251 0.616715 0.190086 0.018034
0 0.553454 0.642651 0.041760 0.018867
1 0.620537 0.642840 0.079260 0.018972
2 0.797616 0.643962 0.253419 0.018212
2 0.638344 0.664765 0.136753 0.017884
0 0.574041 0.692084 0.083426 0.018984
1 0.663207 0.692335 0.081760 0.018979
2 0.817786 0.693394 0.205919 0.018078
2 0.748930 0.714451 0.358418 0.018507
2 0.743824 0.735687 0.348418 0.018479
2 0.743718 0.756937 0.348418 0.018479
2 0.640696 0.777897 0.142586 0.017900
0 0.573469 0.806459 0.083426 0.018984
1 0.666385 0.806720 0.089260 0.019000
2 0.824714 0.807790 0.205919 0.018078
2 0.743359 0.828811 0.348418 0.018479
2 0.748253 0.850075 0.358418 0.018507
2 0.584814 0.870866 0.031754 0.017589
