1 0.089917 0.088795 0.062856 0.019428
2 0.151161 0.088128 0.047025 0.019256
3 0.319905 0.086917 0.269477 0.020428
3 0.183664 0.109652 0.174487 0.019394
0 0.258867 0.098207 0.407470 0.048171
1 0.101300 0.138676 0.083687 0.019655
2 0.171293 0.137914 0.043692 0.019220
3 0.330455 0.136807 0.253645 0.020255
3 0.271706 0.158699 0.348635 0.021289
3 0.272117 0.179946 0.348635 0.021289
3 0.272528 0.201194 0.348635 0.021289
3 0.177949 0.223476 0.158655 0.019221
0 0.260451 0.180073 0.408704 0.111915
1 0.093158 0.256277 0.062856 0.019428
2 0.161484 0.255533 0.061190 0.019410
3 0.258153 0.255106 0.111160 0.018704
0 0.261903 0.255065 0.407059 0.026923
1 0.104142 0.285536 0.083687 0.019655
2 0.182467 0.284683 0.060356 0.019401
3 0.342046 0.283571 0.237814 0.020083
3 0.274548 0.305558 0.348635 0.021289
3 0.274959 0.326806 0.348635 0.021289
3 0.259538 0.348226 0.316972 0.020945
0 0.263088 0.316309 0.408293 0.090667
1 0.085077 0.377003 0.042025 0.019201
2 0.142571 0.376377 0.060356 0.019401
0 0.264236 0.375678 0.407059 0.026923
1 0.106428 0.403648 0.083687 0.019655
2 0.189752 0.402741 0.070355 0.019510
3 0.346414 0.401661 0.221982 0.019911
3 0.276833 0.423671 0.348635 0.021289
3 0.174338 0.446039 0.142824 0.019049
0 0.265168 0.423798 0.407881 0.069419
1 0.107927 0.481140 0.083687 0.019655
2 0.185002 0.480301 0.057857 0.019374
3 0.343331 0.479203 0.237814 0.020083
3 0.278332 0.501163 0.348635 0.021289
3 0.278744 0.522410 0.348635 0.021289
3 0.279155 0.543658 0.348635 0.021289
3 0.284565 0.564851 0.358634 0.021398
3 0.279977 0.586154 0.348635 0.021289
3 0.264557 0.607574 0.316972 0.020945
0 0.267489 0.543785 0.409526 0.154410
1 0.111071 0.643623 0.083687 0.019655
2 0.185230 0.642816 0.052024 0.019310
3 0.340642 0.641749 0.237814 0.020083
3 0.199402 0.664539 0.184486 0.019502
0 0.269606 0.653149 0.407470 0.048171
1 0.112147 0.699242 0.083687 0.019655
2 0.188806 0.698408 0.057023 0.019365
3 0.299223 0.697831 0.142824 0.019049
0 0.270476 0.698144 0.407059 0.026923
1 0.102300 0.728727 0.062856 0.019428
2 0.181042 0.727870 0.082021 0.019637
3 0.303958 0.727157 0.142824 0.019049
0 0.271045 0.727516 0.407059 0.026923
1 0.113236 0.755486 0.083687 0.019655
2 0.195727 0.754588 0.068689 0.019492
3 0.351556 0.753517 0.221982 0.019911
3 0.283641 0.775509 0.348635 0.021289
3 0.284052 0.796756 0.348635 0.021289
3 0.284463 0.818004 0.348635 0.021289
3 0.181969 0.840372 0.142824 0.019049
0 0.272387 0.796883 0.408704 0.111915
1 0.105069 0.871837 0.062856 0.019428
2 0.170063 0.871130 0.054524 0.019338
3 0.334641 0.869964 0.253645 0.020255
3 0.285890 0.891746 0.348635 0.021289
3 0.286301 0.912994 0.348635 0.021289
3 0.167975 0.935534 0.111160 0.018704
0 0.274430 0.902497 0.408293 0.090667
1 0.566951 0.083603 0.083687 0.019655
2 0.656108 0.082632 0.082021 0.019637
3 0.810687 0.081575 0.206150 0.019738
3 0.705693 0.103970 0.285309 0.020600
0 0.725485 0.093128 0.407470 0.048171
1 0.557623 0.139960 0.062856 0.019428
2 0.626366 0.139212 0.062023 0.019419
3 0.794694 0.138005 0.253645 0.020255
3 0.738444 0.159869 0.348635 0.021289
3 0.738855 0.181117 0.348635 0.021289
3 0.739267 0.202365 0.348635 0.021289
3 0.739678 0.223612 0.348635 0.021289
3 0.745088 0.244806 0.358634 0.021398
3 0.732584 0.266194 0.332804 0.021117
0 0.727601 0.202492 0.409526 0.154410
1 0.571038 0.294830 0.083687 0.019655
2 0.655196 0.293914 0.072022 0.019528
3 0.804775 0.292911 0.206150 0.019738
0 0.729367 0.293732 0.407059 0.026923
1 0.561287 0.329315 0.062856 0.019428
2 0.633363 0.328531 0.068689 0.019492
3 0.797108 0.327373 0.237814 0.020083
3 0.742108 0.349224 0.348635 0.021289
3 0.742519 0.370472 0.348635 0.021289
3 0.742931 0.391720 0.348635 0.021289
3 0.600857 0.414518 0.063665 0.018187
0 0.730854 0.370599 0.408704 0.111915
1 0.563537 0.445553 0.062856 0.019428
2 0.622280 0.444913 0.042025 0.019201
3 0.788525 0.443729 0.269477 0.020428
3 0.609788 0.466927 0.079497 0.018360
0 0.732486 0.454965 0.407470 0.048171
1 0.554064 0.494411 0.042025 0.019201
2 0.620724 0.493685 0.078688 0.019601
3 0.797384 0.492388 0.253645 0.020255
3 0.586984 0.515930 0.032002 0.017843
0 0.733430 0.503710 0.407470 0.048171
1 0.555020 0.543781 0.042025 0.019201
2 0.615846 0.543119 0.067022 0.019474
3 0.794590 0.541798 0.269477 0.020428
3 0.746256 0.563577 0.348635 0.021289
3 0.746667 0.584824 0.348635 0.021289
3 0.747078 0.606072 0.348635 0.021289
3 0.752489 0.627265 0.358634 0.021398
3 0.747901 0.648568 0.348635 0.021289
3 0.750395 0.669793 0.352801 0.021335
3 0.598322 0.692700 0.047834 0.018015
0 0.735618 0.616823 0.409937 0.175658
1 0.579297 0.721660 0.083687 0.019655
2 0.673454 0.720635 0.092020 0.019746
3 0.833032 0.719524 0.206150 0.019738
3 0.583470 0.743492 0.016170 0.017670
0 0.737831 0.731186 0.407470 0.048171
1 0.580361 0.776655 0.083687 0.019655
2 0.651187 0.775884 0.045358 0.019238
3 0.811182 0.774767 0.253645 0.020255
3 0.750767 0.796677 0.348635 0.021289
3 0.751178 0.817925 0.348635 0.021289
3 0.751589 0.839173 0.348635 0.021289
0 0.739307 0.807428 0.408293 0.090667
1 0.571759 0.870508 0.062856 0.019428
2 0.644252 0.869719 0.069522 0.019501
3 0.808413 0.868557 0.237814 0.020083
3 0.728833 0.890676 0.301140 0.020772
0 0.740709 0.879920 0.407470 0.048171
