1 0.151667 0.085938 0.068333 0.021875
0 0.266667 0.095312 0.400000 0.040625
1 0.227917 0.138437 0.127500 0.021875
0 0.266667 0.138437 0.400000 0.021875
1 0.208750 0.167813 0.089167 0.021875
0 0.266667 0.177187 0.400000 0.040625
1 0.219167 0.220938 0.110000 0.021875
0 0.266667 0.230313 0.400000 0.040625
1 0.150833 0.270937 0.066667 0.021875
0 0.266667 0.317812 0.400000 0.115625
1 0.160000 0.395313 0.085000 0.021875
0 0.266667 0.414062 0.400000 0.059375
1 0.173333 0.461562 0.065000 0.021875
0 0.266667 0.470938 0.400000 0.040625
1 0.155417 0.514687 0.075833 0.021875
0 0.266667 0.514687 0.400000 0.021875
1 0.162500 0.543438 0.090000 0.021875
0 0.266667 0.543438 0.400000 0.021875
1 0.212917 0.574688 0.097500 0.021875
0 0.266667 0.612187 0.400000 0.096875
1 0.190833 0.678438 0.146667 0.021875
0 0.266667 0.687813 0.400000 0.040625
1 0.164167 0.727187 0.046667 0.021875
0 0.266667 0.727187 0.400000 0.021875
1 0.232083 0.759062 0.135833 0.021875
0 0.266667 0.815312 0.400000 0.134375
1 0.180833 0.903438 0.126667 0.021875
0 0.266667 0.931562 0.400000 0.078125
1 0.652500 0.085938 0.090000 0.021875
0 0.733333 0.085938 0.400000 0.021875
1 0.638750 0.116562 0.062500 0.021875
0 0.733333 0.116562 0.400000 0.021875
1 0.641667 0.147813 0.068333 0.021875
0 0.733333 0.175937 0.400000 0.078125
1 0.677083 0.233437 0.139167 0.021875
0 0.733333 0.242812 0.400000 0.040625
1 0.640000 0.285313 0.065000 0.021875
0 0.733333 0.285313 0.400000 0.021875
1 0.620417 0.313437 0.072500 0.021875
0 0.733333 0.313437 0.400000 0.021875
1 0.672500 0.343438 0.083333 0.021875
0 0.733333 0.352812 0.400000 0.040625
1 0.632500 0.395313 0.096667 0.021875
0 0.733333 0.432812 0.400000 0.096875
1 0.667500 0.499688 0.120000 0.021875
0 0.733333 0.546562 0.400000 0.115625
1 0.634583 0.624687 0.054167 0.021875
0 0.733333 0.624687 0.400000 0.021875
1 0.667500 0.657188 0.073333 0.021875
0 0.733333 0.666562 0.400000 0.040625
1 0.635417 0.707187 0.102500 0.021875
0 0.733333 0.716562 0.400000 0.040625
1 0.674167 0.754687 0.133333 0.021875
0 0.733333 0.764062 0.400000 0.040625
1 0.676250 0.802813 0.090833 0.021875
0 0.733333 0.812187 0.400000 0.040625
1 0.623333 0.855938 0.078333 0.021875
0 0.733333 0.855938 0.400000 0.021875
1 0.676250 0.888437 0.137500 0.021875
0 0.733333 0.897813 0.400000 0.040625
