1 0.118774 0.078950 0.083787 0.019916
2 0.198343 0.080067 0.062957 0.019624
0 0.277064 0.081797 0.407157 0.028204
1 0.097273 0.105528 0.042127 0.019332
2 0.153097 0.106312 0.057125 0.019542
3 0.247648 0.108264 0.111251 0.019053
0 0.276393 0.108668 0.407157 0.028204
1 0.117417 0.133315 0.083787 0.019916
2 0.199902 0.134473 0.068789 0.019706
3 0.316116 0.136730 0.142912 0.019497
0 0.275707 0.136163 0.407157 0.028204
1 0.116653 0.163935 0.083787 0.019916
2 0.198305 0.165081 0.067123 0.019683
3 0.353262 0.167882 0.222065 0.020608
3 0.286077 0.188193 0.348709 0.022387
3 0.285547 0.209439 0.348709 0.022387
3 0.242524 0.230089 0.263724 0.021193
0 0.274147 0.198652 0.408748 0.091943
1 0.093343 0.263000 0.042127 0.019332
2 0.155832 0.263878 0.070456 0.019729
3 0.336202 0.267035 0.269556 0.021275
3 0.133207 0.285439 0.047928 0.018164
0 0.272198 0.276763 0.407687 0.049451
1 0.102573 0.310638 0.062957 0.019624
2 0.168394 0.311562 0.056291 0.019530
3 0.333766 0.314509 0.253726 0.021053
3 0.171598 0.333486 0.127081 0.019275
0 0.271012 0.324255 0.407687 0.049451
1 0.111662 0.363900 0.083787 0.019916
2 0.197480 0.365105 0.075455 0.019799
3 0.356603 0.367964 0.222065 0.020608
3 0.146526 0.386268 0.079590 0.018608
0 0.269687 0.377371 0.407687 0.049451
1 0.110414 0.413891 0.083787 0.019916
2 0.197482 0.415114 0.077954 0.019835
3 0.334109 0.417657 0.174573 0.019942
0 0.268704 0.416739 0.407157 0.028204
1 0.088820 0.444218 0.042127 0.019332
2 0.153392 0.445125 0.074622 0.019788
3 0.304183 0.447867 0.206234 0.020386
0 0.267940 0.447358 0.407157 0.028204
1 0.108948 0.472631 0.083787 0.019916
2 0.181435 0.473649 0.048793 0.019425
3 0.335143 0.476432 0.237895 0.020831
3 0.143812 0.494999 0.079590 0.018608
0 0.266973 0.486102 0.407687 0.049451
1 0.097145 0.528100 0.062957 0.019624
2 0.174631 0.529188 0.079621 0.019858
3 0.343753 0.532187 0.237895 0.020831
3 0.126594 0.550392 0.047928 0.018164
0 0.265585 0.541717 0.407687 0.049451
1 0.106203 0.582612 0.083787 0.019916
2 0.194937 0.583857 0.081287 0.019881
3 0.349061 0.586646 0.206234 0.020386
3 0.228135 0.606202 0.253726 0.021053
0 0.264228 0.596082 0.407687 0.049451
1 0.084079 0.634185 0.042127 0.019332
2 0.138236 0.634946 0.053792 0.019495
3 0.318189 0.638097 0.285387 0.021498
3 0.274333 0.658735 0.348709 0.022387
3 0.273802 0.679981 0.348709 0.022387
3 0.273272 0.701228 0.348709 0.022387
3 0.272742 0.722474 0.348709 0.022387
3 0.216804 0.742942 0.237895 0.020831
0 0.261873 0.690441 0.409808 0.134436
1 0.101586 0.767579 0.083787 0.019916
2 0.188238 0.768796 0.077121 0.019823
3 0.348194 0.771667 0.222065 0.020608
3 0.276010 0.791907 0.358707 0.022527
3 0.275479 0.813153 0.358707 0.022527
3 0.222458 0.833663 0.253726 0.021053
0 0.259081 0.802296 0.408748 0.091943
1 0.078308 0.865395 0.042127 0.019332
2 0.139130 0.866249 0.067123 0.019683
3 0.314917 0.869342 0.263724 0.021193
3 0.210239 0.889126 0.232063 0.020749
0 0.257162 0.879158 0.407687 0.049451
1 0.585359 0.085501 0.083787 0.019916
2 0.662012 0.086577 0.057125 0.019542
3 0.816969 0.089377 0.232063 0.020749
3 0.754783 0.109758 0.348709 0.022387
3 0.754253 0.131004 0.348709 0.022387
3 0.753722 0.152251 0.348709 0.022387
3 0.594887 0.171274 0.032098 0.017941
0 0.742588 0.130841 0.409278 0.113190
1 0.572152 0.197210 0.062957 0.019624
2 0.645889 0.198245 0.072122 0.019753
3 0.803346 0.201081 0.222065 0.020608
0 0.740857 0.200203 0.407157 0.028204
1 0.566914 0.223391 0.053792 0.019495
2 0.645234 0.224490 0.090452 0.020010
3 0.819771 0.227566 0.237895 0.020831
3 0.640522 0.246303 0.127081 0.019275
0 0.739937 0.237072 0.407687 0.049451
1 0.570187 0.275946 0.062957 0.019624
2 0.648923 0.277051 0.082120 0.019893
0 0.738892 0.278940 0.407157 0.028204
1 0.558992 0.307044 0.042127 0.019332
2 0.629813 0.308039 0.087119 0.019963
3 0.810599 0.311202 0.253726 0.021053
3 0.749246 0.331594 0.348709 0.022387
3 0.753715 0.352911 0.358707 0.022527
3 0.748186 0.374087 0.348709 0.022387
3 0.747655 0.395333 0.348709 0.022387
3 0.747125 0.416579 0.348709 0.022387
3 0.683273 0.436937 0.222065 0.020608
0 0.736521 0.373923 0.410339 0.155682
1 0.565352 0.469662 0.062957 0.019624
2 0.642422 0.470744 0.078788 0.019846
3 0.811127 0.473738 0.237895 0.020831
3 0.673954 0.493066 0.206234 0.020386
0 0.733792 0.483279 0.407687 0.049451
1 0.574410 0.524174 0.083787 0.019916
2 0.644398 0.525156 0.043794 0.019355
3 0.803521 0.528015 0.253726 0.021053
3 0.704258 0.547876 0.269556 0.021275
0 0.732435 0.537644 0.407687 0.049451
1 0.562622 0.579018 0.062957 0.019624
2 0.625945 0.579907 0.051292 0.019460
3 0.793816 0.582889 0.263724 0.021193
3 0.742462 0.603422 0.348709 0.022387
3 0.741931 0.624668 0.348709 0.022387
3 0.741401 0.645914 0.348709 0.022387
3 0.740871 0.667160 0.348709 0.022387
3 0.740340 0.688407 0.348709 0.022387
0 0.730002 0.635127 0.409808 0.134436
1 0.559269 0.713369 0.062957 0.019624
2 0.636339 0.714451 0.078788 0.019846
3 0.805044 0.717445 0.237895 0.020831
3 0.739108 0.737773 0.348709 0.022387
3 0.738578 0.759019 0.348709 0.022387
3 0.738048 0.780266 0.348709 0.022387
3 0.587127 0.799400 0.047928 0.018164
0 0.726913 0.758856 0.409278 0.113190
1 0.545891 0.831952 0.042127 0.019332
2 0.614212 0.832912 0.082120 0.019893
3 0.768753 0.835706 0.206234 0.020386
0 0.725011 0.835092 0.407157 0.028204
1 0.545236 0.858198 0.042127 0.019332
2 0.604392 0.859028 0.063790 0.019636
3 0.741852 0.861583 0.190403 0.020164
0 0.724356 0.861338 0.407157 0.028204
1 0.544503 0.887568 0.042127 0.019332
2 0.605742 0.888427 0.067956 0.019694
3 0.781946 0.891526 0.263724 0.021193
3 0.568536 0.909784 0.016267 0.017719
0 0.723357 0.901331 0.407687 0.049451
