0 0.26666666666666666 0.120625 0.4 0.09125
0 0.26666666666666666 0.205625 0.4 0.04375
0 0.26666666666666666 0.27875 0.4 0.0675
0 0.26666666666666666 0.351875 0.4 0.04375
0 0.26666666666666666 0.436875 0.4 0.09125
0 0.26666666666666666 0.521875 0.4 0.04375
0 0.26666666666666666 0.583125 0.4 0.04375
0 0.26666666666666666 0.644375 0.4 0.04375
0 0.26666666666666666 0.705625 0.4 0.04375
0 0.26666666666666666 0.766875 0.4 0.04375
0 0.26666666666666666 0.8875 0.4 0.1625
0 0.7333333333333333 0.15625 0.4 0.1625
0 0.7333333333333333 0.3125 0.4 0.115
0 0.7333333333333333 0.409375 0.4 0.04375
0 0.7333333333333333 0.470625 0.4 0.04375
0 0.7333333333333333 0.54375 0.4 0.0675
0 0.7333333333333333 0.616875 0.4 0.04375
0 0.7333333333333333 0.678125 0.4 0.04375
0 0.7333333333333333 0.786875 0.4 0.13875
0 0.7333333333333333 0.955 0.4 0.1625
