1 0.094442 0.086278 0.062656 0.019044
2 0.174024 0.085903 0.083489 0.019142
3 0.305693 0.085908 0.158477 0.018246
0 0.263194 0.086108 0.406847 0.024416
1 0.084292 0.118202 0.041823 0.018946
2 0.145125 0.117915 0.066822 0.019064
3 0.323876 0.117698 0.269308 0.018768
3 0.132808 0.139849 0.063479 0.017798
0 0.263550 0.128607 0.407025 0.045666
1 0.095138 0.169402 0.062656 0.019044
2 0.162637 0.169084 0.059323 0.019029
3 0.326806 0.168935 0.247642 0.018666
3 0.275735 0.190426 0.348473 0.019142
3 0.280913 0.211652 0.358473 0.019189
3 0.276091 0.232925 0.348473 0.019142
3 0.276269 0.254175 0.348473 0.019142
3 0.276447 0.275424 0.348473 0.019142
3 0.205377 0.297010 0.205976 0.018470
0 0.264425 0.232980 0.407916 0.151914
1 0.086047 0.327573 0.041823 0.018946
2 0.151046 0.327266 0.075156 0.019103
3 0.326047 0.327067 0.253475 0.018694
3 0.277060 0.348548 0.348473 0.019142
3 0.213906 0.370096 0.221809 0.018544
0 0.265393 0.348603 0.407203 0.066916
1 0.107503 0.401848 0.083489 0.019142
2 0.188752 0.401465 0.065989 0.019060
3 0.343337 0.401361 0.221809 0.018544
3 0.277683 0.422921 0.348473 0.019142
3 0.246195 0.444320 0.285141 0.018843
0 0.266017 0.422976 0.407203 0.066916
1 0.097673 0.471896 0.062656 0.019044
2 0.168088 0.471564 0.065156 0.019056
3 0.338090 0.471388 0.253475 0.018694
3 0.278270 0.492920 0.348473 0.019142
3 0.283448 0.514146 0.358473 0.019189
3 0.278626 0.535419 0.348473 0.019142
3 0.278804 0.556669 0.348473 0.019142
3 0.278982 0.577918 0.348473 0.019142
3 0.215828 0.599466 0.221809 0.018544
0 0.266959 0.535474 0.407916 0.151914
1 0.098967 0.626268 0.062656 0.019044
2 0.170215 0.625932 0.066822 0.019064
0 0.267719 0.626097 0.406847 0.024416
1 0.099218 0.656267 0.062656 0.019044
2 0.171300 0.655927 0.068489 0.019072
3 0.335052 0.655781 0.237642 0.018619
3 0.248149 0.677441 0.285141 0.018843
0 0.268059 0.666722 0.407025 0.045666
1 0.095049 0.705663 0.053489 0.019001
2 0.157964 0.705366 0.059323 0.019029
3 0.330049 0.705180 0.263475 0.018741
3 0.137731 0.727337 0.063479 0.017798
0 0.268473 0.716096 0.407025 0.045666
1 0.110515 0.761216 0.083489 0.019142
2 0.192596 0.760829 0.067656 0.019068
3 0.353015 0.760698 0.231809 0.018592
3 0.282778 0.782279 0.352640 0.019161
3 0.280873 0.803539 0.348473 0.019142
3 0.151470 0.825399 0.089312 0.017920
0 0.269117 0.792969 0.407381 0.088165
1 0.090509 0.860062 0.041823 0.018946
2 0.138425 0.859836 0.040990 0.018942
3 0.317177 0.859619 0.295141 0.018890
3 0.115275 0.881821 0.015980 0.017574
0 0.269766 0.870468 0.407025 0.045666
1 0.550683 0.084128 0.041823 0.018946
2 0.598182 0.083904 0.040156 0.018938
3 0.779434 0.083675 0.300974 0.018918
3 0.615032 0.105700 0.095145 0.017947
0 0.729940 0.094533 0.407025 0.045666
1 0.571956 0.136529 0.083489 0.019142
2 0.650704 0.136157 0.060989 0.019036
3 0.810706 0.136028 0.237642 0.018619
3 0.742136 0.157602 0.348473 0.019142
3 0.742314 0.178852 0.348473 0.019142
3 0.742492 0.200101 0.348473 0.019142
3 0.742670 0.221351 0.348473 0.019142
3 0.747848 0.242577 0.358473 0.019189
3 0.640111 0.264335 0.142644 0.018171
0 0.730825 0.200156 0.407916 0.151914
1 0.552416 0.290999 0.041823 0.018946
2 0.606582 0.290743 0.053489 0.019001
3 0.744084 0.290720 0.200143 0.018442
0 0.731585 0.290779 0.406847 0.024416
1 0.563110 0.324074 0.062656 0.019044
2 0.636859 0.323726 0.071822 0.019087
3 0.802278 0.323572 0.237642 0.018619
3 0.743707 0.345098 0.348473 0.019142
3 0.743885 0.366348 0.348473 0.019142
3 0.749063 0.387574 0.358473 0.019189
3 0.688825 0.409108 0.237642 0.018619
0 0.732218 0.366403 0.407559 0.109415
1 0.553647 0.437871 0.041823 0.018946
2 0.606563 0.437621 0.050989 0.018989
0 0.732815 0.437651 0.406847 0.024416
1 0.553893 0.467245 0.041823 0.018946
2 0.618059 0.466943 0.073489 0.019095
3 0.792227 0.466747 0.253475 0.018694
3 0.744906 0.488220 0.348473 0.019142
3 0.750084 0.509446 0.358473 0.019189
3 0.745262 0.530720 0.348473 0.019142
3 0.595027 0.552678 0.047646 0.017724
0 0.733418 0.509525 0.407559 0.109415
1 0.554836 0.579743 0.041823 0.018946
2 0.619835 0.579437 0.075156 0.019103
0 0.734004 0.579524 0.406847 0.024416
1 0.575926 0.610269 0.083489 0.019142
2 0.650091 0.609920 0.051823 0.018993
3 0.805510 0.609812 0.237642 0.018619
3 0.746105 0.631343 0.348473 0.019142
3 0.746284 0.652592 0.348473 0.019142
3 0.746462 0.673842 0.348473 0.019142
3 0.680391 0.695404 0.215976 0.018517
0 0.734617 0.652647 0.407559 0.109415
1 0.566520 0.730941 0.062656 0.019044
2 0.640685 0.730591 0.072656 0.019091
0 0.735272 0.730771 0.406847 0.024416
1 0.556323 0.757240 0.041823 0.018946
2 0.618405 0.756947 0.069322 0.019076
0 0.735492 0.757020 0.406847 0.024416
1 0.556580 0.787864 0.041823 0.018946
2 0.606162 0.787630 0.044323 0.018958
3 0.781581 0.787428 0.285141 0.018843
3 0.605096 0.809511 0.063479 0.017798
0 0.735837 0.798269 0.407025 0.045666
1 0.567436 0.840314 0.062656 0.019044
2 0.629518 0.840021 0.048489 0.018977
3 0.783271 0.839922 0.237642 0.018619
0 0.736188 0.840143 0.406847 0.024416
1 0.578115 0.871514 0.083489 0.019142
2 0.668946 0.871086 0.085155 0.019150
3 0.793532 0.871124 0.142644 0.018171
0 0.736450 0.871393 0.406847 0.024416
