1 0.184583 0.085938 0.087500 0.021875
0 0.266667 0.095312 0.400000 0.040625
1 0.182083 0.137813 0.129167 0.021875
0 0.266667 0.147187 0.400000 0.040625
1 0.210417 0.186562 0.092500 0.021875
0 0.266667 0.186562 0.400000 0.021875
1 0.197083 0.220938 0.112500 0.021875
0 0.266667 0.220938 0.400000 0.021875
1 0.178750 0.255312 0.122500 0.021875
0 0.266667 0.255312 0.400000 0.021875
1 0.160833 0.287187 0.086667 0.021875
0 0.266667 0.334062 0.400000 0.115625
1 0.174583 0.412187 0.114167 0.021875
0 0.266667 0.421563 0.400000 0.040625
1 0.167083 0.465313 0.052500 0.021875
0 0.266667 0.502812 0.400000 0.096875
1 0.204167 0.570937 0.080000 0.021875
0 0.266667 0.570937 0.400000 0.021875
1 0.201667 0.599688 0.121667 0.021875
0 0.266667 0.609062 0.400000 0.040625
1 0.181667 0.651563 0.081667 0.021875
0 0.266667 0.717187 0.400000 0.153125
1 0.180417 0.814688 0.079167 0.021875
0 0.266667 0.814688 0.400000 0.021875
1 0.233333 0.847187 0.138333 0.021875
0 0.266667 0.894062 0.400000 0.115625
1 0.637500 0.085938 0.060000 0.021875
0 0.733333 0.123438 0.400000 0.096875
1 0.682917 0.192188 0.104167 0.021875
0 0.733333 0.201563 0.400000 0.040625
1 0.688333 0.240313 0.115000 0.021875
0 0.733333 0.249688 0.400000 0.040625
1 0.612083 0.288438 0.055833 0.021875
0 0.733333 0.297812 0.400000 0.040625
1 0.662917 0.336562 0.110833 0.021875
0 0.733333 0.374063 0.400000 0.096875
1 0.682500 0.442812 0.103333 0.021875
0 0.733333 0.442812 0.400000 0.021875
1 0.683750 0.470938 0.152500 0.021875
0 0.733333 0.480312 0.400000 0.040625
1 0.675417 0.524062 0.135833 0.021875
0 0.733333 0.570937 0.400000 0.115625
1 0.664583 0.648438 0.114167 0.021875
0 0.733333 0.714063 0.400000 0.153125
1 0.674167 0.813438 0.086667 0.021875
0 0.733333 0.822812 0.400000 0.040625
1 0.674167 0.863437 0.133333 0.021875
0 0.733333 0.872812 0.400000 0.040625
1 0.680417 0.916562 0.145833 0.021875
0 0.733333 0.925937 0.400000 0.040625
