1 0.081501 0.087762 0.041936 0.019089
2 0.146081 0.087236 0.074434 0.019353
3 0.320663 0.086437 0.253572 0.019564
3 0.153897 0.109048 0.111080 0.018402
0 0.260820 0.097551 0.407277 0.047062
1 0.082307 0.143384 0.041936 0.019089
2 0.150637 0.142827 0.081934 0.019415
0 0.261472 0.142548 0.406969 0.025814
1 0.093149 0.172672 0.062768 0.019258
2 0.163145 0.172102 0.064435 0.019272
0 0.261898 0.171922 0.406969 0.025814
1 0.093593 0.203295 0.062768 0.019258
2 0.163172 0.202728 0.063601 0.019265
3 0.332338 0.201974 0.253572 0.019564
3 0.195154 0.224344 0.190242 0.019048
0 0.262496 0.213169 0.407277 0.047062
1 0.094408 0.259542 0.062768 0.019258
2 0.153988 0.259056 0.043602 0.019102
3 0.281489 0.258642 0.190242 0.019048
0 0.263157 0.258791 0.406969 0.025814
1 0.084481 0.293375 0.041936 0.019089
2 0.134478 0.292967 0.045269 0.019116
3 0.310310 0.292159 0.285237 0.019822
3 0.275620 0.313693 0.348566 0.020338
3 0.275928 0.334942 0.348566 0.020338
3 0.281236 0.356150 0.358566 0.020420
3 0.276544 0.377439 0.348566 0.020338
3 0.276852 0.398688 0.348566 0.020338
3 0.245495 0.420195 0.285237 0.019822
0 0.264570 0.356286 0.408816 0.153306
1 0.097252 0.455780 0.062768 0.019258
2 0.158498 0.455281 0.046936 0.019129
0 0.266001 0.455030 0.406969 0.025814
1 0.097705 0.487029 0.062768 0.019258
2 0.182700 0.486336 0.094433 0.019516
3 0.351449 0.485585 0.221907 0.019306
3 0.112188 0.508787 0.016086 0.017628
0 0.266608 0.496902 0.407277 0.047062
1 0.088077 0.541485 0.041936 0.019089
2 0.165572 0.540854 0.100266 0.019564
3 0.345154 0.540015 0.237740 0.019435
3 0.128808 0.563030 0.047751 0.017886
0 0.267396 0.551274 0.407277 0.047062
1 0.088892 0.597732 0.041936 0.019089
2 0.146389 0.597263 0.060268 0.019238
3 0.321804 0.596458 0.269404 0.019693
3 0.121707 0.619341 0.031918 0.017757
0 0.268211 0.607521 0.407277 0.047062
1 0.089626 0.648354 0.041936 0.019089
2 0.152955 0.647838 0.071934 0.019333
3 0.302539 0.647243 0.206075 0.019177
0 0.268791 0.647518 0.406969 0.025814
1 0.090133 0.683352 0.041936 0.019089
2 0.152629 0.682842 0.070268 0.019320
3 0.333044 0.681997 0.269404 0.019693
3 0.281272 0.703670 0.348566 0.020338
3 0.249915 0.725177 0.285237 0.019822
0 0.269606 0.703765 0.407585 0.068311
1 0.101681 0.761387 0.062768 0.019258
2 0.186676 0.760694 0.094433 0.019516
3 0.323760 0.760202 0.158578 0.018790
0 0.270430 0.760637 0.406969 0.025814
1 0.112550 0.792551 0.083600 0.019428
2 0.206294 0.791786 0.091100 0.019489
3 0.365461 0.791114 0.206075 0.019177
3 0.179946 0.813877 0.142745 0.018661
0 0.271037 0.802509 0.407277 0.047062
1 0.113365 0.848797 0.083600 0.019428
2 0.191694 0.848159 0.060268 0.019238
0 0.271698 0.848132 0.406969 0.025814
1 0.113782 0.877546 0.083600 0.019428
2 0.186694 0.876951 0.049435 0.019150
3 0.340861 0.876319 0.237740 0.019435
3 0.181178 0.898872 0.142745 0.018661
0 0.272269 0.887504 0.407277 0.047062
1 0.558556 0.083873 0.062768 0.019258
2 0.632302 0.083272 0.071934 0.019333
3 0.797718 0.082548 0.237740 0.019435
3 0.739279 0.104276 0.348566 0.020338
3 0.744587 0.125484 0.358566 0.020420
3 0.739895 0.146774 0.348566 0.020338
3 0.724371 0.168151 0.316902 0.020080
0 0.727921 0.125620 0.408201 0.110809
1 0.549807 0.198951 0.041936 0.019089
2 0.617303 0.198401 0.080267 0.019401
3 0.794801 0.197579 0.253572 0.019564
3 0.740946 0.219269 0.348566 0.020338
3 0.741254 0.240518 0.348566 0.020338
3 0.741562 0.261767 0.348566 0.020338
3 0.743953 0.282999 0.352733 0.020372
3 0.747177 0.304224 0.358566 0.020420
3 0.747485 0.325472 0.358566 0.020420
3 0.671548 0.347343 0.206075 0.019177
0 0.730050 0.272486 0.409124 0.174555
1 0.562759 0.373856 0.062768 0.019258
2 0.619422 0.373394 0.037770 0.019055
3 0.783588 0.372681 0.269404 0.019693
3 0.672236 0.394840 0.206075 0.019177
0 0.731662 0.383730 0.407277 0.047062
1 0.573954 0.427518 0.083600 0.019428
2 0.645200 0.426937 0.046102 0.019123
3 0.805616 0.426254 0.253572 0.019564
3 0.601769 0.449167 0.063583 0.018015
0 0.732441 0.437477 0.407277 0.047062
1 0.564326 0.481975 0.062768 0.019258
2 0.640571 0.481353 0.076934 0.019374
3 0.808487 0.480609 0.237740 0.019435
3 0.750049 0.502337 0.358566 0.020420
3 0.745357 0.523626 0.348566 0.020338
3 0.750665 0.544834 0.358566 0.020420
3 0.745973 0.566124 0.348566 0.020338
3 0.595873 0.588599 0.047751 0.017886
0 0.733845 0.534346 0.408508 0.132057
1 0.555948 0.622676 0.041936 0.019089
2 0.608861 0.622245 0.051102 0.019163
3 0.779694 0.621477 0.269404 0.019693
0 0.735113 0.621841 0.406969 0.025814
1 0.577233 0.653755 0.083600 0.019428
2 0.647645 0.653181 0.044436 0.019109
3 0.807228 0.652505 0.253572 0.019564
3 0.747540 0.674242 0.348566 0.020338
3 0.747848 0.695491 0.348566 0.020338
3 0.748156 0.716740 0.348566 0.020338
3 0.748464 0.737989 0.348566 0.020338
3 0.748771 0.759237 0.348566 0.020338
3 0.738247 0.780574 0.326901 0.020162
0 0.736490 0.716835 0.408816 0.153306
1 0.558765 0.817040 0.041936 0.019089
2 0.624594 0.816503 0.076934 0.019374
3 0.800426 0.815695 0.253572 0.019564
3 0.749904 0.837358 0.348566 0.020338
3 0.755211 0.858566 0.358566 0.020420
3 0.750520 0.879855 0.348566 0.020338
3 0.750827 0.901104 0.348566 0.020338
3 0.648225 0.923192 0.142745 0.018661
0 0.738700 0.869326 0.408508 0.132057
