0 0.26666666666666666 0.085 0.4 0.02
0 0.26666666666666666 0.134375 0.4 0.04375
0 0.26666666666666666 0.195625 0.4 0.04375
0 0.26666666666666666 0.245 0.4 0.02
0 0.26666666666666666 0.294375 0.4 0.04375
0 0.26666666666666666 0.39125 0.4 0.115
0 0.26666666666666666 0.488125 0.4 0.04375
0 0.26666666666666666 0.5375 0.4 0.02
0 0.26666666666666666 0.575 0.4 0.02
0 0.26666666666666666 0.624375 0.4 0.04375
0 0.26666666666666666 0.6975 0.4 0.0675
0 0.26666666666666666 0.770625 0.4 0.04375
0 0.26666666666666666 0.8675 0.4 0.115
0 0.7333333333333333 0.096875 0.4 0.04375
0 0.7333333333333333 0.158125 0.4 0.04375
0 0.7333333333333333 0.219375 0.4 0.04375
0 0.7333333333333333 0.31625 0.4 0.115
0 0.7333333333333333 0.413125 0.4 0.04375
0 0.7333333333333333 0.4625 0.4 0.02
0 0.7333333333333333 0.535625 0.4 0.09125
0 0.7333333333333333 0.620625 0.4 0.04375
0 0.7333333333333333 0.705625 0.4 0.09125
0 0.7333333333333333 0.8025 0.4 0.0675
0 0.7333333333333333 0.875625 0.4 0.04375
