1 0.096514 0.085140 0.062563 0.018869
2 0.169014 0.085002 0.069230 0.018881
3 0.333182 0.085316 0.237558 0.017951
3 0.277004 0.106672 0.348391 0.018162
3 0.277076 0.127922 0.348391 0.018162
3 0.277148 0.149172 0.348391 0.018162
3 0.205970 0.170557 0.205892 0.017891
0 0.265410 0.127944 0.407028 0.108272
1 0.107338 0.205745 0.083396 0.018908
2 0.183588 0.205600 0.055896 0.018856
3 0.341090 0.205926 0.237558 0.017951
3 0.277412 0.227297 0.348391 0.018162
3 0.277484 0.248547 0.348391 0.018162
3 0.277555 0.269797 0.348391 0.018162
3 0.143044 0.291302 0.079226 0.017650
0 0.265817 0.248569 0.407028 0.108272
1 0.086887 0.318909 0.041730 0.018829
2 0.143554 0.318801 0.058396 0.018861
3 0.318139 0.319095 0.269225 0.018011
3 0.119461 0.340722 0.031726 0.017560
0 0.266091 0.329819 0.406813 0.044522
1 0.107885 0.367619 0.083396 0.018908
2 0.192885 0.367458 0.073396 0.018889
0 0.266220 0.367944 0.406741 0.023272
1 0.103411 0.400128 0.074230 0.018891
2 0.185911 0.399971 0.077563 0.018897
3 0.346329 0.400292 0.221725 0.017921
3 0.278068 0.421671 0.348391 0.018162
3 0.278140 0.442921 0.348391 0.018162
3 0.278212 0.464171 0.348391 0.018162
3 0.278283 0.485421 0.348391 0.018162
3 0.151689 0.506912 0.095059 0.017680
0 0.266509 0.453568 0.407100 0.129522
1 0.087615 0.534533 0.041730 0.018829
2 0.143448 0.534427 0.056730 0.018858
3 0.298450 0.534758 0.231725 0.017940
0 0.266783 0.534818 0.406741 0.023272
1 0.108552 0.565119 0.083396 0.018908
2 0.192302 0.564960 0.070896 0.018884
3 0.349387 0.565286 0.221725 0.017921
3 0.278625 0.586671 0.348391 0.018162
3 0.278697 0.607921 0.348391 0.018162
3 0.278769 0.629171 0.348391 0.018162
3 0.278841 0.650421 0.348391 0.018162
3 0.136413 0.671941 0.063392 0.017620
0 0.267066 0.618568 0.407100 0.129522
1 0.088166 0.697658 0.041730 0.018829
2 0.144833 0.697550 0.058396 0.018861
3 0.287751 0.697904 0.205892 0.017891
0 0.267334 0.697943 0.406741 0.023272
1 0.088280 0.731408 0.041730 0.018829
2 0.159113 0.731273 0.086730 0.018915
3 0.339948 0.731555 0.253392 0.017981
3 0.128771 0.753206 0.047559 0.017590
0 0.267484 0.742317 0.406813 0.044522
1 0.109305 0.788243 0.083396 0.018908
2 0.199722 0.788071 0.084230 0.018910
3 0.355557 0.788400 0.205892 0.017891
3 0.279379 0.809795 0.348391 0.018162
3 0.279450 0.831045 0.348391 0.018162
3 0.279522 0.852295 0.348391 0.018162
3 0.279594 0.873545 0.348391 0.018162
3 0.279666 0.894795 0.348391 0.018162
3 0.284738 0.916035 0.358391 0.018181
3 0.279809 0.937295 0.348391 0.018162
3 0.158215 0.958776 0.105059 0.017699
0 0.267927 0.873567 0.407315 0.193272
1 0.552763 0.084273 0.041730 0.018829
2 0.604846 0.084175 0.049230 0.018843
3 0.782764 0.084462 0.285058 0.018041
3 0.577420 0.106102 0.015892 0.017530
0 0.731967 0.095183 0.406813 0.044522
1 0.573780 0.138609 0.083396 0.018908
2 0.662113 0.138441 0.080063 0.018902
3 0.815865 0.138774 0.205892 0.017891
3 0.601354 0.160431 0.063392 0.017620
0 0.732151 0.149558 0.406813 0.044522
1 0.553122 0.190523 0.041730 0.018829
2 0.606872 0.190421 0.052563 0.018850
3 0.783540 0.190710 0.279225 0.018030
3 0.744028 0.212036 0.348391 0.018162
3 0.744100 0.233285 0.348391 0.018162
3 0.744172 0.254535 0.348391 0.018162
3 0.744244 0.275785 0.348391 0.018162
3 0.585983 0.297336 0.031726 0.017560
0 0.732469 0.243933 0.407100 0.129522
1 0.553592 0.329898 0.041730 0.018829
2 0.621926 0.329768 0.081730 0.018905
3 0.800260 0.330054 0.253392 0.017981
3 0.662416 0.351566 0.184225 0.017850
0 0.732797 0.340807 0.406813 0.044522
1 0.553782 0.386147 0.041730 0.018829
2 0.614199 0.386033 0.065896 0.018875
3 0.776700 0.386349 0.237558 0.017951
0 0.732951 0.386432 0.406741 0.023272
1 0.564290 0.413003 0.062563 0.018869
2 0.637623 0.412863 0.070896 0.018884
3 0.770958 0.413235 0.174225 0.017831
0 0.733041 0.413307 0.406741 0.023272
1 0.553983 0.445522 0.041730 0.018829
2 0.629399 0.445379 0.095896 0.018932
3 0.806901 0.445667 0.237558 0.017951
3 0.721140 0.467080 0.300891 0.018071
0 0.733187 0.456432 0.406813 0.044522
1 0.564573 0.496752 0.062563 0.018869
2 0.635822 0.496617 0.066730 0.018877
3 0.803741 0.496923 0.247558 0.017970
3 0.750063 0.518275 0.358391 0.018181
3 0.745134 0.539535 0.348391 0.018162
3 0.745206 0.560784 0.348391 0.018162
3 0.750278 0.582025 0.358391 0.018181
3 0.674100 0.603420 0.205892 0.017891
0 0.733504 0.550182 0.407100 0.129522
1 0.565052 0.638627 0.062563 0.018869
2 0.637135 0.638490 0.068396 0.018880
3 0.800886 0.638804 0.237558 0.017951
3 0.750542 0.660150 0.358391 0.018181
3 0.745613 0.681409 0.348391 0.018162
3 0.750685 0.702649 0.358391 0.018181
3 0.745757 0.723909 0.348391 0.018162
3 0.745829 0.745159 0.348391 0.018162
3 0.745900 0.766409 0.348391 0.018162
3 0.658889 0.787824 0.174225 0.017831
0 0.734054 0.713306 0.407244 0.172022
1 0.565670 0.821751 0.062563 0.018869
2 0.646086 0.821599 0.085063 0.018911
3 0.810255 0.821912 0.221725 0.017921
3 0.619494 0.843524 0.095059 0.017680
0 0.734457 0.832681 0.406813 0.044522
1 0.565837 0.871126 0.062563 0.018869
2 0.630420 0.871003 0.053396 0.018851
3 0.794588 0.871317 0.253392 0.017981
3 0.587994 0.892959 0.031726 0.017560
0 0.734624 0.882056 0.406813 0.044522
