1 0.120902 0.077871 0.083875 0.020152
2 0.203797 0.079270 0.069712 0.019912
3 0.359989 0.082532 0.222136 0.021236
0 0.279176 0.081167 0.407239 0.029357
1 0.109513 0.110187 0.063047 0.019800
2 0.186993 0.111494 0.079709 0.020081
3 0.356098 0.114974 0.237965 0.021504
3 0.162593 0.132963 0.095501 0.019099
0 0.277882 0.124282 0.407876 0.050602
1 0.118258 0.165973 0.083875 0.020152
2 0.191989 0.167218 0.051383 0.019603
3 0.346931 0.170458 0.237965 0.021504
3 0.232156 0.189776 0.237965 0.021504
0 0.276214 0.179892 0.407876 0.050602
1 0.116608 0.220959 0.083875 0.020152
2 0.199503 0.222359 0.069712 0.019912
3 0.355695 0.225620 0.222136 0.021236
3 0.262164 0.245297 0.301282 0.022572
0 0.274563 0.234879 0.407876 0.050602
1 0.094167 0.274344 0.042219 0.019448
2 0.142905 0.275167 0.043052 0.019462
3 0.317425 0.278738 0.285453 0.022305
3 0.284296 0.299434 0.348770 0.023374
3 0.288657 0.320763 0.358768 0.023543
3 0.285104 0.341959 0.352936 0.023444
3 0.282383 0.363168 0.348770 0.023374
3 0.242172 0.383745 0.269624 0.022038
0 0.271676 0.331104 0.410426 0.135580
1 0.110833 0.413411 0.083875 0.020152
2 0.191229 0.414768 0.064713 0.019828
3 0.344921 0.417987 0.222136 0.021236
3 0.200987 0.436813 0.190477 0.020702
0 0.268788 0.427330 0.407876 0.050602
1 0.098937 0.462597 0.063047 0.019800
2 0.184749 0.464046 0.096372 0.020362
3 0.354270 0.467533 0.222136 0.021236
3 0.278652 0.487511 0.348770 0.023374
3 0.278014 0.508756 0.348770 0.023374
3 0.282376 0.530085 0.358768 0.023543
3 0.276739 0.551245 0.348770 0.023374
3 0.276102 0.572490 0.348770 0.023374
3 0.275464 0.593735 0.348770 0.023374
3 0.274827 0.614979 0.348770 0.023374
3 0.210872 0.635155 0.222136 0.021236
0 0.265076 0.551048 0.412339 0.199314
1 0.082617 0.659247 0.042219 0.019448
2 0.143435 0.660273 0.067212 0.019870
0 0.261719 0.662895 0.407239 0.029357
1 0.102395 0.694589 0.083875 0.020152
2 0.175710 0.695827 0.050550 0.019589
3 0.330235 0.699061 0.237965 0.021504
3 0.176720 0.717725 0.158818 0.020168
0 0.260351 0.708509 0.407876 0.050602
1 0.100857 0.745827 0.083875 0.020152
2 0.188335 0.747303 0.078876 0.020067
0 0.259132 0.749123 0.407239 0.029357
1 0.089393 0.780642 0.063047 0.019800
2 0.163125 0.781886 0.072211 0.019955
3 0.333479 0.785387 0.247962 0.021672
3 0.174132 0.803953 0.158818 0.020168
0 0.257763 0.794737 0.407876 0.050602
1 0.077535 0.828579 0.042219 0.019448
2 0.125856 0.829395 0.042219 0.019448
3 0.292046 0.832825 0.269624 0.022038
0 0.256638 0.832227 0.407239 0.029357
1 0.076748 0.854822 0.042219 0.019448
2 0.152562 0.856102 0.097205 0.020377
0 0.255850 0.858471 0.407239 0.029357
1 0.086187 0.887490 0.063047 0.019800
2 0.162001 0.888770 0.076377 0.020025
3 0.297781 0.891687 0.174648 0.020435
0 0.254875 0.890962 0.407239 0.029357
1 0.566622 0.085394 0.042219 0.019448
2 0.629106 0.086449 0.070545 0.019927
3 0.809458 0.090118 0.269624 0.022038
3 0.606372 0.107946 0.048013 0.018297
0 0.745406 0.099665 0.407876 0.050602
1 0.565141 0.134757 0.042219 0.019448
2 0.638872 0.136001 0.093039 0.020306
3 0.767154 0.138792 0.142989 0.019900
0 0.744243 0.138405 0.407239 0.029357
1 0.580449 0.166273 0.074710 0.019997
2 0.650015 0.167447 0.052216 0.019617
3 0.807456 0.170730 0.242130 0.021574
3 0.759331 0.191173 0.358768 0.023543
3 0.753694 0.212333 0.348770 0.023374
3 0.753057 0.233578 0.348770 0.023374
3 0.752419 0.254823 0.348770 0.023374
3 0.751782 0.276067 0.348770 0.023374
3 0.751144 0.297312 0.348770 0.023374
3 0.639702 0.316686 0.127160 0.019633
0 0.741074 0.244003 0.411701 0.178069
1 0.558803 0.345953 0.042219 0.019448
2 0.607541 0.346776 0.043052 0.019462
3 0.787060 0.350431 0.295450 0.022474
3 0.733103 0.370776 0.317112 0.022839
0 0.737587 0.360224 0.407876 0.050602
1 0.578169 0.395043 0.083875 0.020152
2 0.660231 0.396428 0.068045 0.019884
3 0.815590 0.399675 0.222136 0.021236
3 0.747469 0.419781 0.348770 0.023374
3 0.683514 0.439957 0.222136 0.021236
0 0.735806 0.419584 0.408514 0.071846
1 0.565561 0.467973 0.063047 0.019800
2 0.639292 0.469218 0.072211 0.019955
3 0.804648 0.472634 0.237965 0.021504
0 0.734249 0.471446 0.407239 0.029357
1 0.554172 0.500289 0.042219 0.019448
2 0.600827 0.501077 0.038886 0.019392
3 0.781179 0.504746 0.301282 0.022572
3 0.744300 0.525379 0.348770 0.023374
3 0.748662 0.546708 0.358768 0.023543
3 0.743025 0.567868 0.348770 0.023374
3 0.742388 0.589113 0.348770 0.023374
3 0.741750 0.610358 0.348770 0.023374
3 0.638222 0.629865 0.142989 0.019900
0 0.731362 0.567671 0.411064 0.156825
1 0.570143 0.662475 0.083875 0.020152
2 0.635127 0.663572 0.033887 0.019308
3 0.789236 0.666798 0.253794 0.021771
3 0.739444 0.687213 0.348770 0.023374
3 0.738807 0.708458 0.348770 0.023374
3 0.738169 0.729702 0.348770 0.023374
3 0.737532 0.750947 0.348770 0.023374
3 0.570686 0.769386 0.016354 0.017763
0 0.726824 0.718883 0.410426 0.135580
1 0.566112 0.796816 0.083875 0.020152
2 0.640676 0.798074 0.053049 0.019631
3 0.796452 0.801329 0.237965 0.021504
3 0.605862 0.819367 0.089669 0.019000
0 0.724068 0.810735 0.407876 0.050602
1 0.554160 0.847877 0.063047 0.019800
2 0.627475 0.849115 0.071378 0.019941
3 0.744927 0.851722 0.142989 0.019900
0 0.722849 0.851350 0.407239 0.029357
1 0.553185 0.880369 0.063047 0.019800
2 0.628166 0.881634 0.074710 0.019997
3 0.794772 0.885072 0.237965 0.021504
3 0.724985 0.905149 0.332941 0.023107
0 0.721555 0.894464 0.407876 0.050602
