1 0.079450 0.088938 0.042027 0.019204
2 0.141944 0.088253 0.070358 0.019515
3 0.322353 0.086902 0.269479 0.020447
0 0.258610 0.087600 0.407061 0.026952
1 0.080047 0.119560 0.042027 0.019204
2 0.147539 0.118820 0.080357 0.019624
3 0.285454 0.117934 0.174489 0.019406
0 0.259206 0.118222 0.407061 0.026952
1 0.091083 0.151317 0.062858 0.019433
2 0.172324 0.150427 0.087023 0.019697
3 0.321487 0.149418 0.190321 0.019579
0 0.259827 0.150093 0.407061 0.026952
1 0.102192 0.186824 0.083690 0.019661
2 0.195099 0.185806 0.089522 0.019725
0 0.260521 0.185715 0.407061 0.026952
1 0.092312 0.214435 0.062858 0.019433
2 0.165638 0.213632 0.071191 0.019524
3 0.283137 0.212970 0.142826 0.019059
0 0.261056 0.213212 0.407061 0.026952
1 0.103336 0.245568 0.083690 0.019661
2 0.172912 0.244806 0.042861 0.019214
0 0.261665 0.244458 0.407061 0.026952
1 0.104030 0.281189 0.083690 0.019661
2 0.178605 0.280372 0.052860 0.019323
3 0.334434 0.279290 0.237815 0.020100
3 0.226943 0.301720 0.253647 0.020273
0 0.262566 0.290704 0.407475 0.048200
1 0.104992 0.330559 0.083690 0.019661
2 0.194149 0.329582 0.082023 0.019643
3 0.348728 0.328514 0.206152 0.019753
3 0.280399 0.350515 0.358636 0.021423
3 0.275813 0.371817 0.348637 0.021314
3 0.276227 0.393065 0.348637 0.021314
3 0.276641 0.414313 0.348637 0.021314
3 0.277055 0.435560 0.348637 0.021314
3 0.174563 0.457935 0.142826 0.019059
0 0.264562 0.393193 0.409544 0.154439
1 0.087240 0.488895 0.042027 0.019204
2 0.149733 0.488211 0.070358 0.019515
3 0.330143 0.486859 0.269479 0.020447
3 0.278479 0.508677 0.348637 0.021314
3 0.278892 0.529925 0.348637 0.021314
3 0.279306 0.551173 0.348637 0.021314
3 0.279720 0.572421 0.348637 0.021314
3 0.145565 0.595143 0.079499 0.018365
0 0.267434 0.540677 0.409131 0.133191
1 0.089844 0.622631 0.042027 0.019204
2 0.155254 0.621914 0.076190 0.019579
3 0.330664 0.620618 0.253647 0.020273
3 0.199009 0.643312 0.184488 0.019515
0 0.269211 0.631917 0.407475 0.048200
1 0.090891 0.676375 0.042027 0.019204
2 0.144635 0.675786 0.052860 0.019323
3 0.321295 0.674476 0.279478 0.020556
3 0.226719 0.696764 0.237815 0.020100
0 0.270258 0.685661 0.407475 0.048200
1 0.091986 0.732619 0.042027 0.019204
2 0.152397 0.731957 0.066191 0.019469
3 0.330723 0.730629 0.269479 0.020447
3 0.188235 0.753442 0.158657 0.019232
0 0.271353 0.741905 0.407475 0.048200
1 0.103412 0.784375 0.062858 0.019433
2 0.170072 0.783644 0.057859 0.019378
3 0.336316 0.782448 0.253647 0.020273
3 0.165498 0.805572 0.111162 0.018712
0 0.272363 0.793775 0.407475 0.048200
1 0.099815 0.835044 0.053693 0.019332
2 0.154809 0.834442 0.043694 0.019223
3 0.329803 0.833150 0.285310 0.020620
3 0.206063 0.855758 0.190321 0.019579
0 0.273349 0.844394 0.407475 0.048200
1 0.094980 0.886353 0.042027 0.019204
2 0.159140 0.885650 0.073691 0.019551
0 0.274140 0.885015 0.407061 0.026952
1 0.546067 0.083826 0.042027 0.019204
2 0.601895 0.083214 0.057026 0.019369
3 0.775638 0.081936 0.269479 0.020447
3 0.697727 0.104042 0.269479 0.020447
0 0.725434 0.093112 0.407475 0.048200
1 0.557542 0.138081 0.062858 0.019433
2 0.626284 0.137328 0.062025 0.019423
3 0.794612 0.136109 0.253647 0.020273
3 0.738365 0.157978 0.348637 0.021314
3 0.738779 0.179225 0.348637 0.021314
3 0.739193 0.200473 0.348637 0.021314
3 0.612953 0.223108 0.095331 0.018539
0 0.727113 0.179353 0.408717 0.111943
1 0.549305 0.250058 0.042027 0.019204
2 0.602632 0.249474 0.052026 0.019314
3 0.781792 0.248136 0.285310 0.020620
3 0.740544 0.269841 0.348637 0.021314
3 0.740957 0.291088 0.348637 0.021314
3 0.741371 0.312336 0.348637 0.021314
3 0.741785 0.333584 0.348637 0.021314
3 0.723451 0.355037 0.311141 0.020903
0 0.729499 0.301840 0.409131 0.133191
1 0.572740 0.383566 0.083690 0.019661
2 0.663564 0.382571 0.085356 0.019679
3 0.796062 0.381744 0.158657 0.019232
0 0.731069 0.382456 0.407061 0.026952
1 0.562921 0.414302 0.062858 0.019433
2 0.647912 0.413371 0.094522 0.019779
3 0.816656 0.412147 0.221984 0.019926
3 0.743745 0.434198 0.348637 0.021314
3 0.744158 0.455446 0.348637 0.021314
3 0.744572 0.476694 0.348637 0.021314
3 0.634165 0.499155 0.126994 0.018886
0 0.732493 0.455574 0.408717 0.111943
1 0.565136 0.528039 0.062858 0.019433
2 0.620964 0.527428 0.036195 0.019141
3 0.784292 0.526264 0.269479 0.020447
3 0.635138 0.549150 0.126994 0.018886
0 0.734087 0.537440 0.407475 0.048200
1 0.576501 0.576670 0.083690 0.019661
2 0.654410 0.575817 0.059525 0.019396
0 0.734830 0.575561 0.407061 0.026952
1 0.577183 0.611666 0.083690 0.019661
2 0.659674 0.610763 0.068691 0.019497
3 0.768008 0.610201 0.126994 0.018886
0 0.735511 0.610557 0.407061 0.026952
1 0.577755 0.641038 0.083690 0.019661
2 0.664829 0.640084 0.077857 0.019597
3 0.825241 0.638952 0.221984 0.019926
3 0.748163 0.661049 0.348637 0.021314
3 0.748576 0.682297 0.348637 0.021314
3 0.709411 0.703978 0.269479 0.020447
0 0.736704 0.671800 0.408303 0.090695
1 0.569214 0.737392 0.062858 0.019433
2 0.636706 0.736653 0.059525 0.019396
3 0.724626 0.736315 0.095331 0.018539
0 0.737958 0.736169 0.407061 0.026952
1 0.580213 0.767275 0.083690 0.019661
2 0.672703 0.766262 0.088689 0.019716
0 0.738542 0.766165 0.407061 0.026952
1 0.559906 0.794375 0.042027 0.019204
2 0.622816 0.793686 0.071191 0.019524
0 0.739065 0.793038 0.407061 0.026952
1 0.570966 0.827383 0.062858 0.019433
2 0.652208 0.826493 0.087023 0.019697
3 0.817202 0.825310 0.221984 0.019926
3 0.601389 0.848927 0.047836 0.018018
0 0.739917 0.836783 0.407475 0.048200
1 0.582392 0.879138 0.083690 0.019661
2 0.659467 0.878294 0.057859 0.019378
3 0.817796 0.877184 0.237815 0.020100
3 0.752800 0.899148 0.348637 0.021314
3 0.729466 0.920656 0.301142 0.020793
0 0.741134 0.899276 0.407889 0.069448
