1 0.148333 0.085938 0.061667 0.021875
0 0.266667 0.132812 0.400000 0.115625
1 0.215833 0.212812 0.150000 0.021875
0 0.266667 0.212812 0.400000 0.021875
1 0.238750 0.241563 0.149167 0.021875
0 0.266667 0.250937 0.400000 0.040625
1 0.192500 0.294063 0.056667 0.021875
0 0.266667 0.303438 0.400000 0.040625
1 0.185000 0.342813 0.135000 0.021875
0 0.266667 0.352187 0.400000 0.040625
1 0.154583 0.390313 0.074167 0.021875
0 0.266667 0.399687 0.400000 0.040625
1 0.146667 0.440937 0.058333 0.021875
0 0.266667 0.440937 0.400000 0.021875
1 0.200833 0.469687 0.120000 0.021875
0 0.266667 0.497812 0.400000 0.078125
1 0.169167 0.556562 0.103333 0.021875
0 0.266667 0.594063 0.400000 0.096875
1 0.190833 0.663438 0.053333 0.021875
0 0.266667 0.700937 0.400000 0.096875
1 0.212917 0.769687 0.097500 0.021875
0 0.266667 0.825937 0.400000 0.134375
1 0.156250 0.912188 0.077500 0.021875
0 0.266667 0.968437 0.400000 0.134375
1 0.658750 0.085938 0.102500 0.021875
0 0.733333 0.095312 0.400000 0.040625
1 0.645833 0.137813 0.123333 0.021875
0 0.733333 0.137813 0.400000 0.021875
1 0.638750 0.171563 0.062500 0.021875
0 0.733333 0.180938 0.400000 0.040625
1 0.681667 0.222188 0.148333 0.021875
0 0.733333 0.231563 0.400000 0.040625
1 0.646667 0.271562 0.078333 0.021875
0 0.733333 0.271562 0.400000 0.021875
1 0.682500 0.301563 0.103333 0.021875
0 0.733333 0.310937 0.400000 0.040625
1 0.673750 0.351562 0.085833 0.021875
0 0.733333 0.351562 0.400000 0.021875
1 0.642083 0.383437 0.069167 0.021875
0 0.733333 0.420938 0.400000 0.096875
1 0.681667 0.490938 0.101667 0.021875
0 0.733333 0.537813 0.400000 0.115625
1 0.644167 0.617188 0.120000 0.021875
0 0.733333 0.626563 0.400000 0.040625
1 0.622917 0.664062 0.077500 0.021875
0 0.733333 0.664062 0.400000 0.021875
1 0.643750 0.697187 0.119167 0.021875
0 0.733333 0.706562 0.400000 0.040625
1 0.619167 0.749062 0.070000 0.021875
0 0.733333 0.758437 0.400000 0.040625
1 0.611250 0.801562 0.054167 0.021875
0 0.733333 0.829688 0.400000 0.078125
1 0.692917 0.888437 0.124167 0.021875
0 0.733333 0.888437 0.400000 0.021875
1 0.698333 0.916562 0.135000 0.021875
0 0.733333 0.916562 0.400000 0.021875
