3 0.492142 0.033279 0.984283 0.044245
0 0.083824 0.092253 0.063121 0.019947
1 0.171295 0.090569 0.099776 0.020653
2 0.334596 0.088049 0.206364 0.021457
2 0.162047 0.112629 0.143052 0.020238
0 0.075079 0.141188 0.042295 0.019546
1 0.139224 0.139952 0.073951 0.020156
2 0.313355 0.137224 0.253849 0.022372
2 0.266598 0.159381 0.348818 0.024201
2 0.259411 0.180777 0.332989 0.023896
0 0.087909 0.211589 0.063121 0.019947
1 0.152888 0.210337 0.054791 0.019787
2 0.317438 0.207794 0.253849 0.022372
2 0.269015 0.229983 0.348818 0.024201
2 0.269743 0.251226 0.348818 0.024201
2 0.207158 0.273688 0.222193 0.021762
0 0.101660 0.308856 0.083948 0.020348
1 0.186632 0.307220 0.073951 0.020156
2 0.344934 0.304796 0.222193 0.021762
2 0.272352 0.327451 0.348818 0.024201
2 0.273080 0.348694 0.348818 0.024201
2 0.273807 0.369937 0.348818 0.024201
2 0.274534 0.391180 0.348818 0.024201
2 0.275262 0.412423 0.348818 0.024201
2 0.188934 0.435343 0.174708 0.020847
0 0.107222 0.471303 0.083948 0.020348
1 0.194693 0.469618 0.078949 0.020252
2 0.347581 0.467299 0.206364 0.021457
2 0.135461 0.492641 0.063911 0.018714
0 0.088064 0.520438 0.042295 0.019546
1 0.155958 0.519130 0.081448 0.020300
2 0.333837 0.516329 0.253849 0.022372
2 0.160872 0.540918 0.111396 0.019628
0 0.100210 0.570845 0.063121 0.019947
1 0.177268 0.569361 0.078949 0.020252
0 0.101322 0.603335 0.063121 0.019947
1 0.179630 0.601827 0.081448 0.020300
2 0.349595 0.599178 0.238021 0.022067
2 0.282428 0.621729 0.348818 0.024201
2 0.283155 0.642972 0.348818 0.024201
2 0.117688 0.667416 0.016427 0.017799
0 0.094246 0.701003 0.042295 0.019546
1 0.154643 0.699840 0.066453 0.020011
2 0.332939 0.697031 0.269677 0.022676
2 0.198711 0.720873 0.174708 0.020847
0 0.116891 0.753710 0.083948 0.020348
1 0.204362 0.752025 0.078949 0.020252
2 0.357250 0.749706 0.206364 0.021457
2 0.137216 0.775200 0.048083 0.018409
0 0.098011 0.810967 0.042295 0.019546
1 0.157991 0.809812 0.065620 0.019995
0 0.119736 0.836807 0.083948 0.020348
1 0.204291 0.835179 0.073118 0.020140
2 0.362177 0.832763 0.222193 0.021762
2 0.155890 0.857993 0.079740 0.019018
0 0.111205 0.891990 0.063121 0.019947
1 0.184931 0.890570 0.072285 0.020124
2 0.355313 0.887913 0.248017 0.022259
2 0.292311 0.910384 0.348818 0.024201
2 0.298037 0.931531 0.358814 0.024393
2 0.285852 0.953022 0.332989 0.023896
0 0.550336 0.083269 0.063121 0.019947
1 0.621979 0.081889 0.068120 0.020043
2 0.785280 0.079369 0.238021 0.022067
2 0.731442 0.101663 0.348818 0.024201
2 0.732170 0.122906 0.348818 0.024201
2 0.732897 0.144149 0.348818 0.024201
2 0.670312 0.166611 0.222193 0.021762
0 0.554465 0.203854 0.063121 0.019947
1 0.631940 0.202362 0.079782 0.020268
2 0.801072 0.199730 0.238021 0.022067
2 0.735571 0.222248 0.348818 0.024201
2 0.736298 0.243491 0.348818 0.024201
2 0.705369 0.265344 0.285505 0.022981
0 0.547368 0.300897 0.042295 0.019546
1 0.615678 0.299582 0.082282 0.020316
2 0.793974 0.296773 0.253849 0.022372
2 0.643918 0.320920 0.158880 0.020543
0 0.549143 0.352755 0.042295 0.019546
1 0.602875 0.351721 0.053124 0.019755
2 0.779505 0.348944 0.279674 0.022869
2 0.598209 0.373693 0.063911 0.018714
0 0.550919 0.404613 0.042295 0.019546
1 0.618813 0.403306 0.081448 0.020300
2 0.796692 0.400505 0.253849 0.022372
2 0.599985 0.425550 0.063911 0.018714
0 0.573456 0.454196 0.083948 0.020348
1 0.648848 0.452744 0.054791 0.019787
0 0.564134 0.486261 0.063121 0.019947
1 0.639109 0.484817 0.074784 0.020172
2 0.805743 0.482233 0.238021 0.022067
2 0.745240 0.504655 0.348818 0.024201
2 0.745967 0.525898 0.348818 0.024201
2 0.746695 0.547141 0.348818 0.024201
2 0.747422 0.568384 0.348818 0.024201
2 0.748149 0.589627 0.348818 0.024201
2 0.693478 0.611937 0.238021 0.022067
0 0.559005 0.640785 0.042295 0.019546
1 0.620235 0.639606 0.068120 0.020043
2 0.736051 0.638001 0.143052 0.020238
0 0.560074 0.672025 0.042295 0.019546
1 0.617139 0.670926 0.059789 0.019883
2 0.792103 0.668182 0.269677 0.022676
2 0.751594 0.690219 0.348818 0.024201
2 0.586126 0.714663 0.016427 0.017799
0 0.568516 0.748138 0.053958 0.019771
1 0.639742 0.746766 0.076450 0.020204
2 0.815122 0.744013 0.253849 0.022372
2 0.754203 0.766444 0.348818 0.024201
2 0.754931 0.787687 0.348818 0.024201
2 0.755658 0.808930 0.348818 0.024201
2 0.637674 0.832459 0.111396 0.019628
0 0.576927 0.859888 0.063121 0.019947
1 0.656067 0.858363 0.083115 0.020332
2 0.826866 0.855699 0.238021 0.022067
2 0.686806 0.879654 0.206364 0.021457
