3 0.489842 0.036507 0.979683 0.049966
0 0.079682 0.094650 0.063298 0.020301
1 0.160471 0.092630 0.086618 0.020884
2 0.324991 0.089144 0.222321 0.023027
2 0.260970 0.112006 0.348917 0.026192
2 0.261914 0.133244 0.348917 0.026192
2 0.262858 0.154482 0.348917 0.026192
2 0.263802 0.175720 0.348917 0.026192
2 0.169798 0.199332 0.159023 0.021445
0 0.075461 0.234207 0.042476 0.019780
1 0.150003 0.232344 0.094947 0.021092
2 0.326599 0.228556 0.238145 0.023423
2 0.188037 0.253281 0.190672 0.022236
0 0.088231 0.287043 0.063298 0.020301
1 0.154028 0.285398 0.056635 0.020134
2 0.319381 0.281891 0.253970 0.023818
2 0.269519 0.304399 0.348917 0.026192
2 0.270463 0.325637 0.348917 0.026192
2 0.276404 0.346750 0.358912 0.026441
2 0.122017 0.371871 0.048251 0.018677
0 0.093588 0.407601 0.063298 0.020301
1 0.153138 0.406112 0.044142 0.019822
2 0.317241 0.402636 0.263964 0.024068
2 0.108718 0.429110 0.016602 0.017886
0 0.096086 0.463820 0.063298 0.020301
1 0.170628 0.461957 0.074125 0.020571
2 0.305164 0.459219 0.174847 0.021841
0 0.097612 0.498176 0.063298 0.020301
1 0.160494 0.496604 0.050805 0.019989
0 0.109189 0.524151 0.084120 0.020821
1 0.194142 0.522027 0.074125 0.020571
2 0.352415 0.518697 0.222321 0.023027
2 0.280066 0.541767 0.348917 0.026192
2 0.281010 0.563005 0.348917 0.026192
2 0.281953 0.584243 0.348917 0.026192
2 0.282897 0.605482 0.348917 0.026192
2 0.228455 0.628104 0.238145 0.023423
0 0.115489 0.665947 0.084120 0.020821
1 0.190864 0.664063 0.054969 0.020093
2 0.331647 0.661170 0.206496 0.022632
0 0.096222 0.701448 0.042476 0.019780
1 0.150359 0.700095 0.054136 0.020072
2 0.330286 0.696223 0.285619 0.024610
2 0.287921 0.718544 0.348917 0.026192
2 0.293862 0.739657 0.358912 0.026441
2 0.289808 0.761020 0.348917 0.026192
2 0.172068 0.785225 0.111549 0.020259
0 0.111795 0.817373 0.063298 0.020301
1 0.197165 0.815240 0.095780 0.021113
2 0.318792 0.812825 0.127374 0.020654
0 0.113072 0.846107 0.063298 0.020301
1 0.191778 0.844140 0.082454 0.020780
2 0.362128 0.840508 0.238145 0.023423
2 0.262711 0.864255 0.285619 0.024610
0 0.105076 0.900712 0.042476 0.019780
1 0.152966 0.899515 0.041643 0.019760
2 0.294998 0.896591 0.222321 0.023027
0 0.546090 0.082992 0.063298 0.020301
1 0.625213 0.081015 0.083287 0.020800
2 0.795979 0.077372 0.238145 0.023423
2 0.727378 0.100348 0.348917 0.026192
2 0.733319 0.121462 0.358912 0.026441
2 0.729266 0.142825 0.348917 0.026192
2 0.706472 0.164656 0.301444 0.025005
0 0.551114 0.196055 0.063298 0.020301
1 0.621908 0.194285 0.066629 0.020384
0 0.562913 0.227027 0.084120 0.020821
1 0.648698 0.224883 0.075791 0.020613
0 0.543451 0.258155 0.042476 0.019780
1 0.590092 0.256990 0.039145 0.019697
0 0.555027 0.284131 0.063298 0.020301
1 0.622906 0.282434 0.060799 0.020238
2 0.766604 0.279468 0.206496 0.022632
0 0.556415 0.315363 0.063298 0.020301
1 0.614716 0.313906 0.041643 0.019760
2 0.780485 0.310388 0.269794 0.024214
2 0.642756 0.335092 0.159023 0.021445
0 0.569241 0.369448 0.084120 0.020821
1 0.644616 0.367564 0.054969 0.020093
2 0.730013 0.366055 0.095724 0.019863
0 0.570823 0.405053 0.084120 0.020821
1 0.646614 0.403159 0.055802 0.020113
2 0.803638 0.399860 0.238145 0.023423
2 0.741700 0.422669 0.348917 0.026192
2 0.747641 0.443783 0.358912 0.026441
2 0.743587 0.465146 0.348917 0.026192
2 0.744531 0.486384 0.348917 0.026192
2 0.745475 0.507622 0.348917 0.026192
2 0.627734 0.531827 0.111549 0.020259
0 0.577678 0.559343 0.084120 0.020821
1 0.656385 0.557375 0.061632 0.020259
2 0.776762 0.554992 0.159023 0.021445
0 0.568517 0.587712 0.063298 0.020301
1 0.653886 0.585578 0.095780 0.021113
2 0.822986 0.581977 0.222321 0.023027
2 0.749805 0.605068 0.348917 0.026192
2 0.750748 0.626306 0.348917 0.026192
2 0.751692 0.647545 0.348917 0.026192
2 0.633951 0.671749 0.111549 0.020259
0 0.584229 0.706761 0.084120 0.020821
1 0.665850 0.704721 0.067462 0.020405
0 0.564795 0.738514 0.042476 0.019780
1 0.627676 0.736942 0.071627 0.020509
2 0.753051 0.734434 0.159023 0.021445
0 0.566266 0.771620 0.042476 0.019780
1 0.635810 0.769882 0.084953 0.020842
2 0.775760 0.767010 0.174847 0.021841
0 0.578203 0.805716 0.063298 0.020301
1 0.652329 0.803863 0.073292 0.020551
2 0.818098 0.800346 0.238145 0.023423
2 0.704105 0.824457 0.238145 0.023423
0 0.580424 0.855688 0.063298 0.020301
1 0.661212 0.853669 0.086618 0.020884
2 0.825732 0.850183 0.222321 0.023027
2 0.737975 0.873638 0.301444 0.025005
