3 0.504867 0.036310 0.990266 0.037050
0 0.117290 0.079708 0.083724 0.019752
1 0.190197 0.080587 0.049562 0.019340
0 0.095843 0.108203 0.042063 0.019250
1 0.166667 0.109057 0.087057 0.019792
2 0.347464 0.111861 0.253676 0.020551
2 0.291182 0.132436 0.358662 0.021817
2 0.290727 0.153683 0.358662 0.021817
0 0.104625 0.184569 0.062894 0.019501
1 0.184614 0.185533 0.084558 0.019762
2 0.353329 0.188192 0.232012 0.020290
2 0.289549 0.208676 0.358662 0.021817
2 0.284094 0.229863 0.348663 0.021696
2 0.236145 0.250538 0.253676 0.020551
0 0.102589 0.279557 0.062894 0.019501
1 0.170080 0.280370 0.059561 0.019461
0 0.101893 0.312052 0.062894 0.019501
1 0.176466 0.312951 0.073726 0.019631
2 0.311019 0.315198 0.174519 0.019597
0 0.111544 0.347798 0.083724 0.019752
1 0.196117 0.348818 0.072892 0.019621
2 0.354000 0.351346 0.222013 0.020169
2 0.209813 0.370861 0.206182 0.019979
0 0.110393 0.401541 0.083724 0.019752
1 0.180384 0.402385 0.043730 0.019270
2 0.339516 0.404928 0.253676 0.020551
2 0.279902 0.425463 0.348663 0.021696
2 0.279447 0.446710 0.348663 0.021696
2 0.278991 0.467957 0.348663 0.021696
2 0.278536 0.489204 0.348663 0.021696
2 0.127683 0.508639 0.047869 0.018070
0 0.096951 0.542648 0.062894 0.019501
1 0.167358 0.543496 0.065393 0.019531
2 0.337323 0.546170 0.253676 0.020551
2 0.229382 0.566122 0.253676 0.020551
0 0.085491 0.591266 0.042063 0.019250
1 0.165897 0.592235 0.106221 0.020023
2 0.340445 0.594964 0.222013 0.020169
2 0.280830 0.615498 0.358662 0.021817
2 0.275375 0.636685 0.348663 0.021696
2 0.274920 0.657932 0.348663 0.021696
2 0.274465 0.679180 0.348663 0.021696
2 0.179022 0.699282 0.158688 0.019406
0 0.103348 0.730249 0.083724 0.019752
1 0.196670 0.731374 0.090390 0.019832
2 0.347470 0.733817 0.190350 0.019788
0 0.102786 0.756495 0.083724 0.019752
1 0.190691 0.757555 0.079558 0.019702
0 0.081232 0.789990 0.042063 0.019250
1 0.145390 0.790763 0.073726 0.019631
2 0.319521 0.793488 0.253676 0.020551
2 0.200331 0.813304 0.206182 0.019979
0 0.101032 0.838360 0.083724 0.019752
1 0.195186 0.839495 0.092057 0.019852
2 0.354735 0.842043 0.206182 0.019979
2 0.270541 0.862281 0.348663 0.021696
2 0.275085 0.883589 0.358662 0.021817
2 0.269630 0.904776 0.348663 0.021696
2 0.274174 0.926083 0.358662 0.021817
2 0.268720 0.947270 0.348663 0.021696
2 0.268264 0.968517 0.348663 0.021696
2 0.117412 0.987952 0.047869 0.018070
0 0.563066 0.085082 0.042063 0.019250
1 0.610976 0.085659 0.041230 0.019240
2 0.784690 0.088378 0.285338 0.020933
2 0.587177 0.107250 0.016206 0.017689
0 0.582691 0.141575 0.083724 0.019752
1 0.669346 0.142620 0.077059 0.019672
2 0.829312 0.145173 0.222013 0.020169
2 0.673044 0.164542 0.190350 0.019788
0 0.581633 0.190944 0.083724 0.019752
1 0.672454 0.192039 0.085391 0.019772
2 0.825755 0.194512 0.200349 0.019908
2 0.751142 0.214865 0.348663 0.021696
2 0.750687 0.236112 0.348663 0.021696
2 0.750232 0.257360 0.348663 0.021696
2 0.749776 0.278607 0.348663 0.021696
2 0.749321 0.299854 0.348663 0.021696
2 0.727202 0.320840 0.305336 0.021174
0 0.557494 0.345048 0.042063 0.019250
1 0.605405 0.345626 0.041230 0.019240
2 0.779119 0.348345 0.285338 0.020933
2 0.752834 0.369281 0.358662 0.021817
2 0.747379 0.390468 0.348663 0.021696
2 0.746924 0.411715 0.348663 0.021696
2 0.659396 0.431912 0.174519 0.019597
0 0.571358 0.456479 0.074559 0.019642
1 0.638433 0.457288 0.047062 0.019310
2 0.799232 0.459851 0.253676 0.020551
0 0.575365 0.483406 0.083724 0.019752
1 0.670770 0.484556 0.094556 0.019883
2 0.823653 0.487024 0.190350 0.019788
2 0.649887 0.506182 0.158688 0.019406
0 0.563758 0.538899 0.062894 0.019501
1 0.641665 0.539838 0.080391 0.019712
2 0.811213 0.542507 0.237844 0.020360
2 0.745766 0.562970 0.352829 0.021746
2 0.748227 0.584253 0.358662 0.021817
2 0.744855 0.605465 0.352829 0.021746
2 0.742317 0.626687 0.348663 0.021696
2 0.741861 0.647934 0.348663 0.021696
2 0.741406 0.669182 0.348663 0.021696
2 0.590553 0.688616 0.047869 0.018070
0 0.570343 0.717751 0.083724 0.019752
1 0.653249 0.718750 0.069560 0.019581
2 0.809466 0.721259 0.222013 0.020169
2 0.681527 0.740969 0.232012 0.020290
0 0.548401 0.769368 0.042063 0.019250
1 0.610893 0.770121 0.070393 0.019591
2 0.751695 0.772444 0.190350 0.019788
0 0.547758 0.799364 0.042063 0.019250
1 0.609000 0.800103 0.067893 0.019561
2 0.788130 0.802887 0.269507 0.020742
2 0.738098 0.823537 0.348663 0.021696
2 0.737643 0.844784 0.348663 0.021696
2 0.737187 0.866031 0.348663 0.021696
2 0.689238 0.886706 0.253676 0.020551
