1 0.090503 0.082708 0.041801 0.018919
2 0.146335 0.082934 0.056801 0.018980
3 0.320078 0.084264 0.269289 0.018591
3 0.281176 0.105357 0.348454 0.018913
3 0.281022 0.126606 0.348454 0.018913
3 0.280869 0.147856 0.348454 0.018913
3 0.256966 0.169009 0.300955 0.018720
0 0.269356 0.126559 0.407436 0.109148
1 0.110534 0.194041 0.083467 0.019088
2 0.181783 0.194330 0.045968 0.018936
3 0.278860 0.195349 0.126791 0.018013
0 0.268860 0.195308 0.406823 0.024149
1 0.110290 0.227790 0.083467 0.019088
2 0.195289 0.228135 0.073467 0.019047
0 0.268617 0.229058 0.406823 0.024149
1 0.089228 0.259580 0.041801 0.018919
2 0.144643 0.259805 0.055968 0.018976
3 0.325886 0.261165 0.285122 0.018656
3 0.184902 0.281844 0.158457 0.018142
0 0.268310 0.271557 0.406976 0.045399
1 0.099243 0.315247 0.062634 0.019003
2 0.182158 0.315583 0.090134 0.019115
3 0.301319 0.316691 0.126791 0.018013
0 0.267986 0.316556 0.406823 0.024149
1 0.109434 0.346539 0.083467 0.019088
2 0.194433 0.346883 0.073467 0.019047
3 0.321093 0.348022 0.158457 0.018142
0 0.267761 0.347806 0.406823 0.024149
1 0.109195 0.379663 0.083467 0.019088
2 0.192527 0.380001 0.070134 0.019034
3 0.349187 0.381262 0.221790 0.018399
3 0.279035 0.402227 0.348454 0.018913
3 0.278882 0.423477 0.348454 0.018913
3 0.280812 0.444735 0.352621 0.018929
3 0.199410 0.465655 0.190123 0.018270
0 0.267215 0.423430 0.407436 0.109148
1 0.108344 0.497786 0.083467 0.019088
2 0.180426 0.498079 0.047635 0.018942
0 0.266670 0.499054 0.406823 0.024149
1 0.087272 0.530826 0.041801 0.018919
2 0.164771 0.531141 0.100134 0.019155
3 0.304764 0.532334 0.158457 0.018142
0 0.266431 0.532178 0.406823 0.024149
1 0.087028 0.564576 0.041801 0.018919
2 0.150777 0.564835 0.072634 0.019044
3 0.324520 0.566164 0.253456 0.018527
3 0.206452 0.586936 0.205957 0.018335
0 0.266111 0.576552 0.406976 0.045399
1 0.107505 0.614035 0.083467 0.019088
2 0.176254 0.614314 0.040968 0.018915
3 0.323331 0.615535 0.231789 0.018439
0 0.265832 0.615302 0.406823 0.024149
1 0.096832 0.649617 0.062634 0.019003
2 0.165164 0.649894 0.060968 0.018996
0 0.265575 0.650926 0.406823 0.024149
1 0.096643 0.675867 0.062634 0.019003
2 0.173725 0.676179 0.078467 0.019067
3 0.342468 0.677489 0.237623 0.018463
0 0.265386 0.677176 0.406823 0.024149
1 0.085983 0.709574 0.041801 0.018919
2 0.158898 0.709870 0.090967 0.019118
3 0.333891 0.711204 0.237623 0.018463
3 0.276656 0.732223 0.348454 0.018913
3 0.276502 0.753472 0.348454 0.018913
3 0.276349 0.774722 0.348454 0.018913
3 0.276196 0.795972 0.348454 0.018913
3 0.212710 0.816964 0.221790 0.018399
0 0.264759 0.764050 0.407589 0.130398
1 0.095435 0.843364 0.062634 0.019003
2 0.177934 0.843699 0.089301 0.019111
0 0.264178 0.844674 0.406823 0.024149
1 0.095219 0.873364 0.062634 0.019003
2 0.166468 0.873653 0.066801 0.019020
3 0.305628 0.874842 0.190123 0.018270
0 0.263962 0.874673 0.406823 0.024149
1 0.567579 0.084643 0.062634 0.019003
2 0.640078 0.084937 0.069301 0.019030
3 0.788405 0.086164 0.205957 0.018335
0 0.736322 0.085952 0.406823 0.024149
1 0.567336 0.118393 0.062634 0.019003
2 0.632335 0.118656 0.054301 0.018969
3 0.796911 0.119949 0.253456 0.018527
0 0.736079 0.119702 0.406823 0.024149
1 0.556663 0.153975 0.041801 0.018919
2 0.615412 0.154213 0.062634 0.019003
3 0.789155 0.155543 0.263456 0.018568
3 0.747335 0.176623 0.348454 0.018913
3 0.747182 0.197873 0.348454 0.018913
3 0.649114 0.218726 0.152624 0.018118
0 0.735592 0.187201 0.407283 0.087898
1 0.566367 0.252766 0.062634 0.019003
2 0.629699 0.253022 0.050968 0.018956
3 0.800526 0.254340 0.269289 0.018591
3 0.707041 0.275211 0.269289 0.018591
0 0.735033 0.264700 0.406976 0.045399
1 0.565957 0.309640 0.062634 0.019003
2 0.640122 0.309941 0.072634 0.019044
3 0.805949 0.311238 0.237623 0.018463
3 0.603715 0.331668 0.063459 0.017757
0 0.734623 0.321574 0.406976 0.045399
1 0.576013 0.359681 0.083467 0.019088
2 0.669345 0.360060 0.090134 0.019115
3 0.828088 0.361329 0.205957 0.018335
3 0.682520 0.381989 0.221790 0.018399
0 0.734263 0.371573 0.406976 0.045399
1 0.575616 0.414680 0.083467 0.019088
2 0.643949 0.414958 0.040135 0.018912
3 0.801442 0.416221 0.253456 0.018527
3 0.595042 0.436635 0.047625 0.017692
0 0.733866 0.426572 0.406976 0.045399
1 0.554436 0.462720 0.041801 0.018919
2 0.600686 0.462908 0.037635 0.018902
3 0.777762 0.464251 0.295122 0.018696
3 0.745109 0.485369 0.348454 0.018913
3 0.744956 0.506619 0.348454 0.018913
3 0.744803 0.527868 0.348454 0.018913
3 0.689234 0.548893 0.237623 0.018463
0 0.733289 0.506571 0.407436 0.109148
1 0.564033 0.576511 0.062634 0.019003
2 0.626532 0.576764 0.049301 0.018949
3 0.709443 0.577726 0.095125 0.017885
0 0.732776 0.577820 0.406823 0.024149
1 0.563794 0.609635 0.062634 0.019003
2 0.646709 0.609972 0.090134 0.019115
3 0.810452 0.611261 0.215956 0.018375
3 0.749050 0.632262 0.358454 0.018953
3 0.743897 0.653491 0.348454 0.018913
3 0.743744 0.674741 0.348454 0.018913
3 0.711924 0.695862 0.285122 0.018656
0 0.732230 0.653444 0.407436 0.109148
1 0.573395 0.722801 0.083467 0.019088
2 0.660477 0.723154 0.077634 0.019064
3 0.820886 0.724430 0.221790 0.018399
3 0.592820 0.744755 0.047625 0.017692
0 0.731644 0.734693 0.406976 0.045399
1 0.568410 0.778407 0.074301 0.019051
2 0.633826 0.778672 0.043468 0.018925
3 0.792986 0.779942 0.253456 0.018527
3 0.742833 0.800989 0.348454 0.018913
3 0.747680 0.822259 0.358454 0.018953
3 0.742527 0.843489 0.348454 0.018913
3 0.747374 0.864759 0.358454 0.018953
3 0.742220 0.885988 0.348454 0.018913
3 0.742067 0.907238 0.348454 0.018913
3 0.741914 0.928487 0.348454 0.018913
3 0.591346 0.949127 0.047625 0.017692
0 0.730707 0.864691 0.408049 0.194147
