1 0.152083 0.085938 0.069167 0.021875
0 0.266667 0.114062 0.400000 0.078125
1 0.162500 0.176563 0.090000 0.021875
0 0.266667 0.185938 0.400000 0.040625
1 0.183750 0.227187 0.085833 0.021875
0 0.266667 0.264688 0.400000 0.096875
1 0.198333 0.336562 0.115000 0.021875
0 0.266667 0.345938 0.400000 0.040625
1 0.238333 0.384688 0.148333 0.021875
0 0.266667 0.422187 0.400000 0.096875
1 0.162500 0.493437 0.090000 0.021875
0 0.266667 0.549687 0.400000 0.134375
1 0.160000 0.640312 0.085000 0.021875
0 0.266667 0.640312 0.400000 0.021875
1 0.176667 0.669687 0.071667 0.021875
0 0.266667 0.669687 0.400000 0.021875
1 0.200417 0.701562 0.119167 0.021875
0 0.266667 0.701562 0.400000 0.021875
1 0.210833 0.733437 0.140000 0.021875
0 0.266667 0.742812 0.400000 0.040625
1 0.214167 0.785312 0.146667 0.021875
0 0.266667 0.785312 0.400000 0.021875
1 0.159583 0.813438 0.084167 0.021875
0 0.266667 0.813438 0.400000 0.021875
1 0.176667 0.845313 0.071667 0.021875
0 0.266667 0.845313 0.400000 0.021875
1 0.208333 0.878437 0.088333 0.021875
0 0.266667 0.897188 0.400000 0.059375
1 0.695833 0.085938 0.130000 0.021875
0 0.733333 0.095312 0.400000 0.040625
1 0.688333 0.135937 0.115000 0.021875
0 0.733333 0.145313 0.400000 0.040625
1 0.706250 0.186562 0.150833 0.021875
0 0.733333 0.186562 0.400000 0.021875
1 0.643333 0.220938 0.071667 0.021875
0 0.733333 0.249062 0.400000 0.078125
1 0.691667 0.309063 0.121667 0.021875
0 0.733333 0.337187 0.400000 0.078125
1 0.656250 0.396562 0.097500 0.021875
0 0.733333 0.396562 0.400000 0.021875
1 0.621667 0.430937 0.075000 0.021875
0 0.733333 0.440312 0.400000 0.040625
1 0.628333 0.479687 0.088333 0.021875
0 0.733333 0.479687 0.400000 0.021875
1 0.635000 0.512813 0.055000 0.021875
0 0.733333 0.522188 0.400000 0.040625
1 0.676667 0.564063 0.138333 0.021875
0 0.733333 0.573438 0.400000 0.040625
1 0.647917 0.612812 0.127500 0.021875
0 0.733333 0.650312 0.400000 0.096875
1 0.653333 0.720938 0.091667 0.021875
0 0.733333 0.730313 0.400000 0.040625
1 0.681250 0.772188 0.100833 0.021875
0 0.733333 0.772188 0.400000 0.021875
1 0.663333 0.803438 0.065000 0.021875
0 0.733333 0.812813 0.400000 0.040625
1 0.652500 0.851562 0.136667 0.021875
0 0.733333 0.907813 0.400000 0.134375
