0 0.26666666666666666 0.1325 0.4 0.115
0 0.26666666666666666 0.24125 0.4 0.0675
0 0.26666666666666666 0.338125 0.4 0.09125
0 0.26666666666666666 0.446875 0.4 0.09125
0 0.26666666666666666 0.531875 0.4 0.04375
0 0.26666666666666666 0.593125 0.4 0.04375
0 0.26666666666666666 0.678125 0.4 0.09125
0 0.26666666666666666 0.79875 0.4 0.115
0 0.26666666666666666 0.895625 0.4 0.04375
0 0.7333333333333333 0.1325 0.4 0.115
0 0.7333333333333333 0.229375 0.4 0.04375
0 0.7333333333333333 0.32625 0.4 0.115
0 0.7333333333333333 0.45875 0.4 0.115
0 0.7333333333333333 0.555625 0.4 0.04375
0 0.7333333333333333 0.616875 0.4 0.04375
0 0.7333333333333333 0.66625 0.4 0.02
0 0.7333333333333333 0.739375 0.4 0.09125
0 0.7333333333333333 0.8125 0.4 0.02
0 0.7333333333333333 0.8975 0.4 0.115
