1 0.078193 0.089663 0.042083 0.019275
2 0.141934 0.088855 0.072912 0.019666
0 0.257348 0.088017 0.407116 0.027651
1 0.099770 0.122519 0.083744 0.019804
2 0.166844 0.121669 0.037917 0.019223
3 0.323086 0.120313 0.253691 0.020709
3 0.111928 0.144243 0.032056 0.017899
0 0.258334 0.131761 0.407594 0.048898
1 0.090538 0.175144 0.062914 0.019540
2 0.150113 0.174388 0.043750 0.019297
3 0.317186 0.172895 0.269523 0.020909
3 0.113111 0.196736 0.032056 0.017899
0 0.259517 0.184253 0.407594 0.048898
1 0.081278 0.226518 0.042083 0.019275
2 0.134603 0.225842 0.052082 0.019402
3 0.313758 0.224196 0.285354 0.021110
3 0.274660 0.245945 0.352844 0.021966
3 0.278055 0.267155 0.358676 0.022039
3 0.215209 0.289205 0.232028 0.020434
0 0.261151 0.256743 0.408552 0.091392
1 0.104333 0.324990 0.083744 0.019804
2 0.190154 0.323902 0.075412 0.019698
3 0.349312 0.322510 0.222029 0.020307
3 0.227309 0.345309 0.253691 0.020709
0 0.262897 0.334232 0.407594 0.048898
1 0.095101 0.377615 0.062914 0.019540
2 0.164258 0.376738 0.062914 0.019540
3 0.332998 0.375224 0.253691 0.020709
3 0.273069 0.397237 0.342845 0.021839
0 0.264080 0.386724 0.407594 0.048898
1 0.085869 0.430239 0.042083 0.019275
2 0.141694 0.429532 0.057081 0.019466
0 0.265024 0.428593 0.407116 0.027651
1 0.086503 0.458360 0.042083 0.019275
2 0.133163 0.457769 0.038750 0.019233
0 0.265658 0.456714 0.407116 0.027651
1 0.107981 0.486842 0.083744 0.019804
2 0.188386 0.485823 0.064580 0.019561
0 0.266306 0.485460 0.407116 0.027651
1 0.108601 0.514338 0.083744 0.019804
2 0.192755 0.513271 0.072079 0.019656
3 0.350247 0.511900 0.222029 0.020307
0 0.266925 0.512956 0.407116 0.027651
1 0.098974 0.549465 0.062914 0.019540
2 0.190211 0.548309 0.107074 0.020099
3 0.357285 0.546816 0.206198 0.020106
3 0.229448 0.569689 0.247859 0.020635
0 0.267953 0.558575 0.407594 0.048898
1 0.110516 0.599326 0.083744 0.019804
2 0.201336 0.598175 0.085410 0.019825
3 0.325916 0.597220 0.142874 0.019304
0 0.268841 0.597944 0.407116 0.027651
1 0.111178 0.628697 0.083744 0.019804
2 0.179501 0.627831 0.040417 0.019254
3 0.336993 0.626459 0.253691 0.020709
3 0.281646 0.648414 0.348678 0.021913
3 0.282125 0.669661 0.348678 0.021913
3 0.282604 0.690908 0.348678 0.021913
3 0.283083 0.712155 0.348678 0.021913
3 0.283562 0.733402 0.348678 0.021913
3 0.284041 0.754649 0.348678 0.021913
3 0.134124 0.777802 0.047888 0.018100
0 0.271179 0.701679 0.410468 0.176380
1 0.094446 0.810810 0.042083 0.019275
2 0.143189 0.810192 0.042916 0.019286
3 0.317761 0.808604 0.285354 0.021110
3 0.290744 0.830200 0.358676 0.022039
3 0.286224 0.851510 0.348678 0.021913
3 0.286703 0.872757 0.348678 0.021913
0 0.274319 0.841034 0.408552 0.091392
1 0.540211 0.083806 0.032918 0.019159
2 0.586871 0.083214 0.047916 0.019349
3 0.684787 0.082598 0.127043 0.019103
0 0.723948 0.082102 0.407116 0.027651
1 0.566300 0.113479 0.083744 0.019804
2 0.639623 0.112550 0.050415 0.019381
3 0.786282 0.111316 0.222029 0.020307
0 0.724624 0.112097 0.407116 0.027651
1 0.556504 0.141108 0.062914 0.019540
2 0.620662 0.140294 0.052915 0.019413
3 0.789402 0.138780 0.263690 0.020835
3 0.742387 0.160629 0.358676 0.022039
3 0.742866 0.181876 0.358676 0.022039
3 0.738346 0.203187 0.348678 0.021913
3 0.738825 0.224433 0.348678 0.021913
3 0.744303 0.245617 0.358676 0.022039
3 0.700205 0.267429 0.269523 0.020909
0 0.726681 0.203334 0.409989 0.155133
1 0.560067 0.299210 0.062914 0.019540
2 0.627974 0.298349 0.060414 0.019508
3 0.795464 0.296851 0.253691 0.020709
3 0.740951 0.318795 0.348678 0.021913
3 0.741430 0.340042 0.348678 0.021913
3 0.741909 0.361289 0.348678 0.021913
3 0.742388 0.382536 0.348678 0.021913
3 0.742867 0.403783 0.348678 0.021913
3 0.743345 0.425030 0.348678 0.021913
3 0.727993 0.446477 0.317016 0.021511
0 0.730483 0.372060 0.410468 0.176380
1 0.553708 0.479316 0.042083 0.019275
2 0.610367 0.478598 0.058748 0.019487
3 0.789939 0.476947 0.279521 0.021036
3 0.665852 0.499773 0.190367 0.019906
0 0.733103 0.488294 0.407594 0.048898
1 0.554863 0.530559 0.042083 0.019275
2 0.611938 0.529835 0.059581 0.019497
3 0.786927 0.528242 0.269523 0.020909
3 0.746162 0.550012 0.348678 0.021913
3 0.643739 0.572563 0.142874 0.019304
0 0.734497 0.550160 0.408073 0.070145
1 0.577369 0.604659 0.083744 0.019804
2 0.659024 0.603624 0.067080 0.019592
3 0.814016 0.602284 0.222029 0.020307
3 0.724091 0.624677 0.301185 0.021311
0 0.735934 0.613901 0.407594 0.048898
1 0.578552 0.657152 0.083744 0.019804
2 0.663124 0.656080 0.072912 0.019666
3 0.821032 0.654703 0.222029 0.020307
3 0.630288 0.678374 0.111212 0.018902
0 0.737117 0.666393 0.407594 0.048898
1 0.569306 0.709151 0.062914 0.019540
2 0.629298 0.708391 0.044583 0.019307
3 0.749295 0.707495 0.174536 0.019705
0 0.738046 0.707637 0.407116 0.027651
1 0.580397 0.739015 0.083744 0.019804
2 0.657470 0.738038 0.057914 0.019476
0 0.738722 0.737633 0.407116 0.027651
1 0.570644 0.768518 0.062914 0.019540
2 0.640218 0.767636 0.063747 0.019550
0 0.739384 0.767004 0.407116 0.027651
1 0.571306 0.797889 0.062914 0.019540
2 0.645046 0.796954 0.072079 0.019656
3 0.810453 0.795482 0.237860 0.020508
3 0.757189 0.817410 0.358676 0.022039
3 0.752669 0.838721 0.348678 0.021913
3 0.699822 0.860644 0.242026 0.020561
0 0.740764 0.828245 0.408552 0.091392
1 0.573419 0.891625 0.062914 0.019540
2 0.647575 0.890685 0.072912 0.019666
3 0.813398 0.889208 0.237860 0.020508
3 0.651400 0.912515 0.142874 0.019304
0 0.742398 0.900735 0.407594 0.048898
