3 0.503234 0.038777 0.993532 0.033070
0 0.114320 0.081238 0.083598 0.019422
1 0.207231 0.081988 0.089431 0.019469
2 0.362630 0.083867 0.200240 0.019113
2 0.283996 0.104484 0.348564 0.020310
2 0.283691 0.125732 0.348564 0.020310
2 0.283386 0.146981 0.348564 0.020310
2 0.243500 0.167910 0.269402 0.019672
0 0.112589 0.201856 0.083598 0.019422
1 0.188835 0.202471 0.056099 0.019200
0 0.101662 0.237395 0.062765 0.019253
1 0.180824 0.238034 0.082764 0.019415
2 0.351638 0.240037 0.237737 0.019416
2 0.281754 0.260725 0.348564 0.020310
2 0.286449 0.282014 0.358564 0.020391
2 0.201982 0.302583 0.190240 0.019033
0 0.110768 0.328723 0.083598 0.019422
1 0.196597 0.329416 0.075265 0.019354
2 0.355745 0.331326 0.221905 0.019288
2 0.280445 0.351969 0.348564 0.020310
2 0.280140 0.373218 0.348564 0.020310
2 0.264002 0.394339 0.316899 0.020055
0 0.088636 0.419175 0.041933 0.019085
1 0.161965 0.419767 0.091930 0.019489
2 0.337363 0.421808 0.237737 0.019416
2 0.279144 0.442589 0.348564 0.020310
2 0.278839 0.463838 0.348564 0.020310
2 0.278534 0.485087 0.348564 0.020310
2 0.278230 0.506335 0.348564 0.020310
2 0.277925 0.527584 0.348564 0.020310
2 0.277620 0.548833 0.348564 0.020310
2 0.277315 0.570082 0.348564 0.020310
2 0.277010 0.591330 0.348564 0.020310
0 0.096128 0.622997 0.062765 0.019253
1 0.162375 0.623532 0.056932 0.019206
2 0.328189 0.625496 0.253570 0.019544
2 0.276221 0.646327 0.348564 0.020310
2 0.275916 0.667576 0.348564 0.020310
2 0.251862 0.688633 0.301067 0.019927
0 0.105172 0.718701 0.083598 0.019422
1 0.187668 0.719367 0.068598 0.019300
2 0.343483 0.721250 0.221905 0.019288
2 0.274849 0.741947 0.348564 0.020310
2 0.274544 0.763196 0.348564 0.020310
2 0.274239 0.784444 0.348564 0.020310
2 0.273934 0.805693 0.348564 0.020310
2 0.218215 0.826495 0.237737 0.019416
0 0.092721 0.860484 0.062765 0.019253
1 0.168133 0.861092 0.075265 0.019354
2 0.335198 0.863066 0.237737 0.019416
2 0.272813 0.883814 0.348564 0.020310
2 0.272508 0.905062 0.348564 0.020310
2 0.272203 0.926311 0.348564 0.020310
2 0.137323 0.946474 0.079413 0.018138
0 0.560127 0.084836 0.041933 0.019085
1 0.614291 0.085273 0.053599 0.019179
2 0.770523 0.087160 0.237737 0.019416
0 0.580547 0.113753 0.083598 0.019422
1 0.656376 0.114365 0.055266 0.019193
2 0.813441 0.116258 0.237737 0.019416
2 0.750223 0.136999 0.348564 0.020310
2 0.749918 0.158247 0.348564 0.020310
2 0.749613 0.179496 0.348564 0.020310
2 0.749308 0.200745 0.348564 0.020310
2 0.749004 0.221994 0.348564 0.020310
2 0.753698 0.243283 0.358564 0.020391
2 0.637567 0.263597 0.126910 0.018521
0 0.577982 0.292492 0.083598 0.019422
1 0.650894 0.293081 0.049433 0.019146
2 0.805043 0.294950 0.237737 0.019416
2 0.747658 0.315738 0.348564 0.020310
2 0.747353 0.336987 0.348564 0.020310
2 0.752048 0.358276 0.358564 0.020391
2 0.746744 0.379485 0.348564 0.020310
2 0.751438 0.400774 0.358564 0.020391
2 0.627391 0.421024 0.111078 0.018394
0 0.565225 0.455524 0.062765 0.019253
1 0.628555 0.456035 0.051099 0.019159
2 0.791453 0.457975 0.253570 0.019544
0 0.575148 0.489981 0.083598 0.019422
1 0.656810 0.490640 0.066932 0.019287
2 0.811792 0.492516 0.221905 0.019288
2 0.744824 0.513227 0.348564 0.020310
2 0.697022 0.534092 0.253570 0.019544
0 0.574072 0.564977 0.083598 0.019422
1 0.660734 0.565676 0.076931 0.019368
0 0.573588 0.598725 0.083598 0.019422
1 0.656083 0.599391 0.068598 0.019300
2 0.811898 0.601273 0.221905 0.019288
2 0.640353 0.621140 0.142743 0.018649
0 0.562391 0.653012 0.062765 0.019253
1 0.632804 0.653581 0.065265 0.019274
2 0.779037 0.655386 0.206073 0.019160
0 0.561898 0.687385 0.062765 0.019253
1 0.626061 0.687903 0.052766 0.019173
2 0.789793 0.689850 0.253570 0.019544
2 0.686577 0.710268 0.237737 0.019416
0 0.550684 0.742923 0.041933 0.019085
1 0.621097 0.743492 0.086097 0.019442
2 0.801494 0.745573 0.253570 0.019544
2 0.638282 0.765506 0.142743 0.018649
0 0.549940 0.794795 0.041933 0.019085
1 0.602437 0.795219 0.050266 0.019152
2 0.764918 0.797155 0.253570 0.019544
0 0.549482 0.826668 0.041933 0.019085
1 0.618228 0.827223 0.082764 0.019415
2 0.733629 0.828780 0.126910 0.018521
0 0.569812 0.861834 0.083598 0.019422
1 0.645224 0.862443 0.054433 0.019186
0 0.548496 0.895414 0.041933 0.019085
1 0.620575 0.895996 0.089431 0.019469
2 0.794722 0.898027 0.237737 0.019416
2 0.691507 0.918445 0.253570 0.019544
