3 0.501892 0.037509 0.996216 0.029717
0 0.101410 0.082486 0.062656 0.019044
1 0.170159 0.082811 0.061823 0.019041
2 0.338484 0.084230 0.253475 0.018695
2 0.281640 0.105212 0.348473 0.019143
2 0.123132 0.125715 0.031813 0.017649
0 0.111240 0.152534 0.083489 0.019143
1 0.194988 0.152929 0.070989 0.019084
2 0.344147 0.154258 0.205976 0.018471
0 0.090155 0.182435 0.041823 0.018946
1 0.138488 0.182663 0.041823 0.018946
2 0.312646 0.184110 0.285141 0.018844
2 0.138304 0.204538 0.063479 0.017798
0 0.095564 0.233087 0.053490 0.019001
1 0.168062 0.233429 0.078489 0.019119
2 0.336804 0.234850 0.237642 0.018620
2 0.185379 0.255386 0.158477 0.018247
0 0.099675 0.289357 0.062656 0.019044
1 0.183007 0.289750 0.090989 0.019178
2 0.350082 0.291164 0.221809 0.018545
2 0.279905 0.312083 0.348473 0.019143
2 0.279727 0.333333 0.348473 0.019143
2 0.255799 0.354470 0.300974 0.018919
0 0.088436 0.387431 0.041823 0.018946
1 0.152601 0.387734 0.073489 0.019096
2 0.326759 0.389181 0.253475 0.018695
2 0.279082 0.410206 0.348473 0.019143
2 0.278904 0.431456 0.348473 0.019143
2 0.278726 0.452705 0.348473 0.019143
2 0.283547 0.473978 0.358473 0.019190
2 0.278369 0.495204 0.348473 0.019143
2 0.230692 0.516230 0.253475 0.018695
0 0.107953 0.544401 0.083489 0.019143
1 0.194618 0.544810 0.076822 0.019111
0 0.086884 0.572428 0.041823 0.018946
1 0.144383 0.572699 0.060156 0.019033
2 0.319791 0.574151 0.269308 0.018769
2 0.277530 0.595202 0.348473 0.019143
2 0.282352 0.616476 0.358473 0.019190
2 0.277174 0.637702 0.348473 0.019143
2 0.221580 0.658690 0.237642 0.018620
0 0.106732 0.690023 0.083489 0.019143
1 0.182147 0.690379 0.054323 0.019005
2 0.338805 0.691743 0.237642 0.018620
2 0.110298 0.711916 0.015980 0.017574
0 0.095901 0.739348 0.062656 0.019044
1 0.155067 0.739627 0.042656 0.018950
2 0.321725 0.741039 0.269308 0.018769
2 0.173216 0.761589 0.142644 0.018172
0 0.105919 0.786897 0.083489 0.019143
1 0.185918 0.787274 0.063489 0.019048
2 0.339243 0.788622 0.221809 0.018545
2 0.196567 0.809200 0.190143 0.018396
0 0.095094 0.835596 0.062656 0.019044
1 0.169676 0.835948 0.073489 0.019096
2 0.335917 0.837358 0.237642 0.018620
2 0.275324 0.858322 0.348473 0.019143
2 0.275145 0.879572 0.348473 0.019143
2 0.279967 0.900845 0.358473 0.019190
2 0.274789 0.922071 0.348473 0.019143
2 0.279611 0.943344 0.358473 0.019190
2 0.274433 0.964570 0.348473 0.019143
2 0.179256 0.985371 0.158477 0.018247
0 0.578484 0.084737 0.083489 0.019143
1 0.662233 0.085132 0.070989 0.019084
2 0.819308 0.086498 0.221809 0.018545
2 0.753297 0.107437 0.358473 0.019190
2 0.748119 0.128663 0.348473 0.019143
2 0.747941 0.149913 0.348473 0.019143
2 0.747763 0.171162 0.348473 0.019143
2 0.620920 0.191814 0.095145 0.017948
0 0.577347 0.220359 0.083489 0.019143
1 0.650679 0.220705 0.050156 0.018986
0 0.556241 0.252760 0.041823 0.018946
1 0.627490 0.253097 0.087656 0.019162
2 0.805814 0.254563 0.247642 0.018667
2 0.738971 0.275498 0.332640 0.019068
0 0.566186 0.309058 0.062656 0.019044
1 0.632018 0.309369 0.055989 0.019013
2 0.765760 0.310625 0.190143 0.018396
0 0.555544 0.335884 0.041823 0.018946
1 0.610126 0.336141 0.054323 0.019005
2 0.719286 0.337281 0.142644 0.018172
0 0.565693 0.367807 0.062656 0.019044
1 0.648608 0.368198 0.090155 0.019174
2 0.815266 0.369610 0.221809 0.018545
2 0.595509 0.389823 0.047646 0.017724
0 0.575711 0.415356 0.083489 0.019143
1 0.651127 0.415711 0.054323 0.019005
2 0.807785 0.417075 0.237642 0.018620
2 0.650526 0.437584 0.158477 0.018247
0 0.554417 0.470256 0.041823 0.018946
1 0.608583 0.470512 0.053490 0.019001
2 0.785657 0.471972 0.279308 0.018817
2 0.618399 0.492433 0.095145 0.017948
0 0.564435 0.517804 0.062656 0.019044
1 0.636934 0.518146 0.069323 0.019076
2 0.801092 0.519546 0.237642 0.018620
2 0.641750 0.540045 0.142644 0.018172
0 0.553599 0.567754 0.041823 0.018946
1 0.616515 0.568051 0.070989 0.019084
2 0.765673 0.569380 0.205976 0.018471
0 0.574181 0.597852 0.083489 0.019143
1 0.650846 0.598214 0.056823 0.019017
2 0.808754 0.599584 0.237642 0.018620
2 0.585664 0.619781 0.031813 0.017649
0 0.563340 0.648427 0.062656 0.019044
1 0.632088 0.648751 0.061823 0.019041
2 0.800413 0.650170 0.253475 0.018695
2 0.616905 0.670555 0.095145 0.017948
0 0.562905 0.700301 0.062656 0.019044
1 0.632070 0.700627 0.062656 0.019044
0 0.562637 0.732175 0.062656 0.019044
1 0.626803 0.732478 0.052656 0.018997
2 0.790544 0.733875 0.253475 0.018695
2 0.742867 0.754901 0.348473 0.019143
2 0.747689 0.776174 0.358473 0.019190
2 0.742511 0.797400 0.348473 0.019143
2 0.742332 0.818650 0.348473 0.019143
2 0.742154 0.839899 0.348473 0.019143
2 0.741976 0.861149 0.348473 0.019143
2 0.718048 0.882286 0.300974 0.018919
