1 0.203333 0.085938 0.078333 0.021875
0 0.266667 0.085938 0.400000 0.021875
1 0.237500 0.120313 0.146667 0.021875
0 0.266667 0.129688 0.400000 0.040625
1 0.197500 0.172187 0.113333 0.021875
0 0.266667 0.181562 0.400000 0.040625
1 0.181250 0.222812 0.127500 0.021875
0 0.266667 0.260313 0.400000 0.096875
1 0.197083 0.327813 0.065833 0.021875
0 0.266667 0.327813 0.400000 0.021875
1 0.141667 0.355938 0.048333 0.021875
0 0.266667 0.365312 0.400000 0.040625
1 0.186667 0.403438 0.091667 0.021875
0 0.266667 0.403438 0.400000 0.021875
1 0.148333 0.437812 0.061667 0.021875
0 0.266667 0.437812 0.400000 0.021875
1 0.153333 0.467187 0.071667 0.021875
0 0.266667 0.476562 0.400000 0.040625
1 0.172083 0.518437 0.062500 0.021875
0 0.266667 0.518437 0.400000 0.021875
1 0.209583 0.550937 0.090833 0.021875
0 0.266667 0.560312 0.400000 0.040625
1 0.206250 0.599063 0.084167 0.021875
0 0.266667 0.599063 0.400000 0.021875
1 0.220000 0.627812 0.111667 0.021875
0 0.266667 0.637188 0.400000 0.040625
1 0.177083 0.675937 0.072500 0.021875
0 0.266667 0.704063 0.400000 0.078125
1 0.243750 0.761563 0.159167 0.021875
0 0.266667 0.808438 0.400000 0.115625
1 0.172917 0.885938 0.064167 0.021875
0 0.266667 0.923438 0.400000 0.096875
1 0.660417 0.085938 0.105833 0.021875
0 0.733333 0.114062 0.400000 0.078125
1 0.659167 0.173437 0.103333 0.021875
0 0.733333 0.182812 0.400000 0.040625
1 0.613750 0.220938 0.059167 0.021875
0 0.733333 0.220938 0.400000 0.021875
1 0.682083 0.252188 0.149167 0.021875
0 0.733333 0.261562 0.400000 0.040625
1 0.624167 0.303438 0.080000 0.021875
0 0.733333 0.303438 0.400000 0.021875
1 0.615000 0.334688 0.061667 0.021875
0 0.733333 0.362812 0.400000 0.078125
1 0.634583 0.425312 0.100833 0.021875
0 0.733333 0.462813 0.400000 0.096875
1 0.662917 0.530937 0.110833 0.021875
0 0.733333 0.549687 0.400000 0.059375
1 0.688333 0.602812 0.115000 0.021875
0 0.733333 0.612187 0.400000 0.040625
1 0.633750 0.651563 0.099167 0.021875
0 0.733333 0.660937 0.400000 0.040625
1 0.655417 0.704688 0.142500 0.021875
0 0.733333 0.732812 0.400000 0.078125
1 0.655417 0.792188 0.095833 0.021875
0 0.733333 0.792188 0.400000 0.021875
1 0.636667 0.825313 0.105000 0.021875
0 0.733333 0.834688 0.400000 0.040625
1 0.648750 0.874687 0.082500 0.021875
0 0.733333 0.884062 0.400000 0.040625
