1 0.080162 0.088529 0.041996 0.019164
2 0.127658 0.088055 0.040329 0.019148
3 0.308903 0.086871 0.301117 0.020501
3 0.125963 0.109949 0.057805 0.018072
0 0.259512 0.097990 0.407407 0.047805
1 0.081138 0.143524 0.041996 0.019164
2 0.144882 0.142888 0.072826 0.019472
0 0.260300 0.142361 0.407030 0.026557
1 0.092186 0.179042 0.062827 0.019372
2 0.175512 0.178210 0.091158 0.019655
3 0.342591 0.177167 0.221958 0.019711
3 0.193815 0.199904 0.190294 0.019395
0 0.261120 0.188607 0.407407 0.047805
1 0.103444 0.226434 0.083659 0.019580
2 0.177604 0.225693 0.051995 0.019264
3 0.333018 0.224767 0.237789 0.019869
3 0.131330 0.248032 0.063638 0.018131
0 0.261963 0.236102 0.407407 0.047805
1 0.093938 0.277783 0.062827 0.019372
2 0.172681 0.276997 0.081992 0.019563
3 0.343094 0.275921 0.237789 0.019869
3 0.243063 0.298172 0.285285 0.020343
0 0.262873 0.287348 0.407407 0.047805
1 0.105341 0.333299 0.083659 0.019580
2 0.184500 0.332509 0.061994 0.019364
3 0.344914 0.331533 0.237789 0.019869
3 0.196554 0.354266 0.190294 0.019395
0 0.263860 0.342968 0.407407 0.047805
1 0.085363 0.381628 0.041996 0.019164
2 0.155357 0.380929 0.085325 0.019597
3 0.335352 0.379758 0.253621 0.020027
3 0.276568 0.401596 0.348613 0.020975
3 0.276945 0.422844 0.348613 0.020975
3 0.277322 0.444093 0.348613 0.020975
3 0.277699 0.465341 0.348613 0.020975
3 0.278076 0.486589 0.348613 0.020975
0 0.265467 0.433585 0.408915 0.132797
1 0.093691 0.522182 0.053661 0.019281
2 0.147436 0.521646 0.041162 0.019156
0 0.267020 0.521077 0.407030 0.026557
1 0.098862 0.555258 0.062827 0.019372
2 0.163023 0.554618 0.052828 0.019272
3 0.326769 0.553609 0.253621 0.020027
3 0.284650 0.575281 0.358612 0.021075
3 0.285027 0.596529 0.358612 0.021075
3 0.280405 0.617827 0.348613 0.020975
3 0.146210 0.640418 0.079470 0.018289
0 0.268362 0.596695 0.408538 0.111549
1 0.090486 0.670352 0.041996 0.019164
2 0.159230 0.669666 0.082825 0.019572
3 0.337976 0.668507 0.253621 0.020027
3 0.162951 0.691506 0.111134 0.018605
0 0.269837 0.679813 0.407407 0.047805
1 0.112260 0.723265 0.083659 0.019580
2 0.187254 0.722516 0.053661 0.019281
3 0.343501 0.721582 0.237789 0.019869
3 0.195558 0.744310 0.174462 0.019237
0 0.270779 0.732933 0.407407 0.047805
1 0.092349 0.775343 0.041996 0.019164
2 0.151511 0.774752 0.063660 0.019380
3 0.328590 0.773610 0.269453 0.020185
3 0.283554 0.795311 0.348613 0.020975
3 0.288931 0.816510 0.358612 0.021075
3 0.220980 0.838440 0.221958 0.019711
0 0.272077 0.806052 0.408161 0.090301
1 0.114866 0.870127 0.083659 0.019580
2 0.192360 0.869353 0.058661 0.019331
3 0.351107 0.868394 0.237789 0.019869
3 0.158584 0.891567 0.095302 0.018447
0 0.273385 0.879795 0.407407 0.047805
1 0.546787 0.083871 0.041996 0.019164
2 0.608449 0.083256 0.068660 0.019430
3 0.788027 0.082088 0.269453 0.020185
3 0.579673 0.105420 0.031974 0.017815
0 0.726138 0.093332 0.407407 0.047805
1 0.568595 0.138658 0.083659 0.019580
2 0.646088 0.137885 0.058661 0.019331
3 0.804835 0.136925 0.237789 0.019869
3 0.667724 0.159546 0.206126 0.019553
0 0.727114 0.148327 0.407407 0.047805
1 0.548728 0.193237 0.041996 0.019164
2 0.608723 0.192638 0.065327 0.019397
3 0.786635 0.191487 0.269453 0.020185
3 0.652857 0.214074 0.174462 0.019237
0 0.728078 0.202697 0.407407 0.047805
1 0.560042 0.243753 0.062827 0.019372
2 0.636702 0.242988 0.077826 0.019522
3 0.797115 0.242012 0.221958 0.019711
0 0.728788 0.242694 0.407030 0.026557
1 0.550114 0.271355 0.041996 0.019164
2 0.605943 0.270797 0.056994 0.019314
3 0.779688 0.269688 0.269453 0.020185
3 0.630495 0.292429 0.126966 0.018763
0 0.729465 0.280815 0.407407 0.047805
1 0.561495 0.325621 0.062827 0.019372
2 0.625239 0.324985 0.051995 0.019264
3 0.793569 0.323929 0.263621 0.020127
3 0.742284 0.345693 0.348613 0.020975
3 0.747660 0.366891 0.358612 0.021075
3 0.743038 0.388189 0.348613 0.020975
3 0.656339 0.410307 0.174462 0.019237
0 0.730995 0.367058 0.408538 0.111549
1 0.573895 0.437382 0.083659 0.019580
2 0.658888 0.436534 0.073660 0.019480
3 0.782638 0.435923 0.152797 0.019020
0 0.732226 0.436427 0.407030 0.026557
1 0.563946 0.463734 0.062827 0.019372
2 0.626440 0.463110 0.049495 0.019239
3 0.796436 0.462038 0.269453 0.020185
3 0.586415 0.485386 0.031974 0.017815
0 0.732880 0.473298 0.407407 0.047805
1 0.575337 0.518625 0.083659 0.019580
2 0.652830 0.517851 0.058661 0.019331
3 0.811577 0.516892 0.237789 0.019869
3 0.603223 0.540223 0.063638 0.018131
0 0.733856 0.528293 0.407407 0.047805
1 0.565897 0.573724 0.062827 0.019372
2 0.622559 0.573158 0.037829 0.019123
3 0.762974 0.572382 0.221958 0.019711
0 0.734643 0.572665 0.407030 0.026557
1 0.576879 0.605492 0.083659 0.019580
2 0.665204 0.604610 0.080326 0.019547
3 0.818952 0.603701 0.206126 0.019553
3 0.581016 0.627328 0.016142 0.017656
0 0.735397 0.615161 0.407407 0.047805
1 0.567328 0.654342 0.062827 0.019372
2 0.634405 0.653672 0.058661 0.019331
3 0.801068 0.652634 0.253621 0.020027
3 0.748117 0.674414 0.348613 0.020975
3 0.748494 0.695662 0.348613 0.020975
3 0.740955 0.716989 0.332781 0.020817
0 0.736640 0.685155 0.408161 0.090301
1 0.579485 0.752354 0.083659 0.019580
2 0.669060 0.751460 0.082825 0.019572
3 0.829057 0.750488 0.216125 0.019653
3 0.741942 0.772609 0.332781 0.020817
0 0.738004 0.762023 0.407407 0.047805
1 0.559529 0.801933 0.041996 0.019164
2 0.607858 0.801450 0.041996 0.019164
3 0.782021 0.800337 0.285285 0.020343
3 0.750734 0.821901 0.348613 0.020975
3 0.751111 0.843149 0.348613 0.020975
3 0.751488 0.864397 0.348613 0.020975
3 0.756864 0.885595 0.358612 0.021075
3 0.714745 0.907268 0.273620 0.020226
0 0.739634 0.853890 0.408915 0.132797
