3 0.493811 0.034471 0.987622 0.040233
0 0.097155 0.090429 0.083824 0.020016
1 0.163808 0.089413 0.037167 0.019305
0 0.098120 0.126047 0.083824 0.020016
1 0.185602 0.124713 0.078825 0.019940
2 0.298929 0.123611 0.127115 0.019427
0 0.099068 0.161039 0.083824 0.020016
1 0.192799 0.159611 0.091323 0.020130
2 0.351950 0.157810 0.206265 0.020633
2 0.269626 0.180319 0.348735 0.022804
2 0.275200 0.201489 0.358733 0.022957
2 0.275776 0.222734 0.358733 0.022957
2 0.271353 0.244056 0.348735 0.022804
2 0.216523 0.266146 0.237925 0.021115
0 0.098177 0.297331 0.074659 0.019876
1 0.171495 0.296214 0.059662 0.019648
2 0.330646 0.294413 0.237925 0.021115
2 0.115016 0.318954 0.032134 0.017979
0 0.104080 0.346001 0.083824 0.020016
1 0.184897 0.344769 0.065495 0.019737
2 0.339048 0.343045 0.222095 0.020874
2 0.235062 0.365884 0.269585 0.021598
0 0.095121 0.399899 0.062995 0.019698
1 0.164274 0.398845 0.062995 0.019698
2 0.333006 0.396898 0.253755 0.021357
2 0.276093 0.419020 0.348735 0.022804
2 0.276669 0.440266 0.348735 0.022804
2 0.277245 0.461511 0.348735 0.022804
2 0.277820 0.482757 0.348735 0.022804
2 0.278396 0.504003 0.348735 0.022804
2 0.278972 0.525248 0.348735 0.022804
2 0.121247 0.548906 0.032134 0.017979
0 0.110531 0.584077 0.083824 0.020016
1 0.206344 0.582617 0.095488 0.020194
2 0.359663 0.580905 0.190435 0.020392
2 0.122787 0.605770 0.032134 0.017979
0 0.101420 0.632351 0.062995 0.019698
1 0.172655 0.631265 0.067161 0.019762
2 0.343470 0.629287 0.253755 0.021357
2 0.287391 0.651396 0.358733 0.022957
2 0.282967 0.672718 0.348735 0.022804
2 0.283543 0.693963 0.348735 0.022804
2 0.284119 0.715209 0.348735 0.022804
2 0.253034 0.736937 0.285415 0.021839
0 0.115559 0.769664 0.083824 0.020016
1 0.185545 0.768597 0.043832 0.019406
2 0.344695 0.766797 0.253755 0.021357
2 0.286117 0.788944 0.348735 0.022804
2 0.286692 0.810189 0.348735 0.022804
2 0.223948 0.832400 0.222095 0.020874
0 0.107667 0.862928 0.062995 0.019698
1 0.174320 0.861912 0.057996 0.019622
2 0.300978 0.860607 0.174605 0.020150
0 0.098065 0.893081 0.042166 0.019381
1 0.160969 0.892122 0.071327 0.019825
2 0.318037 0.890353 0.222095 0.020874
0 0.563725 0.083318 0.083824 0.020016
1 0.648708 0.082023 0.073826 0.019864
2 0.804109 0.080279 0.216263 0.020785
0 0.554141 0.114095 0.062995 0.019698
1 0.614128 0.113181 0.044665 0.019419
2 0.781611 0.111254 0.269585 0.021598
2 0.735113 0.133217 0.348735 0.022804
2 0.735688 0.154462 0.348735 0.022804
2 0.736264 0.175708 0.348735 0.022804
2 0.736840 0.196954 0.348735 0.022804
2 0.742414 0.218123 0.358733 0.022957
2 0.603435 0.241496 0.079624 0.018703
0 0.568771 0.269530 0.083824 0.020016
1 0.651670 0.268266 0.069660 0.019800
2 0.807905 0.266510 0.222095 0.020874
2 0.573113 0.291343 0.016304 0.017738
0 0.570159 0.320769 0.083824 0.020016
1 0.649310 0.319563 0.062162 0.019686
2 0.809710 0.317743 0.237925 0.021115
2 0.614076 0.341979 0.095454 0.018944
0 0.550702 0.371701 0.042166 0.019381
1 0.614438 0.370730 0.072993 0.019851
2 0.788169 0.368707 0.253755 0.021357
2 0.747087 0.390587 0.358733 0.022957
2 0.742664 0.411909 0.348735 0.022804
2 0.743239 0.433155 0.348735 0.022804
2 0.743815 0.454400 0.348735 0.022804
2 0.744391 0.475646 0.348735 0.022804
2 0.678730 0.497901 0.216263 0.020785
0 0.554968 0.529168 0.042166 0.019381
1 0.623704 0.528121 0.082991 0.020003
2 0.802434 0.526022 0.253755 0.021357
2 0.675119 0.549217 0.206265 0.020633
0 0.556272 0.577283 0.042166 0.019381
1 0.621675 0.576287 0.076326 0.019902
2 0.797072 0.574239 0.253755 0.021357
2 0.673507 0.597376 0.200433 0.020544
0 0.557796 0.633522 0.042166 0.019381
1 0.614451 0.632658 0.058829 0.019635
2 0.794014 0.630547 0.279583 0.021750
2 0.630457 0.654294 0.111285 0.019185
0 0.580047 0.685694 0.083824 0.020016
1 0.663363 0.684424 0.070493 0.019813
2 0.820014 0.682661 0.222095 0.020874
2 0.750604 0.704974 0.348735 0.022804
2 0.751180 0.726219 0.348735 0.022804
2 0.661774 0.748836 0.168773 0.020061
0 0.582586 0.779424 0.083824 0.020016
1 0.657988 0.778275 0.054663 0.019572
2 0.814639 0.776513 0.237925 0.021115
2 0.650249 0.800273 0.142945 0.019668
0 0.573628 0.833322 0.062995 0.019698
1 0.635699 0.832376 0.048831 0.019483
2 0.805264 0.830417 0.269585 0.021598
2 0.754600 0.852443 0.348735 0.022804
2 0.755176 0.873689 0.348735 0.022804
2 0.755751 0.894934 0.348735 0.022804
2 0.748412 0.916301 0.332905 0.022563
