1 0.094058 0.080759 0.041958 0.019117
2 0.157804 0.081322 0.072790 0.019389
0 0.273203 0.082967 0.406992 0.026092
1 0.093558 0.112631 0.041958 0.019117
2 0.152303 0.113150 0.062790 0.019301
3 0.328948 0.115337 0.269423 0.019877
3 0.194040 0.135396 0.168597 0.018986
0 0.272535 0.125464 0.407326 0.047341
1 0.103139 0.165845 0.062790 0.019301
2 0.172301 0.166456 0.062790 0.019301
3 0.277700 0.168012 0.126933 0.018618
0 0.271867 0.167961 0.406992 0.026092
1 0.092252 0.195751 0.041958 0.019117
2 0.165580 0.196399 0.091955 0.019559
3 0.340975 0.198574 0.237758 0.019598
3 0.171902 0.218331 0.126933 0.018618
0 0.271229 0.208583 0.407326 0.047341
1 0.101803 0.250839 0.062790 0.019301
2 0.173049 0.251468 0.066957 0.019338
3 0.340944 0.253577 0.247758 0.019686
3 0.123542 0.272907 0.031939 0.017779
0 0.270365 0.263579 0.407326 0.047341
1 0.090612 0.300118 0.041958 0.019117
2 0.139358 0.300549 0.042792 0.019124
3 0.234759 0.302017 0.126933 0.018618
0 0.269756 0.302327 0.406992 0.026092
1 0.110943 0.332175 0.083622 0.019485
2 0.188854 0.332864 0.059457 0.019272
3 0.348000 0.334895 0.237758 0.019598
3 0.280587 0.355551 0.348584 0.020577
3 0.280254 0.376800 0.348584 0.020577
3 0.279920 0.398048 0.348584 0.020577
3 0.279586 0.419297 0.348584 0.020577
3 0.279252 0.440545 0.348584 0.020577
3 0.278918 0.461794 0.348584 0.020577
3 0.199423 0.482343 0.190262 0.019178
0 0.268087 0.408569 0.409329 0.174832
1 0.097778 0.507071 0.062790 0.019301
2 0.166940 0.507682 0.062790 0.019301
3 0.335668 0.509798 0.253591 0.019738
3 0.151180 0.529419 0.095268 0.018338
0 0.266339 0.519811 0.407326 0.047341
1 0.107428 0.555910 0.083622 0.019485
2 0.189505 0.556635 0.067790 0.019345
3 0.321153 0.558424 0.174430 0.019038
0 0.265740 0.557934 0.406992 0.026092
1 0.086105 0.586973 0.041958 0.019117
2 0.140684 0.587456 0.054457 0.019227
3 0.321079 0.589675 0.285255 0.020017
3 0.205336 0.609904 0.206094 0.019318
0 0.265082 0.599806 0.407326 0.047341
1 0.085270 0.640095 0.041958 0.019117
2 0.155265 0.640713 0.085289 0.019500
3 0.335243 0.642929 0.253591 0.019738
3 0.149089 0.662535 0.095268 0.018338
0 0.264248 0.652927 0.407326 0.047341
1 0.105268 0.693400 0.083622 0.019485
2 0.191928 0.694166 0.076956 0.019426
3 0.348991 0.696179 0.216093 0.019406
3 0.281995 0.716839 0.362750 0.020702
3 0.274578 0.738024 0.348584 0.020577
3 0.226748 0.758853 0.253591 0.019738
0 0.263079 0.727297 0.407993 0.089838
1 0.093428 0.783927 0.062790 0.019301
2 0.171339 0.784615 0.080289 0.019456
3 0.340901 0.786739 0.237758 0.019598
3 0.273488 0.807395 0.348584 0.020577
3 0.273154 0.828643 0.348584 0.020577
3 0.272821 0.849892 0.348584 0.020577
3 0.272487 0.871140 0.348584 0.020577
3 0.272153 0.892389 0.348584 0.020577
3 0.158077 0.912632 0.121100 0.018567
0 0.261155 0.849789 0.408995 0.153583
1 0.581524 0.085067 0.083622 0.019485
2 0.674435 0.085888 0.089455 0.019537
3 0.832747 0.087912 0.206094 0.019318
3 0.751169 0.108442 0.348584 0.020577
3 0.750835 0.129691 0.348584 0.020577
3 0.703005 0.150520 0.253591 0.019738
0 0.739336 0.118964 0.407993 0.089838
1 0.569577 0.182468 0.062790 0.019301
2 0.636239 0.183057 0.057791 0.019257
3 0.762887 0.184801 0.174430 0.019038
0 0.738305 0.184584 0.406992 0.026092
1 0.558748 0.208624 0.041958 0.019117
2 0.617494 0.209143 0.062790 0.019301
3 0.762474 0.211049 0.206094 0.019318
0 0.737893 0.210832 0.406992 0.026092
1 0.568664 0.240589 0.062790 0.019301
2 0.649908 0.241307 0.086955 0.019515
3 0.811970 0.243364 0.216093 0.019406
0 0.737392 0.242705 0.406992 0.026092
1 0.568124 0.274961 0.062790 0.019301
2 0.637285 0.275573 0.062790 0.019301
3 0.742685 0.277129 0.126933 0.018618
0 0.736852 0.277078 0.406992 0.026092
1 0.567613 0.307459 0.062790 0.019301
2 0.638858 0.308089 0.066957 0.019338
3 0.806753 0.310198 0.247758 0.019686
3 0.747673 0.330927 0.348584 0.020577
3 0.747340 0.352176 0.348584 0.020577
3 0.747006 0.373424 0.348584 0.020577
3 0.746672 0.394673 0.348584 0.020577
3 0.651345 0.415082 0.158597 0.018898
0 0.735507 0.362697 0.408661 0.132335
1 0.555047 0.444233 0.041958 0.019117
2 0.612959 0.444744 0.061124 0.019286
3 0.788771 0.446923 0.269423 0.019877
3 0.745523 0.467792 0.348584 0.020577
3 0.745189 0.489041 0.348584 0.020577
3 0.681526 0.509730 0.221926 0.019458
0 0.733690 0.478314 0.407993 0.089838
1 0.564009 0.536818 0.062790 0.019301
2 0.625255 0.537359 0.046958 0.019161
3 0.746487 0.539056 0.174430 0.019038
0 0.732738 0.538934 0.406992 0.026092
1 0.553044 0.571724 0.041958 0.019117
2 0.611373 0.572239 0.061957 0.019294
3 0.792600 0.574466 0.279422 0.019966
3 0.743520 0.595284 0.348584 0.020577
3 0.719438 0.616322 0.301087 0.020157
0 0.731854 0.595181 0.407660 0.068589
1 0.551944 0.641719 0.041958 0.019117
2 0.606523 0.642201 0.054457 0.019227
3 0.736504 0.643975 0.184429 0.019126
0 0.731088 0.643927 0.406992 0.026092
1 0.572275 0.673776 0.083622 0.019485
2 0.664352 0.674590 0.087788 0.019522
3 0.805999 0.676466 0.174430 0.019038
0 0.730587 0.675800 0.406992 0.026092
1 0.561417 0.701807 0.062790 0.019301
2 0.636412 0.702470 0.074456 0.019404
3 0.803057 0.704567 0.237758 0.019598
3 0.614820 0.724155 0.095268 0.018338
0 0.729979 0.714547 0.407326 0.047341
1 0.550167 0.754836 0.041958 0.019117
2 0.619745 0.755451 0.084455 0.019492
3 0.799306 0.757663 0.253591 0.019738
3 0.606069 0.777207 0.079436 0.018198
0 0.729144 0.767669 0.407326 0.047341
1 0.570174 0.807516 0.083622 0.019485
2 0.651835 0.808238 0.066957 0.019338
3 0.806814 0.810233 0.221926 0.019458
3 0.700238 0.830542 0.269423 0.019877
0 0.728319 0.820165 0.407326 0.047341
1 0.548586 0.855454 0.041958 0.019117
2 0.601082 0.855918 0.050291 0.019191
0 0.727730 0.857662 0.406992 0.026092
1 0.548114 0.885452 0.041958 0.019117
2 0.598528 0.885897 0.046125 0.019154
0 0.727259 0.887660 0.406992 0.026092
