1 0.095159 0.085884 0.062624 0.018983
2 0.158491 0.085647 0.050957 0.018940
3 0.273911 0.085840 0.158448 0.018092
0 0.263911 0.085878 0.406811 0.024020
1 0.084942 0.115922 0.041791 0.018906
2 0.134524 0.115737 0.044291 0.018915
3 0.278277 0.115824 0.221780 0.018329
0 0.264110 0.115877 0.406811 0.024020
1 0.085133 0.144672 0.041791 0.018906
2 0.159715 0.144393 0.094290 0.019102
3 0.325551 0.144398 0.215947 0.018307
0 0.264301 0.144627 0.406811 0.024020
1 0.095740 0.173383 0.062624 0.018983
2 0.171989 0.173097 0.076790 0.019036
3 0.339908 0.173095 0.237613 0.018388
3 0.220884 0.194790 0.237613 0.018388
0 0.264563 0.184001 0.406952 0.045270
1 0.085673 0.225921 0.041791 0.018906
2 0.147755 0.225689 0.069290 0.019008
0 0.264841 0.225876 0.406811 0.024020
1 0.085889 0.258420 0.041791 0.018906
2 0.155055 0.258162 0.083457 0.019061
3 0.334223 0.258117 0.253447 0.018447
3 0.173950 0.279966 0.142615 0.018033
0 0.265128 0.269000 0.406952 0.045270
1 0.107046 0.307092 0.083457 0.019061
2 0.196628 0.306757 0.082624 0.019058
3 0.343714 0.306832 0.190114 0.018210
0 0.265382 0.307125 0.406811 0.024020
1 0.086400 0.335295 0.041791 0.018906
2 0.151816 0.335050 0.075957 0.019033
3 0.327234 0.335019 0.253447 0.018447
3 0.277376 0.356456 0.348445 0.018802
3 0.277518 0.377705 0.348445 0.018802
3 0.282659 0.398936 0.358445 0.018840
3 0.151135 0.420679 0.095115 0.017855
0 0.265851 0.377749 0.407376 0.109019
1 0.087189 0.454043 0.041791 0.018906
2 0.144689 0.453828 0.060124 0.018974
3 0.325107 0.453778 0.279280 0.018544
3 0.222750 0.475411 0.237613 0.018388
0 0.266429 0.464623 0.406952 0.045270
1 0.108355 0.503965 0.083457 0.019061
2 0.194187 0.503644 0.075124 0.019030
3 0.353356 0.503673 0.221780 0.018329
3 0.167666 0.525618 0.126781 0.017973
0 0.266761 0.514622 0.406952 0.045270
1 0.098296 0.557753 0.062624 0.018983
2 0.176211 0.557461 0.080124 0.019049
3 0.345797 0.557452 0.237613 0.018388
3 0.160107 0.579397 0.110948 0.017914
0 0.267118 0.568372 0.406952 0.045270
1 0.098636 0.609002 0.062624 0.018983
2 0.173635 0.608722 0.074290 0.019027
3 0.337387 0.608734 0.231780 0.018366
3 0.120865 0.630794 0.031783 0.017618
0 0.267459 0.619621 0.406952 0.045270
1 0.098994 0.662751 0.062624 0.018983
2 0.178993 0.662452 0.084290 0.019064
3 0.347745 0.662446 0.231780 0.018366
3 0.279553 0.683952 0.348445 0.018802
3 0.279695 0.705201 0.348445 0.018802
3 0.279836 0.726451 0.348445 0.018802
3 0.279977 0.747701 0.348445 0.018802
3 0.121787 0.769543 0.031783 0.017618
0 0.268099 0.715870 0.407517 0.130269
1 0.110320 0.799586 0.083457 0.019061
2 0.182819 0.799315 0.048457 0.018930
0 0.268656 0.799619 0.406811 0.024020
1 0.110544 0.833335 0.083457 0.019061
2 0.190127 0.833038 0.062624 0.018983
3 0.343046 0.833091 0.221780 0.018329
3 0.122356 0.855167 0.031783 0.017618
0 0.268951 0.843993 0.406952 0.045270
1 0.110914 0.888960 0.083457 0.019061
2 0.181330 0.888696 0.044291 0.018915
3 0.340915 0.888725 0.253447 0.018447
3 0.257308 0.910288 0.300946 0.018625
0 0.269320 0.899618 0.406952 0.045270
1 0.561820 0.084139 0.062624 0.018983
2 0.628902 0.083888 0.058457 0.018968
3 0.795571 0.083890 0.253447 0.018447
3 0.591965 0.105901 0.047616 0.017677
0 0.730642 0.094758 0.406952 0.045270
1 0.551773 0.139802 0.041791 0.018906
2 0.615522 0.139564 0.072624 0.019021
3 0.789274 0.139539 0.253447 0.018447
3 0.608168 0.161466 0.079282 0.017796
0 0.731012 0.150382 0.406952 0.045270
1 0.572951 0.191598 0.083457 0.019061
2 0.660866 0.191270 0.079290 0.019046
3 0.814202 0.191321 0.205947 0.018269
3 0.743094 0.212837 0.348445 0.018802
3 0.743235 0.234087 0.348445 0.018802
3 0.585045 0.255929 0.031783 0.017618
0 0.731498 0.223506 0.407235 0.087770
1 0.573549 0.281597 0.083457 0.019061
2 0.646465 0.281325 0.049291 0.018934
3 0.800634 0.281373 0.237613 0.018388
3 0.748692 0.302818 0.358445 0.018840
3 0.748834 0.324067 0.358445 0.018840
3 0.701475 0.345495 0.263446 0.018484
0 0.732096 0.313505 0.407235 0.087770
1 0.563756 0.375385 0.062624 0.018983
2 0.644588 0.375083 0.085957 0.019071
3 0.809174 0.375092 0.221780 0.018329
3 0.749316 0.396566 0.358445 0.018840
3 0.744457 0.417835 0.348445 0.018802
3 0.744598 0.439085 0.348445 0.018802
3 0.744739 0.460334 0.348445 0.018802
3 0.713214 0.481703 0.285113 0.018565
0 0.732861 0.428503 0.407517 0.130269
1 0.564661 0.511633 0.062624 0.018983
2 0.641744 0.511345 0.078457 0.019043
3 0.810496 0.511339 0.237613 0.018388
3 0.745221 0.532833 0.348445 0.018802
3 0.745363 0.554083 0.348445 0.018802
3 0.745504 0.575333 0.348445 0.018802
3 0.587314 0.597175 0.031783 0.017618
0 0.733696 0.554127 0.407376 0.109019
1 0.575863 0.629718 0.083457 0.019061
2 0.644196 0.629462 0.040124 0.018899
3 0.801698 0.629498 0.253447 0.018447
3 0.682674 0.651194 0.221780 0.018329
0 0.734269 0.640376 0.406952 0.045270
1 0.565771 0.678506 0.062624 0.018983
2 0.653270 0.678179 0.099290 0.019121
3 0.784939 0.678312 0.142615 0.018033
0 0.734523 0.678500 0.406811 0.024020
1 0.555587 0.713545 0.041791 0.018906
2 0.610586 0.713339 0.055124 0.018955
3 0.728089 0.713525 0.158448 0.018092
0 0.734756 0.713500 0.406811 0.024020
1 0.555790 0.744169 0.041791 0.018906
2 0.627456 0.743901 0.088457 0.019080
3 0.801208 0.743877 0.237613 0.018388
3 0.746767 0.765331 0.348445 0.018802
3 0.746908 0.786580 0.348445 0.018802
3 0.747049 0.807830 0.348445 0.018802
3 0.747191 0.829080 0.348445 0.018802
3 0.676083 0.850596 0.205947 0.018269
0 0.735312 0.797249 0.407517 0.130269
1 0.567125 0.882254 0.062624 0.018983
2 0.649624 0.881945 0.089290 0.019083
3 0.812960 0.881960 0.215947 0.018307
3 0.747685 0.903454 0.348445 0.018802
3 0.752826 0.924685 0.358445 0.018840
3 0.752968 0.945935 0.358445 0.018840
3 0.753109 0.967184 0.358445 0.018840
3 0.748250 0.988453 0.348445 0.018802
3 0.613810 1.000000 0.079282 0.017796
0 0.736301 0.945997 0.407659 0.151519
