1 0.167917 0.085938 0.054167 0.021875
0 0.266667 0.142187 0.400000 0.134375
1 0.164583 0.232187 0.047500 0.021875
0 0.266667 0.232187 0.400000 0.021875
1 0.190417 0.264062 0.145833 0.021875
0 0.266667 0.264062 0.400000 0.021875
1 0.155833 0.296563 0.076667 0.021875
0 0.266667 0.352812 0.400000 0.134375
1 0.151250 0.440312 0.067500 0.021875
0 0.266667 0.440312 0.400000 0.021875
1 0.218750 0.472187 0.109167 0.021875
0 0.266667 0.481563 0.400000 0.040625
1 0.204583 0.521563 0.080833 0.021875
0 0.266667 0.568438 0.400000 0.115625
1 0.192083 0.649687 0.102500 0.021875
0 0.266667 0.649687 0.400000 0.021875
1 0.197083 0.684063 0.112500 0.021875
0 0.266667 0.693438 0.400000 0.040625
1 0.205417 0.734688 0.129167 0.021875
0 0.266667 0.781563 0.400000 0.115625
1 0.183333 0.860313 0.085000 0.021875
0 0.266667 0.860313 0.400000 0.021875
1 0.149167 0.892813 0.063333 0.021875
0 0.266667 0.902188 0.400000 0.040625
1 0.642917 0.085938 0.070833 0.021875
0 0.733333 0.095312 0.400000 0.040625
1 0.691667 0.139063 0.121667 0.021875
0 0.733333 0.148438 0.400000 0.040625
1 0.647917 0.190312 0.127500 0.021875
0 0.733333 0.246562 0.400000 0.134375
1 0.630417 0.330937 0.092500 0.021875
0 0.733333 0.340313 0.400000 0.040625
1 0.644167 0.378437 0.120000 0.021875
0 0.733333 0.378437 0.400000 0.021875
1 0.642500 0.407813 0.070000 0.021875
0 0.733333 0.407813 0.400000 0.021875
1 0.652500 0.439688 0.090000 0.021875
0 0.733333 0.505313 0.400000 0.153125
1 0.637083 0.604062 0.105833 0.021875
0 0.733333 0.604062 0.400000 0.021875
1 0.617917 0.638437 0.067500 0.021875
0 0.733333 0.638437 0.400000 0.021875
1 0.639167 0.667813 0.110000 0.021875
0 0.733333 0.667813 0.400000 0.021875
1 0.619167 0.696562 0.070000 0.021875
0 0.733333 0.696562 0.400000 0.021875
1 0.674583 0.730938 0.134167 0.021875
0 0.733333 0.777813 0.400000 0.115625
1 0.644167 0.853437 0.120000 0.021875
0 0.733333 0.919063 0.400000 0.153125
