0 0.26666666666666666 0.1325 0.4 0.115
0 0.26666666666666666 0.229375 0.4 0.04375
0 0.26666666666666666 0.27875 0.4 0.02
0 0.26666666666666666 0.328125 0.4 0.04375
0 0.26666666666666666 0.389375 0.4 0.04375
0 0.26666666666666666 0.450625 0.4 0.04375
0 0.26666666666666666 0.5 0.4 0.02
0 0.26666666666666666 0.56125 0.4 0.0675
0 0.26666666666666666 0.634375 0.4 0.04375
0 0.26666666666666666 0.719375 0.4 0.09125
0 0.26666666666666666 0.804375 0.4 0.04375
0 0.26666666666666666 0.865625 0.4 0.04375
0 0.7333333333333333 0.096875 0.4 0.04375
0 0.7333333333333333 0.158125 0.4 0.04375
0 0.7333333333333333 0.23125 0.4 0.0675
0 0.7333333333333333 0.2925 0.4 0.02
0 0.7333333333333333 0.3775 0.4 0.115
0 0.7333333333333333 0.474375 0.4 0.04375
0 0.7333333333333333 0.559375 0.4 0.09125
0 0.7333333333333333 0.644375 0.4 0.04375
0 0.7333333333333333 0.729375 0.4 0.09125
0 0.7333333333333333 0.838125 0.4 0.09125
