0 0.26666666666666666 0.096875 0.4 0.04375
0 0.26666666666666666 0.158125 0.4 0.04375
0 0.26666666666666666 0.219375 0.4 0.04375
0 0.26666666666666666 0.304375 0.4 0.09125
0 0.26666666666666666 0.3775 0.4 0.02
0 0.26666666666666666 0.426875 0.4 0.04375
0 0.26666666666666666 0.488125 0.4 0.04375
0 0.26666666666666666 0.549375 0.4 0.04375
0 0.26666666666666666 0.610625 0.4 0.04375
0 0.26666666666666666 0.695625 0.4 0.09125
0 0.26666666666666666 0.828125 0.4 0.13875
0 0.7333333333333333 0.120625 0.4 0.09125
0 0.7333333333333333 0.2175 0.4 0.0675
0 0.7333333333333333 0.3025 0.4 0.0675
0 0.7333333333333333 0.375625 0.4 0.04375
0 0.7333333333333333 0.44875 0.4 0.0675
0 0.7333333333333333 0.5575 0.4 0.115
0 0.7333333333333333 0.654375 0.4 0.04375
0 0.7333333333333333 0.739375 0.4 0.09125
0 0.7333333333333333 0.824375 0.4 0.04375
0 0.7333333333333333 0.8975 0.4 0.0675
