1 0.092499 0.087354 0.062742 0.019209
2 0.166662 0.086808 0.072742 0.019283
3 0.316663 0.086329 0.206052 0.019014
0 0.261249 0.086737 0.406941 0.025491
1 0.082426 0.113679 0.041910 0.019056
2 0.149923 0.113182 0.080241 0.019338
3 0.327423 0.112501 0.253550 0.019363
3 0.273537 0.134149 0.348545 0.020062
3 0.278814 0.155361 0.358545 0.020136
3 0.163265 0.177462 0.126889 0.018431
0 0.262010 0.144859 0.407775 0.089238
1 0.079086 0.208708 0.032744 0.018988
2 0.144499 0.208227 0.085241 0.019375
3 0.324499 0.207527 0.253550 0.019363
3 0.116454 0.230309 0.031894 0.017732
0 0.262974 0.218606 0.407219 0.046740
1 0.084405 0.264922 0.041910 0.019056
2 0.141485 0.264502 0.059409 0.019184
3 0.316485 0.263839 0.269383 0.019480
3 0.140938 0.286382 0.079392 0.018082
0 0.263710 0.274853 0.407219 0.046740
1 0.105867 0.312891 0.083575 0.019362
2 0.187946 0.312287 0.067742 0.019246
3 0.343363 0.311769 0.221885 0.019130
0 0.264201 0.312351 0.406941 0.025491
1 0.106210 0.339140 0.083575 0.019362
2 0.182456 0.338579 0.056076 0.019160
3 0.339957 0.338045 0.237717 0.019247
3 0.173576 0.360520 0.142722 0.018548
0 0.264683 0.349224 0.407219 0.046740
1 0.106840 0.387263 0.083575 0.019362
2 0.193086 0.386628 0.076075 0.019307
3 0.352669 0.386079 0.221885 0.019130
3 0.277118 0.407886 0.348545 0.020062
3 0.237814 0.429426 0.269383 0.019480
0 0.265452 0.407971 0.407497 0.067989
1 0.107780 0.459134 0.083575 0.019362
2 0.195276 0.458490 0.078575 0.019325
3 0.348193 0.457990 0.206052 0.019014
3 0.278058 0.479757 0.348545 0.020062
3 0.283336 0.500969 0.358545 0.020136
3 0.278614 0.522255 0.348545 0.020062
3 0.207645 0.544028 0.206052 0.019014
0 0.266670 0.501092 0.408053 0.110487
1 0.098860 0.573580 0.062742 0.019209
2 0.167607 0.573074 0.061909 0.019203
3 0.335940 0.572461 0.253550 0.019363
3 0.255805 0.594301 0.301048 0.019713
0 0.267749 0.583588 0.407219 0.046740
1 0.099604 0.630452 0.062742 0.019209
2 0.178767 0.629870 0.082741 0.019356
3 0.349600 0.629238 0.237717 0.019247
3 0.240717 0.651290 0.269383 0.019480
0 0.268493 0.640460 0.407219 0.046740
1 0.110764 0.687248 0.083575 0.019362
2 0.202426 0.686574 0.086908 0.019387
3 0.359510 0.686043 0.206052 0.019014
3 0.281042 0.707871 0.348545 0.020062
3 0.281320 0.729120 0.348545 0.020062
3 0.281598 0.750369 0.348545 0.020062
3 0.178964 0.772375 0.142722 0.018548
0 0.269654 0.729206 0.408053 0.110487
1 0.101820 0.799819 0.062742 0.019209
2 0.177649 0.799261 0.076075 0.019307
3 0.345149 0.798654 0.237717 0.019247
3 0.240016 0.820678 0.263550 0.019437
0 0.270709 0.809827 0.407219 0.046740
1 0.092057 0.849894 0.041910 0.019056
2 0.163304 0.849369 0.087741 0.019393
0 0.271224 0.849200 0.406941 0.025491
1 0.102923 0.884190 0.062742 0.019209
2 0.174586 0.883663 0.067742 0.019246
3 0.337920 0.883086 0.237717 0.019247
3 0.283617 0.904737 0.348545 0.020062
3 0.283895 0.925986 0.348545 0.020062
3 0.286257 0.947219 0.352712 0.020093
3 0.284451 0.968484 0.348545 0.020062
3 0.284729 0.989733 0.348545 0.020062
3 0.285007 1.000000 0.348545 0.020062
3 0.285285 1.000000 0.348545 0.020062
3 0.158903 1.000000 0.095224 0.018198
0 0.272785 0.968569 0.409165 0.195483
1 0.559143 0.083920 0.062742 0.019209
2 0.635390 0.083359 0.076908 0.019313
3 0.803306 0.082748 0.237717 0.019247
3 0.636926 0.105223 0.142722 0.018548
0 0.728032 0.093928 0.407219 0.046740
1 0.549398 0.135244 0.041910 0.019056
2 0.616061 0.134753 0.078575 0.019325
3 0.792727 0.134078 0.253550 0.019363
3 0.740508 0.155714 0.348545 0.020062
3 0.740786 0.176963 0.348545 0.020062
3 0.685650 0.198619 0.237717 0.019247
0 0.728981 0.166424 0.407775 0.089238
1 0.571407 0.225086 0.083575 0.019362
2 0.652653 0.224488 0.066075 0.019234
3 0.807237 0.223976 0.221885 0.019130
3 0.607108 0.246700 0.079392 0.018082
0 0.729880 0.235171 0.407219 0.046740
1 0.561694 0.278910 0.062742 0.019209
2 0.632107 0.278392 0.065242 0.019227
0 0.730444 0.278294 0.406941 0.025491
1 0.551695 0.310861 0.041910 0.019056
2 0.627525 0.310303 0.096907 0.019460
0 0.730861 0.310167 0.406941 0.025491
1 0.572871 0.336956 0.083575 0.019362
2 0.661200 0.336306 0.080241 0.019338
3 0.814951 0.335800 0.206052 0.019014
3 0.743149 0.357579 0.348545 0.020062
3 0.743427 0.378828 0.348545 0.020062
3 0.743705 0.400077 0.348545 0.020062
3 0.704401 0.421617 0.269383 0.019480
0 0.731761 0.378914 0.408053 0.110487
1 0.563926 0.449527 0.062742 0.019209
2 0.643089 0.448945 0.082741 0.019356
3 0.811006 0.448334 0.231884 0.019204
3 0.744620 0.470074 0.348545 0.020062
3 0.749898 0.491286 0.358545 0.020136
3 0.745176 0.512572 0.348545 0.020062
3 0.745454 0.533821 0.348545 0.020062
3 0.706151 0.555361 0.269383 0.019480
0 0.733371 0.502033 0.408331 0.131736
1 0.576116 0.585069 0.083575 0.019362
2 0.675695 0.584336 0.102740 0.019503
3 0.832779 0.583805 0.190220 0.018897
3 0.746394 0.605692 0.348545 0.020062
3 0.746672 0.626941 0.348545 0.020062
3 0.746950 0.648190 0.348545 0.020062
3 0.747228 0.669439 0.348545 0.020062
3 0.747506 0.690688 0.348545 0.020062
3 0.747784 0.711937 0.348545 0.020062
3 0.721397 0.733382 0.295215 0.019670
0 0.735423 0.658900 0.408887 0.174234
1 0.578512 0.768185 0.083575 0.019362
2 0.658508 0.767597 0.063576 0.019215
3 0.811842 0.767093 0.221885 0.019130
3 0.582548 0.790032 0.016061 0.017616
0 0.736985 0.778270 0.407219 0.046740
1 0.568725 0.816385 0.062742 0.019209
2 0.637472 0.815879 0.061909 0.019203
3 0.805805 0.815265 0.253550 0.019363
3 0.749419 0.836931 0.348545 0.020062
3 0.749697 0.858180 0.348545 0.020062
3 0.749975 0.879429 0.348545 0.020062
3 0.750253 0.900678 0.348545 0.020062
3 0.750531 0.921927 0.348545 0.020062
3 0.750809 0.943176 0.348545 0.020062
3 0.751087 0.964425 0.348545 0.020062
3 0.648454 0.986431 0.142722 0.018548
0 0.738587 0.900764 0.409165 0.195483
