3 0.497406 0.036267 0.994813 0.031442
0 0.082755 0.087048 0.041880 0.019018
1 0.146086 0.086640 0.071879 0.019211
2 0.327336 0.086097 0.269357 0.019234
2 0.273831 0.107693 0.348521 0.019744
2 0.279075 0.128910 0.358521 0.019808
2 0.255569 0.150312 0.311022 0.019502
0 0.094209 0.177603 0.062712 0.019152
1 0.178372 0.177060 0.092711 0.019345
2 0.322541 0.176756 0.174361 0.018622
0 0.105005 0.210659 0.083545 0.019286
1 0.195001 0.210079 0.083545 0.019286
2 0.350419 0.209703 0.206026 0.018826
2 0.227751 0.231744 0.253524 0.019132
0 0.095168 0.261350 0.062712 0.019152
1 0.158916 0.260939 0.051880 0.019082
2 0.322250 0.260511 0.253524 0.019132
2 0.133334 0.282979 0.063531 0.017907
0 0.085360 0.314540 0.041880 0.019018
1 0.154525 0.314094 0.083545 0.019286
2 0.330775 0.313583 0.247691 0.019094
2 0.276437 0.335184 0.348521 0.019744
2 0.281680 0.356401 0.358521 0.019808
2 0.276924 0.377683 0.348521 0.019744
2 0.245502 0.399136 0.285190 0.019336
0 0.107474 0.426276 0.083545 0.019286
1 0.194971 0.425713 0.078545 0.019254
2 0.347889 0.425352 0.206026 0.018826
0 0.087000 0.457659 0.041880 0.019018
1 0.145748 0.457281 0.062712 0.019152
2 0.322415 0.456768 0.269357 0.019234
2 0.278077 0.478304 0.348521 0.019744
2 0.278320 0.499553 0.348521 0.019744
2 0.283563 0.520770 0.358521 0.019808
2 0.283807 0.542019 0.358521 0.019808
2 0.181137 0.563932 0.152695 0.018482
0 0.109350 0.590020 0.083545 0.019286
1 0.198513 0.589446 0.081878 0.019275
2 0.353098 0.589075 0.206026 0.018826
2 0.129183 0.611768 0.047699 0.017805
0 0.109959 0.643143 0.083545 0.019286
1 0.182039 0.642679 0.047713 0.019055
2 0.303709 0.642520 0.174361 0.018622
0 0.089427 0.669527 0.041880 0.019018
1 0.134008 0.669239 0.034380 0.018969
2 0.312342 0.668715 0.301023 0.019438
2 0.280503 0.690171 0.348521 0.019744
2 0.280747 0.711420 0.348521 0.019744
2 0.280990 0.732670 0.348521 0.019744
2 0.281234 0.753919 0.348521 0.019744
2 0.281477 0.775168 0.348521 0.019744
2 0.139226 0.797335 0.063531 0.017907
0 0.091288 0.832021 0.041880 0.019018
1 0.150869 0.831637 0.064379 0.019163
2 0.328370 0.831118 0.269357 0.019234
2 0.282365 0.852665 0.348521 0.019744
2 0.282608 0.873914 0.348521 0.019744
2 0.282852 0.895164 0.348521 0.019744
2 0.283095 0.916413 0.348521 0.019744
2 0.283338 0.937662 0.348521 0.019744
2 0.156920 0.959727 0.095197 0.018111
0 0.549404 0.084041 0.041880 0.019018
1 0.614402 0.083623 0.075212 0.019233
2 0.789402 0.083120 0.253524 0.019132
2 0.613819 0.105502 0.095197 0.018111
0 0.560450 0.138972 0.062712 0.019152
1 0.630448 0.138521 0.064379 0.019163
2 0.800032 0.138054 0.253524 0.019132
2 0.741111 0.159684 0.348521 0.019744
2 0.741354 0.180933 0.348521 0.019744
2 0.741598 0.202182 0.348521 0.019744
2 0.741841 0.223432 0.348521 0.019744
2 0.575841 0.245752 0.016033 0.017601
0 0.562068 0.280217 0.062712 0.019152
1 0.632066 0.279766 0.064379 0.019163
2 0.798733 0.279317 0.247691 0.019094
2 0.742729 0.300929 0.348521 0.019744
2 0.687558 0.322535 0.237692 0.019030
0 0.573272 0.348897 0.083545 0.019286
1 0.657436 0.348355 0.071879 0.019211
2 0.814937 0.347965 0.221859 0.018928
2 0.743516 0.369676 0.348521 0.019744
2 0.743760 0.390925 0.348521 0.019744
2 0.744003 0.412175 0.348521 0.019744
2 0.744246 0.433424 0.348521 0.019744
2 0.712824 0.454877 0.285190 0.019336
0 0.574833 0.485142 0.083545 0.019286
1 0.644413 0.484694 0.042713 0.019023
2 0.803165 0.484296 0.253524 0.019132
2 0.586749 0.506941 0.031866 0.017703
0 0.565039 0.539582 0.062712 0.019152
1 0.631703 0.539153 0.057713 0.019120
2 0.766289 0.538911 0.190193 0.018724
0 0.554931 0.566524 0.041880 0.019018
1 0.609095 0.566175 0.053546 0.019093
2 0.789096 0.565640 0.285190 0.019336
2 0.746008 0.587168 0.348521 0.019744
2 0.746251 0.608417 0.348521 0.019744
2 0.746494 0.629667 0.348521 0.019744
2 0.746738 0.650916 0.348521 0.019744
2 0.636152 0.672879 0.126862 0.018315
0 0.556477 0.701519 0.041880 0.019018
1 0.631058 0.701038 0.094378 0.019356
2 0.807725 0.700525 0.237692 0.019030
2 0.747554 0.722163 0.348521 0.019744
2 0.747797 0.743412 0.348521 0.019744
2 0.605546 0.765580 0.063531 0.017907
0 0.567960 0.794573 0.062712 0.019152
1 0.630874 0.794168 0.050213 0.019071
2 0.801292 0.793695 0.269357 0.019234
2 0.590293 0.816305 0.031866 0.017703
0 0.578956 0.845129 0.083545 0.019286
1 0.665203 0.844573 0.076045 0.019238
2 0.824787 0.844170 0.221859 0.018928
2 0.749200 0.865908 0.348521 0.019744
2 0.754444 0.887125 0.358521 0.019808
2 0.749687 0.908406 0.348521 0.019744
2 0.631185 0.930421 0.111030 0.018213
