1 0.087861 0.084174 0.041683 0.018770
2 0.136611 0.084198 0.042516 0.018771
3 0.311193 0.084908 0.285015 0.017639
3 0.112425 0.106061 0.015849 0.017508
0 0.267018 0.095511 0.406705 0.043948
1 0.087818 0.132924 0.041683 0.018770
2 0.149902 0.132954 0.069183 0.018784
0 0.266985 0.133636 0.406686 0.022698
1 0.108628 0.160434 0.083350 0.018791
2 0.183628 0.160471 0.053350 0.018776
3 0.339877 0.161172 0.237515 0.017616
3 0.144026 0.182326 0.079182 0.017539
0 0.266951 0.171761 0.406705 0.043948
1 0.087752 0.209174 0.041683 0.018770
2 0.151919 0.209205 0.073350 0.018786
3 0.331085 0.209917 0.263348 0.017629
3 0.278567 0.231142 0.348348 0.017670
3 0.278548 0.252392 0.348348 0.017670
3 0.278530 0.273642 0.348348 0.017670
3 0.278511 0.294892 0.348348 0.017670
3 0.204326 0.316106 0.200015 0.017598
0 0.266872 0.263011 0.406778 0.128948
1 0.087631 0.349174 0.041683 0.018770
2 0.156381 0.349207 0.082516 0.018790
3 0.335130 0.349919 0.253348 0.017624
3 0.199278 0.371103 0.190015 0.017593
0 0.266788 0.360511 0.406705 0.043948
1 0.108416 0.404184 0.083350 0.018791
2 0.192166 0.404225 0.070850 0.018785
3 0.349249 0.404926 0.221682 0.017608
3 0.127981 0.426068 0.047515 0.017523
0 0.266740 0.415511 0.406705 0.043948
1 0.087536 0.457924 0.041683 0.018770
2 0.148786 0.457954 0.067516 0.018783
3 0.296286 0.458651 0.205848 0.017600
0 0.266703 0.458636 0.406686 0.022698
1 0.108346 0.485434 0.083350 0.018791
2 0.192513 0.485475 0.071683 0.018785
3 0.350012 0.486177 0.221682 0.017608
3 0.159577 0.507334 0.110848 0.017554
0 0.266669 0.496761 0.406705 0.043948
1 0.097886 0.534804 0.062516 0.018781
2 0.174970 0.534841 0.078350 0.018788
3 0.312052 0.535533 0.174182 0.017585
0 0.266636 0.535511 0.406686 0.022698
1 0.097862 0.562929 0.062516 0.018781
2 0.177862 0.562968 0.084183 0.018791
3 0.341611 0.563673 0.221682 0.017608
3 0.278260 0.584892 0.348348 0.017670
3 0.278241 0.606142 0.348348 0.017670
3 0.278223 0.627392 0.348348 0.017670
3 0.278204 0.648642 0.348348 0.017670
3 0.135686 0.669822 0.063349 0.017531
0 0.266565 0.616761 0.406778 0.128948
1 0.108163 0.696684 0.083350 0.018791
2 0.204829 0.696731 0.096683 0.018797
3 0.358995 0.697431 0.190015 0.017593
3 0.267310 0.718636 0.326682 0.017659
0 0.266486 0.708011 0.406705 0.043948
1 0.097700 0.749179 0.062516 0.018781
2 0.165617 0.749212 0.060016 0.018779
3 0.333116 0.749919 0.253348 0.017624
3 0.191015 0.771099 0.174182 0.017585
0 0.266441 0.760511 0.406705 0.043948
1 0.108076 0.796684 0.083350 0.018791
2 0.196409 0.796727 0.080016 0.018789
3 0.350159 0.797427 0.205848 0.017600
3 0.278057 0.818642 0.348348 0.017670
0 0.266399 0.808011 0.406705 0.043948
1 0.108028 0.851684 0.083350 0.018791
2 0.181778 0.851720 0.050850 0.018775
3 0.336777 0.852420 0.237515 0.017616
3 0.167176 0.873588 0.126682 0.017562
0 0.266352 0.863011 0.406705 0.043948
1 0.575361 0.084412 0.083350 0.018791
2 0.646194 0.084446 0.045016 0.018772
3 0.806193 0.085149 0.253348 0.017624
3 0.745342 0.106370 0.348348 0.017670
3 0.745323 0.127620 0.348348 0.017670
3 0.745305 0.148870 0.348348 0.017670
3 0.745286 0.170120 0.348348 0.017670
3 0.602768 0.191300 0.063349 0.017531
0 0.733647 0.138239 0.406778 0.128948
1 0.554412 0.217526 0.041683 0.018770
2 0.621912 0.217559 0.080016 0.018789
3 0.799411 0.218271 0.253348 0.017624
3 0.745226 0.239495 0.348348 0.017670
3 0.745208 0.260745 0.348348 0.017670
3 0.745189 0.281995 0.348348 0.017670
3 0.745171 0.303245 0.348348 0.017670
3 0.745152 0.324495 0.348348 0.017670
3 0.729301 0.345737 0.316682 0.017655
0 0.733523 0.281989 0.406797 0.150198
1 0.554276 0.373776 0.041683 0.018770
2 0.623860 0.373810 0.084183 0.018791
0 0.733442 0.374489 0.406686 0.022698
1 0.575086 0.400662 0.083350 0.018791
2 0.663836 0.400705 0.080850 0.018789
3 0.818002 0.401405 0.205848 0.017600
3 0.745067 0.422620 0.348348 0.017670
3 0.745049 0.443870 0.348348 0.017670
3 0.745030 0.465120 0.348348 0.017670
3 0.745012 0.486370 0.348348 0.017670
0 0.733382 0.443864 0.406760 0.107698
1 0.564570 0.515032 0.062516 0.018781
2 0.639987 0.515068 0.075016 0.018787
0 0.733320 0.515739 0.406686 0.022698
1 0.564545 0.544407 0.062516 0.018781
2 0.628711 0.544438 0.052516 0.018776
3 0.792461 0.545143 0.253348 0.017624
3 0.642026 0.566319 0.142515 0.017570
0 0.733285 0.555739 0.406705 0.043948
1 0.564499 0.597532 0.062516 0.018781
2 0.636582 0.597567 0.068350 0.018783
3 0.800331 0.598272 0.237515 0.017616
3 0.744896 0.619495 0.348348 0.017670
3 0.744878 0.640745 0.348348 0.017670
3 0.744859 0.661995 0.348348 0.017670
3 0.744841 0.683245 0.348348 0.017670
3 0.741906 0.704493 0.342515 0.017667
0 0.733202 0.651364 0.406778 0.128948
1 0.574794 0.737537 0.083350 0.018791
2 0.660211 0.737578 0.074183 0.018786
3 0.818960 0.738281 0.221682 0.017608
3 0.744775 0.759495 0.348348 0.017670
3 0.744756 0.780745 0.348348 0.017670
3 0.744738 0.801995 0.348348 0.017670
3 0.618053 0.823183 0.095015 0.017546
0 0.733090 0.780739 0.406760 0.107698
1 0.553856 0.858151 0.041683 0.018770
2 0.614689 0.858181 0.066683 0.018783
3 0.793439 0.858893 0.269182 0.017631
3 0.744670 0.880120 0.348348 0.017670
3 0.749652 0.901372 0.358348 0.017675
3 0.744633 0.922619 0.348348 0.017670
3 0.744615 0.943869 0.348348 0.017670
3 0.744596 0.965119 0.348348 0.017670
3 0.744578 0.986369 0.348348 0.017670
0 0.732967 0.922614 0.406797 0.150198
