1 0.170417 0.085938 0.059167 0.021875
0 0.266667 0.085938 0.400000 0.021875
1 0.175000 0.114062 0.115000 0.021875
0 0.266667 0.123438 0.400000 0.040625
1 0.176667 0.165313 0.071667 0.021875
0 0.266667 0.165313 0.400000 0.021875
1 0.151250 0.195312 0.067500 0.021875
0 0.266667 0.195312 0.400000 0.021875
1 0.170833 0.229687 0.060000 0.021875
0 0.266667 0.267188 0.400000 0.096875
1 0.166667 0.333437 0.098333 0.021875
0 0.266667 0.361563 0.400000 0.078125
1 0.175000 0.420312 0.115000 0.021875
0 0.266667 0.429688 0.400000 0.040625
1 0.200417 0.470938 0.072500 0.021875
0 0.266667 0.508437 0.400000 0.096875
1 0.225833 0.579688 0.123333 0.021875
0 0.266667 0.579688 0.400000 0.021875
1 0.217083 0.609688 0.105833 0.021875
0 0.266667 0.609688 0.400000 0.021875
1 0.186667 0.639062 0.091667 0.021875
0 0.266667 0.648438 0.400000 0.040625
1 0.192917 0.690312 0.057500 0.021875
0 0.266667 0.737187 0.400000 0.115625
1 0.192083 0.817187 0.102500 0.021875
0 0.266667 0.835938 0.400000 0.059375
1 0.171250 0.882812 0.107500 0.021875
0 0.266667 0.892188 0.400000 0.040625
1 0.618333 0.085938 0.068333 0.021875
0 0.733333 0.151562 0.400000 0.153125
1 0.667500 0.245938 0.120000 0.021875
0 0.733333 0.292812 0.400000 0.115625
1 0.643333 0.367812 0.071667 0.021875
0 0.733333 0.367812 0.400000 0.021875
1 0.666250 0.400938 0.070833 0.021875
0 0.733333 0.410313 0.400000 0.040625
1 0.684583 0.451562 0.107500 0.021875
0 0.733333 0.489063 0.400000 0.096875
1 0.667917 0.558438 0.120833 0.021875
0 0.733333 0.567813 0.400000 0.040625
1 0.671250 0.607812 0.127500 0.021875
0 0.733333 0.607812 0.400000 0.021875
1 0.665000 0.639062 0.068333 0.021875
0 0.733333 0.639062 0.400000 0.021875
1 0.672500 0.671562 0.083333 0.021875
0 0.733333 0.718437 0.400000 0.115625
1 0.671667 0.793438 0.128333 0.021875
0 0.733333 0.830937 0.400000 0.096875
1 0.688750 0.902813 0.115833 0.021875
0 0.733333 0.902813 0.400000 0.021875
