0 0.26666666666666666 0.096875 0.4 0.04375
0 0.26666666666666666 0.205625 0.4 0.13875
0 0.26666666666666666 0.338125 0.4 0.09125
0 0.26666666666666666 0.423125 0.4 0.04375
0 0.26666666666666666 0.484375 0.4 0.04375
0 0.26666666666666666 0.58125 0.4 0.115
0 0.26666666666666666 0.701875 0.4 0.09125
0 0.26666666666666666 0.786875 0.4 0.04375
0 0.26666666666666666 0.871875 0.4 0.09125
0 0.7333333333333333 0.096875 0.4 0.04375
0 0.7333333333333333 0.14625 0.4 0.02
0 0.7333333333333333 0.219375 0.4 0.09125
0 0.7333333333333333 0.31625 0.4 0.0675
0 0.7333333333333333 0.413125 0.4 0.09125
0 0.7333333333333333 0.498125 0.4 0.04375
0 0.7333333333333333 0.583125 0.4 0.09125
0 0.7333333333333333 0.668125 0.4 0.04375
0 0.7333333333333333 0.729375 0.4 0.04375
0 0.7333333333333333 0.814375 0.4 0.09125
0 0.7333333333333333 0.935 0.4 0.115
