1 0.089103 0.083483 0.041739 0.018840
2 0.146603 0.083607 0.060072 0.018880
0 0.268267 0.084496 0.406752 0.023381
1 0.099390 0.117255 0.062572 0.018885
2 0.174806 0.117419 0.075072 0.018912
0 0.268137 0.118246 0.406752 0.023381
1 0.099281 0.145380 0.062572 0.018885
2 0.155531 0.145502 0.036739 0.018829
3 0.319278 0.146482 0.269233 0.018083
3 0.152947 0.167371 0.095067 0.017706
0 0.267987 0.156996 0.406834 0.044631
1 0.109503 0.196027 0.083405 0.018931
2 0.179919 0.196180 0.044239 0.018846
3 0.339500 0.197151 0.253400 0.018049
3 0.279418 0.218271 0.348399 0.018255
3 0.279336 0.239521 0.348399 0.018255
3 0.279254 0.260771 0.348399 0.018255
3 0.279172 0.282020 0.348399 0.018255
3 0.176174 0.303047 0.142567 0.017809
0 0.267629 0.250120 0.407161 0.129631
1 0.098547 0.336004 0.062572 0.018885
2 0.163547 0.336145 0.054239 0.018867
3 0.328127 0.337127 0.253400 0.018049
3 0.128462 0.357944 0.047567 0.017603
0 0.267253 0.347620 0.406834 0.044631
1 0.087914 0.392231 0.041739 0.018840
2 0.153747 0.392374 0.076739 0.018916
3 0.329577 0.393380 0.253400 0.018049
3 0.278662 0.414520 0.348399 0.018255
3 0.278580 0.435770 0.348399 0.018255
3 0.278498 0.457020 0.348399 0.018255
3 0.128000 0.477944 0.047567 0.017603
0 0.266913 0.435745 0.407079 0.108381
1 0.097897 0.504753 0.062572 0.018885
2 0.162063 0.504893 0.052572 0.018864
3 0.286227 0.505787 0.174233 0.017877
0 0.266644 0.505744 0.406752 0.023381
1 0.097759 0.540378 0.062572 0.018885
2 0.161092 0.540516 0.050905 0.018860
3 0.331923 0.541511 0.269233 0.018083
3 0.278091 0.562644 0.348399 0.018255
3 0.278009 0.583894 0.348399 0.018255
3 0.227511 0.605035 0.247566 0.018036
0 0.266383 0.573244 0.406997 0.087131
1 0.097379 0.639128 0.062572 0.018885
2 0.163629 0.639272 0.056739 0.018873
3 0.329459 0.640256 0.253400 0.018049
3 0.277711 0.661394 0.348399 0.018255
3 0.222212 0.682524 0.237566 0.018015
0 0.266044 0.661369 0.406915 0.065881
1 0.086661 0.717230 0.041739 0.018840
2 0.152911 0.717374 0.077572 0.018918
3 0.329158 0.718381 0.253400 0.018049
3 0.126993 0.739193 0.047567 0.017603
0 0.265784 0.728868 0.406834 0.044631
1 0.107283 0.772275 0.083405 0.018931
2 0.180199 0.772433 0.049239 0.018856
3 0.334363 0.773392 0.237566 0.018015
3 0.282198 0.794529 0.358399 0.018277
3 0.277116 0.815768 0.348399 0.018255
3 0.277034 0.837018 0.348399 0.018255
3 0.276952 0.858268 0.348399 0.018255
3 0.158121 0.879261 0.110900 0.017740
0 0.265408 0.826368 0.407161 0.129631
1 0.555768 0.084494 0.041739 0.018840
2 0.617018 0.084627 0.067572 0.018896
3 0.793265 0.085634 0.263400 0.018071
3 0.680266 0.106639 0.215900 0.017968
0 0.734890 0.096132 0.406834 0.044631
1 0.555556 0.139494 0.041739 0.018840
2 0.605139 0.139601 0.044239 0.018846
0 0.734720 0.140507 0.406752 0.023381
1 0.576266 0.171414 0.083405 0.018931
2 0.664599 0.171605 0.080072 0.018923
0 0.734597 0.172382 0.406752 0.023381
1 0.576165 0.197664 0.083405 0.018931
2 0.661165 0.197848 0.073405 0.018909
3 0.819495 0.198816 0.221733 0.017980
3 0.746080 0.219907 0.348399 0.018255
3 0.745998 0.241157 0.348399 0.018255
3 0.745917 0.262407 0.348399 0.018255
3 0.745835 0.283657 0.348399 0.018255
3 0.745753 0.304907 0.348399 0.018255
3 0.745671 0.326157 0.348399 0.018255
0 0.734250 0.262382 0.407243 0.150881
1 0.554725 0.355118 0.041739 0.018840
2 0.617642 0.355254 0.070905 0.018903
0 0.733889 0.356131 0.406752 0.023381
1 0.554624 0.381368 0.041739 0.018840
2 0.621290 0.381512 0.078405 0.018920
3 0.797954 0.382520 0.253400 0.018049
3 0.745372 0.403656 0.348399 0.018255
3 0.745290 0.424906 0.348399 0.018255
3 0.750208 0.446167 0.358399 0.018277
3 0.745127 0.467406 0.348399 0.018255
3 0.697545 0.488553 0.253400 0.018049
0 0.733583 0.435506 0.407161 0.129631
1 0.554097 0.518242 0.041739 0.018840
2 0.624513 0.518395 0.085905 0.018936
0 0.733260 0.519256 0.406752 0.023381
1 0.553988 0.546367 0.041739 0.018840
2 0.625655 0.546523 0.088405 0.018941
3 0.799401 0.547524 0.237566 0.018015
3 0.744736 0.568656 0.348399 0.018255
3 0.744655 0.589906 0.348399 0.018255
3 0.744573 0.611156 0.348399 0.018255
3 0.617825 0.632131 0.095067 0.017706
0 0.732988 0.589880 0.407079 0.108381
1 0.563969 0.659514 0.062572 0.018885
2 0.637719 0.659674 0.071739 0.018905
3 0.803132 0.660658 0.237566 0.018015
3 0.665134 0.681609 0.190067 0.017912
0 0.732675 0.671130 0.406834 0.044631
1 0.563750 0.716389 0.062572 0.018885
2 0.626250 0.716525 0.049239 0.018856
3 0.748747 0.717415 0.174233 0.017877
0 0.732497 0.717380 0.406752 0.023381
1 0.553222 0.745116 0.041739 0.018840
2 0.607389 0.745234 0.053405 0.018866
0 0.732386 0.746130 0.406752 0.023381
1 0.563507 0.779514 0.062572 0.018885
2 0.625590 0.779648 0.048405 0.018855
3 0.795170 0.780641 0.269233 0.018083
3 0.622172 0.801516 0.105067 0.017728
0 0.732213 0.791130 0.406834 0.044631
1 0.552880 0.833866 0.041739 0.018840
2 0.604547 0.833978 0.048405 0.018855
3 0.782044 0.834988 0.285066 0.018118
3 0.748629 0.856165 0.358399 0.018277
3 0.743547 0.877404 0.348399 0.018255
3 0.743465 0.898654 0.348399 0.018255
3 0.743383 0.919904 0.348399 0.018255
3 0.648302 0.940948 0.158400 0.017843
0 0.731839 0.888004 0.407161 0.129631
