3 0.494513 0.032575 0.989025 0.038464
0 0.098445 0.089717 0.083769 0.019869
1 0.173017 0.088712 0.052940 0.019454
2 0.328840 0.087239 0.237881 0.020696
2 0.118549 0.111325 0.047911 0.018137
0 0.078857 0.141864 0.042109 0.019308
1 0.135515 0.141101 0.058773 0.019533
2 0.310085 0.139375 0.269542 0.021122
2 0.270184 0.161165 0.348696 0.022188
2 0.270692 0.182412 0.348696 0.022188
2 0.207878 0.204512 0.222050 0.020483
0 0.081207 0.239973 0.042109 0.019308
1 0.143280 0.239137 0.069604 0.019678
0 0.081835 0.266219 0.042109 0.019308
1 0.149741 0.265304 0.081269 0.019836
2 0.327644 0.263533 0.253711 0.020909
0 0.082539 0.295589 0.042109 0.019308
1 0.148361 0.294703 0.077103 0.019780
2 0.324181 0.292960 0.253711 0.020909
2 0.273865 0.314891 0.348696 0.022188
2 0.274374 0.336137 0.348696 0.022188
2 0.227390 0.358024 0.253711 0.020909
0 0.084708 0.386200 0.042109 0.019308
1 0.140949 0.385442 0.057940 0.019521
0 0.095961 0.421054 0.062939 0.019589
1 0.171782 0.420032 0.076270 0.019768
0 0.086384 0.456188 0.042109 0.019308
1 0.138459 0.455487 0.049608 0.019409
2 0.316362 0.453716 0.285373 0.021335
2 0.119403 0.477622 0.032081 0.017924
0 0.082984 0.505617 0.032944 0.019185
1 0.133809 0.504933 0.056273 0.019499
2 0.243806 0.504076 0.142896 0.019416
0 0.088270 0.534926 0.042109 0.019308
1 0.144511 0.534168 0.057940 0.019521
2 0.323664 0.532380 0.279541 0.021257
2 0.113373 0.556466 0.016250 0.017710
0 0.100002 0.589777 0.062939 0.019589
1 0.162492 0.588935 0.049608 0.019409
2 0.332479 0.587270 0.269542 0.021122
2 0.138436 0.611137 0.063742 0.018350
0 0.090739 0.638034 0.042109 0.019308
1 0.159478 0.637108 0.082936 0.019858
2 0.338214 0.635326 0.253711 0.020909
2 0.282065 0.657335 0.348696 0.022188
2 0.282574 0.678582 0.348696 0.022188
2 0.235590 0.700468 0.253711 0.020909
0 0.092909 0.728644 0.042109 0.019308
1 0.166230 0.727657 0.092101 0.019982
2 0.341634 0.725919 0.237881 0.020696
2 0.284235 0.747946 0.348696 0.022188
2 0.284744 0.769192 0.348696 0.022188
2 0.285253 0.790439 0.348696 0.022188
2 0.285761 0.811686 0.348696 0.022188
2 0.286270 0.832932 0.348696 0.022188
2 0.286779 0.854179 0.348696 0.022188
2 0.152726 0.877238 0.079573 0.018563
0 0.544207 0.083713 0.042109 0.019308
1 0.611696 0.082803 0.080436 0.019824
2 0.786266 0.081077 0.247879 0.020830
2 0.735533 0.103014 0.348696 0.022188
2 0.741041 0.124193 0.358695 0.022323
2 0.594074 0.147426 0.063742 0.018350
0 0.556836 0.176057 0.062939 0.019589
1 0.633907 0.175019 0.078770 0.019802
0 0.568089 0.210911 0.083769 0.019869
1 0.644327 0.209884 0.056273 0.019499
2 0.785986 0.208601 0.206219 0.020269
0 0.568718 0.237157 0.083769 0.019869
1 0.647039 0.236102 0.060439 0.019555
2 0.767034 0.235111 0.158727 0.019630
0 0.559141 0.272292 0.062939 0.019589
1 0.628296 0.271360 0.062939 0.019589
2 0.797034 0.269712 0.253711 0.020909
2 0.629237 0.293226 0.127065 0.019203
0 0.550043 0.327423 0.042109 0.019308
1 0.608783 0.326632 0.062939 0.019589
2 0.782520 0.324917 0.263710 0.021044
2 0.741369 0.346725 0.348696 0.022188
2 0.741878 0.367971 0.348696 0.022188
2 0.747386 0.389150 0.358695 0.022323
2 0.742895 0.410464 0.348696 0.022188
2 0.743404 0.431711 0.348696 0.022188
2 0.672674 0.453917 0.206219 0.020269
0 0.553844 0.486148 0.042109 0.019308
1 0.610918 0.485379 0.059606 0.019544
0 0.554697 0.521767 0.042109 0.019308
1 0.629268 0.520762 0.094600 0.020015
2 0.803005 0.519047 0.232048 0.020617
2 0.746023 0.541068 0.348696 0.022188
2 0.746532 0.562315 0.348696 0.022188
2 0.747041 0.583561 0.348696 0.022188
2 0.747549 0.604808 0.348696 0.022188
2 0.737227 0.626200 0.327033 0.021897
0 0.578759 0.656465 0.083769 0.019869
1 0.667495 0.655269 0.081269 0.019836
2 0.821651 0.653818 0.206219 0.020269
2 0.749255 0.676046 0.348696 0.022188
2 0.749764 0.697293 0.348696 0.022188
2 0.750273 0.718540 0.348696 0.022188
2 0.755781 0.739719 0.358695 0.022323
2 0.756290 0.760965 0.358695 0.022323
2 0.648899 0.783665 0.142896 0.019416
0 0.561670 0.812970 0.042109 0.019308
1 0.630409 0.812044 0.082936 0.019858
0 0.583143 0.839560 0.083769 0.019869
1 0.672712 0.838354 0.082936 0.019858
2 0.827702 0.836891 0.206219 0.020269
2 0.642824 0.860635 0.127065 0.019203
0 0.563630 0.894832 0.042109 0.019308
1 0.626953 0.893979 0.072104 0.019712
