3 0.491506 0.036431 0.983013 0.045922
0 0.082607 0.092953 0.063173 0.020051
1 0.168823 0.091148 0.097327 0.020766
0 0.083793 0.124816 0.063173 0.020051
1 0.148768 0.123455 0.054843 0.019877
2 0.273742 0.121464 0.174750 0.021139
0 0.084933 0.155429 0.063173 0.020051
1 0.142827 0.154217 0.040682 0.019580
2 0.308202 0.151379 0.269713 0.023127
2 0.250266 0.173850 0.317195 0.024122
0 0.097229 0.205816 0.083999 0.020487
1 0.185944 0.203959 0.081500 0.020435
2 0.340074 0.201356 0.206404 0.021802
2 0.165100 0.226279 0.143096 0.020476
0 0.073613 0.254455 0.033185 0.019423
1 0.126093 0.253356 0.059841 0.019981
0 0.100067 0.282037 0.083999 0.020487
1 0.182951 0.280301 0.069837 0.020191
2 0.339163 0.277655 0.222232 0.022133
2 0.270814 0.300345 0.348849 0.024785
2 0.271605 0.321586 0.348849 0.024785
2 0.272396 0.342828 0.348849 0.024785
0 0.103741 0.380748 0.083999 0.020487
1 0.182461 0.379100 0.061507 0.020016
0 0.084032 0.411173 0.042348 0.019615
1 0.151090 0.409768 0.079834 0.020400
2 0.328127 0.406686 0.253886 0.022796
2 0.280604 0.428940 0.358845 0.024994
2 0.276396 0.450286 0.348849 0.024785
2 0.277187 0.471528 0.348849 0.024785
2 0.277978 0.492770 0.348849 0.024785
2 0.278769 0.514011 0.348849 0.024785
2 0.145028 0.538070 0.079787 0.019150
0 0.110905 0.573173 0.083999 0.020487
1 0.199620 0.571315 0.081500 0.020435
2 0.353750 0.568713 0.206404 0.021802
2 0.202517 0.593138 0.190577 0.021470
0 0.092126 0.628588 0.042348 0.019615
1 0.157934 0.627210 0.077335 0.020347
2 0.286241 0.625148 0.158923 0.020807
0 0.103562 0.655859 0.063173 0.020051
1 0.170203 0.654464 0.058175 0.019946
0 0.094150 0.682942 0.042348 0.019615
1 0.159541 0.681572 0.076502 0.020330
2 0.334912 0.678525 0.253886 0.022796
2 0.238241 0.701808 0.253886 0.022796
0 0.117022 0.737484 0.083999 0.020487
1 0.197407 0.735801 0.064839 0.020086
2 0.356118 0.733103 0.232228 0.022342
2 0.240288 0.756786 0.253886 0.022796
0 0.108400 0.785808 0.063173 0.020051
1 0.192117 0.784055 0.092329 0.020661
2 0.359575 0.781174 0.222232 0.022133
2 0.202511 0.805721 0.174750 0.021139
0 0.120650 0.834946 0.083999 0.020487
1 0.190623 0.833481 0.044014 0.019650
0 0.121813 0.866184 0.083999 0.020487
1 0.204697 0.864448 0.069837 0.020191
2 0.360910 0.861802 0.222232 0.022133
2 0.134289 0.887806 0.032306 0.018156
0 0.538679 0.083403 0.042348 0.019615
1 0.597823 0.082165 0.064006 0.020068
2 0.774860 0.079083 0.269713 0.023127
2 0.730252 0.101275 0.348849 0.024785
2 0.736041 0.122412 0.358845 0.024994
2 0.731834 0.143758 0.348849 0.024785
2 0.732624 0.165000 0.348849 0.024785
2 0.733415 0.186242 0.348849 0.024785
2 0.647156 0.209306 0.174750 0.021139
0 0.565365 0.240406 0.083999 0.020487
1 0.645751 0.238722 0.064839 0.020086
0 0.545563 0.268331 0.042348 0.019615
1 0.607206 0.267040 0.069004 0.020173
2 0.786743 0.263906 0.269713 0.023127
2 0.737136 0.286203 0.348849 0.024785
2 0.690446 0.308439 0.253886 0.022796
0 0.558558 0.337461 0.063173 0.020051
1 0.632695 0.335908 0.073169 0.020260
2 0.798487 0.333062 0.238059 0.022465
2 0.739718 0.355551 0.348849 0.024785
2 0.740509 0.376793 0.348849 0.024785
2 0.741300 0.398034 0.348849 0.024785
2 0.742090 0.419276 0.348849 0.024785
2 0.742881 0.440518 0.348849 0.024785
2 0.743672 0.461760 0.348849 0.024785
2 0.609932 0.485818 0.079787 0.019150
0 0.565093 0.513018 0.063173 0.020051
1 0.637565 0.511500 0.069837 0.020191
2 0.801691 0.508688 0.238059 0.022465
2 0.603809 0.534090 0.063960 0.018819
0 0.577576 0.568403 0.083999 0.020487
1 0.655879 0.566763 0.060674 0.019999
0 0.557727 0.595079 0.042348 0.019615
1 0.631032 0.593544 0.092329 0.020661
2 0.806404 0.590497 0.238059 0.022465
2 0.614769 0.615768 0.079787 0.019150
0 0.580483 0.646497 0.083999 0.020487
1 0.666699 0.644692 0.076502 0.020330
2 0.786676 0.642805 0.143096 0.020476
0 0.581623 0.677110 0.083999 0.020487
1 0.674920 0.675157 0.090663 0.020627
2 0.830715 0.672520 0.200573 0.021680
2 0.757368 0.695314 0.358845 0.024994
2 0.753161 0.716660 0.348849 0.024785
2 0.753952 0.737902 0.348849 0.024785
2 0.588557 0.762624 0.016478 0.017825
0 0.565240 0.796875 0.042348 0.019615
1 0.632713 0.795462 0.080667 0.020417
0 0.566333 0.826239 0.042348 0.019615
1 0.629225 0.824922 0.071503 0.020225
2 0.810011 0.821761 0.269713 0.023127
2 0.631288 0.846762 0.095614 0.019482
0 0.568426 0.882467 0.042348 0.019615
1 0.630902 0.881158 0.070670 0.020208
