1 0.098497 0.084060 0.062526 0.018799
2 0.172247 0.084118 0.071693 0.018806
3 0.337662 0.084872 0.237524 0.017686
3 0.278883 0.106076 0.348358 0.017773
3 0.283853 0.127330 0.358358 0.017781
3 0.278823 0.148576 0.348358 0.017773
3 0.278794 0.169826 0.348358 0.017773
3 0.278764 0.191076 0.348358 0.017773
3 0.207485 0.212270 0.205858 0.017662
0 0.267157 0.148567 0.406876 0.150319
1 0.087854 0.245926 0.041693 0.018783
2 0.132854 0.245962 0.035026 0.018777
3 0.311603 0.246727 0.300858 0.017736
3 0.278657 0.267951 0.348358 0.017773
3 0.278627 0.289201 0.348358 0.017773
3 0.278598 0.310451 0.348358 0.017773
3 0.278568 0.331701 0.348358 0.017773
3 0.283538 0.352955 0.358358 0.017781
3 0.120175 0.374077 0.031691 0.017525
0 0.266931 0.310442 0.406876 0.150319
1 0.098056 0.400310 0.062526 0.018799
2 0.162639 0.400360 0.053359 0.018792
3 0.326805 0.401114 0.253358 0.017699
3 0.278442 0.422326 0.348358 0.017773
3 0.278412 0.443576 0.348358 0.017773
3 0.278382 0.464826 0.348358 0.017773
3 0.215019 0.486026 0.221691 0.017674
0 0.266745 0.443567 0.406816 0.107819
1 0.087481 0.513426 0.041693 0.018783
2 0.153314 0.513478 0.076693 0.018810
3 0.329147 0.514241 0.253358 0.017699
3 0.283284 0.535455 0.358358 0.017781
3 0.262421 0.556689 0.316691 0.017748
0 0.266617 0.535442 0.406757 0.065319
1 0.097790 0.590934 0.062526 0.018799
2 0.173206 0.590994 0.075026 0.018809
3 0.340289 0.591750 0.237524 0.017686
0 0.266539 0.591692 0.406698 0.022819
1 0.108157 0.626568 0.083359 0.018815
2 0.177323 0.626622 0.041693 0.018783
0 0.266489 0.627317 0.406698 0.022819
1 0.103525 0.660939 0.074193 0.018808
2 0.181025 0.661000 0.067526 0.018803
3 0.344358 0.661753 0.237524 0.017686
3 0.278078 0.682951 0.348358 0.017773
3 0.278048 0.704201 0.348358 0.017773
3 0.280102 0.725453 0.352524 0.017777
3 0.238406 0.746670 0.269191 0.017711
0 0.266382 0.704192 0.406816 0.107819
1 0.097531 0.776559 0.062526 0.018799
2 0.181281 0.776625 0.091693 0.018822
3 0.348780 0.777381 0.221691 0.017674
3 0.214583 0.798526 0.221691 0.017674
0 0.266265 0.787942 0.406727 0.044069
1 0.107871 0.831567 0.083359 0.018815
2 0.191621 0.831633 0.070859 0.018806
3 0.348703 0.832381 0.221691 0.017674
3 0.277840 0.853576 0.348358 0.017773
3 0.277810 0.874826 0.348358 0.017773
3 0.277781 0.896076 0.348358 0.017773
3 0.277751 0.917326 0.348358 0.017773
3 0.277721 0.938576 0.348358 0.017773
3 0.135192 0.959714 0.063358 0.017550
0 0.266114 0.896067 0.406876 0.150319
1 0.575580 0.084434 0.083359 0.018815
2 0.662663 0.084502 0.077526 0.018811
3 0.823079 0.085253 0.221691 0.017674
3 0.587216 0.106318 0.031691 0.017525
0 0.733897 0.095808 0.406727 0.044069
1 0.565091 0.136301 0.062526 0.018799
2 0.630507 0.136352 0.055026 0.018793
3 0.795506 0.137107 0.253358 0.017699
3 0.750477 0.158321 0.358358 0.017781
3 0.745447 0.179567 0.348358 0.017773
3 0.750417 0.200821 0.358358 0.017781
3 0.745388 0.222067 0.348358 0.017773
3 0.607858 0.243209 0.073358 0.017558
0 0.733766 0.190183 0.406846 0.129069
1 0.554487 0.270668 0.041693 0.018783
2 0.622403 0.270721 0.080859 0.018813
0 0.733652 0.271433 0.406698 0.022819
1 0.575272 0.305059 0.083359 0.018815
2 0.671522 0.305134 0.095859 0.018825
3 0.825271 0.305880 0.190024 0.017649
3 0.626491 0.326974 0.110858 0.017587
0 0.733590 0.316433 0.406727 0.044069
1 0.564786 0.354426 0.062526 0.018799
2 0.636036 0.354482 0.066693 0.018802
3 0.806869 0.355241 0.253358 0.017699
3 0.745172 0.376442 0.348358 0.017773
3 0.750143 0.397696 0.358358 0.017781
3 0.745113 0.418942 0.348358 0.017773
3 0.610500 0.440087 0.079191 0.017562
0 0.733476 0.397683 0.406816 0.107819
1 0.554206 0.471918 0.041693 0.018783
2 0.610039 0.471961 0.056693 0.018794
3 0.783788 0.472723 0.269191 0.017711
3 0.745009 0.493942 0.348358 0.017773
3 0.749979 0.515196 0.358358 0.017781
3 0.681616 0.536393 0.221691 0.017674
0 0.733327 0.504558 0.406787 0.086569
1 0.554073 0.566917 0.041693 0.018783
2 0.617407 0.566967 0.071693 0.018806
3 0.798656 0.567734 0.269191 0.017711
3 0.586543 0.588818 0.031691 0.017525
0 0.733224 0.578308 0.406727 0.044069
1 0.554005 0.615667 0.041693 0.018783
2 0.606089 0.615708 0.049193 0.018789
0 0.733171 0.616433 0.406698 0.022819
1 0.564372 0.651301 0.062526 0.018799
2 0.628122 0.651351 0.051693 0.018791
3 0.783538 0.652098 0.237524 0.017686
0 0.733121 0.652058 0.406698 0.022819
1 0.553917 0.678792 0.041693 0.018783
2 0.623501 0.678847 0.084193 0.018816
3 0.771416 0.679588 0.190024 0.017649
0 0.733083 0.679558 0.406698 0.022819
1 0.564289 0.710676 0.062526 0.018799
2 0.642206 0.710737 0.080026 0.018813
0 0.733039 0.711433 0.406698 0.022819
1 0.564242 0.744426 0.062526 0.018799
2 0.638826 0.744484 0.073359 0.018808
3 0.805075 0.745240 0.237524 0.017686
3 0.744628 0.766442 0.348358 0.017773
3 0.744599 0.787692 0.348358 0.017773
3 0.744569 0.808942 0.348358 0.017773
3 0.744540 0.830192 0.348358 0.017773
3 0.689093 0.851399 0.237524 0.017686
0 0.732917 0.798308 0.406846 0.129069
1 0.564048 0.883800 0.062526 0.018799
2 0.641131 0.883861 0.078359 0.018811
3 0.762380 0.884581 0.142524 0.017612
0 0.732797 0.884558 0.406698 0.022819
