1 0.212500 0.085938 0.143333 0.021875
0 0.266667 0.095312 0.400000 0.040625
1 0.222917 0.135937 0.117500 0.021875
0 0.266667 0.145313 0.400000 0.040625
1 0.197500 0.185312 0.113333 0.021875
0 0.266667 0.194688 0.400000 0.040625
1 0.231250 0.233437 0.134167 0.021875
0 0.266667 0.233437 0.400000 0.021875
1 0.212083 0.264062 0.095833 0.021875
0 0.266667 0.273438 0.400000 0.040625
1 0.158333 0.314063 0.081667 0.021875
0 0.266667 0.323437 0.400000 0.040625
1 0.168333 0.365312 0.101667 0.021875
0 0.266667 0.365312 0.400000 0.021875
1 0.194167 0.399062 0.106667 0.021875
0 0.266667 0.408438 0.400000 0.040625
1 0.166667 0.452188 0.098333 0.021875
0 0.266667 0.452188 0.400000 0.021875
1 0.193750 0.486563 0.105833 0.021875
0 0.266667 0.495937 0.400000 0.040625
1 0.197083 0.533438 0.065833 0.021875
0 0.266667 0.533438 0.400000 0.021875
1 0.177917 0.562187 0.074167 0.021875
0 0.266667 0.562187 0.400000 0.021875
1 0.205417 0.593437 0.129167 0.021875
0 0.266667 0.602812 0.400000 0.040625
1 0.177500 0.645312 0.120000 0.021875
0 0.266667 0.645312 0.400000 0.021875
1 0.239583 0.677188 0.150833 0.021875
0 0.266667 0.686562 0.400000 0.040625
1 0.169583 0.729062 0.057500 0.021875
0 0.266667 0.729062 0.400000 0.021875
1 0.178750 0.760938 0.122500 0.021875
0 0.266667 0.760938 0.400000 0.021875
1 0.162917 0.792188 0.090833 0.021875
0 0.266667 0.801562 0.400000 0.040625
1 0.196250 0.839688 0.064167 0.021875
0 0.266667 0.895938 0.400000 0.134375
1 0.654583 0.085938 0.140833 0.021875
0 0.733333 0.095312 0.400000 0.040625
1 0.682917 0.134063 0.104167 0.021875
0 0.733333 0.152812 0.400000 0.059375
1 0.655833 0.205937 0.096667 0.021875
0 0.733333 0.205937 0.400000 0.021875
1 0.662917 0.234687 0.064167 0.021875
0 0.733333 0.300312 0.400000 0.153125
1 0.630000 0.395937 0.091667 0.021875
0 0.733333 0.405313 0.400000 0.040625
1 0.665417 0.447813 0.115833 0.021875
0 0.733333 0.457188 0.400000 0.040625
1 0.650000 0.500313 0.131667 0.021875
0 0.733333 0.565937 0.400000 0.153125
1 0.667083 0.662813 0.119167 0.021875
0 0.733333 0.672188 0.400000 0.040625
1 0.656250 0.715938 0.097500 0.021875
0 0.733333 0.715938 0.400000 0.021875
1 0.642500 0.747812 0.116667 0.021875
0 0.733333 0.794687 0.400000 0.115625
1 0.645417 0.872188 0.075833 0.021875
0 0.733333 0.881563 0.400000 0.040625
