0 0.26666666666666666 0.085 0.4 0.02
0 0.26666666666666666 0.1225 0.4 0.02
0 0.26666666666666666 0.16 0.4 0.02
0 0.26666666666666666 0.209375 0.4 0.04375
0 0.26666666666666666 0.270625 0.4 0.04375
0 0.26666666666666666 0.3675 0.4 0.115
0 0.26666666666666666 0.464375 0.4 0.04375
0 0.26666666666666666 0.5375 0.4 0.0675
0 0.26666666666666666 0.610625 0.4 0.04375
0 0.26666666666666666 0.68375 0.4 0.0675
0 0.26666666666666666 0.756875 0.4 0.04375
0 0.26666666666666666 0.841875 0.4 0.09125
0 0.7333333333333333 0.096875 0.4 0.04375
0 0.7333333333333333 0.19375 0.4 0.115
0 0.7333333333333333 0.290625 0.4 0.04375
0 0.7333333333333333 0.351875 0.4 0.04375
0 0.7333333333333333 0.413125 0.4 0.04375
0 0.7333333333333333 0.474375 0.4 0.04375
0 0.7333333333333333 0.535625 0.4 0.04375
0 0.7333333333333333 0.65625 0.4 0.1625
0 0.7333333333333333 0.776875 0.4 0.04375
0 0.7333333333333333 0.838125 0.4 0.04375
0 0.7333333333333333 0.899375 0.4 0.04375
