1 0.232500 0.085938 0.136667 0.021875
0 0.266667 0.114062 0.400000 0.078125
1 0.152083 0.174687 0.069167 0.021875
0 0.266667 0.184062 0.400000 0.040625
1 0.182083 0.224688 0.082500 0.021875
0 0.266667 0.234063 0.400000 0.040625
1 0.231667 0.272188 0.135000 0.021875
0 0.266667 0.272188 0.400000 0.021875
1 0.199167 0.300938 0.070000 0.021875
0 0.266667 0.329062 0.400000 0.078125
1 0.187083 0.386562 0.092500 0.021875
0 0.266667 0.424063 0.400000 0.096875
1 0.177917 0.492188 0.120833 0.021875
0 0.266667 0.501563 0.400000 0.040625
1 0.186250 0.540937 0.137500 0.021875
0 0.266667 0.550312 0.400000 0.040625
1 0.190000 0.592812 0.098333 0.021875
0 0.266667 0.620938 0.400000 0.078125
1 0.237917 0.679688 0.147500 0.021875
0 0.266667 0.735938 0.400000 0.134375
1 0.177083 0.826562 0.072500 0.021875
0 0.266667 0.835938 0.400000 0.040625
1 0.196250 0.875313 0.157500 0.021875
0 0.266667 0.922188 0.400000 0.115625
1 0.659583 0.085938 0.104167 0.021875
0 0.733333 0.104688 0.400000 0.059375
1 0.667083 0.152188 0.072500 0.021875
0 0.733333 0.152188 0.400000 0.021875
1 0.660833 0.183438 0.106667 0.021875
0 0.733333 0.183438 0.400000 0.021875
1 0.695833 0.216562 0.130000 0.021875
0 0.733333 0.225938 0.400000 0.040625
1 0.660000 0.265937 0.058333 0.021875
0 0.733333 0.275313 0.400000 0.040625
1 0.642917 0.314688 0.117500 0.021875
0 0.733333 0.314688 0.400000 0.021875
1 0.642083 0.342813 0.115833 0.021875
0 0.733333 0.342813 0.400000 0.021875
1 0.675833 0.372188 0.136667 0.021875
0 0.733333 0.381563 0.400000 0.040625
1 0.647500 0.419687 0.126667 0.021875
0 0.733333 0.419687 0.400000 0.021875
1 0.686667 0.452188 0.111667 0.021875
0 0.733333 0.461562 0.400000 0.040625
1 0.693333 0.499063 0.125000 0.021875
0 0.733333 0.508437 0.400000 0.040625
1 0.638750 0.551562 0.062500 0.021875
0 0.733333 0.551562 0.400000 0.021875
1 0.706250 0.583438 0.150833 0.021875
0 0.733333 0.592812 0.400000 0.040625
1 0.677500 0.630938 0.093333 0.021875
0 0.733333 0.640312 0.400000 0.040625
1 0.647500 0.677813 0.126667 0.021875
0 0.733333 0.724688 0.400000 0.115625
1 0.641667 0.803438 0.068333 0.021875
0 0.733333 0.850313 0.400000 0.115625
