1 0.120057 0.078298 0.083840 0.020058
2 0.197540 0.079519 0.058845 0.019665
3 0.292918 0.081646 0.111299 0.019242
0 0.278338 0.081417 0.407207 0.028900
1 0.108820 0.107502 0.063011 0.019730
2 0.185886 0.108717 0.078841 0.019980
0 0.277515 0.110785 0.407207 0.028900
1 0.118325 0.140159 0.083840 0.020058
2 0.200390 0.141452 0.068010 0.019809
0 0.276605 0.143278 0.407207 0.028900
1 0.096638 0.170450 0.042182 0.019402
2 0.168706 0.171585 0.089672 0.020150
3 0.347815 0.175031 0.247935 0.021394
3 0.286817 0.195325 0.348747 0.022982
3 0.286222 0.216571 0.348747 0.022982
3 0.285627 0.237816 0.348747 0.022982
3 0.285032 0.259061 0.348747 0.022982
3 0.149883 0.278187 0.079639 0.018743
0 0.274260 0.227009 0.410182 0.135126
1 0.113495 0.312621 0.083840 0.020058
2 0.194727 0.313901 0.066344 0.019783
3 0.349258 0.316961 0.222108 0.020987
3 0.282845 0.337169 0.348747 0.022982
3 0.282250 0.358414 0.348747 0.022982
3 0.281655 0.379660 0.348747 0.022982
3 0.281060 0.400905 0.348747 0.022982
3 0.280465 0.422150 0.348747 0.022982
3 0.184891 0.441899 0.158788 0.019990
0 0.269991 0.379476 0.410777 0.156372
1 0.108927 0.475710 0.083840 0.020058
2 0.196408 0.477088 0.078841 0.019980
3 0.317614 0.479623 0.142959 0.019740
0 0.267208 0.478829 0.407207 0.028900
1 0.087258 0.505376 0.042182 0.019402
2 0.156826 0.506472 0.084673 0.020071
0 0.266368 0.508822 0.407207 0.028900
1 0.086278 0.540368 0.042182 0.019402
2 0.156680 0.541477 0.086339 0.020098
0 0.265388 0.543815 0.407207 0.028900
1 0.106127 0.575688 0.083840 0.020058
2 0.180694 0.576863 0.053013 0.019573
0 0.264408 0.578807 0.407207 0.028900
1 0.084441 0.605978 0.042182 0.019402
2 0.142345 0.606891 0.061345 0.019704
3 0.318122 0.610285 0.269597 0.021735
3 0.132151 0.628610 0.063809 0.018494
0 0.263253 0.620048 0.407802 0.050145
1 0.093368 0.659256 0.063011 0.019730
2 0.175850 0.660555 0.089672 0.020150
3 0.342046 0.663798 0.222108 0.020987
3 0.225643 0.683219 0.253767 0.021486
0 0.261766 0.673161 0.407802 0.050145
1 0.081606 0.707206 0.042182 0.019402
2 0.132012 0.708000 0.046348 0.019468
3 0.308205 0.711401 0.285427 0.021985
3 0.105571 0.729463 0.016320 0.017746
0 0.260418 0.721275 0.407802 0.050145
1 0.080066 0.762194 0.042182 0.019402
2 0.129639 0.762975 0.044682 0.019441
3 0.304999 0.766363 0.285427 0.021985
3 0.270245 0.787070 0.348747 0.022982
3 0.269650 0.808315 0.348747 0.022982
3 0.274054 0.829639 0.358744 0.023140
3 0.268460 0.850806 0.348747 0.022982
3 0.267865 0.872051 0.348747 0.022982
3 0.108972 0.890803 0.032150 0.017995
0 0.257391 0.829377 0.410777 0.156372
1 0.565792 0.085320 0.042182 0.019402
2 0.629528 0.086324 0.073009 0.019888
3 0.803222 0.089685 0.253767 0.021486
3 0.760970 0.110274 0.358744 0.023140
3 0.757459 0.131474 0.352912 0.023048
3 0.754781 0.152686 0.348747 0.022982
3 0.754186 0.173931 0.348747 0.022982
3 0.603207 0.192808 0.047980 0.018244
0 0.743414 0.141880 0.410182 0.135126
1 0.572286 0.225453 0.063011 0.019730
2 0.644770 0.226595 0.069676 0.019835
3 0.808883 0.229805 0.237938 0.021237
3 0.752051 0.250165 0.348747 0.022982
3 0.756455 0.271489 0.358744 0.023140
3 0.750861 0.292655 0.348747 0.022982
3 0.750266 0.313901 0.348747 0.022982
3 0.754670 0.335225 0.358744 0.023140
3 0.662012 0.355020 0.174618 0.020239
0 0.739197 0.292472 0.410777 0.156372
1 0.567824 0.384793 0.063011 0.019730
2 0.641974 0.385961 0.073009 0.019888
3 0.807754 0.389198 0.237938 0.021237
3 0.636780 0.407759 0.127129 0.019491
0 0.736222 0.398698 0.407802 0.050145
1 0.566302 0.439156 0.063011 0.019730
2 0.641702 0.440344 0.075508 0.019927
3 0.808731 0.443600 0.237938 0.021237
3 0.746066 0.463867 0.348747 0.022982
3 0.750470 0.485192 0.358744 0.023140
3 0.744876 0.506358 0.348747 0.022982
3 0.744281 0.527603 0.348747 0.022982
3 0.743686 0.548849 0.348747 0.022982
3 0.743091 0.570094 0.348747 0.022982
3 0.592113 0.588970 0.047980 0.018244
0 0.732914 0.516797 0.411372 0.177617
1 0.571816 0.614281 0.083840 0.020058
2 0.651382 0.615535 0.063011 0.019730
3 0.804247 0.618568 0.222108 0.020987
3 0.693677 0.638081 0.253767 0.021486
0 0.729799 0.628023 0.407802 0.050145
1 0.549622 0.662692 0.042182 0.019402
2 0.602527 0.663526 0.051347 0.019546
3 0.781220 0.666966 0.285427 0.021985
3 0.668567 0.686446 0.206278 0.020738
0 0.728434 0.676762 0.407802 0.050145
1 0.568999 0.714884 0.083840 0.020058
2 0.658979 0.716302 0.083840 0.020058
3 0.814344 0.719374 0.206278 0.020738
3 0.738349 0.739432 0.348747 0.022982
3 0.737754 0.760677 0.348747 0.022982
3 0.737159 0.781922 0.348747 0.022982
3 0.736564 0.803168 0.348747 0.022982
3 0.740968 0.824492 0.358744 0.023140
3 0.569160 0.843040 0.016320 0.017746
0 0.725495 0.781739 0.410777 0.156372
1 0.543725 0.873271 0.042182 0.019402
2 0.607461 0.874275 0.073009 0.019888
0 0.722835 0.876718 0.407207 0.028900
