1 0.194167 0.085938 0.106667 0.021875
0 0.266667 0.095312 0.400000 0.040625
1 0.203750 0.133437 0.172500 0.021875
0 0.266667 0.142813 0.400000 0.040625
1 0.185000 0.186562 0.088333 0.021875
0 0.266667 0.186562 0.400000 0.021875
1 0.164167 0.215312 0.093333 0.021875
0 0.266667 0.215312 0.400000 0.021875
1 0.164167 0.249062 0.046667 0.021875
0 0.266667 0.249062 0.400000 0.021875
1 0.207083 0.282187 0.085833 0.021875
0 0.266667 0.282187 0.400000 0.021875
1 0.196250 0.314688 0.110833 0.021875
0 0.266667 0.314688 0.400000 0.021875
1 0.171250 0.343438 0.060833 0.021875
0 0.266667 0.371563 0.400000 0.078125
1 0.165000 0.433437 0.048333 0.021875
0 0.266667 0.433437 0.400000 0.021875
1 0.163750 0.463438 0.092500 0.021875
0 0.266667 0.472813 0.400000 0.040625
1 0.194583 0.511563 0.107500 0.021875
0 0.266667 0.520938 0.400000 0.040625
1 0.159583 0.563438 0.084167 0.021875
0 0.266667 0.563438 0.400000 0.021875
1 0.149583 0.595313 0.064167 0.021875
0 0.266667 0.595313 0.400000 0.021875
1 0.152917 0.627812 0.070833 0.021875
0 0.266667 0.655937 0.400000 0.078125
1 0.155417 0.713437 0.075833 0.021875
0 0.266667 0.713437 0.400000 0.021875
1 0.213333 0.745313 0.098333 0.021875
0 0.266667 0.782813 0.400000 0.096875
1 0.182083 0.853437 0.082500 0.021875
0 0.266667 0.862812 0.400000 0.040625
1 0.150000 0.902813 0.065000 0.021875
0 0.266667 0.940312 0.400000 0.096875
1 0.680833 0.085938 0.100000 0.021875
0 0.733333 0.104688 0.400000 0.059375
1 0.624583 0.154688 0.080833 0.021875
0 0.733333 0.154688 0.400000 0.021875
1 0.662083 0.187812 0.109167 0.021875
0 0.733333 0.206563 0.400000 0.059375
1 0.650417 0.259062 0.085833 0.021875
0 0.733333 0.259062 0.400000 0.021875
1 0.660417 0.292187 0.105833 0.021875
0 0.733333 0.292187 0.400000 0.021875
1 0.653750 0.325937 0.139167 0.021875
0 0.733333 0.335313 0.400000 0.040625
1 0.665833 0.379063 0.116667 0.021875
0 0.733333 0.379063 0.400000 0.021875
1 0.630417 0.407813 0.092500 0.021875
0 0.733333 0.435937 0.400000 0.078125
1 0.668750 0.494063 0.075833 0.021875
0 0.733333 0.550312 0.400000 0.134375
1 0.680000 0.636563 0.098333 0.021875
0 0.733333 0.645938 0.400000 0.040625
1 0.677500 0.684688 0.140000 0.021875
0 0.733333 0.750313 0.400000 0.153125
1 0.627500 0.847812 0.086667 0.021875
0 0.733333 0.847812 0.400000 0.021875
1 0.620417 0.879687 0.072500 0.021875
0 0.733333 0.889062 0.400000 0.040625
