0 0.26666666666666666 0.096875 0.4 0.04375
0 0.26666666666666666 0.181875 0.4 0.09125
0 0.26666666666666666 0.266875 0.4 0.04375
0 0.26666666666666666 0.328125 0.4 0.04375
0 0.26666666666666666 0.389375 0.4 0.04375
0 0.26666666666666666 0.4625 0.4 0.0675
0 0.26666666666666666 0.559375 0.4 0.09125
0 0.26666666666666666 0.65625 0.4 0.0675
0 0.26666666666666666 0.776875 0.4 0.13875
0 0.26666666666666666 0.909375 0.4 0.09125
0 0.7333333333333333 0.120625 0.4 0.09125
0 0.7333333333333333 0.205625 0.4 0.04375
0 0.7333333333333333 0.3025 0.4 0.115
0 0.7333333333333333 0.399375 0.4 0.04375
0 0.7333333333333333 0.508125 0.4 0.13875
0 0.7333333333333333 0.664375 0.4 0.13875
0 0.7333333333333333 0.785 0.4 0.0675
0 0.7333333333333333 0.858125 0.4 0.04375
