0 0.110113 0.075427 0.054058 0.019940
1 0.178415 0.076962 0.070717 0.020314
0 0.103059 0.105907 0.042397 0.019678
1 0.167197 0.107348 0.074049 0.020389
2 0.309608 0.111174 0.190614 0.021760
0 0.122460 0.141984 0.084045 0.020613
1 0.192846 0.143566 0.044896 0.019734
2 0.312767 0.146886 0.174787 0.021404
0 0.121362 0.169472 0.084045 0.020613
1 0.205491 0.171362 0.072383 0.020351
2 0.362896 0.175525 0.222266 0.022471
2 0.290413 0.195155 0.348876 0.025316
2 0.289564 0.216396 0.348876 0.025316
2 0.288715 0.237636 0.348876 0.025316
2 0.287867 0.258877 0.348876 0.025316
2 0.144582 0.276917 0.064004 0.018915
0 0.105634 0.302303 0.063221 0.020145
1 0.170189 0.303754 0.054058 0.019940
2 0.334257 0.308066 0.253919 0.023183
2 0.229705 0.326976 0.238092 0.022827
0 0.113775 0.359387 0.084045 0.020613
1 0.199153 0.361305 0.074882 0.020408
0 0.091554 0.393903 0.042397 0.019678
1 0.146112 0.395129 0.054891 0.019958
2 0.326423 0.399806 0.285571 0.023894
2 0.281428 0.420055 0.348876 0.025316
2 0.280579 0.441295 0.348876 0.025316
2 0.279731 0.462535 0.348876 0.025316
2 0.278882 0.483776 0.348876 0.025316
2 0.278033 0.505016 0.348876 0.025316
2 0.245532 0.525546 0.285571 0.023894
0 0.095801 0.548443 0.063221 0.020145
1 0.166602 0.550034 0.066553 0.020220
0 0.094728 0.575306 0.063221 0.020145
1 0.163447 0.576850 0.062388 0.020127
2 0.260462 0.579655 0.111482 0.019982
0 0.078337 0.609953 0.033234 0.019472
1 0.133312 0.611188 0.064887 0.020183
2 0.315705 0.615912 0.279740 0.023763
2 0.122443 0.632829 0.048178 0.018559
0 0.080847 0.661908 0.042397 0.019678
1 0.136655 0.663162 0.057390 0.020014
0 0.089961 0.694627 0.063221 0.020145
1 0.167842 0.696377 0.080713 0.020539
2 0.337325 0.700811 0.238092 0.022827
2 0.269423 0.720545 0.348876 0.025316
2 0.268574 0.741785 0.348876 0.025316
2 0.196508 0.761425 0.206440 0.022116
0 0.086167 0.789584 0.063221 0.020145
1 0.162799 0.791306 0.078214 0.020482
0 0.084969 0.819571 0.063221 0.020145
1 0.157020 0.821190 0.069051 0.020276
0 0.083796 0.848933 0.063221 0.020145
1 0.147934 0.850374 0.053225 0.019921
2 0.316583 0.854789 0.263914 0.023407
2 0.263258 0.874850 0.348876 0.025316
2 0.262410 0.896091 0.348876 0.025316
2 0.261561 0.917331 0.348876 0.025316
2 0.094537 0.934838 0.016525 0.017848
0 0.591563 0.086246 0.084045 0.020613
1 0.669445 0.087996 0.059889 0.020071
2 0.828515 0.092196 0.238092 0.022827
2 0.760614 0.111930 0.348876 0.025316
2 0.609416 0.129792 0.048178 0.018559
0 0.588743 0.156839 0.084045 0.020613
1 0.664959 0.158552 0.056557 0.019996
2 0.819448 0.162649 0.232262 0.022696
2 0.607444 0.179144 0.048178 0.018559
0 0.565823 0.208848 0.042397 0.019678
1 0.625379 0.210186 0.064887 0.020183
2 0.794862 0.214620 0.253919 0.023183
0 0.575112 0.237194 0.063221 0.020145
1 0.637584 0.238598 0.049893 0.019846
2 0.807482 0.243041 0.269745 0.023538
2 0.625049 0.260201 0.089825 0.019495
0 0.562553 0.290686 0.042397 0.019678
1 0.624192 0.292071 0.069051 0.020276
2 0.803670 0.296730 0.269745 0.023538
2 0.752427 0.316838 0.348876 0.025316
2 0.756577 0.338191 0.358871 0.025541
2 0.750730 0.359319 0.348876 0.025316
2 0.749882 0.380559 0.348876 0.025316
2 0.749033 0.401800 0.348876 0.025316
2 0.748185 0.423040 0.348876 0.025316
2 0.752334 0.444393 0.358871 0.025541
2 0.735659 0.465278 0.327219 0.024830
0 0.564854 0.493954 0.063221 0.020145
1 0.640653 0.495657 0.076548 0.020445
2 0.808053 0.500045 0.238092 0.022827
2 0.609793 0.516849 0.079830 0.019270
0 0.573244 0.544790 0.084045 0.020613
1 0.651959 0.546559 0.061555 0.020108
2 0.811862 0.550778 0.238092 0.022827
2 0.655250 0.568518 0.174787 0.021404
0 0.560561 0.601406 0.063221 0.020145
1 0.618035 0.602697 0.039898 0.019621
2 0.743371 0.606139 0.190614 0.021760
0 0.548951 0.631158 0.042397 0.019678
1 0.608508 0.632497 0.064887 0.020183
2 0.754251 0.636397 0.206440 0.022116
0 0.547529 0.666767 0.042397 0.019678
1 0.591675 0.667759 0.034067 0.019490
0 0.546181 0.700502 0.042397 0.019678
1 0.616566 0.702084 0.086544 0.020670
2 0.796877 0.706761 0.253919 0.023183
2 0.736055 0.726654 0.348876 0.025316
2 0.735206 0.747894 0.348876 0.025316
2 0.734358 0.769135 0.348876 0.025316
2 0.606899 0.787530 0.095656 0.019626
0 0.552050 0.814435 0.063221 0.020145
1 0.636179 0.816326 0.093207 0.020819
2 0.803996 0.820722 0.222266 0.022471
2 0.628642 0.838041 0.143135 0.020693
0 0.539567 0.866053 0.042397 0.019678
1 0.603705 0.867494 0.074049 0.020389
0 0.548906 0.893150 0.063221 0.020145
1 0.633868 0.895059 0.094873 0.020857
2 0.770865 0.898763 0.158961 0.021049
