1 0.109171 0.083932 0.083371 0.018844
2 0.193754 0.084028 0.072538 0.018832
3 0.351669 0.084832 0.221702 0.017751
3 0.120793 0.105820 0.031702 0.017536
0 0.267481 0.095361 0.406754 0.044211
1 0.088235 0.134533 0.041704 0.018797
2 0.161569 0.134616 0.091704 0.018854
3 0.336984 0.135440 0.237535 0.017769
3 0.168191 0.156499 0.126702 0.017643
0 0.267379 0.145986 0.406754 0.044211
1 0.098549 0.185795 0.062538 0.018821
2 0.170632 0.185877 0.068371 0.018827
3 0.334381 0.186687 0.237535 0.017769
3 0.191838 0.207776 0.174202 0.017697
0 0.267276 0.197236 0.406754 0.044211
1 0.098437 0.241420 0.062538 0.018821
2 0.165520 0.241496 0.058371 0.018816
3 0.324269 0.242301 0.237535 0.017769
0 0.267185 0.242236 0.406712 0.022961
1 0.098384 0.267670 0.062538 0.018821
2 0.159217 0.267739 0.045871 0.018802
3 0.327549 0.268554 0.269202 0.017805
3 0.278756 0.289749 0.348368 0.017895
3 0.278714 0.310999 0.348368 0.017895
3 0.278671 0.332249 0.348368 0.017895
3 0.278628 0.353499 0.348368 0.017895
3 0.120252 0.374570 0.031702 0.017536
0 0.267026 0.321611 0.406925 0.129210
1 0.108525 0.404556 0.083371 0.018844
2 0.186025 0.404644 0.058371 0.018816
0 0.266857 0.405361 0.406712 0.022961
1 0.108466 0.433931 0.083371 0.018844
2 0.185132 0.434018 0.056704 0.018814
3 0.335131 0.434813 0.221702 0.017751
0 0.266798 0.434736 0.406712 0.022961
1 0.108402 0.465806 0.083371 0.018844
2 0.189652 0.465898 0.065871 0.018825
3 0.344234 0.466699 0.221702 0.017751
0 0.266734 0.466611 0.406712 0.022961
1 0.108344 0.494556 0.083371 0.018844
2 0.195844 0.494655 0.078371 0.018839
3 0.348759 0.495454 0.205868 0.017733
3 0.119966 0.516445 0.031702 0.017536
0 0.266654 0.505986 0.406754 0.044211
1 0.097828 0.543920 0.062538 0.018821
2 0.171994 0.544004 0.072538 0.018832
3 0.337826 0.544816 0.237535 0.017769
3 0.254450 0.565972 0.300868 0.017841
0 0.266555 0.555361 0.406754 0.044211
1 0.108148 0.592056 0.083371 0.018844
2 0.189397 0.592148 0.065871 0.018825
3 0.343979 0.592948 0.221702 0.017751
3 0.283103 0.614129 0.358368 0.017906
3 0.278060 0.635374 0.348368 0.017895
3 0.283018 0.656629 0.358368 0.017906
3 0.127558 0.677703 0.047535 0.017554
0 0.266394 0.635361 0.406883 0.107960
1 0.087086 0.705158 0.041704 0.018797
2 0.160836 0.705241 0.092538 0.018855
0 0.266252 0.705985 0.406712 0.022961
1 0.092853 0.738289 0.053371 0.018810
2 0.152020 0.738356 0.051704 0.018808
0 0.266185 0.739110 0.406712 0.022961
1 0.097365 0.773919 0.062538 0.018821
2 0.165698 0.773997 0.060871 0.018819
3 0.301946 0.774776 0.190035 0.017715
0 0.266113 0.774735 0.406712 0.022961
1 0.086878 0.808907 0.041704 0.018797
2 0.141044 0.808969 0.053371 0.018810
0 0.266043 0.809735 0.406712 0.022961
1 0.086811 0.842032 0.041704 0.018797
2 0.144311 0.842098 0.060038 0.018818
3 0.319726 0.842921 0.269202 0.017805
3 0.277600 0.864124 0.348368 0.017895
3 0.282557 0.885379 0.358368 0.017906
3 0.282514 0.906629 0.358368 0.017906
3 0.119138 0.927694 0.031702 0.017536
0 0.265890 0.885360 0.406883 0.107960
1 0.565420 0.084449 0.062538 0.018821
2 0.642920 0.084536 0.079204 0.018840
3 0.812085 0.085353 0.237535 0.017769
3 0.650793 0.106420 0.158368 0.017679
0 0.734147 0.095890 0.406754 0.044211
1 0.554890 0.140687 0.041704 0.018797
2 0.606140 0.140745 0.047538 0.018804
3 0.783222 0.141570 0.285035 0.017823
3 0.745679 0.162778 0.348368 0.017895
3 0.745637 0.184028 0.348368 0.017895
3 0.745594 0.205278 0.348368 0.017895
3 0.745551 0.226528 0.348368 0.017895
3 0.745508 0.247778 0.348368 0.017895
3 0.587132 0.268848 0.031702 0.017536
0 0.733927 0.205265 0.406968 0.150460
1 0.575410 0.296335 0.083371 0.018844
2 0.654577 0.296425 0.061704 0.018820
3 0.814992 0.297232 0.237535 0.017769
3 0.587033 0.318223 0.031702 0.017536
0 0.733721 0.307764 0.406754 0.044211
1 0.554472 0.348187 0.041704 0.018797
2 0.609889 0.348249 0.055871 0.018813
3 0.791138 0.349080 0.285035 0.017823
3 0.689845 0.370215 0.237535 0.017769
0 0.733616 0.359639 0.406754 0.044211
1 0.554372 0.398186 0.041704 0.018797
2 0.611038 0.398251 0.058371 0.018816
3 0.790620 0.399079 0.279202 0.017816
3 0.610578 0.420125 0.079202 0.017590
0 0.733516 0.409639 0.406754 0.044211
1 0.564676 0.453823 0.062538 0.018821
2 0.636343 0.453904 0.067538 0.018826
3 0.804675 0.454720 0.247535 0.017780
3 0.626299 0.475768 0.110868 0.017626
0 0.733404 0.465264 0.406754 0.044211
1 0.554146 0.510061 0.041704 0.018797
2 0.612896 0.510128 0.062538 0.018821
3 0.773728 0.510935 0.237535 0.017769
0 0.733312 0.510889 0.406712 0.022961
1 0.564495 0.543823 0.062538 0.018821
2 0.628245 0.543895 0.051704 0.018808
3 0.720327 0.544625 0.110868 0.017626
0 0.733244 0.544639 0.406712 0.022961
1 0.554011 0.577561 0.041704 0.018797
2 0.610677 0.577625 0.058371 0.018816
3 0.785259 0.578448 0.269202 0.017805
3 0.610216 0.599500 0.079202 0.017590
0 0.733154 0.589014 0.406754 0.044211
1 0.553910 0.627561 0.041704 0.018797
2 0.610160 0.627625 0.057538 0.018815
3 0.789325 0.628453 0.279202 0.017816
3 0.744699 0.649652 0.348368 0.017895
3 0.744656 0.670902 0.348368 0.017895
3 0.744613 0.692152 0.348368 0.017895
3 0.594154 0.713232 0.047535 0.017554
0 0.732990 0.670889 0.406883 0.107960
1 0.564094 0.743198 0.062538 0.018821
2 0.642844 0.743287 0.081704 0.018842
3 0.813259 0.744105 0.237535 0.017769
3 0.744466 0.765277 0.348368 0.017895
3 0.746507 0.786530 0.352535 0.017899
3 0.657297 0.807679 0.174202 0.017697
0 0.732778 0.775889 0.406840 0.086711
1 0.574313 0.841335 0.083371 0.018844
2 0.645563 0.841415 0.045871 0.018802
3 0.805978 0.842222 0.253368 0.017787
3 0.744269 0.863402 0.348368 0.017895
3 0.744226 0.884652 0.348368 0.017895
3 0.744183 0.905902 0.348368 0.017895
3 0.585807 0.926973 0.031702 0.017536
0 0.732559 0.884639 0.406883 0.107960
