3 0.503312 0.038778 0.993375 0.033264
0 0.104049 0.081077 0.062772 0.019265
1 0.177794 0.081686 0.071938 0.019341
2 0.348191 0.083720 0.247742 0.019545
2 0.220803 0.103918 0.221910 0.019331
0 0.092935 0.128488 0.041940 0.019093
1 0.161264 0.129053 0.081937 0.019424
2 0.339577 0.131152 0.253575 0.019593
2 0.283435 0.151939 0.348569 0.020378
2 0.283123 0.173187 0.348569 0.020378
2 0.282810 0.194436 0.348569 0.020378
2 0.282498 0.215685 0.348569 0.020378
2 0.131778 0.235690 0.047754 0.017892
0 0.101293 0.268565 0.062772 0.019265
1 0.182122 0.269233 0.086104 0.019458
2 0.299189 0.270826 0.126916 0.018546
0 0.100853 0.298563 0.062772 0.019265
1 0.178348 0.299204 0.079437 0.019403
2 0.347495 0.301227 0.237743 0.019462
2 0.233440 0.321536 0.253575 0.019593
0 0.089674 0.350349 0.041940 0.019093
1 0.158837 0.350921 0.083604 0.019438
2 0.337983 0.353027 0.253575 0.019593
2 0.256426 0.373604 0.301072 0.019986
0 0.088875 0.404721 0.041940 0.019093
1 0.151371 0.405238 0.070271 0.019327
2 0.331768 0.407354 0.269407 0.019724
2 0.279375 0.428172 0.348569 0.020378
2 0.279063 0.449421 0.348569 0.020378
2 0.278751 0.470669 0.348569 0.020378
2 0.283438 0.491959 0.358569 0.020461
2 0.180216 0.512357 0.152748 0.018759
0 0.086827 0.544087 0.041940 0.019093
1 0.154323 0.544645 0.080271 0.019410
2 0.331803 0.546738 0.253575 0.019593
2 0.277327 0.567539 0.348569 0.020378
2 0.277015 0.588787 0.348569 0.020378
2 0.276703 0.610036 0.348569 0.020378
2 0.276391 0.631285 0.348569 0.020378
2 0.133587 0.651355 0.063587 0.018022
0 0.095250 0.679790 0.062772 0.019265
1 0.169412 0.680403 0.072771 0.019348
2 0.335226 0.682399 0.237743 0.019462
2 0.275334 0.703155 0.348569 0.020378
2 0.275022 0.724404 0.348569 0.020378
2 0.279710 0.745694 0.358569 0.020461
2 0.274398 0.766901 0.348569 0.020378
2 0.107845 0.786776 0.016090 0.017630
0 0.093303 0.812282 0.062772 0.019265
1 0.166215 0.812885 0.070271 0.019327
2 0.330779 0.814870 0.237743 0.019462
2 0.273387 0.835647 0.348569 0.020378
2 0.278075 0.856937 0.358569 0.020461
2 0.256930 0.878014 0.316905 0.020116
0 0.581103 0.085020 0.083604 0.019438
1 0.654432 0.085626 0.050272 0.019162
0 0.570173 0.119932 0.062772 0.019265
1 0.638085 0.120493 0.060272 0.019245
2 0.805566 0.122503 0.253575 0.019593
2 0.742341 0.143231 0.332737 0.020247
0 0.579762 0.176265 0.083604 0.019438
1 0.653508 0.176874 0.051106 0.019169
2 0.792657 0.178650 0.206078 0.019200
0 0.568960 0.202427 0.062772 0.019265
1 0.638539 0.203002 0.063605 0.019272
2 0.807687 0.205025 0.253575 0.019593
2 0.614469 0.224679 0.079419 0.018153
0 0.578660 0.251260 0.083604 0.019438
1 0.655322 0.251894 0.056939 0.019217
2 0.765723 0.253431 0.142749 0.018677
0 0.578155 0.285633 0.083604 0.019438
1 0.655650 0.286274 0.058605 0.019231
2 0.806465 0.288145 0.221910 0.019331
0 0.577714 0.315631 0.083604 0.019438
1 0.663125 0.316337 0.074438 0.019362
0 0.566903 0.342418 0.062772 0.019265
1 0.624816 0.342897 0.040273 0.019079
2 0.790214 0.344889 0.269407 0.019724
2 0.699490 0.365391 0.253575 0.019593
0 0.566196 0.390541 0.062772 0.019265
1 0.640358 0.391154 0.072771 0.019348
0 0.555302 0.422952 0.041940 0.019093
1 0.621132 0.423497 0.076938 0.019383
2 0.796945 0.425575 0.253575 0.019593
2 0.595395 0.445160 0.047754 0.017892
0 0.554567 0.472949 0.041940 0.019093
1 0.608731 0.473397 0.053606 0.019190
2 0.785794 0.475486 0.279407 0.019806
2 0.737152 0.496335 0.332737 0.020247
0 0.574637 0.524993 0.083604 0.019438
1 0.647966 0.525600 0.050272 0.019162
2 0.807531 0.527544 0.247742 0.019545
2 0.744305 0.548272 0.348569 0.020378
2 0.743993 0.569521 0.348569 0.020378
2 0.748681 0.590811 0.358569 0.020461
2 0.743369 0.612018 0.348569 0.020378
2 0.648062 0.632482 0.158581 0.018808
0 0.562155 0.665524 0.062772 0.019265
1 0.640067 0.666168 0.080271 0.019410
2 0.809631 0.668195 0.237743 0.019462
2 0.726407 0.688758 0.316905 0.020116
0 0.561374 0.718646 0.062772 0.019265
1 0.631786 0.719228 0.065272 0.019286
2 0.801767 0.721258 0.253575 0.019593
2 0.709794 0.741749 0.285240 0.019855
0 0.550141 0.774181 0.041940 0.019093
1 0.620553 0.774763 0.086104 0.019458
2 0.800950 0.776879 0.253575 0.019593
2 0.740641 0.797632 0.348569 0.020378
2 0.740329 0.818881 0.348569 0.020378
2 0.740016 0.840130 0.348569 0.020378
2 0.739704 0.861378 0.348569 0.020378
2 0.620649 0.881645 0.111084 0.018415
