3 0.493727 0.038850 0.987453 0.040586
0 0.076069 0.090896 0.042177 0.019396
1 0.142304 0.089863 0.078003 0.019954
0 0.087453 0.125726 0.063006 0.019720
1 0.147024 0.124797 0.043844 0.019422
2 0.298258 0.123064 0.237934 0.021199
0 0.077888 0.156507 0.042177 0.019396
1 0.135792 0.155604 0.061340 0.019694
2 0.295775 0.153734 0.237934 0.021199
0 0.089255 0.190712 0.063006 0.019720
1 0.151741 0.189738 0.049676 0.019513
0 0.100466 0.219294 0.083835 0.020045
1 0.180449 0.218046 0.063839 0.019733
2 0.333767 0.216281 0.222104 0.020952
2 0.276035 0.238435 0.358741 0.023083
2 0.271625 0.259759 0.348743 0.022927
2 0.277213 0.280926 0.358741 0.023083
2 0.272803 0.302250 0.348743 0.022927
2 0.273392 0.323495 0.348743 0.022927
2 0.250236 0.345111 0.301253 0.022187
0 0.094435 0.377547 0.063006 0.019720
1 0.168169 0.376397 0.072171 0.019863
2 0.333567 0.374443 0.237934 0.021199
2 0.275419 0.396604 0.348743 0.022927
2 0.276008 0.417850 0.348743 0.022927
2 0.276597 0.439095 0.348743 0.022927
2 0.277186 0.460340 0.348743 0.022927
2 0.164049 0.483359 0.121292 0.019380
0 0.108557 0.511106 0.083835 0.020045
1 0.190622 0.509826 0.068005 0.019798
0 0.109492 0.544848 0.083835 0.020045
1 0.196557 0.543491 0.078003 0.019954
2 0.356956 0.541614 0.222104 0.020952
2 0.169252 0.565796 0.127124 0.019471
0 0.090170 0.599536 0.042177 0.019396
1 0.147241 0.598646 0.059674 0.019668
0 0.101503 0.632492 0.063006 0.019720
1 0.162323 0.631543 0.046343 0.019461
2 0.298978 0.630037 0.206274 0.020705
0 0.091868 0.660773 0.042177 0.019396
1 0.149772 0.659870 0.061340 0.019694
2 0.325585 0.657753 0.269594 0.021693
2 0.283267 0.679668 0.348743 0.022927
2 0.283856 0.700913 0.348743 0.022927
2 0.284445 0.722159 0.348743 0.022927
2 0.195053 0.744808 0.168782 0.020121
0 0.116023 0.780422 0.083835 0.020045
1 0.200172 0.779110 0.072171 0.019863
2 0.357655 0.777279 0.222104 0.020952
2 0.286593 0.799642 0.348743 0.022927
2 0.287182 0.820888 0.348743 0.022927
2 0.287771 0.842133 0.348743 0.022927
2 0.288360 0.863378 0.348743 0.022927
2 0.288949 0.884624 0.348743 0.022927
2 0.226218 0.906857 0.222104 0.020952
0 0.542635 0.083620 0.042177 0.019396
1 0.609703 0.082574 0.079669 0.019980
2 0.786766 0.080438 0.253764 0.021446
2 0.734033 0.102515 0.348743 0.022927
2 0.739621 0.123683 0.358741 0.023083
2 0.600657 0.147104 0.079635 0.018731
0 0.545147 0.174226 0.042177 0.019396
1 0.615965 0.173121 0.087168 0.020097
2 0.796776 0.170927 0.253764 0.021446
2 0.657395 0.194355 0.190444 0.020459
0 0.567379 0.224515 0.083835 0.020045
1 0.652360 0.223190 0.073837 0.019889
2 0.810677 0.221346 0.222104 0.020952
2 0.742947 0.243657 0.358741 0.023083
2 0.738537 0.264980 0.348743 0.022927
2 0.739126 0.286225 0.348743 0.022927
2 0.739715 0.307471 0.348743 0.022927
2 0.740304 0.328716 0.348743 0.022927
0 0.560862 0.365272 0.063006 0.019720
1 0.626681 0.364246 0.056341 0.019616
2 0.792079 0.362291 0.253764 0.021446
2 0.741846 0.384329 0.348743 0.022927
2 0.742435 0.405575 0.348743 0.022927
2 0.748023 0.426742 0.358741 0.023083
2 0.743613 0.448065 0.348743 0.022927
2 0.744202 0.469311 0.348743 0.022927
2 0.721046 0.490927 0.301253 0.022187
0 0.554779 0.521651 0.042177 0.019396
1 0.612266 0.520754 0.060507 0.019681
2 0.787662 0.518644 0.269594 0.021693
2 0.746177 0.540545 0.348743 0.022927
2 0.746766 0.561791 0.348743 0.022927
2 0.747355 0.583036 0.348743 0.022927
2 0.747944 0.604282 0.348743 0.022927
2 0.748533 0.625527 0.348743 0.022927
2 0.749122 0.646773 0.348743 0.022927
2 0.694306 0.668882 0.237934 0.021199
0 0.570165 0.700824 0.063006 0.019720
1 0.635151 0.699811 0.054675 0.019590
2 0.799716 0.697870 0.253764 0.021446
2 0.711574 0.720499 0.269594 0.021693
0 0.582139 0.756900 0.083835 0.020045
1 0.677535 0.755412 0.094666 0.020214
2 0.830436 0.753653 0.190444 0.020459
2 0.681474 0.777230 0.206274 0.020705
0 0.583680 0.812513 0.083835 0.020045
1 0.656998 0.811369 0.050509 0.019526
0 0.574115 0.843294 0.063006 0.019720
1 0.650348 0.842105 0.077170 0.019941
2 0.818246 0.840112 0.237934 0.021199
2 0.755099 0.862351 0.348743 0.022927
2 0.755688 0.883596 0.348743 0.022927
2 0.756277 0.904842 0.348743 0.022927
2 0.725206 0.926581 0.285423 0.021940
