3 0.495857 0.031918 0.991713 0.035171
0 0.090437 0.088504 0.062833 0.019384
1 0.160847 0.087787 0.065333 0.019410
2 0.330842 0.086683 0.253627 0.020076
2 0.271232 0.108541 0.348618 0.021042
2 0.271617 0.129789 0.348618 0.021042
2 0.272001 0.151037 0.348618 0.021042
2 0.272385 0.172285 0.348618 0.021042
2 0.272770 0.193534 0.348618 0.021042
2 0.273154 0.214782 0.348618 0.021042
2 0.273538 0.236030 0.348618 0.021042
2 0.131436 0.258727 0.063644 0.018143
0 0.094009 0.285986 0.062833 0.019384
1 0.179417 0.285117 0.095330 0.019715
2 0.345663 0.284050 0.216130 0.019694
0 0.094506 0.313483 0.062833 0.019384
1 0.175749 0.312657 0.086998 0.019630
2 0.340745 0.311603 0.221963 0.019754
0 0.105453 0.342749 0.083665 0.019596
1 0.186279 0.341927 0.065333 0.019410
2 0.340443 0.340984 0.221963 0.019754
2 0.212505 0.363537 0.221963 0.019754
0 0.085560 0.394832 0.042002 0.019172
1 0.146388 0.394213 0.067000 0.019427
2 0.301385 0.393261 0.221963 0.019754
0 0.096495 0.423473 0.062833 0.019384
1 0.155240 0.422875 0.042002 0.019172
0 0.107488 0.455239 0.083665 0.019596
1 0.192896 0.454370 0.074499 0.019503
2 0.351643 0.453380 0.221963 0.019754
2 0.190792 0.476269 0.174467 0.019270
0 0.087527 0.503572 0.042002 0.019172
1 0.133772 0.503101 0.037836 0.019130
2 0.313767 0.501895 0.301122 0.020559
2 0.152083 0.524792 0.095308 0.018465
0 0.098926 0.557836 0.062833 0.019384
1 0.162670 0.557187 0.052001 0.019274
2 0.326000 0.556150 0.253627 0.020076
2 0.279721 0.577873 0.348618 0.021042
2 0.280106 0.599121 0.348618 0.021042
2 0.280490 0.620369 0.348618 0.021042
2 0.280874 0.641617 0.348618 0.021042
0 0.090579 0.672306 0.042002 0.019172
1 0.146407 0.671738 0.057001 0.019325
2 0.272657 0.671079 0.174467 0.019270
0 0.091212 0.707303 0.042002 0.019172
1 0.143707 0.706769 0.050335 0.019257
2 0.322035 0.705579 0.285290 0.020398
2 0.139936 0.728684 0.063644 0.018143
0 0.113072 0.763961 0.083665 0.019596
1 0.190565 0.763172 0.058667 0.019342
2 0.349311 0.762182 0.237795 0.019915
2 0.228040 0.784668 0.237795 0.019915
0 0.093258 0.820417 0.042002 0.019172
1 0.156169 0.819777 0.071166 0.019469
2 0.336997 0.818563 0.269458 0.020237
2 0.284469 0.840349 0.348618 0.021042
2 0.289853 0.861546 0.358617 0.021144
2 0.285238 0.882845 0.348618 0.021042
2 0.290622 0.904042 0.358617 0.021144
2 0.286006 0.925341 0.348618 0.021042
2 0.254727 0.946911 0.285290 0.020398
0 0.567476 0.083650 0.083665 0.019596
1 0.639136 0.082921 0.047001 0.019223
2 0.792050 0.081990 0.237795 0.019915
2 0.603285 0.105163 0.079476 0.018304
0 0.547617 0.137607 0.042002 0.019172
1 0.601778 0.137056 0.053668 0.019291
0 0.569047 0.170517 0.083665 0.019596
1 0.642374 0.169771 0.050335 0.019257
2 0.796954 0.168823 0.237795 0.019915
2 0.739427 0.190661 0.348618 0.021042
2 0.573577 0.213600 0.016148 0.017659
0 0.549629 0.248847 0.042002 0.019172
1 0.612956 0.248203 0.071999 0.019477
2 0.791285 0.247013 0.263626 0.020177
2 0.740840 0.268779 0.348618 0.021042
2 0.746224 0.289976 0.358617 0.021144
2 0.741609 0.311275 0.348618 0.021042
2 0.741993 0.332523 0.348618 0.021042
2 0.742378 0.353771 0.348618 0.021042
2 0.592359 0.376549 0.047812 0.017982
0 0.552477 0.406333 0.042002 0.019172
1 0.623721 0.405608 0.087831 0.019638
0 0.563413 0.434974 0.062833 0.019384
1 0.637573 0.434219 0.072832 0.019486
2 0.808402 0.433106 0.247794 0.020016
2 0.704629 0.455414 0.269458 0.020237
0 0.553936 0.486950 0.042002 0.019172
1 0.630179 0.486174 0.097830 0.019740
2 0.808507 0.484985 0.237795 0.019915
2 0.745147 0.506882 0.348618 0.021042
2 0.745531 0.528130 0.348618 0.021042
2 0.745916 0.549378 0.348618 0.021042
2 0.738384 0.570706 0.332786 0.020881
0 0.556027 0.602564 0.042002 0.019172
1 0.616855 0.601946 0.067000 0.019427
0 0.566951 0.630581 0.062833 0.019384
1 0.649860 0.629737 0.090331 0.019664
2 0.816523 0.628667 0.221963 0.019754
2 0.644840 0.651665 0.142803 0.018948
0 0.567912 0.683701 0.062833 0.019384
1 0.633323 0.683035 0.055334 0.019308
2 0.774571 0.682223 0.206131 0.019592
0 0.568545 0.718698 0.062833 0.019384
1 0.637705 0.717994 0.062833 0.019384
2 0.806451 0.716902 0.253627 0.020076
2 0.583106 0.740427 0.016148 0.017659
0 0.579888 0.769837 0.083665 0.019596
1 0.667796 0.768943 0.079498 0.019554
2 0.821127 0.768008 0.206131 0.019592
2 0.623613 0.791269 0.095308 0.018465
0 0.580758 0.817958 0.083665 0.019596
1 0.667833 0.817072 0.077832 0.019537
2 0.828247 0.816065 0.221963 0.019754
2 0.756138 0.838050 0.358617 0.021144
2 0.751522 0.859349 0.348618 0.021042
2 0.751907 0.880597 0.348618 0.021042
2 0.744375 0.901926 0.332786 0.020881
