3 0.501294 0.037504 0.997411 0.028230
0 0.089891 0.083046 0.041774 0.018884
1 0.156140 0.083260 0.077607 0.019000
2 0.332385 0.084455 0.253431 0.018318
2 0.280597 0.105538 0.348431 0.018625
2 0.280475 0.126787 0.348431 0.018625
2 0.185353 0.147730 0.158432 0.018011
0 0.089334 0.179920 0.041774 0.018884
1 0.146834 0.180106 0.060107 0.018944
2 0.306412 0.181247 0.237598 0.018267
0 0.099575 0.210579 0.062607 0.018952
1 0.164158 0.210787 0.053441 0.018922
2 0.328319 0.211943 0.253431 0.018318
2 0.279864 0.233036 0.348431 0.018625
2 0.279742 0.254286 0.348431 0.018625
2 0.279620 0.275536 0.348431 0.018625
2 0.192416 0.296505 0.174266 0.018062
0 0.088516 0.322419 0.041774 0.018884
1 0.148515 0.322613 0.065107 0.018960
2 0.326427 0.323813 0.269265 0.018369
2 0.136723 0.344450 0.063433 0.017704
0 0.083617 0.377404 0.032607 0.018855
1 0.151950 0.377625 0.090940 0.019043
2 0.331944 0.378831 0.247598 0.018299
2 0.207657 0.399680 0.205932 0.018165
0 0.108728 0.430610 0.083440 0.019019
1 0.181228 0.430845 0.048441 0.018906
2 0.334973 0.431966 0.237598 0.018267
2 0.151935 0.452625 0.095100 0.017807
0 0.108437 0.481235 0.083440 0.019019
1 0.197187 0.481522 0.080940 0.019011
2 0.351348 0.482645 0.205932 0.018165
2 0.119978 0.503147 0.031767 0.017602
0 0.087285 0.536792 0.041774 0.018884
1 0.156868 0.537017 0.084274 0.019022
2 0.336446 0.538222 0.253431 0.018318
2 0.277991 0.559283 0.348431 0.018625
2 0.238286 0.580405 0.269265 0.018369
0 0.097282 0.609950 0.062607 0.018952
1 0.176864 0.610207 0.083440 0.019019
2 0.340192 0.611360 0.221765 0.018216
2 0.147989 0.631989 0.089266 0.017788
0 0.086549 0.664916 0.041774 0.018884
1 0.145715 0.665107 0.063440 0.018954
2 0.319877 0.666295 0.263431 0.018350
2 0.142673 0.686972 0.079266 0.017756
0 0.086222 0.721790 0.041774 0.018884
1 0.148305 0.721991 0.069274 0.018973
0 0.096463 0.752449 0.062607 0.018952
1 0.161046 0.752657 0.053441 0.018922
2 0.325207 0.753813 0.253431 0.018318
2 0.142170 0.774472 0.079266 0.017756
0 0.106567 0.806857 0.083440 0.019019
1 0.181567 0.807099 0.053441 0.018922
2 0.337812 0.808229 0.237598 0.018267
2 0.276440 0.829281 0.348431 0.018625
2 0.276318 0.850531 0.348431 0.018625
2 0.281196 0.871797 0.358431 0.018657
2 0.276074 0.893030 0.348431 0.018625
2 0.125537 0.913794 0.047600 0.017653
0 0.556553 0.084554 0.041774 0.018884
1 0.614886 0.084742 0.061774 0.018949
2 0.775297 0.085885 0.237598 0.018267
0 0.566819 0.110837 0.062607 0.018952
1 0.640151 0.111074 0.070940 0.018979
2 0.805146 0.112232 0.237598 0.018267
2 0.657109 0.133004 0.168432 0.018044
0 0.576955 0.159620 0.083440 0.019019
1 0.663621 0.159900 0.076774 0.018997
2 0.823616 0.161042 0.221765 0.018216
2 0.723078 0.181968 0.300931 0.018472
0 0.566216 0.215836 0.062607 0.018952
1 0.629132 0.216039 0.050107 0.018911
0 0.576471 0.243995 0.083440 0.019019
1 0.664387 0.244279 0.079274 0.019006
2 0.786049 0.245297 0.142599 0.017960
0 0.576320 0.270244 0.083440 0.019019
1 0.666736 0.270536 0.084274 0.019022
0 0.555311 0.300802 0.041774 0.018884
1 0.626560 0.301032 0.087607 0.019032
2 0.807805 0.302242 0.253431 0.018318
2 0.751017 0.323309 0.358431 0.018657
2 0.745895 0.344543 0.348431 0.018625
2 0.745773 0.365793 0.348431 0.018625
2 0.750651 0.387059 0.358431 0.018657
2 0.674280 0.408062 0.205932 0.018165
0 0.564927 0.440209 0.062607 0.018952
1 0.634927 0.440435 0.064274 0.018957
2 0.804505 0.441608 0.253431 0.018318
2 0.626468 0.462283 0.110933 0.017858
0 0.554216 0.491425 0.041774 0.018884
1 0.612966 0.491615 0.062607 0.018952
2 0.789627 0.492811 0.269265 0.018369
2 0.744922 0.513916 0.348431 0.018625
2 0.749800 0.535182 0.358431 0.018657
2 0.744678 0.556416 0.348431 0.018625
2 0.681224 0.577461 0.221765 0.018216
0 0.563987 0.603958 0.062607 0.018952
1 0.636486 0.604192 0.069274 0.018973
2 0.800648 0.605347 0.237598 0.018267
2 0.744276 0.626415 0.348431 0.018625
2 0.744154 0.647665 0.348431 0.018625
0 0.563581 0.674582 0.062607 0.018952
1 0.637331 0.674820 0.071774 0.018981
0 0.573797 0.709615 0.083440 0.019019
1 0.653380 0.709872 0.062607 0.018952
2 0.806291 0.710991 0.221765 0.018216
2 0.661587 0.731774 0.184265 0.018095
0 0.563054 0.766456 0.062607 0.018952
1 0.620970 0.766643 0.040107 0.018879
2 0.786381 0.767803 0.269265 0.018369
0 0.552436 0.801422 0.041774 0.018884
1 0.623686 0.801652 0.087607 0.019032
2 0.804930 0.802863 0.253431 0.018318
2 0.743142 0.823913 0.348431 0.018625
2 0.743020 0.845163 0.348431 0.018625
2 0.742898 0.866413 0.348431 0.018625
2 0.711110 0.887561 0.285098 0.018420
