1 0.093339 0.081151 0.041927 0.019077
2 0.147086 0.081574 0.052759 0.019162
3 0.255404 0.083052 0.142737 0.018621
0 0.272487 0.083186 0.406959 0.025700
1 0.103361 0.109357 0.062759 0.019241
2 0.180857 0.109967 0.079425 0.019372
3 0.350005 0.111923 0.237732 0.019368
3 0.288461 0.132690 0.358558 0.020320
3 0.243583 0.153588 0.269397 0.019618
0 0.271796 0.132559 0.407554 0.068197
1 0.112701 0.186309 0.083591 0.019405
2 0.195197 0.186959 0.068592 0.019287
3 0.351013 0.188810 0.221899 0.019244
3 0.282386 0.209521 0.348559 0.020241
3 0.282089 0.230770 0.348559 0.020241
3 0.281791 0.252019 0.348559 0.020241
3 0.265662 0.273143 0.316894 0.019992
0 0.270423 0.230678 0.408149 0.110695
1 0.111145 0.297553 0.083591 0.019405
2 0.184057 0.298127 0.049426 0.019136
3 0.338207 0.299965 0.237732 0.019368
3 0.280829 0.320765 0.348559 0.020241
3 0.214286 0.341492 0.216066 0.019198
0 0.269163 0.320673 0.407554 0.068197
1 0.089298 0.369885 0.041927 0.019077
2 0.147212 0.370341 0.061092 0.019228
3 0.323026 0.372350 0.269397 0.019618
3 0.279815 0.393261 0.348559 0.020241
3 0.279517 0.414510 0.348559 0.020241
3 0.279220 0.435759 0.348559 0.020241
3 0.263090 0.456883 0.316894 0.019992
0 0.267851 0.414418 0.408149 0.110695
1 0.087671 0.486129 0.041927 0.019077
2 0.161417 0.486709 0.092757 0.019477
3 0.337232 0.488718 0.237732 0.019368
3 0.246523 0.509255 0.285229 0.019742
0 0.266671 0.498788 0.407256 0.046949
1 0.097388 0.536208 0.062759 0.019241
2 0.160301 0.536703 0.050260 0.019143
0 0.266120 0.538161 0.406959 0.025700
1 0.097012 0.563082 0.062759 0.019241
2 0.160758 0.563583 0.051926 0.019156
3 0.292409 0.565245 0.190234 0.018995
0 0.265744 0.565035 0.406959 0.025700
1 0.086176 0.592998 0.041927 0.019077
2 0.146173 0.593470 0.065259 0.019261
3 0.321154 0.595473 0.263564 0.019572
3 0.134200 0.615252 0.063575 0.017998
0 0.265175 0.605657 0.407256 0.046949
1 0.085441 0.645495 0.041927 0.019077
2 0.148354 0.645990 0.071092 0.019307
3 0.321253 0.647976 0.253564 0.019493
0 0.264589 0.647530 0.406959 0.025700
1 0.085030 0.674868 0.041927 0.019077
2 0.146693 0.675354 0.068592 0.019287
3 0.326258 0.677392 0.269397 0.019618
3 0.172636 0.697434 0.142737 0.018621
0 0.264030 0.687528 0.407256 0.046949
1 0.105163 0.725030 0.083591 0.019405
2 0.188908 0.725689 0.071092 0.019307
3 0.345974 0.727550 0.221899 0.019244
3 0.274847 0.748241 0.348559 0.020241
3 0.274550 0.769490 0.348559 0.020241
3 0.279252 0.790778 0.358558 0.020320
3 0.278955 0.812027 0.358558 0.020320
3 0.123249 0.832053 0.047742 0.017873
0 0.262735 0.780023 0.408446 0.131944
1 0.103265 0.860647 0.083591 0.019405
2 0.196593 0.861382 0.090257 0.019457
0 0.261581 0.862518 0.406959 0.025700
1 0.092420 0.891188 0.062759 0.019241
2 0.164916 0.891759 0.069425 0.019293
3 0.281568 0.893302 0.142737 0.018621
0 0.261152 0.893142 0.406959 0.025700
1 0.570396 0.084906 0.062759 0.019241
2 0.648725 0.085523 0.081091 0.019385
3 0.815790 0.087463 0.231899 0.019323
3 0.608004 0.107078 0.063575 0.017998
0 0.738979 0.097484 0.407256 0.046949
1 0.569731 0.132404 0.062759 0.019241
2 0.625561 0.132843 0.036094 0.019031
3 0.793877 0.134793 0.279396 0.019696
3 0.749832 0.155697 0.348559 0.020241
3 0.749534 0.176946 0.348559 0.020241
3 0.677991 0.197634 0.206067 0.019119
0 0.738017 0.166230 0.407851 0.089446
1 0.557924 0.231691 0.041927 0.019077
2 0.606672 0.232075 0.042760 0.019083
3 0.781237 0.234074 0.285229 0.019742
3 0.605949 0.253945 0.063575 0.017998
0 0.736924 0.244351 0.407256 0.046949
1 0.577969 0.288102 0.083591 0.019405
2 0.647966 0.288653 0.043593 0.019090
3 0.807115 0.290531 0.253564 0.019493
3 0.747654 0.311314 0.348559 0.020241
3 0.752356 0.332602 0.358558 0.020320
3 0.747059 0.353812 0.348559 0.020241
3 0.723013 0.374873 0.301062 0.019867
0 0.735691 0.332471 0.408149 0.110695
1 0.555545 0.401682 0.041927 0.019077
2 0.620125 0.402190 0.074425 0.019333
3 0.794690 0.404189 0.253564 0.019493
3 0.746062 0.425058 0.348559 0.020241
3 0.745765 0.446306 0.348559 0.020241
3 0.745468 0.467555 0.348559 0.020241
3 0.689757 0.488368 0.237732 0.019368
0 0.734099 0.446215 0.408149 0.110695
1 0.553971 0.514176 0.041927 0.019077
2 0.604802 0.514576 0.046926 0.019116
3 0.778533 0.516568 0.279396 0.019696
3 0.578247 0.536243 0.016077 0.017624
0 0.732971 0.526835 0.407256 0.046949
1 0.553237 0.566673 0.041927 0.019077
2 0.614067 0.567152 0.066925 0.019274
3 0.789882 0.569160 0.263564 0.019572
3 0.696256 0.589675 0.253564 0.019493
0 0.732236 0.579332 0.407256 0.046949
1 0.552572 0.614170 0.041927 0.019077
2 0.601319 0.614554 0.042760 0.019083
3 0.775884 0.616553 0.285229 0.019742
3 0.743089 0.637546 0.348559 0.020241
3 0.747791 0.658834 0.358558 0.020320
3 0.742494 0.680044 0.348559 0.020241
3 0.607621 0.700233 0.079407 0.018122
0 0.731125 0.658703 0.408149 0.110695
1 0.561423 0.726121 0.062759 0.019241
2 0.629752 0.726659 0.061092 0.019228
3 0.794734 0.728582 0.247731 0.019447
3 0.606947 0.748355 0.079407 0.018122
0 0.730006 0.738699 0.407256 0.046949
1 0.550289 0.777286 0.041927 0.019077
2 0.615702 0.777801 0.076092 0.019346
3 0.796100 0.779846 0.263564 0.019572
3 0.740806 0.800662 0.348559 0.020241
3 0.740509 0.821911 0.348559 0.020241
3 0.740211 0.843160 0.348559 0.020241
3 0.721165 0.864261 0.311061 0.019946
0 0.728843 0.821819 0.408149 0.110695
1 0.559096 0.892362 0.062759 0.019241
2 0.633259 0.892946 0.072758 0.019320
3 0.804074 0.894915 0.247731 0.019447
3 0.691699 0.915282 0.253564 0.019493
0 0.727680 0.904939 0.407256 0.046949
