1 0.147500 0.085938 0.060000 0.021875
0 0.266667 0.085938 0.400000 0.021875
1 0.177500 0.116562 0.120000 0.021875
0 0.266667 0.116562 0.400000 0.021875
1 0.200000 0.150312 0.118333 0.021875
0 0.266667 0.159688 0.400000 0.040625
1 0.155417 0.198437 0.075833 0.021875
0 0.266667 0.207813 0.400000 0.040625
1 0.159583 0.250937 0.084167 0.021875
0 0.266667 0.260313 0.400000 0.040625
1 0.174583 0.303438 0.114167 0.021875
0 0.266667 0.369063 0.400000 0.153125
1 0.205417 0.466562 0.082500 0.021875
0 0.266667 0.532188 0.400000 0.153125
1 0.204583 0.629062 0.080833 0.021875
0 0.266667 0.638437 0.400000 0.040625
1 0.159167 0.679688 0.036667 0.021875
0 0.266667 0.689063 0.400000 0.040625
1 0.200000 0.732812 0.118333 0.021875
0 0.266667 0.742188 0.400000 0.040625
1 0.219583 0.782813 0.110833 0.021875
0 0.266667 0.782813 0.400000 0.021875
1 0.205000 0.811562 0.081667 0.021875
0 0.266667 0.820937 0.400000 0.040625
1 0.200000 0.858437 0.071667 0.021875
0 0.266667 0.867812 0.400000 0.040625
1 0.191667 0.910312 0.055000 0.021875
0 0.266667 0.910312 0.400000 0.021875
1 0.659167 0.085938 0.103333 0.021875
0 0.733333 0.095312 0.400000 0.040625
1 0.660417 0.138437 0.059167 0.021875
0 0.733333 0.138437 0.400000 0.021875
1 0.638333 0.171563 0.108333 0.021875
0 0.733333 0.171563 0.400000 0.021875
1 0.671667 0.204687 0.081667 0.021875
0 0.733333 0.223438 0.400000 0.059375
1 0.659167 0.272813 0.103333 0.021875
0 0.733333 0.300938 0.400000 0.078125
1 0.650417 0.363438 0.132500 0.021875
0 0.733333 0.429063 0.400000 0.153125
1 0.648333 0.524687 0.128333 0.021875
0 0.733333 0.534062 0.400000 0.040625
1 0.662500 0.577812 0.110000 0.021875
0 0.733333 0.577812 0.400000 0.021875
1 0.637917 0.605938 0.107500 0.021875
0 0.733333 0.615313 0.400000 0.040625
1 0.646250 0.657813 0.077500 0.021875
0 0.733333 0.657813 0.400000 0.021875
1 0.652917 0.689063 0.090833 0.021875
0 0.733333 0.689063 0.400000 0.021875
1 0.637500 0.722187 0.106667 0.021875
0 0.733333 0.778438 0.400000 0.134375
1 0.680000 0.869062 0.098333 0.021875
0 0.733333 0.878437 0.400000 0.040625
