1 0.091655 0.087823 0.062780 0.019281
2 0.155817 0.087277 0.052780 0.019196
3 0.319566 0.086509 0.253582 0.019655
3 0.277390 0.108119 0.358575 0.020548
3 0.272712 0.129410 0.348576 0.020463
3 0.273034 0.150659 0.348576 0.020463
3 0.273355 0.171908 0.348576 0.020463
3 0.273677 0.193156 0.348576 0.020463
3 0.278998 0.214362 0.358575 0.020548
3 0.179326 0.236462 0.158588 0.018846
0 0.261529 0.161383 0.409231 0.174700
1 0.094359 0.266562 0.062780 0.019281
2 0.163938 0.265970 0.063613 0.019288
3 0.333103 0.265155 0.253582 0.019655
3 0.280095 0.286858 0.358575 0.020548
3 0.275416 0.308149 0.348576 0.020463
3 0.275738 0.329397 0.348576 0.020463
3 0.133569 0.351859 0.063594 0.018038
0 0.263751 0.308248 0.408267 0.110954
1 0.096118 0.382804 0.062780 0.019281
2 0.168613 0.382187 0.069446 0.019337
3 0.332779 0.381415 0.237749 0.019520
3 0.276854 0.403143 0.348576 0.020463
3 0.277175 0.424391 0.348576 0.020463
3 0.261664 0.445775 0.316911 0.020194
0 0.265348 0.413866 0.407945 0.089705
1 0.107943 0.475835 0.083612 0.019458
2 0.176688 0.475250 0.041114 0.019096
3 0.334604 0.474531 0.253582 0.019655
3 0.278263 0.496262 0.348576 0.020463
3 0.278584 0.517510 0.348576 0.020463
3 0.283905 0.538716 0.358575 0.020548
3 0.279227 0.560008 0.348576 0.020463
3 0.279548 0.581256 0.348576 0.020463
3 0.229456 0.602934 0.247749 0.019605
0 0.267240 0.538858 0.408910 0.153451
1 0.089522 0.635377 0.041948 0.019103
2 0.145768 0.634898 0.057780 0.019238
3 0.312017 0.634108 0.253582 0.019655
0 0.268686 0.634477 0.406981 0.025959
1 0.100429 0.667786 0.062780 0.019281
2 0.161259 0.667268 0.046114 0.019139
3 0.258345 0.667067 0.126923 0.018577
0 0.269178 0.666975 0.406981 0.025959
1 0.111252 0.694571 0.083612 0.019458
2 0.188747 0.693911 0.058613 0.019245
3 0.344580 0.693210 0.231917 0.019470
3 0.191578 0.715764 0.168587 0.018931
0 0.269745 0.704473 0.407302 0.047208
1 0.091271 0.750994 0.041948 0.019103
2 0.163766 0.750377 0.090278 0.019515
3 0.338348 0.749517 0.237749 0.019520
3 0.287423 0.771201 0.358575 0.020548
3 0.282744 0.792493 0.348576 0.020463
3 0.283066 0.813741 0.348576 0.020463
3 0.283387 0.834990 0.348576 0.020463
3 0.283709 0.856239 0.348576 0.020463
3 0.157372 0.878565 0.095259 0.018307
0 0.271400 0.813841 0.408910 0.153451
1 0.568707 0.083764 0.083612 0.019458
2 0.649536 0.083076 0.065279 0.019302
0 0.727040 0.083041 0.406981 0.025959
1 0.548348 0.115189 0.041948 0.019103
2 0.615427 0.114618 0.079445 0.019422
3 0.792509 0.113736 0.253582 0.019655
3 0.620758 0.136449 0.111091 0.018442
0 0.727673 0.124913 0.407302 0.047208
1 0.549180 0.170185 0.041948 0.019103
2 0.614176 0.169632 0.075279 0.019387
0 0.728345 0.169286 0.406981 0.025959
1 0.549634 0.200183 0.041948 0.019103
2 0.614630 0.199630 0.075279 0.019387
3 0.789628 0.198766 0.253582 0.019655
3 0.614128 0.221511 0.095259 0.018307
0 0.728959 0.209908 0.407302 0.047208
1 0.571308 0.255627 0.083612 0.019458
2 0.657552 0.254893 0.076112 0.019394
3 0.817135 0.254160 0.221917 0.019385
3 0.741628 0.276054 0.348576 0.020463
3 0.741949 0.297303 0.348576 0.020463
3 0.742271 0.318552 0.348576 0.020463
3 0.576353 0.341215 0.016097 0.017634
0 0.730283 0.297402 0.408267 0.110954
1 0.552272 0.374547 0.041948 0.019103
2 0.608102 0.374072 0.056947 0.019231
3 0.786850 0.373176 0.279413 0.019875
3 0.624682 0.395807 0.111091 0.018442
0 0.731597 0.384272 0.407302 0.047208
1 0.563539 0.430705 0.062780 0.019281
2 0.641451 0.430042 0.080279 0.019430
3 0.811033 0.429224 0.237749 0.019520
3 0.744275 0.451043 0.348576 0.020463
3 0.746680 0.472274 0.352742 0.020499
3 0.744918 0.493540 0.348576 0.020463
3 0.681910 0.515328 0.221917 0.019385
0 0.732931 0.472391 0.408267 0.110954
1 0.554835 0.543911 0.041948 0.019103
2 0.619830 0.543358 0.075279 0.019387
3 0.794829 0.542494 0.253582 0.019655
3 0.745986 0.564161 0.348576 0.020463
3 0.746308 0.585409 0.348576 0.020463
3 0.627887 0.607669 0.111091 0.018442
0 0.734481 0.574884 0.407945 0.089705
1 0.556300 0.640780 0.041948 0.019103
2 0.620463 0.640234 0.073612 0.019373
3 0.794628 0.639377 0.253582 0.019655
3 0.747452 0.661030 0.348576 0.020463
3 0.636947 0.683221 0.126923 0.018577
0 0.735786 0.661129 0.407624 0.068456
1 0.578286 0.716848 0.083612 0.019458
2 0.649948 0.716238 0.046947 0.019146
3 0.802864 0.715562 0.237749 0.019520
3 0.621947 0.738353 0.095259 0.018307
0 0.736779 0.726750 0.407302 0.047208
1 0.558229 0.768272 0.041948 0.019103
2 0.624475 0.767708 0.077779 0.019408
3 0.800723 0.766833 0.253582 0.019655
3 0.749381 0.788521 0.348576 0.020463
3 0.749702 0.809770 0.348576 0.020463
3 0.750024 0.831019 0.348576 0.020463
3 0.750345 0.852267 0.348576 0.020463
3 0.624008 0.874594 0.095259 0.018307
0 0.738197 0.820494 0.408588 0.132202
