1 0.106262 0.085478 0.083426 0.018984
2 0.198761 0.085218 0.088426 0.018998
3 0.356680 0.085399 0.205919 0.018078
3 0.197203 0.107097 0.190086 0.018033
0 0.264650 0.096283 0.406882 0.044891
1 0.106542 0.141727 0.083426 0.018984
2 0.184042 0.141510 0.058427 0.018914
3 0.311127 0.141778 0.174253 0.017989
0 0.264878 0.141908 0.406776 0.023642
1 0.106701 0.173602 0.083426 0.018984
2 0.196701 0.173349 0.083426 0.018984
3 0.352119 0.173538 0.205919 0.018078
3 0.150144 0.195355 0.095087 0.017767
0 0.265090 0.184407 0.406882 0.044891
1 0.086115 0.223035 0.041760 0.018867
2 0.134031 0.222901 0.040927 0.018865
0 0.265283 0.223157 0.406776 0.023642
1 0.086277 0.255535 0.041760 0.018867
2 0.155443 0.255341 0.083426 0.018984
3 0.334612 0.255463 0.253419 0.018211
3 0.126802 0.277296 0.047587 0.017633
0 0.265498 0.266282 0.406882 0.044891
1 0.086539 0.308035 0.041760 0.018867
2 0.159038 0.307831 0.090093 0.019003
3 0.333624 0.307966 0.237586 0.018167
3 0.111231 0.329840 0.015921 0.017544
0 0.265760 0.318781 0.406882 0.044891
1 0.086804 0.361159 0.041760 0.018867
2 0.150137 0.360981 0.071760 0.018951
0 0.265973 0.361281 0.406776 0.023642
1 0.092796 0.393018 0.053427 0.018900
2 0.157379 0.392836 0.062593 0.018925
3 0.331131 0.392973 0.263419 0.018239
3 0.246238 0.414462 0.285085 0.018300
0 0.266185 0.403781 0.406882 0.044891
1 0.097623 0.441754 0.062593 0.018925
2 0.181373 0.441519 0.091760 0.019007
0 0.266375 0.441906 0.406776 0.023642
1 0.087372 0.474908 0.041760 0.018867
2 0.142371 0.474754 0.055093 0.018904
3 0.299457 0.474938 0.237586 0.018167
0 0.266540 0.475030 0.406776 0.023642
1 0.108345 0.502975 0.083426 0.018984
2 0.198761 0.502721 0.084260 0.018986
3 0.354597 0.502908 0.205919 0.018078
3 0.112205 0.524839 0.015921 0.017544
0 0.266734 0.513780 0.406882 0.044891
1 0.108617 0.557349 0.083426 0.018984
2 0.190283 0.557120 0.066760 0.018937
3 0.345285 0.557310 0.221752 0.018122
3 0.278725 0.578747 0.348418 0.018478
3 0.278831 0.599997 0.348418 0.018478
3 0.278937 0.621247 0.348418 0.018478
3 0.279043 0.642496 0.348418 0.018478
3 0.284149 0.663732 0.358418 0.018506
3 0.144673 0.685374 0.079253 0.017722
0 0.267270 0.621279 0.407413 0.151141
1 0.109425 0.719223 0.083426 0.018984
2 0.191924 0.718992 0.068426 0.018942
3 0.347760 0.719179 0.221752 0.018122
3 0.168700 0.740932 0.126753 0.017856
0 0.267813 0.730029 0.406882 0.044891
1 0.088838 0.768656 0.041760 0.018867
2 0.148421 0.768489 0.064260 0.018930
0 0.268007 0.768778 0.406776 0.023642
1 0.109833 0.801098 0.083426 0.018984
2 0.200250 0.800844 0.084260 0.018986
3 0.356085 0.801031 0.205919 0.018078
3 0.279941 0.822495 0.348418 0.018478
3 0.280048 0.843745 0.348418 0.018478
3 0.193071 0.865239 0.174253 0.017989
0 0.268328 0.833153 0.407094 0.087391
1 0.099897 0.897376 0.062593 0.018925
2 0.181980 0.897146 0.088426 0.018998
3 0.347815 0.897305 0.221752 0.018122
3 0.264589 0.918789 0.316752 0.018389
0 0.268702 0.908152 0.406882 0.044891
1 0.562508 0.084197 0.062593 0.018925
2 0.623758 0.084025 0.046760 0.018881
3 0.792510 0.084176 0.269252 0.018256
3 0.576784 0.106032 0.015921 0.017544
0 0.731313 0.094973 0.406882 0.044891
1 0.552360 0.137975 0.041760 0.018867
2 0.614443 0.137801 0.069260 0.018944
3 0.791528 0.137929 0.263419 0.018239
3 0.743301 0.159315 0.348418 0.018478
3 0.743407 0.180564 0.348418 0.018478
3 0.743513 0.201814 0.348418 0.018478
3 0.743619 0.223064 0.348418 0.018478
3 0.577477 0.244781 0.015921 0.017544
0 0.731794 0.191222 0.407306 0.129891
1 0.573867 0.272916 0.083426 0.018984
2 0.645533 0.272715 0.046760 0.018881
3 0.774702 0.272977 0.190086 0.018033
0 0.732202 0.273096 0.406776 0.023642
1 0.574032 0.306041 0.083426 0.018984
2 0.646532 0.305837 0.048427 0.018886
3 0.800284 0.306031 0.237586 0.018167
3 0.744140 0.327438 0.348418 0.018478
3 0.744246 0.348688 0.348418 0.018478
3 0.744353 0.369938 0.348418 0.018478
3 0.744459 0.391188 0.348418 0.018478
3 0.744565 0.412438 0.348418 0.018478
3 0.736754 0.433710 0.332585 0.018433
0 0.732686 0.369971 0.407413 0.151141
1 0.564393 0.461694 0.062593 0.018925
2 0.653142 0.461445 0.101760 0.019035
3 0.817727 0.461608 0.205919 0.018078
3 0.744917 0.483062 0.348418 0.018478
3 0.745023 0.504312 0.348418 0.018478
3 0.745129 0.525562 0.348418 0.018478
3 0.745235 0.546812 0.348418 0.018478
3 0.658259 0.568306 0.174253 0.017989
0 0.733410 0.514970 0.407306 0.129891
1 0.575508 0.601664 0.083426 0.018984
2 0.664674 0.601413 0.081760 0.018979
3 0.819259 0.601604 0.205919 0.018078
3 0.745616 0.623061 0.348418 0.018478
3 0.745722 0.644311 0.348418 0.018478
3 0.619162 0.665917 0.095087 0.017767
0 0.734002 0.633719 0.407094 0.087391
1 0.565575 0.698567 0.062593 0.018925
2 0.636824 0.698367 0.066760 0.018937
3 0.807660 0.698513 0.253419 0.018211
3 0.746100 0.719936 0.348418 0.018478
3 0.751206 0.741171 0.358418 0.018506
3 0.746312 0.762435 0.348418 0.018478
3 0.691001 0.783841 0.237586 0.018167
0 0.734539 0.741218 0.407200 0.108641
1 0.576572 0.814787 0.083426 0.018984
2 0.649071 0.814584 0.048427 0.018886
3 0.802823 0.814777 0.237586 0.018167
3 0.746680 0.836185 0.348418 0.018478
3 0.746786 0.857435 0.348418 0.018478
3 0.746892 0.878684 0.348418 0.018478
3 0.604499 0.900334 0.063420 0.017678
0 0.735119 0.857467 0.407200 0.108641
