0 0.26666666666666666 0.096875 0.4 0.04375
0 0.26666666666666666 0.158125 0.4 0.04375
0 0.26666666666666666 0.219375 0.4 0.04375
0 0.26666666666666666 0.304375 0.4 0.09125
0 0.26666666666666666 0.389375 0.4 0.04375
0 0.26666666666666666 0.498125 0.4 0.13875
0 0.26666666666666666 0.6425 0.4 0.115
0 0.26666666666666666 0.739375 0.4 0.04375
0 0.26666666666666666 0.800625 0.4 0.04375
0 0.26666666666666666 0.861875 0.4 0.04375
0 0.7333333333333333 0.1325 0.4 0.115
0 0.7333333333333333 0.229375 0.4 0.04375
0 0.7333333333333333 0.314375 0.4 0.09125
0 0.7333333333333333 0.423125 0.4 0.09125
0 0.7333333333333333 0.508125 0.4 0.04375
0 0.7333333333333333 0.616875 0.4 0.13875
0 0.7333333333333333 0.76125 0.4 0.115
0 0.7333333333333333 0.858125 0.4 0.04375
