1 0.168750 0.085938 0.102500 0.021875
0 0.266667 0.085938 0.400000 0.021875
1 0.157500 0.120313 0.080000 0.021875
0 0.266667 0.148438 0.400000 0.078125
1 0.203750 0.204687 0.079167 0.021875
0 0.266667 0.214062 0.400000 0.040625
1 0.165833 0.254688 0.096667 0.021875
0 0.266667 0.292187 0.400000 0.096875
1 0.215833 0.357812 0.103333 0.021875
0 0.266667 0.357812 0.400000 0.021875
1 0.187917 0.391562 0.094167 0.021875
0 0.266667 0.400938 0.400000 0.040625
1 0.226667 0.439688 0.125000 0.021875
0 0.266667 0.467813 0.400000 0.078125
1 0.222917 0.528438 0.117500 0.021875
0 0.266667 0.528438 0.400000 0.021875
1 0.171250 0.556562 0.060833 0.021875
0 0.266667 0.556562 0.400000 0.021875
1 0.239167 0.589688 0.150000 0.021875
0 0.266667 0.599063 0.400000 0.040625
1 0.212500 0.640938 0.096667 0.021875
0 0.266667 0.650312 0.400000 0.040625
1 0.180833 0.689063 0.080000 0.021875
0 0.266667 0.689063 0.400000 0.021875
1 0.211667 0.720938 0.095000 0.021875
0 0.266667 0.730313 0.400000 0.040625
1 0.224167 0.768437 0.120000 0.021875
0 0.266667 0.777813 0.400000 0.040625
1 0.203750 0.815937 0.079167 0.021875
0 0.266667 0.815937 0.400000 0.021875
1 0.158750 0.847187 0.082500 0.021875
0 0.266667 0.856563 0.400000 0.040625
1 0.150833 0.894687 0.066667 0.021875
0 0.266667 0.894687 0.400000 0.021875
1 0.610833 0.085938 0.053333 0.021875
0 0.733333 0.095312 0.400000 0.040625
1 0.696250 0.137813 0.130833 0.021875
0 0.733333 0.147187 0.400000 0.040625
1 0.663333 0.189688 0.065000 0.021875
0 0.733333 0.199063 0.400000 0.040625
1 0.617500 0.237813 0.066667 0.021875
0 0.733333 0.237813 0.400000 0.021875
1 0.647917 0.267188 0.080833 0.021875
0 0.733333 0.323437 0.400000 0.134375
1 0.612917 0.413438 0.057500 0.021875
0 0.733333 0.413438 0.400000 0.021875
1 0.652917 0.443437 0.137500 0.021875
0 0.733333 0.499688 0.400000 0.134375
1 0.647500 0.590313 0.080000 0.021875
0 0.733333 0.590313 0.400000 0.021875
1 0.681667 0.624062 0.101667 0.021875
0 0.733333 0.624062 0.400000 0.021875
1 0.719167 0.655937 0.176667 0.021875
0 0.733333 0.702812 0.400000 0.115625
1 0.673750 0.780937 0.085833 0.021875
0 0.733333 0.780937 0.400000 0.021875
1 0.699583 0.809688 0.137500 0.021875
0 0.733333 0.809688 0.400000 0.021875
1 0.665000 0.844063 0.115000 0.021875
0 0.733333 0.853437 0.400000 0.040625
1 0.650000 0.890938 0.085000 0.021875
0 0.733333 0.909687 0.400000 0.059375
