1 0.187500 0.085938 0.093333 0.021875
0 0.266667 0.085938 0.400000 0.021875
1 0.214583 0.114687 0.100833 0.021875
0 0.266667 0.124063 0.400000 0.040625
1 0.207500 0.164687 0.133333 0.021875
0 0.266667 0.174063 0.400000 0.040625
1 0.166667 0.212812 0.098333 0.021875
0 0.266667 0.222188 0.400000 0.040625
1 0.229167 0.260313 0.130000 0.021875
0 0.266667 0.269688 0.400000 0.040625
1 0.214167 0.313437 0.100000 0.021875
0 0.266667 0.313437 0.400000 0.021875
1 0.169583 0.346562 0.104167 0.021875
0 0.266667 0.355938 0.400000 0.040625
1 0.209167 0.397188 0.090000 0.021875
0 0.266667 0.425312 0.400000 0.078125
1 0.215417 0.484687 0.102500 0.021875
0 0.266667 0.494063 0.400000 0.040625
1 0.199167 0.537813 0.163333 0.021875
0 0.266667 0.537813 0.400000 0.021875
1 0.228750 0.572187 0.129167 0.021875
0 0.266667 0.572187 0.400000 0.021875
1 0.143750 0.606563 0.052500 0.021875
0 0.266667 0.615938 0.400000 0.040625
1 0.194583 0.654062 0.107500 0.021875
0 0.266667 0.654062 0.400000 0.021875
1 0.170833 0.682187 0.060000 0.021875
0 0.266667 0.691562 0.400000 0.040625
1 0.182500 0.735313 0.083333 0.021875
0 0.266667 0.782188 0.400000 0.115625
1 0.209167 0.859688 0.136667 0.021875
0 0.266667 0.869062 0.400000 0.040625
1 0.202500 0.910937 0.076667 0.021875
0 0.266667 0.920312 0.400000 0.040625
1 0.664583 0.085938 0.067500 0.021875
0 0.733333 0.085938 0.400000 0.021875
1 0.619167 0.119688 0.070000 0.021875
0 0.733333 0.157188 0.400000 0.096875
1 0.658750 0.229063 0.102500 0.021875
0 0.733333 0.238437 0.400000 0.040625
1 0.661667 0.277187 0.108333 0.021875
0 0.733333 0.286562 0.400000 0.040625
1 0.664583 0.330313 0.114167 0.021875
0 0.733333 0.377188 0.400000 0.115625
1 0.690417 0.455313 0.119167 0.021875
0 0.733333 0.455313 0.400000 0.021875
1 0.637083 0.485312 0.105833 0.021875
0 0.733333 0.485312 0.400000 0.021875
1 0.657917 0.519687 0.147500 0.021875
0 0.733333 0.529062 0.400000 0.040625
1 0.689583 0.567813 0.117500 0.021875
0 0.733333 0.577187 0.400000 0.040625
1 0.643750 0.616563 0.119167 0.021875
0 0.733333 0.625938 0.400000 0.040625
1 0.659167 0.664062 0.056667 0.021875
0 0.733333 0.673438 0.400000 0.040625
1 0.662083 0.712812 0.062500 0.021875
0 0.733333 0.722187 0.400000 0.040625
1 0.635000 0.763437 0.101667 0.021875
0 0.733333 0.772813 0.400000 0.040625
1 0.608333 0.810312 0.048333 0.021875
0 0.733333 0.819688 0.400000 0.040625
1 0.636667 0.862812 0.105000 0.021875
0 0.733333 0.872188 0.400000 0.040625
1 0.692083 0.911563 0.122500 0.021875
0 0.733333 0.949063 0.400000 0.096875
