1 0.225833 0.085938 0.123333 0.021875
0 0.266667 0.095312 0.400000 0.040625
1 0.149583 0.135937 0.064167 0.021875
0 0.266667 0.145313 0.400000 0.040625
1 0.177083 0.184688 0.119167 0.021875
0 0.266667 0.203437 0.400000 0.059375
1 0.150417 0.254063 0.065833 0.021875
0 0.266667 0.291563 0.400000 0.096875
1 0.211250 0.357187 0.140833 0.021875
0 0.266667 0.413438 0.400000 0.134375
1 0.217500 0.497812 0.106667 0.021875
0 0.266667 0.497812 0.400000 0.021875
1 0.155000 0.532188 0.075000 0.021875
0 0.266667 0.532188 0.400000 0.021875
1 0.213333 0.564063 0.145000 0.021875
0 0.266667 0.564063 0.400000 0.021875
1 0.197917 0.594688 0.067500 0.021875
0 0.266667 0.604062 0.400000 0.040625
1 0.217917 0.647188 0.107500 0.021875
0 0.266667 0.656563 0.400000 0.040625
1 0.159167 0.697187 0.083333 0.021875
0 0.266667 0.706562 0.400000 0.040625
1 0.203333 0.744062 0.078333 0.021875
0 0.266667 0.753437 0.400000 0.040625
1 0.203333 0.795312 0.125000 0.021875
0 0.266667 0.795312 0.400000 0.021875
1 0.205000 0.824688 0.081667 0.021875
0 0.266667 0.834063 0.400000 0.040625
1 0.157917 0.874687 0.080833 0.021875
0 0.266667 0.884062 0.400000 0.040625
1 0.688750 0.085938 0.115833 0.021875
0 0.733333 0.095312 0.400000 0.040625
1 0.646667 0.134687 0.078333 0.021875
0 0.733333 0.144063 0.400000 0.040625
1 0.652500 0.185938 0.136667 0.021875
0 0.733333 0.185938 0.400000 0.021875
1 0.656250 0.217188 0.097500 0.021875
0 0.733333 0.235937 0.400000 0.059375
1 0.646250 0.282813 0.124167 0.021875
0 0.733333 0.292187 0.400000 0.040625
1 0.695833 0.330937 0.130000 0.021875
0 0.733333 0.340313 0.400000 0.040625
1 0.662917 0.377812 0.064167 0.021875
0 0.733333 0.377812 0.400000 0.021875
1 0.687917 0.405938 0.114167 0.021875
0 0.733333 0.415312 0.400000 0.040625
1 0.646250 0.452813 0.077500 0.021875
0 0.733333 0.490312 0.400000 0.096875
1 0.626667 0.557813 0.038333 0.021875
0 0.733333 0.567187 0.400000 0.040625
1 0.694583 0.609688 0.127500 0.021875
0 0.733333 0.619062 0.400000 0.040625
1 0.661250 0.660312 0.060833 0.021875
0 0.733333 0.697812 0.400000 0.096875
1 0.614167 0.764687 0.060000 0.021875
0 0.733333 0.774062 0.400000 0.040625
1 0.672500 0.817187 0.083333 0.021875
0 0.733333 0.817187 0.400000 0.021875
1 0.638333 0.847187 0.108333 0.021875
0 0.733333 0.875313 0.400000 0.078125
