1 0.099130 0.083716 0.062555 0.018852
2 0.159546 0.083815 0.045055 0.018824
0 0.267878 0.084618 0.406731 0.023167
1 0.099050 0.111216 0.062555 0.018852
2 0.179466 0.111348 0.085054 0.018889
3 0.343631 0.112243 0.221717 0.017864
3 0.168569 0.133205 0.126717 0.017708
0 0.267766 0.122743 0.406793 0.044417
1 0.109322 0.160608 0.083388 0.018887
2 0.187239 0.160736 0.059221 0.018847
3 0.346403 0.161622 0.237550 0.017890
3 0.279258 0.182762 0.348384 0.018071
3 0.279196 0.204012 0.348384 0.018071
3 0.284134 0.225270 0.358384 0.018088
3 0.281155 0.246515 0.352550 0.018078
3 0.279010 0.267762 0.348384 0.018071
3 0.191865 0.288869 0.174217 0.017786
0 0.267467 0.225243 0.407103 0.150667
1 0.108872 0.314983 0.083388 0.018887
2 0.181789 0.315102 0.049221 0.018831
0 0.267203 0.315868 0.406731 0.023167
1 0.098353 0.349966 0.062555 0.018852
2 0.174186 0.350090 0.075888 0.018874
3 0.286268 0.350899 0.126717 0.017708
0 0.267101 0.350868 0.406731 0.023167
1 0.087849 0.379949 0.041721 0.018818
2 0.163266 0.380072 0.095888 0.018907
3 0.340763 0.380988 0.237550 0.017890
3 0.278618 0.402137 0.348384 0.018071
3 0.278556 0.423387 0.348384 0.018071
3 0.278494 0.444636 0.348384 0.018071
3 0.215099 0.465782 0.221717 0.017864
0 0.266890 0.423367 0.406979 0.108167
1 0.087525 0.491198 0.041721 0.018818
2 0.159608 0.491317 0.089221 0.018896
3 0.333772 0.492227 0.237550 0.017890
3 0.270377 0.513373 0.332550 0.018045
0 0.266658 0.502742 0.406793 0.044417
1 0.087379 0.541198 0.041721 0.018818
2 0.152795 0.541305 0.075888 0.018874
3 0.312376 0.542192 0.221717 0.017864
0 0.266543 0.542117 0.406731 0.023167
1 0.108125 0.571232 0.083388 0.018887
2 0.182708 0.571355 0.052555 0.018836
3 0.338539 0.572235 0.237550 0.017890
3 0.111811 0.593113 0.015884 0.017526
0 0.266425 0.582742 0.406793 0.044417
1 0.087151 0.619323 0.041721 0.018818
2 0.135068 0.619402 0.040888 0.018817
3 0.308815 0.620312 0.285050 0.017968
3 0.277920 0.641511 0.348384 0.018071
3 0.277858 0.662761 0.348384 0.018071
3 0.282796 0.684019 0.358384 0.018088
3 0.214401 0.705157 0.221717 0.017864
0 0.266191 0.662742 0.406979 0.108167
1 0.086814 0.734948 0.041721 0.018818
2 0.155564 0.735060 0.082554 0.018885
3 0.331395 0.735974 0.247550 0.017906
3 0.277583 0.757136 0.348384 0.018071
3 0.277521 0.778386 0.348384 0.018071
3 0.269542 0.799623 0.332550 0.018045
0 0.265885 0.767742 0.406917 0.086917
1 0.096962 0.826840 0.062555 0.018852
2 0.156546 0.826937 0.043388 0.018821
3 0.307793 0.827810 0.237550 0.017890
0 0.265710 0.827741 0.406731 0.023167
1 0.096860 0.861839 0.062555 0.018852
2 0.176027 0.861969 0.082554 0.018885
3 0.346858 0.862875 0.237550 0.017890
3 0.142630 0.883790 0.079218 0.017630
0 0.265577 0.873366 0.406793 0.044417
1 0.565795 0.084482 0.062555 0.018852
2 0.639129 0.084602 0.070888 0.018866
0 0.734543 0.085384 0.406731 0.023167
1 0.561112 0.118849 0.053388 0.018837
2 0.635278 0.118971 0.081721 0.018884
0 0.734443 0.119759 0.406731 0.023167
1 0.576026 0.148249 0.083388 0.018887
2 0.651443 0.148373 0.054221 0.018839
3 0.808107 0.149255 0.237550 0.017890
3 0.745962 0.170403 0.348384 0.018071
3 0.745900 0.191653 0.348384 0.018071
3 0.750838 0.212911 0.358384 0.018088
3 0.745776 0.234153 0.348384 0.018071
3 0.714047 0.255351 0.285050 0.017968
0 0.734202 0.202259 0.407041 0.129417
1 0.554786 0.287589 0.041721 0.018818
2 0.611453 0.287682 0.058388 0.018846
3 0.714784 0.288477 0.126717 0.017708
0 0.733951 0.288508 0.406731 0.023167
1 0.575536 0.316373 0.083388 0.018887
2 0.666786 0.316523 0.085888 0.018891
3 0.823450 0.317405 0.205884 0.017838
3 0.595055 0.338281 0.047551 0.017578
0 0.733836 0.327883 0.406793 0.044417
1 0.554549 0.368839 0.041721 0.018818
2 0.617049 0.368942 0.070055 0.018865
3 0.797464 0.369863 0.269217 0.017942
3 0.594902 0.390780 0.047551 0.017578
0 0.733683 0.380383 0.406793 0.044417
1 0.554389 0.423839 0.041721 0.018818
2 0.610222 0.423931 0.056721 0.018843
3 0.783970 0.424841 0.269217 0.017942
3 0.721408 0.445988 0.300884 0.017994
0 0.733522 0.435383 0.406793 0.044417
1 0.575071 0.475748 0.083388 0.018887
2 0.655487 0.475880 0.064221 0.018855
3 0.814235 0.476765 0.231717 0.017880
3 0.586674 0.497642 0.031718 0.017552
0 0.733371 0.487258 0.406793 0.044417
1 0.564512 0.524481 0.062555 0.018852
2 0.630762 0.524590 0.056721 0.018843
3 0.801593 0.525495 0.263384 0.017932
3 0.705281 0.546587 0.269217 0.017942
0 0.733229 0.536008 0.406793 0.044417
1 0.553957 0.571964 0.041721 0.018818
2 0.609373 0.572055 0.055888 0.018842
0 0.733121 0.572883 0.406731 0.023167
1 0.574705 0.601373 0.083388 0.018887
2 0.653454 0.601502 0.060888 0.018850
3 0.750119 0.602286 0.110884 0.017682
0 0.733036 0.602258 0.406731 0.023167
1 0.553793 0.628214 0.041721 0.018818
2 0.608376 0.628303 0.054221 0.018839
3 0.772957 0.629198 0.253384 0.017916
0 0.732957 0.629133 0.406731 0.023167
1 0.574531 0.660748 0.083388 0.018887
2 0.653281 0.660877 0.060888 0.018850
3 0.813279 0.661764 0.237550 0.017890
3 0.744467 0.682902 0.348384 0.018071
3 0.749405 0.704160 0.358384 0.018088
3 0.749343 0.725410 0.358384 0.018088
3 0.728448 0.746625 0.316717 0.018019
0 0.732739 0.704132 0.406979 0.108167
1 0.563777 0.776355 0.062555 0.018852
2 0.624611 0.776455 0.045888 0.018825
3 0.777108 0.777330 0.237550 0.017890
0 0.732525 0.777257 0.406731 0.023167
1 0.553277 0.805088 0.041721 0.018818
2 0.620360 0.805198 0.079221 0.018880
0 0.732441 0.806007 0.406731 0.023167
1 0.574026 0.833872 0.083388 0.018887
2 0.645693 0.833990 0.046721 0.018827
3 0.798607 0.834866 0.237550 0.017890
3 0.680629 0.855922 0.221717 0.017864
0 0.732327 0.845382 0.406793 0.044417
1 0.563444 0.890730 0.062555 0.018852
2 0.641360 0.890858 0.080054 0.018881
0 0.732192 0.891632 0.406731 0.023167
