0 0.26666666666666666 0.144375 0.4 0.13875
0 0.26666666666666666 0.253125 0.4 0.04375
0 0.26666666666666666 0.314375 0.4 0.04375
0 0.26666666666666666 0.36375 0.4 0.02
0 0.26666666666666666 0.44875 0.4 0.115
0 0.26666666666666666 0.545625 0.4 0.04375
0 0.26666666666666666 0.606875 0.4 0.04375
0 0.26666666666666666 0.68 0.4 0.0675
0 0.26666666666666666 0.753125 0.4 0.04375
0 0.26666666666666666 0.8025 0.4 0.02
0 0.26666666666666666 0.851875 0.4 0.04375
0 0.7333333333333333 0.1325 0.4 0.115
0 0.7333333333333333 0.2175 0.4 0.02
0 0.7333333333333333 0.266875 0.4 0.04375
0 0.7333333333333333 0.328125 0.4 0.04375
0 0.7333333333333333 0.425 0.4 0.115
0 0.7333333333333333 0.521875 0.4 0.04375
0 0.7333333333333333 0.583125 0.4 0.04375
0 0.7333333333333333 0.644375 0.4 0.04375
0 0.7333333333333333 0.705625 0.4 0.04375
0 0.7333333333333333 0.790625 0.4 0.09125
0 0.7333333333333333 0.875625 0.4 0.04375
