0 0.26666666666666666 0.096875 0.4 0.04375
0 0.26666666666666666 0.158125 0.4 0.04375
0 0.26666666666666666 0.23125 0.4 0.0675
0 0.26666666666666666 0.328125 0.4 0.09125
0 0.26666666666666666 0.413125 0.4 0.04375
0 0.26666666666666666 0.474375 0.4 0.04375
0 0.26666666666666666 0.535625 0.4 0.04375
0 0.26666666666666666 0.596875 0.4 0.04375
0 0.26666666666666666 0.658125 0.4 0.04375
0 0.26666666666666666 0.743125 0.4 0.09125
0 0.26666666666666666 0.84 0.4 0.0675
0 0.7333333333333333 0.15625 0.4 0.1625
0 0.7333333333333333 0.276875 0.4 0.04375
0 0.7333333333333333 0.32625 0.4 0.02
0 0.7333333333333333 0.375625 0.4 0.04375
0 0.7333333333333333 0.44875 0.4 0.0675
0 0.7333333333333333 0.521875 0.4 0.04375
0 0.7333333333333333 0.583125 0.4 0.04375
0 0.7333333333333333 0.644375 0.4 0.04375
0 0.7333333333333333 0.729375 0.4 0.09125
0 0.7333333333333333 0.814375 0.4 0.04375
0 0.7333333333333333 0.875625 0.4 0.04375
