0 0.26666666666666666 0.1325 0.4 0.115
0 0.26666666666666666 0.2175 0.4 0.02
0 0.26666666666666666 0.3025 0.4 0.115
0 0.26666666666666666 0.399375 0.4 0.04375
0 0.26666666666666666 0.44875 0.4 0.02
0 0.26666666666666666 0.48625 0.4 0.02
0 0.26666666666666666 0.5475 0.4 0.0675
0 0.26666666666666666 0.620625 0.4 0.04375
0 0.26666666666666666 0.67 0.4 0.02
0 0.26666666666666666 0.719375 0.4 0.04375
0 0.26666666666666666 0.828125 0.4 0.13875
0 0.7333333333333333 0.10875 0.4 0.0675
0 0.7333333333333333 0.17 0.4 0.02
0 0.7333333333333333 0.243125 0.4 0.09125
0 0.7333333333333333 0.36375 0.4 0.115
0 0.7333333333333333 0.460625 0.4 0.04375
0 0.7333333333333333 0.521875 0.4 0.04375
0 0.7333333333333333 0.61875 0.4 0.115
0 0.7333333333333333 0.715625 0.4 0.04375
0 0.7333333333333333 0.776875 0.4 0.04375
0 0.7333333333333333 0.838125 0.4 0.04375
0 0.7333333333333333 0.899375 0.4 0.04375
