0 0.26666666666666666 0.1325 0.4 0.115
0 0.26666666666666666 0.265 0.4 0.115
0 0.26666666666666666 0.361875 0.4 0.04375
0 0.26666666666666666 0.41125 0.4 0.02
0 0.26666666666666666 0.44875 0.4 0.02
0 0.26666666666666666 0.498125 0.4 0.04375
0 0.26666666666666666 0.559375 0.4 0.04375
0 0.26666666666666666 0.644375 0.4 0.09125
0 0.26666666666666666 0.729375 0.4 0.04375
0 0.26666666666666666 0.790625 0.4 0.04375
0 0.26666666666666666 0.851875 0.4 0.04375
0 0.7333333333333333 0.10875 0.4 0.0675
0 0.7333333333333333 0.19375 0.4 0.0675
0 0.7333333333333333 0.255 0.4 0.02
0 0.7333333333333333 0.31625 0.4 0.0675
0 0.7333333333333333 0.40125 0.4 0.0675
0 0.7333333333333333 0.474375 0.4 0.04375
0 0.7333333333333333 0.535625 0.4 0.04375
0 0.7333333333333333 0.60875 0.4 0.0675
0 0.7333333333333333 0.681875 0.4 0.04375
0 0.7333333333333333 0.743125 0.4 0.04375
0 0.7333333333333333 0.804375 0.4 0.04375
0 0.7333333333333333 0.913125 0.4 0.13875
