0 0.26666666666666666 0.120625 0.4 0.09125
0 0.26666666666666666 0.253125 0.4 0.13875
0 0.26666666666666666 0.361875 0.4 0.04375
0 0.26666666666666666 0.41125 0.4 0.02
0 0.26666666666666666 0.460625 0.4 0.04375
0 0.26666666666666666 0.545625 0.4 0.09125
0 0.26666666666666666 0.66625 0.4 0.115
0 0.26666666666666666 0.763125 0.4 0.04375
0 0.26666666666666666 0.83625 0.4 0.0675
0 0.7333333333333333 0.096875 0.4 0.04375
0 0.7333333333333333 0.158125 0.4 0.04375
0 0.7333333333333333 0.255 0.4 0.115
0 0.7333333333333333 0.375625 0.4 0.09125
0 0.7333333333333333 0.49625 0.4 0.115
0 0.7333333333333333 0.593125 0.4 0.04375
0 0.7333333333333333 0.701875 0.4 0.13875
0 0.7333333333333333 0.84625 0.4 0.115
