0 0.26666666666666666 0.085 0.4 0.02
0 0.26666666666666666 0.17 0.4 0.115
0 0.26666666666666666 0.255 0.4 0.02
0 0.26666666666666666 0.36375 0.4 0.1625
0 0.26666666666666666 0.52 0.4 0.115
0 0.26666666666666666 0.616875 0.4 0.04375
0 0.26666666666666666 0.678125 0.4 0.04375
0 0.26666666666666666 0.739375 0.4 0.04375
0 0.26666666666666666 0.824375 0.4 0.09125
0 0.7333333333333333 0.144375 0.4 0.13875
0 0.7333333333333333 0.253125 0.4 0.04375
0 0.7333333333333333 0.3025 0.4 0.02
0 0.7333333333333333 0.34 0.4 0.02
0 0.7333333333333333 0.3775 0.4 0.02
0 0.7333333333333333 0.415 0.4 0.02
0 0.7333333333333333 0.5 0.4 0.115
0 0.7333333333333333 0.596875 0.4 0.04375
0 0.7333333333333333 0.658125 0.4 0.04375
0 0.7333333333333333 0.766875 0.4 0.13875
0 0.7333333333333333 0.899375 0.4 0.09125
