0 0.26666666666666666 0.1325 0.4 0.115
0 0.26666666666666666 0.265 0.4 0.115
0 0.26666666666666666 0.35 0.4 0.02
0 0.26666666666666666 0.399375 0.4 0.04375
0 0.26666666666666666 0.460625 0.4 0.04375
0 0.26666666666666666 0.521875 0.4 0.04375
0 0.26666666666666666 0.583125 0.4 0.04375
0 0.26666666666666666 0.6325 0.4 0.02
0 0.26666666666666666 0.681875 0.4 0.04375
0 0.26666666666666666 0.755 0.4 0.0675
0 0.26666666666666666 0.81625 0.4 0.02
0 0.26666666666666666 0.865625 0.4 0.04375
0 0.7333333333333333 0.10875 0.4 0.0675
0 0.7333333333333333 0.181875 0.4 0.04375
0 0.7333333333333333 0.243125 0.4 0.04375
0 0.7333333333333333 0.304375 0.4 0.04375
0 0.7333333333333333 0.365625 0.4 0.04375
0 0.7333333333333333 0.426875 0.4 0.04375
0 0.7333333333333333 0.47625 0.4 0.02
0 0.7333333333333333 0.585 0.4 0.1625
0 0.7333333333333333 0.69375 0.4 0.02
0 0.7333333333333333 0.73125 0.4 0.02
0 0.7333333333333333 0.780625 0.4 0.04375
0 0.7333333333333333 0.865625 0.4 0.09125
