0 0.26666666666666666 0.144375 0.4 0.13875
0 0.26666666666666666 0.253125 0.4 0.04375
0 0.26666666666666666 0.3025 0.4 0.02
0 0.26666666666666666 0.351875 0.4 0.04375
0 0.26666666666666666 0.40125 0.4 0.02
0 0.26666666666666666 0.43875 0.4 0.02
0 0.26666666666666666 0.47625 0.4 0.02
0 0.26666666666666666 0.585 0.4 0.1625
0 0.26666666666666666 0.705625 0.4 0.04375
0 0.26666666666666666 0.790625 0.4 0.09125
0 0.26666666666666666 0.875625 0.4 0.04375
0 0.7333333333333333 0.096875 0.4 0.04375
0 0.7333333333333333 0.158125 0.4 0.04375
0 0.7333333333333333 0.219375 0.4 0.04375
0 0.7333333333333333 0.280625 0.4 0.04375
0 0.7333333333333333 0.3775 0.4 0.115
0 0.7333333333333333 0.474375 0.4 0.04375
0 0.7333333333333333 0.559375 0.4 0.09125
0 0.7333333333333333 0.6325 0.4 0.02
0 0.7333333333333333 0.681875 0.4 0.04375
0 0.7333333333333333 0.743125 0.4 0.04375
0 0.7333333333333333 0.81625 0.4 0.0675
0 0.7333333333333333 0.889375 0.4 0.04375
