0 0.26666666666666666 0.085 0.4 0.02
0 0.26666666666666666 0.1225 0.4 0.02
0 0.26666666666666666 0.219375 0.4 0.13875
0 0.26666666666666666 0.328125 0.4 0.04375
0 0.26666666666666666 0.389375 0.4 0.04375
0 0.26666666666666666 0.4625 0.4 0.0675
0 0.26666666666666666 0.52375 0.4 0.02
0 0.26666666666666666 0.585 0.4 0.0675
0 0.26666666666666666 0.69375 0.4 0.115
0 0.26666666666666666 0.790625 0.4 0.04375
0 0.26666666666666666 0.851875 0.4 0.04375
0 0.7333333333333333 0.096875 0.4 0.04375
0 0.7333333333333333 0.17 0.4 0.0675
0 0.7333333333333333 0.27875 0.4 0.115
0 0.7333333333333333 0.399375 0.4 0.09125
0 0.7333333333333333 0.484375 0.4 0.04375
0 0.7333333333333333 0.5575 0.4 0.0675
0 0.7333333333333333 0.6425 0.4 0.0675
0 0.7333333333333333 0.739375 0.4 0.09125
0 0.7333333333333333 0.8125 0.4 0.02
0 0.7333333333333333 0.861875 0.4 0.04375
