0 0.26666666666666666 0.085 0.4 0.02
0 0.26666666666666666 0.1225 0.4 0.02
0 0.26666666666666666 0.171875 0.4 0.04375
0 0.26666666666666666 0.245 0.4 0.0675
0 0.26666666666666666 0.318125 0.4 0.04375
0 0.26666666666666666 0.379375 0.4 0.04375
0 0.26666666666666666 0.4525 0.4 0.0675
0 0.26666666666666666 0.5375 0.4 0.0675
0 0.26666666666666666 0.59875 0.4 0.02
0 0.26666666666666666 0.648125 0.4 0.04375
0 0.26666666666666666 0.756875 0.4 0.13875
0 0.26666666666666666 0.8775 0.4 0.0675
0 0.7333333333333333 0.120625 0.4 0.09125
0 0.7333333333333333 0.2175 0.4 0.0675
0 0.7333333333333333 0.27875 0.4 0.02
0 0.7333333333333333 0.328125 0.4 0.04375
0 0.7333333333333333 0.40125 0.4 0.0675
0 0.7333333333333333 0.51 0.4 0.115
0 0.7333333333333333 0.606875 0.4 0.04375
0 0.7333333333333333 0.668125 0.4 0.04375
0 0.7333333333333333 0.729375 0.4 0.04375
0 0.7333333333333333 0.838125 0.4 0.13875
