0 0.26666666666666666 0.120625 0.4 0.09125
0 0.26666666666666666 0.19375 0.4 0.02
0 0.26666666666666666 0.23125 0.4 0.02
0 0.26666666666666666 0.304375 0.4 0.09125
0 0.26666666666666666 0.389375 0.4 0.04375
0 0.26666666666666666 0.43875 0.4 0.02
0 0.26666666666666666 0.511875 0.4 0.09125
0 0.26666666666666666 0.6325 0.4 0.115
0 0.26666666666666666 0.765 0.4 0.115
0 0.26666666666666666 0.85 0.4 0.02
0 0.26666666666666666 0.899375 0.4 0.04375
0 0.7333333333333333 0.10875 0.4 0.0675
0 0.7333333333333333 0.17 0.4 0.02
0 0.7333333333333333 0.23125 0.4 0.0675
0 0.7333333333333333 0.304375 0.4 0.04375
0 0.7333333333333333 0.365625 0.4 0.04375
0 0.7333333333333333 0.426875 0.4 0.04375
0 0.7333333333333333 0.47625 0.4 0.02
0 0.7333333333333333 0.585 0.4 0.1625
0 0.7333333333333333 0.7175 0.4 0.0675
0 0.7333333333333333 0.838125 0.4 0.13875
