0 0.26666666666666666 0.085 0.4 0.02
0 0.26666666666666666 0.1225 0.4 0.02
0 0.26666666666666666 0.171875 0.4 0.04375
0 0.26666666666666666 0.233125 0.4 0.04375
0 0.26666666666666666 0.294375 0.4 0.04375
0 0.26666666666666666 0.355625 0.4 0.04375
0 0.26666666666666666 0.416875 0.4 0.04375
0 0.26666666666666666 0.478125 0.4 0.04375
0 0.26666666666666666 0.539375 0.4 0.04375
0 0.26666666666666666 0.624375 0.4 0.09125
0 0.26666666666666666 0.709375 0.4 0.04375
0 0.26666666666666666 0.794375 0.4 0.09125
0 0.26666666666666666 0.903125 0.4 0.09125
0 0.7333333333333333 0.10875 0.4 0.0675
0 0.7333333333333333 0.205625 0.4 0.09125
0 0.7333333333333333 0.27875 0.4 0.02
0 0.7333333333333333 0.351875 0.4 0.09125
0 0.7333333333333333 0.436875 0.4 0.04375
0 0.7333333333333333 0.48625 0.4 0.02
0 0.7333333333333333 0.535625 0.4 0.04375
0 0.7333333333333333 0.620625 0.4 0.09125
0 0.7333333333333333 0.705625 0.4 0.04375
0 0.7333333333333333 0.77875 0.4 0.0675
0 0.7333333333333333 0.851875 0.4 0.04375
