0 0.26666666666666666 0.120625 0.4 0.09125
0 0.26666666666666666 0.205625 0.4 0.04375
0 0.26666666666666666 0.255 0.4 0.02
0 0.26666666666666666 0.351875 0.4 0.13875
0 0.26666666666666666 0.49625 0.4 0.115
0 0.26666666666666666 0.616875 0.4 0.09125
0 0.26666666666666666 0.69 0.4 0.02
0 0.26666666666666666 0.739375 0.4 0.04375
0 0.26666666666666666 0.800625 0.4 0.04375
0 0.26666666666666666 0.861875 0.4 0.04375
0 0.7333333333333333 0.085 0.4 0.02
0 0.7333333333333333 0.14625 0.4 0.0675
0 0.7333333333333333 0.219375 0.4 0.04375
0 0.7333333333333333 0.2925 0.4 0.0675
0 0.7333333333333333 0.40125 0.4 0.115
0 0.7333333333333333 0.48625 0.4 0.02
0 0.7333333333333333 0.583125 0.4 0.13875
0 0.7333333333333333 0.691875 0.4 0.04375
0 0.7333333333333333 0.74125 0.4 0.02
0 0.7333333333333333 0.790625 0.4 0.04375
0 0.7333333333333333 0.84 0.4 0.02
0 0.7333333333333333 0.889375 0.4 0.04375
