0 0.26666666666666666 0.085 0.4 0.02
0 0.26666666666666666 0.158125 0.4 0.09125
0 0.26666666666666666 0.243125 0.4 0.04375
0 0.26666666666666666 0.34 0.4 0.115
0 0.26666666666666666 0.436875 0.4 0.04375
0 0.26666666666666666 0.498125 0.4 0.04375
0 0.26666666666666666 0.559375 0.4 0.04375
0 0.26666666666666666 0.60875 0.4 0.02
0 0.26666666666666666 0.67 0.4 0.0675
0 0.26666666666666666 0.73125 0.4 0.02
0 0.26666666666666666 0.76875 0.4 0.02
0 0.26666666666666666 0.818125 0.4 0.04375
0 0.26666666666666666 0.879375 0.4 0.04375
0 0.7333333333333333 0.096875 0.4 0.04375
0 0.7333333333333333 0.205625 0.4 0.13875
0 0.7333333333333333 0.338125 0.4 0.09125
0 0.7333333333333333 0.45875 0.4 0.115
0 0.7333333333333333 0.555625 0.4 0.04375
0 0.7333333333333333 0.616875 0.4 0.04375
0 0.7333333333333333 0.71375 0.4 0.115
0 0.7333333333333333 0.810625 0.4 0.04375
0 0.7333333333333333 0.895625 0.4 0.09125
