0 0.26666666666666666 0.120625 0.4 0.09125
0 0.26666666666666666 0.205625 0.4 0.04375
0 0.26666666666666666 0.255 0.4 0.02
0 0.26666666666666666 0.2925 0.4 0.02
0 0.26666666666666666 0.389375 0.4 0.13875
0 0.26666666666666666 0.498125 0.4 0.04375
0 0.26666666666666666 0.559375 0.4 0.04375
0 0.26666666666666666 0.620625 0.4 0.04375
0 0.26666666666666666 0.681875 0.4 0.04375
0 0.26666666666666666 0.755 0.4 0.0675
0 0.26666666666666666 0.84 0.4 0.0675
0 0.7333333333333333 0.144375 0.4 0.13875
0 0.7333333333333333 0.300625 0.4 0.13875
0 0.7333333333333333 0.409375 0.4 0.04375
0 0.7333333333333333 0.494375 0.4 0.09125
0 0.7333333333333333 0.579375 0.4 0.04375
0 0.7333333333333333 0.640625 0.4 0.04375
0 0.7333333333333333 0.701875 0.4 0.04375
0 0.7333333333333333 0.775 0.4 0.0675
0 0.7333333333333333 0.848125 0.4 0.04375
