0 0.26666666666666666 0.120625 0.4 0.09125
0 0.26666666666666666 0.19375 0.4 0.02
0 0.26666666666666666 0.255 0.4 0.0675
0 0.26666666666666666 0.34 0.4 0.0675
0 0.26666666666666666 0.460625 0.4 0.13875
0 0.26666666666666666 0.5575 0.4 0.02
0 0.26666666666666666 0.630625 0.4 0.09125
0 0.26666666666666666 0.763125 0.4 0.13875
0 0.26666666666666666 0.88375 0.4 0.0675
0 0.7333333333333333 0.10875 0.4 0.0675
0 0.7333333333333333 0.205625 0.4 0.09125
0 0.7333333333333333 0.290625 0.4 0.04375
0 0.7333333333333333 0.351875 0.4 0.04375
0 0.7333333333333333 0.413125 0.4 0.04375
0 0.7333333333333333 0.474375 0.4 0.04375
0 0.7333333333333333 0.559375 0.4 0.09125
0 0.7333333333333333 0.644375 0.4 0.04375
0 0.7333333333333333 0.705625 0.4 0.04375
0 0.7333333333333333 0.766875 0.4 0.04375
0 0.7333333333333333 0.828125 0.4 0.04375
0 0.7333333333333333 0.925 0.4 0.115
