0 0.26666666666666666 0.096875 0.4 0.04375
0 0.26666666666666666 0.158125 0.4 0.04375
0 0.26666666666666666 0.23125 0.4 0.0675
0 0.26666666666666666 0.304375 0.4 0.04375
0 0.26666666666666666 0.3775 0.4 0.0675
0 0.26666666666666666 0.43875 0.4 0.02
0 0.26666666666666666 0.488125 0.4 0.04375
0 0.26666666666666666 0.549375 0.4 0.04375
0 0.26666666666666666 0.59875 0.4 0.02
0 0.26666666666666666 0.671875 0.4 0.09125
0 0.26666666666666666 0.745 0.4 0.02
0 0.26666666666666666 0.794375 0.4 0.04375
0 0.26666666666666666 0.855625 0.4 0.04375
0 0.7333333333333333 0.096875 0.4 0.04375
0 0.7333333333333333 0.158125 0.4 0.04375
0 0.7333333333333333 0.219375 0.4 0.04375
0 0.7333333333333333 0.280625 0.4 0.04375
0 0.7333333333333333 0.365625 0.4 0.09125
0 0.7333333333333333 0.450625 0.4 0.04375
0 0.7333333333333333 0.5475 0.4 0.115
0 0.7333333333333333 0.691875 0.4 0.13875
0 0.7333333333333333 0.824375 0.4 0.09125
