0 0.26666666666666666 0.096875 0.4 0.04375
0 0.26666666666666666 0.14625 0.4 0.02
0 0.26666666666666666 0.195625 0.4 0.04375
0 0.26666666666666666 0.245 0.4 0.02
0 0.26666666666666666 0.2825 0.4 0.02
0 0.26666666666666666 0.331875 0.4 0.04375
0 0.26666666666666666 0.38125 0.4 0.02
0 0.26666666666666666 0.454375 0.4 0.09125
0 0.26666666666666666 0.539375 0.4 0.04375
0 0.26666666666666666 0.600625 0.4 0.04375
0 0.26666666666666666 0.685625 0.4 0.09125
0 0.26666666666666666 0.794375 0.4 0.09125
0 0.26666666666666666 0.89125 0.4 0.0675
0 0.7333333333333333 0.096875 0.4 0.04375
0 0.7333333333333333 0.181875 0.4 0.09125
0 0.7333333333333333 0.27875 0.4 0.0675
0 0.7333333333333333 0.34 0.4 0.02
0 0.7333333333333333 0.413125 0.4 0.09125
0 0.7333333333333333 0.48625 0.4 0.02
0 0.7333333333333333 0.52375 0.4 0.02
0 0.7333333333333333 0.573125 0.4 0.04375
0 0.7333333333333333 0.67 0.4 0.115
0 0.7333333333333333 0.766875 0.4 0.04375
0 0.7333333333333333 0.828125 0.4 0.04375
0 0.7333333333333333 0.889375 0.4 0.04375
