0 0.26666666666666666 0.120625 0.4 0.09125
0 0.26666666666666666 0.253125 0.4 0.13875
0 0.26666666666666666 0.37375 0.4 0.0675
0 0.26666666666666666 0.435 0.4 0.02
0 0.26666666666666666 0.52 0.4 0.115
0 0.26666666666666666 0.640625 0.4 0.09125
0 0.26666666666666666 0.7375 0.4 0.0675
0 0.26666666666666666 0.858125 0.4 0.13875
0 0.7333333333333333 0.085 0.4 0.02
0 0.7333333333333333 0.158125 0.4 0.09125
0 0.7333333333333333 0.27875 0.4 0.115
0 0.7333333333333333 0.423125 0.4 0.13875
0 0.7333333333333333 0.5675 0.4 0.115
0 0.7333333333333333 0.688125 0.4 0.09125
0 0.7333333333333333 0.76125 0.4 0.02
0 0.7333333333333333 0.810625 0.4 0.04375
0 0.7333333333333333 0.919375 0.4 0.13875
