0 0.26666666666666666 0.10875 0.4 0.0675
0 0.26666666666666666 0.181875 0.4 0.04375
0 0.26666666666666666 0.243125 0.4 0.04375
0 0.26666666666666666 0.328125 0.4 0.09125
0 0.26666666666666666 0.425 0.4 0.0675
0 0.26666666666666666 0.53375 0.4 0.115
0 0.26666666666666666 0.66625 0.4 0.115
0 0.26666666666666666 0.775 0.4 0.0675
0 0.26666666666666666 0.871875 0.4 0.09125
0 0.7333333333333333 0.096875 0.4 0.04375
0 0.7333333333333333 0.158125 0.4 0.04375
0 0.7333333333333333 0.266875 0.4 0.13875
0 0.7333333333333333 0.41125 0.4 0.115
0 0.7333333333333333 0.531875 0.4 0.09125
0 0.7333333333333333 0.640625 0.4 0.09125
0 0.7333333333333333 0.749375 0.4 0.09125
0 0.7333333333333333 0.84625 0.4 0.0675
