0 0.26666666666666666 0.15625 0.4 0.1625
0 0.26666666666666666 0.276875 0.4 0.04375
0 0.26666666666666666 0.37375 0.4 0.115
0 0.26666666666666666 0.494375 0.4 0.09125
0 0.26666666666666666 0.579375 0.4 0.04375
0 0.26666666666666666 0.62875 0.4 0.02
0 0.26666666666666666 0.678125 0.4 0.04375
0 0.26666666666666666 0.739375 0.4 0.04375
0 0.26666666666666666 0.824375 0.4 0.09125
0 0.7333333333333333 0.10875 0.4 0.0675
0 0.7333333333333333 0.205625 0.4 0.09125
0 0.7333333333333333 0.290625 0.4 0.04375
0 0.7333333333333333 0.351875 0.4 0.04375
0 0.7333333333333333 0.413125 0.4 0.04375
0 0.7333333333333333 0.474375 0.4 0.04375
0 0.7333333333333333 0.5475 0.4 0.0675
0 0.7333333333333333 0.60875 0.4 0.02
0 0.7333333333333333 0.658125 0.4 0.04375
0 0.7333333333333333 0.766875 0.4 0.13875
0 0.7333333333333333 0.86375 0.4 0.02
