0 0.26666666666666666 0.096875 0.4 0.04375
0 0.26666666666666666 0.14625 0.4 0.02
0 0.26666666666666666 0.219375 0.4 0.09125
0 0.26666666666666666 0.304375 0.4 0.04375
0 0.26666666666666666 0.365625 0.4 0.04375
0 0.26666666666666666 0.415 0.4 0.02
0 0.26666666666666666 0.464375 0.4 0.04375
0 0.26666666666666666 0.5375 0.4 0.0675
0 0.26666666666666666 0.59875 0.4 0.02
0 0.26666666666666666 0.68375 0.4 0.115
0 0.26666666666666666 0.780625 0.4 0.04375
0 0.26666666666666666 0.865625 0.4 0.09125
0 0.7333333333333333 0.096875 0.4 0.04375
0 0.7333333333333333 0.158125 0.4 0.04375
0 0.7333333333333333 0.243125 0.4 0.09125
0 0.7333333333333333 0.328125 0.4 0.04375
0 0.7333333333333333 0.436875 0.4 0.13875
0 0.7333333333333333 0.545625 0.4 0.04375
0 0.7333333333333333 0.61875 0.4 0.0675
0 0.7333333333333333 0.7275 0.4 0.115
0 0.7333333333333333 0.824375 0.4 0.04375
0 0.7333333333333333 0.885625 0.4 0.04375
