0 0.26666666666666666 0.120625 0.4 0.09125
0 0.26666666666666666 0.205625 0.4 0.04375
0 0.26666666666666666 0.255 0.4 0.02
0 0.26666666666666666 0.351875 0.4 0.13875
0 0.26666666666666666 0.44875 0.4 0.02
0 0.26666666666666666 0.521875 0.4 0.09125
0 0.26666666666666666 0.606875 0.4 0.04375
0 0.26666666666666666 0.668125 0.4 0.04375
0 0.26666666666666666 0.729375 0.4 0.04375
0 0.26666666666666666 0.790625 0.4 0.04375
0 0.26666666666666666 0.84 0.4 0.02
0 0.26666666666666666 0.90125 0.4 0.0675
0 0.7333333333333333 0.10875 0.4 0.0675
0 0.7333333333333333 0.17 0.4 0.02
0 0.7333333333333333 0.219375 0.4 0.04375
0 0.7333333333333333 0.280625 0.4 0.04375
0 0.7333333333333333 0.341875 0.4 0.04375
0 0.7333333333333333 0.403125 0.4 0.04375
0 0.7333333333333333 0.464375 0.4 0.04375
0 0.7333333333333333 0.525625 0.4 0.04375
0 0.7333333333333333 0.575 0.4 0.02
0 0.7333333333333333 0.624375 0.4 0.04375
0 0.7333333333333333 0.685625 0.4 0.04375
0 0.7333333333333333 0.735 0.4 0.02
0 0.7333333333333333 0.808125 0.4 0.09125
0 0.7333333333333333 0.893125 0.4 0.04375
