0 0.26666666666666666 0.1325 0.4 0.115
0 0.26666666666666666 0.229375 0.4 0.04375
0 0.26666666666666666 0.314375 0.4 0.09125
0 0.26666666666666666 0.423125 0.4 0.09125
0 0.26666666666666666 0.508125 0.4 0.04375
0 0.26666666666666666 0.605 0.4 0.115
0 0.26666666666666666 0.725625 0.4 0.09125
0 0.26666666666666666 0.79875 0.4 0.02
0 0.26666666666666666 0.848125 0.4 0.04375
0 0.7333333333333333 0.096875 0.4 0.04375
0 0.7333333333333333 0.181875 0.4 0.09125
0 0.7333333333333333 0.290625 0.4 0.09125
0 0.7333333333333333 0.41125 0.4 0.115
0 0.7333333333333333 0.531875 0.4 0.09125
0 0.7333333333333333 0.616875 0.4 0.04375
0 0.7333333333333333 0.701875 0.4 0.09125
0 0.7333333333333333 0.810625 0.4 0.09125
0 0.7333333333333333 0.919375 0.4 0.09125
