0 0.26666666666666666 0.096875 0.4 0.04375
0 0.26666666666666666 0.14625 0.4 0.02
0 0.26666666666666666 0.195625 0.4 0.04375
0 0.26666666666666666 0.256875 0.4 0.04375
0 0.26666666666666666 0.318125 0.4 0.04375
0 0.26666666666666666 0.39125 0.4 0.0675
0 0.26666666666666666 0.464375 0.4 0.04375
0 0.26666666666666666 0.525625 0.4 0.04375
0 0.26666666666666666 0.586875 0.4 0.04375
0 0.26666666666666666 0.648125 0.4 0.04375
0 0.26666666666666666 0.709375 0.4 0.04375
0 0.26666666666666666 0.770625 0.4 0.04375
0 0.26666666666666666 0.82 0.4 0.02
0 0.26666666666666666 0.92875 0.4 0.1625
0 0.7333333333333333 0.096875 0.4 0.04375
0 0.7333333333333333 0.158125 0.4 0.04375
0 0.7333333333333333 0.219375 0.4 0.04375
0 0.7333333333333333 0.280625 0.4 0.04375
0 0.7333333333333333 0.389375 0.4 0.13875
0 0.7333333333333333 0.5575 0.4 0.1625
0 0.7333333333333333 0.678125 0.4 0.04375
0 0.7333333333333333 0.7275 0.4 0.02
0 0.7333333333333333 0.800625 0.4 0.09125
0 0.7333333333333333 0.92125 0.4 0.115
