0 0.26666666666666666 0.120625 0.4 0.09125
0 0.26666666666666666 0.205625 0.4 0.04375
0 0.26666666666666666 0.3025 0.4 0.115
0 0.26666666666666666 0.399375 0.4 0.04375
0 0.26666666666666666 0.460625 0.4 0.04375
0 0.26666666666666666 0.521875 0.4 0.04375
0 0.26666666666666666 0.583125 0.4 0.04375
0 0.26666666666666666 0.668125 0.4 0.09125
0 0.26666666666666666 0.753125 0.4 0.04375
0 0.26666666666666666 0.814375 0.4 0.04375
0 0.26666666666666666 0.875625 0.4 0.04375
0 0.7333333333333333 0.15625 0.4 0.1625
0 0.7333333333333333 0.265 0.4 0.02
0 0.7333333333333333 0.361875 0.4 0.13875
0 0.7333333333333333 0.45875 0.4 0.02
0 0.7333333333333333 0.508125 0.4 0.04375
0 0.7333333333333333 0.569375 0.4 0.04375
0 0.7333333333333333 0.630625 0.4 0.04375
0 0.7333333333333333 0.715625 0.4 0.09125
0 0.7333333333333333 0.824375 0.4 0.09125
