0 0.26666666666666666 0.120625 0.4 0.09125
0 0.26666666666666666 0.19375 0.4 0.02
0 0.26666666666666666 0.266875 0.4 0.09125
0 0.26666666666666666 0.3875 0.4 0.115
0 0.26666666666666666 0.484375 0.4 0.04375
0 0.26666666666666666 0.545625 0.4 0.04375
0 0.26666666666666666 0.606875 0.4 0.04375
0 0.26666666666666666 0.668125 0.4 0.04375
0 0.26666666666666666 0.729375 0.4 0.04375
0 0.26666666666666666 0.790625 0.4 0.04375
0 0.26666666666666666 0.899375 0.4 0.13875
0 0.7333333333333333 0.096875 0.4 0.04375
0 0.7333333333333333 0.158125 0.4 0.04375
0 0.7333333333333333 0.23125 0.4 0.0675
0 0.7333333333333333 0.31625 0.4 0.0675
0 0.7333333333333333 0.389375 0.4 0.04375
0 0.7333333333333333 0.450625 0.4 0.04375
0 0.7333333333333333 0.511875 0.4 0.04375
0 0.7333333333333333 0.56125 0.4 0.02
0 0.7333333333333333 0.658125 0.4 0.13875
0 0.7333333333333333 0.755 0.4 0.02
0 0.7333333333333333 0.804375 0.4 0.04375
0 0.7333333333333333 0.889375 0.4 0.09125
