0 0.26666666666666666 0.096875 0.4 0.04375
0 0.26666666666666666 0.158125 0.4 0.04375
0 0.26666666666666666 0.2075 0.4 0.02
0 0.26666666666666666 0.256875 0.4 0.04375
0 0.26666666666666666 0.3775 0.4 0.1625
0 0.26666666666666666 0.498125 0.4 0.04375
0 0.26666666666666666 0.595 0.4 0.115
0 0.26666666666666666 0.68 0.4 0.02
0 0.26666666666666666 0.7175 0.4 0.02
0 0.26666666666666666 0.790625 0.4 0.09125
0 0.26666666666666666 0.91125 0.4 0.115
0 0.7333333333333333 0.096875 0.4 0.04375
0 0.7333333333333333 0.158125 0.4 0.04375
0 0.7333333333333333 0.243125 0.4 0.09125
0 0.7333333333333333 0.351875 0.4 0.09125
0 0.7333333333333333 0.460625 0.4 0.09125
0 0.7333333333333333 0.545625 0.4 0.04375
0 0.7333333333333333 0.606875 0.4 0.04375
0 0.7333333333333333 0.68 0.4 0.0675
0 0.7333333333333333 0.78875 0.4 0.115
0 0.7333333333333333 0.909375 0.4 0.09125
