0 0.26666666666666666 0.085 0.4 0.02
0 0.26666666666666666 0.17 0.4 0.115
0 0.26666666666666666 0.266875 0.4 0.04375
0 0.26666666666666666 0.351875 0.4 0.09125
0 0.26666666666666666 0.436875 0.4 0.04375
0 0.26666666666666666 0.51 0.4 0.0675
0 0.26666666666666666 0.583125 0.4 0.04375
0 0.26666666666666666 0.6325 0.4 0.02
0 0.26666666666666666 0.67 0.4 0.02
0 0.26666666666666666 0.743125 0.4 0.09125
0 0.26666666666666666 0.828125 0.4 0.04375
0 0.26666666666666666 0.8775 0.4 0.02
0 0.7333333333333333 0.096875 0.4 0.04375
0 0.7333333333333333 0.158125 0.4 0.04375
0 0.7333333333333333 0.2075 0.4 0.02
0 0.7333333333333333 0.256875 0.4 0.04375
0 0.7333333333333333 0.318125 0.4 0.04375
0 0.7333333333333333 0.379375 0.4 0.04375
0 0.7333333333333333 0.440625 0.4 0.04375
0 0.7333333333333333 0.501875 0.4 0.04375
0 0.7333333333333333 0.563125 0.4 0.04375
0 0.7333333333333333 0.63625 0.4 0.0675
0 0.7333333333333333 0.733125 0.4 0.09125
0 0.7333333333333333 0.818125 0.4 0.04375
0 0.7333333333333333 0.915 0.4 0.115
