0 0.26666666666666666 0.096875 0.4 0.04375
0 0.26666666666666666 0.14625 0.4 0.02
0 0.26666666666666666 0.243125 0.4 0.13875
0 0.26666666666666666 0.36375 0.4 0.0675
0 0.26666666666666666 0.436875 0.4 0.04375
0 0.26666666666666666 0.498125 0.4 0.04375
0 0.26666666666666666 0.559375 0.4 0.04375
0 0.26666666666666666 0.60875 0.4 0.02
0 0.26666666666666666 0.658125 0.4 0.04375
0 0.26666666666666666 0.719375 0.4 0.04375
0 0.26666666666666666 0.76875 0.4 0.02
0 0.26666666666666666 0.83 0.4 0.0675
0 0.26666666666666666 0.89125 0.4 0.02
0 0.7333333333333333 0.1325 0.4 0.115
0 0.7333333333333333 0.229375 0.4 0.04375
0 0.7333333333333333 0.290625 0.4 0.04375
0 0.7333333333333333 0.375625 0.4 0.09125
0 0.7333333333333333 0.508125 0.4 0.13875
0 0.7333333333333333 0.6525 0.4 0.115
0 0.7333333333333333 0.749375 0.4 0.04375
0 0.7333333333333333 0.810625 0.4 0.04375
0 0.7333333333333333 0.895625 0.4 0.09125
