0 0.26666666666666666 0.1325 0.4 0.115
0 0.26666666666666666 0.229375 0.4 0.04375
0 0.26666666666666666 0.314375 0.4 0.09125
0 0.26666666666666666 0.399375 0.4 0.04375
0 0.26666666666666666 0.460625 0.4 0.04375
0 0.26666666666666666 0.521875 0.4 0.04375
0 0.26666666666666666 0.595 0.4 0.0675
0 0.26666666666666666 0.65625 0.4 0.02
0 0.26666666666666666 0.705625 0.4 0.04375
0 0.26666666666666666 0.755 0.4 0.02
0 0.26666666666666666 0.804375 0.4 0.04375
0 0.26666666666666666 0.865625 0.4 0.04375
0 0.7333333333333333 0.15625 0.4 0.1625
0 0.7333333333333333 0.28875 0.4 0.0675
0 0.7333333333333333 0.361875 0.4 0.04375
0 0.7333333333333333 0.423125 0.4 0.04375
0 0.7333333333333333 0.484375 0.4 0.04375
0 0.7333333333333333 0.545625 0.4 0.04375
0 0.7333333333333333 0.606875 0.4 0.04375
0 0.7333333333333333 0.668125 0.4 0.04375
0 0.7333333333333333 0.7175 0.4 0.02
0 0.7333333333333333 0.790625 0.4 0.09125
0 0.7333333333333333 0.86375 0.4 0.02
