0 0.26666666666666666 0.085 0.4 0.02
0 0.26666666666666666 0.158125 0.4 0.09125
0 0.26666666666666666 0.243125 0.4 0.04375
0 0.26666666666666666 0.304375 0.4 0.04375
0 0.26666666666666666 0.365625 0.4 0.04375
0 0.26666666666666666 0.415 0.4 0.02
0 0.26666666666666666 0.464375 0.4 0.04375
0 0.26666666666666666 0.525625 0.4 0.04375
0 0.26666666666666666 0.586875 0.4 0.04375
0 0.26666666666666666 0.66 0.4 0.0675
0 0.26666666666666666 0.72125 0.4 0.02
0 0.26666666666666666 0.7825 0.4 0.0675
0 0.26666666666666666 0.855625 0.4 0.04375
0 0.7333333333333333 0.1325 0.4 0.115
0 0.7333333333333333 0.2175 0.4 0.02
0 0.7333333333333333 0.266875 0.4 0.04375
0 0.7333333333333333 0.36375 0.4 0.115
0 0.7333333333333333 0.460625 0.4 0.04375
0 0.7333333333333333 0.545625 0.4 0.09125
0 0.7333333333333333 0.654375 0.4 0.09125
0 0.7333333333333333 0.739375 0.4 0.04375
0 0.7333333333333333 0.83625 0.4 0.115
