0 0.26666666666666666 0.096875 0.4 0.04375
0 0.26666666666666666 0.17 0.4 0.0675
0 0.26666666666666666 0.266875 0.4 0.09125
0 0.26666666666666666 0.351875 0.4 0.04375
0 0.26666666666666666 0.413125 0.4 0.04375
0 0.26666666666666666 0.48625 0.4 0.0675
0 0.26666666666666666 0.606875 0.4 0.13875
0 0.26666666666666666 0.715625 0.4 0.04375
0 0.26666666666666666 0.78875 0.4 0.0675
0 0.26666666666666666 0.87375 0.4 0.0675
0 0.7333333333333333 0.096875 0.4 0.04375
0 0.7333333333333333 0.17 0.4 0.0675
0 0.7333333333333333 0.243125 0.4 0.04375
0 0.7333333333333333 0.304375 0.4 0.04375
0 0.7333333333333333 0.389375 0.4 0.09125
0 0.7333333333333333 0.474375 0.4 0.04375
0 0.7333333333333333 0.52375 0.4 0.02
0 0.7333333333333333 0.60875 0.4 0.115
0 0.7333333333333333 0.753125 0.4 0.13875
0 0.7333333333333333 0.87375 0.4 0.0675
