0 0.26666666666666666 0.1325 0.4 0.115
0 0.26666666666666666 0.276875 0.4 0.13875
0 0.26666666666666666 0.385625 0.4 0.04375
0 0.26666666666666666 0.446875 0.4 0.04375
0 0.26666666666666666 0.49625 0.4 0.02
0 0.26666666666666666 0.545625 0.4 0.04375
0 0.26666666666666666 0.595 0.4 0.02
0 0.26666666666666666 0.644375 0.4 0.04375
0 0.26666666666666666 0.729375 0.4 0.09125
0 0.26666666666666666 0.87375 0.4 0.1625
0 0.7333333333333333 0.096875 0.4 0.04375
0 0.7333333333333333 0.158125 0.4 0.04375
0 0.7333333333333333 0.2075 0.4 0.02
0 0.7333333333333333 0.256875 0.4 0.04375
0 0.7333333333333333 0.30625 0.4 0.02
0 0.7333333333333333 0.39125 0.4 0.115
0 0.7333333333333333 0.488125 0.4 0.04375
0 0.7333333333333333 0.549375 0.4 0.04375
0 0.7333333333333333 0.59875 0.4 0.02
0 0.7333333333333333 0.63625 0.4 0.02
0 0.7333333333333333 0.685625 0.4 0.04375
0 0.7333333333333333 0.735 0.4 0.02
0 0.7333333333333333 0.808125 0.4 0.09125
0 0.7333333333333333 0.893125 0.4 0.04375
