0 0.26666666666666666 0.096875 0.4 0.04375
0 0.26666666666666666 0.158125 0.4 0.04375
0 0.26666666666666666 0.219375 0.4 0.04375
0 0.26666666666666666 0.280625 0.4 0.04375
0 0.26666666666666666 0.33 0.4 0.02
0 0.26666666666666666 0.426875 0.4 0.13875
0 0.26666666666666666 0.535625 0.4 0.04375
0 0.26666666666666666 0.596875 0.4 0.04375
0 0.26666666666666666 0.681875 0.4 0.09125
0 0.26666666666666666 0.790625 0.4 0.09125
0 0.26666666666666666 0.875625 0.4 0.04375
0 0.7333333333333333 0.120625 0.4 0.09125
0 0.7333333333333333 0.19375 0.4 0.02
0 0.7333333333333333 0.27875 0.4 0.115
0 0.7333333333333333 0.399375 0.4 0.09125
0 0.7333333333333333 0.484375 0.4 0.04375
0 0.7333333333333333 0.545625 0.4 0.04375
0 0.7333333333333333 0.61875 0.4 0.0675
0 0.7333333333333333 0.68 0.4 0.02
0 0.7333333333333333 0.729375 0.4 0.04375
0 0.7333333333333333 0.82625 0.4 0.115
