0 0.26666666666666666 0.096875 0.4 0.04375
0 0.26666666666666666 0.19375 0.4 0.115
0 0.26666666666666666 0.361875 0.4 0.18625
0 0.26666666666666666 0.494375 0.4 0.04375
0 0.26666666666666666 0.555625 0.4 0.04375
0 0.26666666666666666 0.640625 0.4 0.09125
0 0.26666666666666666 0.725625 0.4 0.04375
0 0.26666666666666666 0.775 0.4 0.02
0 0.26666666666666666 0.83625 0.4 0.0675
0 0.7333333333333333 0.096875 0.4 0.04375
0 0.7333333333333333 0.205625 0.4 0.13875
0 0.7333333333333333 0.314375 0.4 0.04375
0 0.7333333333333333 0.36375 0.4 0.02
0 0.7333333333333333 0.4725 0.4 0.1625
0 0.7333333333333333 0.593125 0.4 0.04375
0 0.7333333333333333 0.654375 0.4 0.04375
0 0.7333333333333333 0.70375 0.4 0.02
0 0.7333333333333333 0.765 0.4 0.0675
0 0.7333333333333333 0.838125 0.4 0.04375
0 0.7333333333333333 0.899375 0.4 0.04375
