0 0.26666666666666666 0.10875 0.4 0.0675
0 0.26666666666666666 0.181875 0.4 0.04375
0 0.26666666666666666 0.243125 0.4 0.04375
0 0.26666666666666666 0.328125 0.4 0.09125
0 0.26666666666666666 0.413125 0.4 0.04375
0 0.26666666666666666 0.474375 0.4 0.04375
0 0.26666666666666666 0.559375 0.4 0.09125
0 0.26666666666666666 0.644375 0.4 0.04375
0 0.26666666666666666 0.705625 0.4 0.04375
0 0.26666666666666666 0.766875 0.4 0.04375
0 0.26666666666666666 0.828125 0.4 0.04375
0 0.26666666666666666 0.889375 0.4 0.04375
0 0.7333333333333333 0.096875 0.4 0.04375
0 0.7333333333333333 0.158125 0.4 0.04375
0 0.7333333333333333 0.255 0.4 0.115
0 0.7333333333333333 0.3875 0.4 0.115
0 0.7333333333333333 0.531875 0.4 0.13875
0 0.7333333333333333 0.640625 0.4 0.04375
0 0.7333333333333333 0.701875 0.4 0.04375
0 0.7333333333333333 0.763125 0.4 0.04375
0 0.7333333333333333 0.848125 0.4 0.09125
