0 0.26666666666666666 0.10875 0.4 0.0675
0 0.26666666666666666 0.2175 0.4 0.115
0 0.26666666666666666 0.338125 0.4 0.09125
0 0.26666666666666666 0.435 0.4 0.0675
0 0.26666666666666666 0.54375 0.4 0.115
0 0.26666666666666666 0.62875 0.4 0.02
0 0.26666666666666666 0.69 0.4 0.0675
0 0.26666666666666666 0.79875 0.4 0.115
0 0.26666666666666666 0.9075 0.4 0.0675
0 0.7333333333333333 0.1325 0.4 0.115
0 0.7333333333333333 0.2175 0.4 0.02
0 0.7333333333333333 0.255 0.4 0.02
0 0.7333333333333333 0.328125 0.4 0.09125
0 0.7333333333333333 0.40125 0.4 0.02
0 0.7333333333333333 0.450625 0.4 0.04375
0 0.7333333333333333 0.5475 0.4 0.115
0 0.7333333333333333 0.668125 0.4 0.09125
0 0.7333333333333333 0.800625 0.4 0.13875
