0 0.26666666666666666 0.15625 0.4 0.1625
0 0.26666666666666666 0.276875 0.4 0.04375
0 0.26666666666666666 0.338125 0.4 0.04375
0 0.26666666666666666 0.399375 0.4 0.04375
0 0.26666666666666666 0.4725 0.4 0.0675
0 0.26666666666666666 0.545625 0.4 0.04375
0 0.26666666666666666 0.654375 0.4 0.13875
0 0.26666666666666666 0.75125 0.4 0.02
0 0.26666666666666666 0.83625 0.4 0.115
0 0.7333333333333333 0.096875 0.4 0.04375
0 0.7333333333333333 0.158125 0.4 0.04375
0 0.7333333333333333 0.2075 0.4 0.02
0 0.7333333333333333 0.26875 0.4 0.0675
0 0.7333333333333333 0.33 0.4 0.02
0 0.7333333333333333 0.415 0.4 0.115
0 0.7333333333333333 0.511875 0.4 0.04375
0 0.7333333333333333 0.573125 0.4 0.04375
0 0.7333333333333333 0.634375 0.4 0.04375
0 0.7333333333333333 0.695625 0.4 0.04375
0 0.7333333333333333 0.756875 0.4 0.04375
0 0.7333333333333333 0.80625 0.4 0.02
0 0.7333333333333333 0.855625 0.4 0.04375
