0 0.26666666666666666 0.10875 0.4 0.0675
0 0.26666666666666666 0.19375 0.4 0.0675
0 0.26666666666666666 0.3025 0.4 0.115
0 0.26666666666666666 0.399375 0.4 0.04375
0 0.26666666666666666 0.4725 0.4 0.0675
0 0.26666666666666666 0.545625 0.4 0.04375
0 0.26666666666666666 0.630625 0.4 0.09125
0 0.26666666666666666 0.70375 0.4 0.02
0 0.26666666666666666 0.753125 0.4 0.04375
0 0.26666666666666666 0.85 0.4 0.115
0 0.7333333333333333 0.10875 0.4 0.0675
0 0.7333333333333333 0.181875 0.4 0.04375
0 0.7333333333333333 0.243125 0.4 0.04375
0 0.7333333333333333 0.304375 0.4 0.04375
0 0.7333333333333333 0.389375 0.4 0.09125
0 0.7333333333333333 0.474375 0.4 0.04375
0 0.7333333333333333 0.535625 0.4 0.04375
0 0.7333333333333333 0.620625 0.4 0.09125
0 0.7333333333333333 0.753125 0.4 0.13875
0 0.7333333333333333 0.861875 0.4 0.04375
