0 0.26666666666666666 0.096875 0.4 0.04375
0 0.26666666666666666 0.158125 0.4 0.04375
0 0.26666666666666666 0.255 0.4 0.115
0 0.26666666666666666 0.351875 0.4 0.04375
0 0.26666666666666666 0.436875 0.4 0.09125
0 0.26666666666666666 0.521875 0.4 0.04375
0 0.26666666666666666 0.61875 0.4 0.115
0 0.26666666666666666 0.715625 0.4 0.04375
0 0.26666666666666666 0.800625 0.4 0.09125
0 0.26666666666666666 0.885625 0.4 0.04375
0 0.7333333333333333 0.096875 0.4 0.04375
0 0.7333333333333333 0.2175 0.4 0.1625
0 0.7333333333333333 0.32625 0.4 0.02
0 0.7333333333333333 0.3875 0.4 0.0675
0 0.7333333333333333 0.460625 0.4 0.04375
0 0.7333333333333333 0.521875 0.4 0.04375
0 0.7333333333333333 0.583125 0.4 0.04375
0 0.7333333333333333 0.6325 0.4 0.02
0 0.7333333333333333 0.74125 0.4 0.1625
0 0.7333333333333333 0.861875 0.4 0.04375
