0 0.26666666666666666 0.096875 0.4 0.04375
0 0.26666666666666666 0.158125 0.4 0.04375
0 0.26666666666666666 0.219375 0.4 0.04375
0 0.26666666666666666 0.280625 0.4 0.04375
0 0.26666666666666666 0.341875 0.4 0.04375
0 0.26666666666666666 0.450625 0.4 0.13875
0 0.26666666666666666 0.559375 0.4 0.04375
0 0.26666666666666666 0.65625 0.4 0.115
0 0.26666666666666666 0.753125 0.4 0.04375
0 0.26666666666666666 0.814375 0.4 0.04375
0 0.26666666666666666 0.91125 0.4 0.115
0 0.7333333333333333 0.096875 0.4 0.04375
0 0.7333333333333333 0.19375 0.4 0.115
0 0.7333333333333333 0.3025 0.4 0.0675
0 0.7333333333333333 0.375625 0.4 0.04375
0 0.7333333333333333 0.484375 0.4 0.13875
0 0.7333333333333333 0.616875 0.4 0.09125
0 0.7333333333333333 0.7375 0.4 0.115
0 0.7333333333333333 0.834375 0.4 0.04375
0 0.7333333333333333 0.93125 0.4 0.115
