0 0.26666666666666666 0.144375 0.4 0.13875
0 0.26666666666666666 0.28875 0.4 0.115
0 0.26666666666666666 0.37375 0.4 0.02
0 0.26666666666666666 0.446875 0.4 0.09125
0 0.26666666666666666 0.531875 0.4 0.04375
0 0.26666666666666666 0.58125 0.4 0.02
0 0.26666666666666666 0.630625 0.4 0.04375
0 0.26666666666666666 0.68 0.4 0.02
0 0.26666666666666666 0.765 0.4 0.115
0 0.26666666666666666 0.861875 0.4 0.04375
0 0.7333333333333333 0.085 0.4 0.02
0 0.7333333333333333 0.14625 0.4 0.0675
0 0.7333333333333333 0.243125 0.4 0.09125
0 0.7333333333333333 0.351875 0.4 0.09125
0 0.7333333333333333 0.508125 0.4 0.18625
0 0.7333333333333333 0.62875 0.4 0.02
0 0.7333333333333333 0.678125 0.4 0.04375
0 0.7333333333333333 0.739375 0.4 0.04375
0 0.7333333333333333 0.8125 0.4 0.0675
0 0.7333333333333333 0.885625 0.4 0.04375
