0 0.26666666666666666 0.085 0.4 0.02
0 0.26666666666666666 0.17 0.4 0.115
0 0.26666666666666666 0.27875 0.4 0.0675
0 0.26666666666666666 0.351875 0.4 0.04375
0 0.26666666666666666 0.413125 0.4 0.04375
0 0.26666666666666666 0.4625 0.4 0.02
0 0.26666666666666666 0.5 0.4 0.02
0 0.26666666666666666 0.5375 0.4 0.02
0 0.26666666666666666 0.610625 0.4 0.09125
0 0.26666666666666666 0.695625 0.4 0.04375
0 0.26666666666666666 0.780625 0.4 0.09125
0 0.26666666666666666 0.889375 0.4 0.09125
0 0.7333333333333333 0.096875 0.4 0.04375
0 0.7333333333333333 0.158125 0.4 0.04375
0 0.7333333333333333 0.2075 0.4 0.02
0 0.7333333333333333 0.280625 0.4 0.09125
0 0.7333333333333333 0.365625 0.4 0.04375
0 0.7333333333333333 0.415 0.4 0.02
0 0.7333333333333333 0.464375 0.4 0.04375
0 0.7333333333333333 0.5375 0.4 0.0675
0 0.7333333333333333 0.634375 0.4 0.09125
0 0.7333333333333333 0.719375 0.4 0.04375
0 0.7333333333333333 0.828125 0.4 0.13875
