0 0.26666666666666666 0.120625 0.4 0.09125
0 0.26666666666666666 0.24125 0.4 0.115
0 0.26666666666666666 0.338125 0.4 0.04375
0 0.26666666666666666 0.399375 0.4 0.04375
0 0.26666666666666666 0.484375 0.4 0.09125
0 0.26666666666666666 0.593125 0.4 0.09125
0 0.26666666666666666 0.678125 0.4 0.04375
0 0.26666666666666666 0.739375 0.4 0.04375
0 0.26666666666666666 0.824375 0.4 0.09125
0 0.7333333333333333 0.1325 0.4 0.115
0 0.7333333333333333 0.2175 0.4 0.02
0 0.7333333333333333 0.3025 0.4 0.115
0 0.7333333333333333 0.399375 0.4 0.04375
0 0.7333333333333333 0.44875 0.4 0.02
0 0.7333333333333333 0.545625 0.4 0.13875
0 0.7333333333333333 0.71375 0.4 0.1625
0 0.7333333333333333 0.8225 0.4 0.02
0 0.7333333333333333 0.919375 0.4 0.13875
