0 0.26666666666666666 0.096875 0.4 0.04375
0 0.26666666666666666 0.158125 0.4 0.04375
0 0.26666666666666666 0.243125 0.4 0.09125
0 0.26666666666666666 0.31625 0.4 0.02
0 0.26666666666666666 0.3775 0.4 0.0675
0 0.26666666666666666 0.48625 0.4 0.115
0 0.26666666666666666 0.630625 0.4 0.13875
0 0.26666666666666666 0.739375 0.4 0.04375
0 0.26666666666666666 0.848125 0.4 0.13875
0 0.7333333333333333 0.120625 0.4 0.09125
0 0.7333333333333333 0.229375 0.4 0.09125
0 0.7333333333333333 0.361875 0.4 0.13875
0 0.7333333333333333 0.470625 0.4 0.04375
0 0.7333333333333333 0.531875 0.4 0.04375
0 0.7333333333333333 0.593125 0.4 0.04375
0 0.7333333333333333 0.678125 0.4 0.09125
0 0.7333333333333333 0.75125 0.4 0.02
0 0.7333333333333333 0.83625 0.4 0.115
