0 0.26666666666666666 0.085 0.4 0.02
0 0.26666666666666666 0.134375 0.4 0.04375
0 0.26666666666666666 0.195625 0.4 0.04375
0 0.26666666666666666 0.26875 0.4 0.0675
0 0.26666666666666666 0.341875 0.4 0.04375
0 0.26666666666666666 0.403125 0.4 0.04375
0 0.26666666666666666 0.5 0.4 0.115
0 0.26666666666666666 0.596875 0.4 0.04375
0 0.26666666666666666 0.658125 0.4 0.04375
0 0.26666666666666666 0.7075 0.4 0.02
0 0.26666666666666666 0.7925 0.4 0.115
0 0.26666666666666666 0.889375 0.4 0.04375
0 0.7333333333333333 0.096875 0.4 0.04375
0 0.7333333333333333 0.158125 0.4 0.04375
0 0.7333333333333333 0.219375 0.4 0.04375
0 0.7333333333333333 0.280625 0.4 0.04375
0 0.7333333333333333 0.365625 0.4 0.09125
0 0.7333333333333333 0.498125 0.4 0.13875
0 0.7333333333333333 0.606875 0.4 0.04375
0 0.7333333333333333 0.691875 0.4 0.09125
0 0.7333333333333333 0.776875 0.4 0.04375
0 0.7333333333333333 0.87375 0.4 0.115
