0 0.26666666666666666 0.1325 0.4 0.115
0 0.26666666666666666 0.253125 0.4 0.09125
0 0.26666666666666666 0.338125 0.4 0.04375
0 0.26666666666666666 0.41125 0.4 0.0675
0 0.26666666666666666 0.49625 0.4 0.0675
0 0.26666666666666666 0.569375 0.4 0.04375
0 0.26666666666666666 0.61875 0.4 0.02
0 0.26666666666666666 0.715625 0.4 0.13875
0 0.26666666666666666 0.848125 0.4 0.09125
0 0.7333333333333333 0.096875 0.4 0.04375
0 0.7333333333333333 0.158125 0.4 0.04375
0 0.7333333333333333 0.23125 0.4 0.0675
0 0.7333333333333333 0.328125 0.4 0.09125
0 0.7333333333333333 0.436875 0.4 0.09125
0 0.7333333333333333 0.545625 0.4 0.09125
0 0.7333333333333333 0.630625 0.4 0.04375
0 0.7333333333333333 0.7275 0.4 0.115
0 0.7333333333333333 0.83625 0.4 0.0675
