0 0.26666666666666666 0.096875 0.4 0.04375
0 0.26666666666666666 0.158125 0.4 0.04375
0 0.26666666666666666 0.219375 0.4 0.04375
0 0.26666666666666666 0.2925 0.4 0.0675
0 0.26666666666666666 0.3775 0.4 0.0675
0 0.26666666666666666 0.450625 0.4 0.04375
0 0.26666666666666666 0.511875 0.4 0.04375
0 0.26666666666666666 0.56125 0.4 0.02
0 0.26666666666666666 0.610625 0.4 0.04375
0 0.26666666666666666 0.7075 0.4 0.115
0 0.26666666666666666 0.7925 0.4 0.02
0 0.26666666666666666 0.841875 0.4 0.04375
0 0.26666666666666666 0.950625 0.4 0.13875
0 0.7333333333333333 0.085 0.4 0.02
0 0.7333333333333333 0.14625 0.4 0.0675
0 0.7333333333333333 0.27875 0.4 0.1625
0 0.7333333333333333 0.399375 0.4 0.04375
0 0.7333333333333333 0.460625 0.4 0.04375
0 0.7333333333333333 0.521875 0.4 0.04375
0 0.7333333333333333 0.583125 0.4 0.04375
0 0.7333333333333333 0.668125 0.4 0.09125
0 0.7333333333333333 0.800625 0.4 0.13875
