0 0.26666666666666666 0.096875 0.4 0.04375
0 0.26666666666666666 0.158125 0.4 0.04375
0 0.26666666666666666 0.219375 0.4 0.04375
0 0.26666666666666666 0.280625 0.4 0.04375
0 0.26666666666666666 0.341875 0.4 0.04375
0 0.26666666666666666 0.39125 0.4 0.02
0 0.26666666666666666 0.5 0.4 0.1625
0 0.26666666666666666 0.60875 0.4 0.02
0 0.26666666666666666 0.658125 0.4 0.04375
0 0.26666666666666666 0.73125 0.4 0.0675
0 0.26666666666666666 0.804375 0.4 0.04375
0 0.26666666666666666 0.865625 0.4 0.04375
0 0.7333333333333333 0.1325 0.4 0.115
0 0.7333333333333333 0.265 0.4 0.115
0 0.7333333333333333 0.361875 0.4 0.04375
0 0.7333333333333333 0.41125 0.4 0.02
0 0.7333333333333333 0.460625 0.4 0.04375
0 0.7333333333333333 0.521875 0.4 0.04375
0 0.7333333333333333 0.6425 0.4 0.1625
0 0.7333333333333333 0.75125 0.4 0.02
0 0.7333333333333333 0.800625 0.4 0.04375
0 0.7333333333333333 0.861875 0.4 0.04375
