0 0.26666666666666666 0.096875 0.4 0.04375
0 0.26666666666666666 0.181875 0.4 0.09125
0 0.26666666666666666 0.266875 0.4 0.04375
0 0.26666666666666666 0.328125 0.4 0.04375
0 0.26666666666666666 0.413125 0.4 0.09125
0 0.26666666666666666 0.521875 0.4 0.09125
0 0.26666666666666666 0.606875 0.4 0.04375
0 0.26666666666666666 0.668125 0.4 0.04375
0 0.26666666666666666 0.765 0.4 0.115
0 0.26666666666666666 0.85 0.4 0.02
0 0.26666666666666666 0.91125 0.4 0.0675
0 0.7333333333333333 0.096875 0.4 0.04375
0 0.7333333333333333 0.158125 0.4 0.04375
0 0.7333333333333333 0.219375 0.4 0.04375
0 0.7333333333333333 0.280625 0.4 0.04375
0 0.7333333333333333 0.389375 0.4 0.13875
0 0.7333333333333333 0.48625 0.4 0.02
0 0.7333333333333333 0.535625 0.4 0.04375
0 0.7333333333333333 0.585 0.4 0.02
0 0.7333333333333333 0.64625 0.4 0.0675
0 0.7333333333333333 0.755 0.4 0.115
0 0.7333333333333333 0.851875 0.4 0.04375
