0 0.26666666666666666 0.10875 0.4 0.0675
0 0.26666666666666666 0.17 0.4 0.02
0 0.26666666666666666 0.219375 0.4 0.04375
0 0.26666666666666666 0.280625 0.4 0.04375
0 0.26666666666666666 0.341875 0.4 0.04375
0 0.26666666666666666 0.39125 0.4 0.02
0 0.26666666666666666 0.440625 0.4 0.04375
0 0.26666666666666666 0.501875 0.4 0.04375
0 0.26666666666666666 0.610625 0.4 0.13875
0 0.26666666666666666 0.766875 0.4 0.13875
0 0.26666666666666666 0.875625 0.4 0.04375
0 0.7333333333333333 0.120625 0.4 0.09125
0 0.7333333333333333 0.19375 0.4 0.02
0 0.7333333333333333 0.243125 0.4 0.04375
0 0.7333333333333333 0.34 0.4 0.115
0 0.7333333333333333 0.4725 0.4 0.115
0 0.7333333333333333 0.593125 0.4 0.09125
0 0.7333333333333333 0.701875 0.4 0.09125
0 0.7333333333333333 0.786875 0.4 0.04375
0 0.7333333333333333 0.848125 0.4 0.04375
