0 0.26666666666666666 0.120625 0.4 0.09125
0 0.26666666666666666 0.2175 0.4 0.0675
0 0.26666666666666666 0.27875 0.4 0.02
0 0.26666666666666666 0.375625 0.4 0.13875
0 0.26666666666666666 0.484375 0.4 0.04375
0 0.26666666666666666 0.53375 0.4 0.02
0 0.26666666666666666 0.606875 0.4 0.09125
0 0.26666666666666666 0.691875 0.4 0.04375
0 0.26666666666666666 0.74125 0.4 0.02
0 0.26666666666666666 0.77875 0.4 0.02
0 0.26666666666666666 0.86375 0.4 0.115
0 0.7333333333333333 0.1325 0.4 0.115
0 0.7333333333333333 0.229375 0.4 0.04375
0 0.7333333333333333 0.290625 0.4 0.04375
0 0.7333333333333333 0.351875 0.4 0.04375
0 0.7333333333333333 0.413125 0.4 0.04375
0 0.7333333333333333 0.474375 0.4 0.04375
0 0.7333333333333333 0.535625 0.4 0.04375
0 0.7333333333333333 0.6325 0.4 0.115
0 0.7333333333333333 0.729375 0.4 0.04375
0 0.7333333333333333 0.77875 0.4 0.02
0 0.7333333333333333 0.828125 0.4 0.04375
0 0.7333333333333333 0.889375 0.4 0.04375
