0 0.26666666666666666 0.096875 0.4 0.04375
0 0.26666666666666666 0.158125 0.4 0.04375
0 0.26666666666666666 0.23125 0.4 0.0675
0 0.26666666666666666 0.31625 0.4 0.0675
0 0.26666666666666666 0.3775 0.4 0.02
0 0.26666666666666666 0.426875 0.4 0.04375
0 0.26666666666666666 0.488125 0.4 0.04375
0 0.26666666666666666 0.549375 0.4 0.04375
0 0.26666666666666666 0.59875 0.4 0.02
0 0.26666666666666666 0.648125 0.4 0.04375
0 0.26666666666666666 0.709375 0.4 0.04375
0 0.26666666666666666 0.818125 0.4 0.13875
0 0.7333333333333333 0.085 0.4 0.02
0 0.7333333333333333 0.134375 0.4 0.04375
0 0.7333333333333333 0.219375 0.4 0.09125
0 0.7333333333333333 0.304375 0.4 0.04375
0 0.7333333333333333 0.365625 0.4 0.04375
0 0.7333333333333333 0.450625 0.4 0.09125
0 0.7333333333333333 0.52375 0.4 0.02
0 0.7333333333333333 0.573125 0.4 0.04375
0 0.7333333333333333 0.64625 0.4 0.0675
0 0.7333333333333333 0.7075 0.4 0.02
0 0.7333333333333333 0.756875 0.4 0.04375
0 0.7333333333333333 0.818125 0.4 0.04375
0 0.7333333333333333 0.879375 0.4 0.04375
