0 0.26666666666666666 0.120625 0.4 0.09125
0 0.26666666666666666 0.205625 0.4 0.04375
0 0.26666666666666666 0.266875 0.4 0.04375
0 0.26666666666666666 0.36375 0.4 0.115
0 0.26666666666666666 0.484375 0.4 0.09125
0 0.26666666666666666 0.58125 0.4 0.0675
0 0.26666666666666666 0.701875 0.4 0.13875
0 0.26666666666666666 0.810625 0.4 0.04375
0 0.26666666666666666 0.919375 0.4 0.13875
0 0.7333333333333333 0.096875 0.4 0.04375
0 0.7333333333333333 0.19375 0.4 0.115
0 0.7333333333333333 0.290625 0.4 0.04375
0 0.7333333333333333 0.351875 0.4 0.04375
0 0.7333333333333333 0.413125 0.4 0.04375
0 0.7333333333333333 0.474375 0.4 0.04375
0 0.7333333333333333 0.52375 0.4 0.02
0 0.7333333333333333 0.573125 0.4 0.04375
0 0.7333333333333333 0.634375 0.4 0.04375
0 0.7333333333333333 0.695625 0.4 0.04375
0 0.7333333333333333 0.756875 0.4 0.04375
0 0.7333333333333333 0.818125 0.4 0.04375
0 0.7333333333333333 0.879375 0.4 0.04375
