0 0.26666666666666666 0.096875 0.4 0.04375
0 0.26666666666666666 0.158125 0.4 0.04375
0 0.26666666666666666 0.2075 0.4 0.02
0 0.26666666666666666 0.256875 0.4 0.04375
0 0.26666666666666666 0.341875 0.4 0.09125
0 0.26666666666666666 0.426875 0.4 0.04375
0 0.26666666666666666 0.488125 0.4 0.04375
0 0.26666666666666666 0.549375 0.4 0.04375
0 0.26666666666666666 0.610625 0.4 0.04375
0 0.26666666666666666 0.66 0.4 0.02
0 0.26666666666666666 0.709375 0.4 0.04375
0 0.26666666666666666 0.818125 0.4 0.13875
0 0.7333333333333333 0.120625 0.4 0.09125
0 0.7333333333333333 0.205625 0.4 0.04375
0 0.7333333333333333 0.266875 0.4 0.04375
0 0.7333333333333333 0.328125 0.4 0.04375
0 0.7333333333333333 0.389375 0.4 0.04375
0 0.7333333333333333 0.48625 0.4 0.115
0 0.7333333333333333 0.57125 0.4 0.02
0 0.7333333333333333 0.644375 0.4 0.09125
0 0.7333333333333333 0.7175 0.4 0.02
0 0.7333333333333333 0.8025 0.4 0.115
0 0.7333333333333333 0.899375 0.4 0.04375
