0 0.26666666666666666 0.085 0.4 0.02
0 0.26666666666666666 0.1225 0.4 0.02
0 0.26666666666666666 0.16 0.4 0.02
0 0.26666666666666666 0.233125 0.4 0.09125
0 0.26666666666666666 0.3775 0.4 0.1625
0 0.26666666666666666 0.498125 0.4 0.04375
0 0.26666666666666666 0.5475 0.4 0.02
0 0.26666666666666666 0.585 0.4 0.02
0 0.26666666666666666 0.64625 0.4 0.0675
0 0.26666666666666666 0.755 0.4 0.115
0 0.26666666666666666 0.851875 0.4 0.04375
0 0.7333333333333333 0.085 0.4 0.02
0 0.7333333333333333 0.134375 0.4 0.04375
0 0.7333333333333333 0.195625 0.4 0.04375
0 0.7333333333333333 0.31625 0.4 0.1625
0 0.7333333333333333 0.44875 0.4 0.0675
0 0.7333333333333333 0.521875 0.4 0.04375
0 0.7333333333333333 0.583125 0.4 0.04375
0 0.7333333333333333 0.644375 0.4 0.04375
0 0.7333333333333333 0.69375 0.4 0.02
0 0.7333333333333333 0.755 0.4 0.0675
0 0.7333333333333333 0.851875 0.4 0.09125
