0 0.26666666666666666 0.1325 0.4 0.115
0 0.26666666666666666 0.253125 0.4 0.09125
0 0.26666666666666666 0.338125 0.4 0.04375
0 0.26666666666666666 0.446875 0.4 0.13875
0 0.26666666666666666 0.59125 0.4 0.115
0 0.26666666666666666 0.688125 0.4 0.04375
0 0.26666666666666666 0.749375 0.4 0.04375
0 0.26666666666666666 0.810625 0.4 0.04375
0 0.26666666666666666 0.871875 0.4 0.04375
0 0.7333333333333333 0.085 0.4 0.02
0 0.7333333333333333 0.158125 0.4 0.09125
0 0.7333333333333333 0.243125 0.4 0.04375
0 0.7333333333333333 0.351875 0.4 0.13875
0 0.7333333333333333 0.49625 0.4 0.115
0 0.7333333333333333 0.593125 0.4 0.04375
0 0.7333333333333333 0.678125 0.4 0.09125
0 0.7333333333333333 0.775 0.4 0.0675
0 0.7333333333333333 0.895625 0.4 0.13875
