0 0.26666666666666666 0.1325 0.4 0.115
0 0.26666666666666666 0.229375 0.4 0.04375
0 0.26666666666666666 0.314375 0.4 0.09125
0 0.26666666666666666 0.399375 0.4 0.04375
0 0.26666666666666666 0.4725 0.4 0.0675
0 0.26666666666666666 0.545625 0.4 0.04375
0 0.26666666666666666 0.606875 0.4 0.04375
0 0.26666666666666666 0.668125 0.4 0.04375
0 0.26666666666666666 0.776875 0.4 0.13875
0 0.26666666666666666 0.885625 0.4 0.04375
0 0.7333333333333333 0.096875 0.4 0.04375
0 0.7333333333333333 0.158125 0.4 0.04375
0 0.7333333333333333 0.219375 0.4 0.04375
0 0.7333333333333333 0.280625 0.4 0.04375
0 0.7333333333333333 0.35375 0.4 0.0675
0 0.7333333333333333 0.43875 0.4 0.0675
0 0.7333333333333333 0.535625 0.4 0.09125
0 0.7333333333333333 0.6325 0.4 0.0675
0 0.7333333333333333 0.705625 0.4 0.04375
0 0.7333333333333333 0.790625 0.4 0.09125
0 0.7333333333333333 0.923125 0.4 0.13875
