0 0.26666666666666666 0.085 0.4 0.02
0 0.26666666666666666 0.158125 0.4 0.09125
0 0.26666666666666666 0.255 0.4 0.0675
0 0.26666666666666666 0.34 0.4 0.0675
0 0.26666666666666666 0.425 0.4 0.0675
0 0.26666666666666666 0.498125 0.4 0.04375
0 0.26666666666666666 0.583125 0.4 0.09125
0 0.26666666666666666 0.668125 0.4 0.04375
0 0.26666666666666666 0.729375 0.4 0.04375
0 0.26666666666666666 0.85 0.4 0.1625
0 0.7333333333333333 0.096875 0.4 0.04375
0 0.7333333333333333 0.158125 0.4 0.04375
0 0.7333333333333333 0.2075 0.4 0.02
0 0.7333333333333333 0.245 0.4 0.02
0 0.7333333333333333 0.2825 0.4 0.02
0 0.7333333333333333 0.331875 0.4 0.04375
0 0.7333333333333333 0.393125 0.4 0.04375
0 0.7333333333333333 0.4425 0.4 0.02
0 0.7333333333333333 0.491875 0.4 0.04375
0 0.7333333333333333 0.54125 0.4 0.02
0 0.7333333333333333 0.590625 0.4 0.04375
0 0.7333333333333333 0.651875 0.4 0.04375
0 0.7333333333333333 0.70125 0.4 0.02
0 0.7333333333333333 0.750625 0.4 0.04375
0 0.7333333333333333 0.835625 0.4 0.09125
