0 0.26666666666666666 0.096875 0.4 0.04375
0 0.26666666666666666 0.158125 0.4 0.04375
0 0.26666666666666666 0.2075 0.4 0.02
0 0.26666666666666666 0.256875 0.4 0.04375
0 0.26666666666666666 0.33 0.4 0.0675
0 0.26666666666666666 0.403125 0.4 0.04375
0 0.26666666666666666 0.464375 0.4 0.04375
0 0.26666666666666666 0.525625 0.4 0.04375
0 0.26666666666666666 0.634375 0.4 0.13875
0 0.26666666666666666 0.77875 0.4 0.115
0 0.26666666666666666 0.875625 0.4 0.04375
0 0.7333333333333333 0.10875 0.4 0.0675
0 0.7333333333333333 0.17 0.4 0.02
0 0.7333333333333333 0.219375 0.4 0.04375
0 0.7333333333333333 0.304375 0.4 0.09125
0 0.7333333333333333 0.425 0.4 0.115
0 0.7333333333333333 0.51 0.4 0.02
0 0.7333333333333333 0.57125 0.4 0.0675
0 0.7333333333333333 0.6325 0.4 0.02
0 0.7333333333333333 0.681875 0.4 0.04375
0 0.7333333333333333 0.743125 0.4 0.04375
0 0.7333333333333333 0.804375 0.4 0.04375
0 0.7333333333333333 0.85375 0.4 0.02
0 0.7333333333333333 0.903125 0.4 0.04375
