0 0.26666666666666666 0.096875 0.4 0.04375
0 0.26666666666666666 0.158125 0.4 0.04375
0 0.26666666666666666 0.219375 0.4 0.04375
0 0.26666666666666666 0.31625 0.4 0.115
0 0.26666666666666666 0.436875 0.4 0.09125
0 0.26666666666666666 0.545625 0.4 0.09125
0 0.26666666666666666 0.630625 0.4 0.04375
0 0.26666666666666666 0.691875 0.4 0.04375
0 0.26666666666666666 0.753125 0.4 0.04375
0 0.26666666666666666 0.85 0.4 0.115
0 0.7333333333333333 0.096875 0.4 0.04375
0 0.7333333333333333 0.158125 0.4 0.04375
0 0.7333333333333333 0.243125 0.4 0.09125
0 0.7333333333333333 0.351875 0.4 0.09125
0 0.7333333333333333 0.460625 0.4 0.09125
0 0.7333333333333333 0.569375 0.4 0.09125
0 0.7333333333333333 0.654375 0.4 0.04375
0 0.7333333333333333 0.739375 0.4 0.09125
0 0.7333333333333333 0.8125 0.4 0.02
0 0.7333333333333333 0.8975 0.4 0.115
