0 0.26666666666666666 0.096875 0.4 0.04375
0 0.26666666666666666 0.158125 0.4 0.04375
0 0.26666666666666666 0.219375 0.4 0.04375
0 0.26666666666666666 0.31625 0.4 0.115
0 0.26666666666666666 0.436875 0.4 0.09125
0 0.26666666666666666 0.53375 0.4 0.0675
0 0.26666666666666666 0.630625 0.4 0.09125
0 0.26666666666666666 0.75125 0.4 0.115
0 0.26666666666666666 0.83625 0.4 0.02
0 0.26666666666666666 0.92125 0.4 0.115
0 0.7333333333333333 0.096875 0.4 0.04375
0 0.7333333333333333 0.181875 0.4 0.09125
0 0.7333333333333333 0.266875 0.4 0.04375
0 0.7333333333333333 0.328125 0.4 0.04375
0 0.7333333333333333 0.3775 0.4 0.02
0 0.7333333333333333 0.415 0.4 0.02
0 0.7333333333333333 0.4525 0.4 0.02
0 0.7333333333333333 0.49 0.4 0.02
0 0.7333333333333333 0.539375 0.4 0.04375
0 0.7333333333333333 0.624375 0.4 0.09125
0 0.7333333333333333 0.745 0.4 0.115
0 0.7333333333333333 0.841875 0.4 0.04375
0 0.7333333333333333 0.89125 0.4 0.02
