0 0.26666666666666666 0.120625 0.4 0.09125
0 0.26666666666666666 0.229375 0.4 0.09125
0 0.26666666666666666 0.314375 0.4 0.04375
0 0.26666666666666666 0.375625 0.4 0.04375
0 0.26666666666666666 0.460625 0.4 0.09125
0 0.26666666666666666 0.58125 0.4 0.115
0 0.26666666666666666 0.71375 0.4 0.115
0 0.26666666666666666 0.79875 0.4 0.02
0 0.26666666666666666 0.871875 0.4 0.09125
0 0.7333333333333333 0.15625 0.4 0.1625
0 0.7333333333333333 0.265 0.4 0.02
0 0.7333333333333333 0.32625 0.4 0.0675
0 0.7333333333333333 0.423125 0.4 0.09125
0 0.7333333333333333 0.49625 0.4 0.02
0 0.7333333333333333 0.569375 0.4 0.09125
0 0.7333333333333333 0.654375 0.4 0.04375
0 0.7333333333333333 0.70375 0.4 0.02
0 0.7333333333333333 0.776875 0.4 0.09125
0 0.7333333333333333 0.861875 0.4 0.04375
