0 0.26666666666666666 0.096875 0.4 0.04375
0 0.26666666666666666 0.158125 0.4 0.04375
0 0.26666666666666666 0.2075 0.4 0.02
0 0.26666666666666666 0.245 0.4 0.02
0 0.26666666666666666 0.30625 0.4 0.0675
0 0.26666666666666666 0.3675 0.4 0.02
0 0.26666666666666666 0.416875 0.4 0.04375
0 0.26666666666666666 0.46625 0.4 0.02
0 0.26666666666666666 0.515625 0.4 0.04375
0 0.26666666666666666 0.58875 0.4 0.0675
0 0.26666666666666666 0.685625 0.4 0.09125
0 0.26666666666666666 0.75875 0.4 0.02
0 0.26666666666666666 0.831875 0.4 0.09125
0 0.7333333333333333 0.120625 0.4 0.09125
0 0.7333333333333333 0.205625 0.4 0.04375
0 0.7333333333333333 0.266875 0.4 0.04375
0 0.7333333333333333 0.328125 0.4 0.04375
0 0.7333333333333333 0.389375 0.4 0.04375
0 0.7333333333333333 0.43875 0.4 0.02
0 0.7333333333333333 0.488125 0.4 0.04375
0 0.7333333333333333 0.5375 0.4 0.02
0 0.7333333333333333 0.586875 0.4 0.04375
0 0.7333333333333333 0.63625 0.4 0.02
0 0.7333333333333333 0.6975 0.4 0.0675
0 0.7333333333333333 0.794375 0.4 0.09125
0 0.7333333333333333 0.89125 0.4 0.0675
