0 0.26666666666666666 0.085 0.4 0.02
0 0.26666666666666666 0.1225 0.4 0.02
0 0.26666666666666666 0.171875 0.4 0.04375
0 0.26666666666666666 0.245 0.4 0.0675
0 0.26666666666666666 0.35375 0.4 0.115
0 0.26666666666666666 0.450625 0.4 0.04375
0 0.26666666666666666 0.5 0.4 0.02
0 0.26666666666666666 0.56125 0.4 0.0675
0 0.26666666666666666 0.64625 0.4 0.0675
0 0.26666666666666666 0.77875 0.4 0.1625
0 0.26666666666666666 0.935 0.4 0.115
0 0.7333333333333333 0.096875 0.4 0.04375
0 0.7333333333333333 0.181875 0.4 0.09125
0 0.7333333333333333 0.255 0.4 0.02
0 0.7333333333333333 0.304375 0.4 0.04375
0 0.7333333333333333 0.40125 0.4 0.115
0 0.7333333333333333 0.545625 0.4 0.13875
0 0.7333333333333333 0.654375 0.4 0.04375
0 0.7333333333333333 0.7275 0.4 0.0675
0 0.7333333333333333 0.848125 0.4 0.13875
