0 0.26666666666666666 0.085 0.4 0.02
0 0.26666666666666666 0.181875 0.4 0.13875
0 0.26666666666666666 0.290625 0.4 0.04375
0 0.26666666666666666 0.375625 0.4 0.09125
0 0.26666666666666666 0.508125 0.4 0.13875
0 0.26666666666666666 0.616875 0.4 0.04375
0 0.26666666666666666 0.66625 0.4 0.02
0 0.26666666666666666 0.739375 0.4 0.09125
0 0.26666666666666666 0.824375 0.4 0.04375
0 0.26666666666666666 0.885625 0.4 0.04375
0 0.7333333333333333 0.096875 0.4 0.04375
0 0.7333333333333333 0.158125 0.4 0.04375
0 0.7333333333333333 0.243125 0.4 0.09125
0 0.7333333333333333 0.328125 0.4 0.04375
0 0.7333333333333333 0.436875 0.4 0.13875
0 0.7333333333333333 0.545625 0.4 0.04375
0 0.7333333333333333 0.654375 0.4 0.13875
0 0.7333333333333333 0.810625 0.4 0.13875
