0 0.26666666666666666 0.096875 0.4 0.04375
0 0.26666666666666666 0.19375 0.4 0.115
0 0.26666666666666666 0.338125 0.4 0.13875
0 0.26666666666666666 0.446875 0.4 0.04375
0 0.26666666666666666 0.49625 0.4 0.02
0 0.26666666666666666 0.5575 0.4 0.0675
0 0.26666666666666666 0.630625 0.4 0.04375
0 0.26666666666666666 0.68 0.4 0.02
0 0.26666666666666666 0.7175 0.4 0.02
0 0.26666666666666666 0.77875 0.4 0.0675
0 0.26666666666666666 0.851875 0.4 0.04375
0 0.7333333333333333 0.096875 0.4 0.04375
0 0.7333333333333333 0.158125 0.4 0.04375
0 0.7333333333333333 0.255 0.4 0.115
0 0.7333333333333333 0.34 0.4 0.02
0 0.7333333333333333 0.389375 0.4 0.04375
0 0.7333333333333333 0.48625 0.4 0.115
0 0.7333333333333333 0.583125 0.4 0.04375
0 0.7333333333333333 0.6325 0.4 0.02
0 0.7333333333333333 0.67 0.4 0.02
0 0.7333333333333333 0.743125 0.4 0.09125
0 0.7333333333333333 0.828125 0.4 0.04375
0 0.7333333333333333 0.889375 0.4 0.04375
