0 0.26666666666666666 0.085 0.4 0.02
0 0.26666666666666666 0.1225 0.4 0.02
0 0.26666666666666666 0.219375 0.4 0.13875
0 0.26666666666666666 0.328125 0.4 0.04375
0 0.26666666666666666 0.3775 0.4 0.02
0 0.26666666666666666 0.426875 0.4 0.04375
0 0.26666666666666666 0.511875 0.4 0.09125
0 0.26666666666666666 0.585 0.4 0.02
0 0.26666666666666666 0.634375 0.4 0.04375
0 0.26666666666666666 0.695625 0.4 0.04375
0 0.26666666666666666 0.745 0.4 0.02
0 0.26666666666666666 0.80625 0.4 0.0675
0 0.26666666666666666 0.879375 0.4 0.04375
0 0.7333333333333333 0.10875 0.4 0.0675
0 0.7333333333333333 0.205625 0.4 0.09125
0 0.7333333333333333 0.290625 0.4 0.04375
0 0.7333333333333333 0.375625 0.4 0.09125
0 0.7333333333333333 0.4725 0.4 0.0675
0 0.7333333333333333 0.58125 0.4 0.115
0 0.7333333333333333 0.66625 0.4 0.02
0 0.7333333333333333 0.715625 0.4 0.04375
0 0.7333333333333333 0.776875 0.4 0.04375
0 0.7333333333333333 0.87375 0.4 0.115
