0 0.26666666666666666 0.096875 0.4 0.04375
0 0.26666666666666666 0.2175 0.4 0.1625
0 0.26666666666666666 0.32625 0.4 0.02
0 0.26666666666666666 0.375625 0.4 0.04375
0 0.26666666666666666 0.44875 0.4 0.0675
0 0.26666666666666666 0.521875 0.4 0.04375
0 0.26666666666666666 0.606875 0.4 0.09125
0 0.26666666666666666 0.691875 0.4 0.04375
0 0.26666666666666666 0.753125 0.4 0.04375
0 0.26666666666666666 0.814375 0.4 0.04375
0 0.26666666666666666 0.875625 0.4 0.04375
0 0.7333333333333333 0.120625 0.4 0.09125
0 0.7333333333333333 0.205625 0.4 0.04375
0 0.7333333333333333 0.290625 0.4 0.09125
0 0.7333333333333333 0.375625 0.4 0.04375
0 0.7333333333333333 0.436875 0.4 0.04375
0 0.7333333333333333 0.51 0.4 0.0675
0 0.7333333333333333 0.583125 0.4 0.04375
0 0.7333333333333333 0.65625 0.4 0.0675
0 0.7333333333333333 0.776875 0.4 0.13875
0 0.7333333333333333 0.885625 0.4 0.04375
