0 0.26666666666666666 0.1325 0.4 0.115
0 0.26666666666666666 0.28875 0.4 0.1625
0 0.26666666666666666 0.3975 0.4 0.02
0 0.26666666666666666 0.446875 0.4 0.04375
0 0.26666666666666666 0.49625 0.4 0.02
0 0.26666666666666666 0.53375 0.4 0.02
0 0.26666666666666666 0.57125 0.4 0.02
0 0.26666666666666666 0.620625 0.4 0.04375
0 0.26666666666666666 0.705625 0.4 0.09125
0 0.26666666666666666 0.8025 0.4 0.0675
0 0.26666666666666666 0.8875 0.4 0.0675
0 0.7333333333333333 0.120625 0.4 0.09125
0 0.7333333333333333 0.253125 0.4 0.13875
0 0.7333333333333333 0.3975 0.4 0.115
0 0.7333333333333333 0.494375 0.4 0.04375
0 0.7333333333333333 0.555625 0.4 0.04375
0 0.7333333333333333 0.62875 0.4 0.0675
0 0.7333333333333333 0.701875 0.4 0.04375
0 0.7333333333333333 0.810625 0.4 0.13875
