0 0.26666666666666666 0.096875 0.4 0.04375
0 0.26666666666666666 0.158125 0.4 0.04375
0 0.26666666666666666 0.219375 0.4 0.04375
0 0.26666666666666666 0.280625 0.4 0.04375
0 0.26666666666666666 0.341875 0.4 0.04375
0 0.26666666666666666 0.403125 0.4 0.04375
0 0.26666666666666666 0.464375 0.4 0.04375
0 0.26666666666666666 0.573125 0.4 0.13875
0 0.26666666666666666 0.705625 0.4 0.09125
0 0.26666666666666666 0.814375 0.4 0.09125
0 0.26666666666666666 0.899375 0.4 0.04375
0 0.7333333333333333 0.096875 0.4 0.04375
0 0.7333333333333333 0.158125 0.4 0.04375
0 0.7333333333333333 0.219375 0.4 0.04375
0 0.7333333333333333 0.26875 0.4 0.02
0 0.7333333333333333 0.35375 0.4 0.115
0 0.7333333333333333 0.450625 0.4 0.04375
0 0.7333333333333333 0.535625 0.4 0.09125
0 0.7333333333333333 0.644375 0.4 0.09125
0 0.7333333333333333 0.729375 0.4 0.04375
0 0.7333333333333333 0.8025 0.4 0.0675
0 0.7333333333333333 0.91125 0.4 0.115
