0 0.26666666666666666 0.10875 0.4 0.0675
0 0.26666666666666666 0.181875 0.4 0.04375
0 0.26666666666666666 0.243125 0.4 0.04375
0 0.26666666666666666 0.304375 0.4 0.04375
0 0.26666666666666666 0.365625 0.4 0.04375
0 0.26666666666666666 0.426875 0.4 0.04375
0 0.26666666666666666 0.488125 0.4 0.04375
0 0.26666666666666666 0.585 0.4 0.115
0 0.26666666666666666 0.681875 0.4 0.04375
0 0.26666666666666666 0.77875 0.4 0.115
0 0.26666666666666666 0.923125 0.4 0.13875
0 0.7333333333333333 0.144375 0.4 0.13875
0 0.7333333333333333 0.24125 0.4 0.02
0 0.7333333333333333 0.32625 0.4 0.115
0 0.7333333333333333 0.446875 0.4 0.09125
0 0.7333333333333333 0.5675 0.4 0.115
0 0.7333333333333333 0.664375 0.4 0.04375
0 0.7333333333333333 0.773125 0.4 0.13875
0 0.7333333333333333 0.9175 0.4 0.115
