0 0.26666666666666666 0.096875 0.4 0.04375
0 0.26666666666666666 0.14625 0.4 0.02
0 0.26666666666666666 0.195625 0.4 0.04375
0 0.26666666666666666 0.256875 0.4 0.04375
0 0.26666666666666666 0.35375 0.4 0.115
0 0.26666666666666666 0.450625 0.4 0.04375
0 0.26666666666666666 0.5 0.4 0.02
0 0.26666666666666666 0.585 0.4 0.115
0 0.26666666666666666 0.681875 0.4 0.04375
0 0.26666666666666666 0.77875 0.4 0.115
0 0.26666666666666666 0.875625 0.4 0.04375
0 0.7333333333333333 0.096875 0.4 0.04375
0 0.7333333333333333 0.14625 0.4 0.02
0 0.7333333333333333 0.219375 0.4 0.09125
0 0.7333333333333333 0.304375 0.4 0.04375
0 0.7333333333333333 0.35375 0.4 0.02
0 0.7333333333333333 0.39125 0.4 0.02
0 0.7333333333333333 0.440625 0.4 0.04375
0 0.7333333333333333 0.501875 0.4 0.04375
0 0.7333333333333333 0.563125 0.4 0.04375
0 0.7333333333333333 0.624375 0.4 0.04375
0 0.7333333333333333 0.709375 0.4 0.09125
0 0.7333333333333333 0.794375 0.4 0.04375
0 0.7333333333333333 0.89125 0.4 0.115
