0 0.26666666666666666 0.10875 0.4 0.0675
0 0.26666666666666666 0.205625 0.4 0.09125
0 0.26666666666666666 0.290625 0.4 0.04375
0 0.26666666666666666 0.351875 0.4 0.04375
0 0.26666666666666666 0.44875 0.4 0.115
0 0.26666666666666666 0.5575 0.4 0.0675
0 0.26666666666666666 0.630625 0.4 0.04375
0 0.26666666666666666 0.7275 0.4 0.115
0 0.26666666666666666 0.824375 0.4 0.04375
0 0.26666666666666666 0.885625 0.4 0.04375
0 0.7333333333333333 0.085 0.4 0.02
0 0.7333333333333333 0.134375 0.4 0.04375
0 0.7333333333333333 0.2075 0.4 0.0675
0 0.7333333333333333 0.31625 0.4 0.115
0 0.7333333333333333 0.413125 0.4 0.04375
0 0.7333333333333333 0.4625 0.4 0.02
0 0.7333333333333333 0.5 0.4 0.02
0 0.7333333333333333 0.549375 0.4 0.04375
0 0.7333333333333333 0.6225 0.4 0.0675
0 0.7333333333333333 0.68375 0.4 0.02
0 0.7333333333333333 0.733125 0.4 0.04375
0 0.7333333333333333 0.794375 0.4 0.04375
0 0.7333333333333333 0.84375 0.4 0.02
0 0.7333333333333333 0.893125 0.4 0.04375
