0 0.26666666666666666 0.120625 0.4 0.09125
0 0.26666666666666666 0.205625 0.4 0.04375
0 0.26666666666666666 0.27875 0.4 0.0675
0 0.26666666666666666 0.351875 0.4 0.04375
0 0.26666666666666666 0.425 0.4 0.0675
0 0.26666666666666666 0.53375 0.4 0.115
0 0.26666666666666666 0.6425 0.4 0.0675
0 0.26666666666666666 0.7275 0.4 0.0675
0 0.26666666666666666 0.800625 0.4 0.04375
0 0.26666666666666666 0.8975 0.4 0.115
0 0.7333333333333333 0.1325 0.4 0.115
0 0.7333333333333333 0.229375 0.4 0.04375
0 0.7333333333333333 0.314375 0.4 0.09125
0 0.7333333333333333 0.41125 0.4 0.0675
0 0.7333333333333333 0.531875 0.4 0.13875
0 0.7333333333333333 0.62875 0.4 0.02
0 0.7333333333333333 0.701875 0.4 0.09125
0 0.7333333333333333 0.84625 0.4 0.1625
