0 0.26666666666666666 0.096875 0.4 0.04375
0 0.26666666666666666 0.14625 0.4 0.02
0 0.26666666666666666 0.18375 0.4 0.02
0 0.26666666666666666 0.26875 0.4 0.115
0 0.26666666666666666 0.413125 0.4 0.13875
0 0.26666666666666666 0.521875 0.4 0.04375
0 0.26666666666666666 0.583125 0.4 0.04375
0 0.26666666666666666 0.65625 0.4 0.0675
0 0.26666666666666666 0.729375 0.4 0.04375
0 0.26666666666666666 0.77875 0.4 0.02
0 0.26666666666666666 0.828125 0.4 0.04375
0 0.26666666666666666 0.889375 0.4 0.04375
0 0.7333333333333333 0.120625 0.4 0.09125
0 0.7333333333333333 0.19375 0.4 0.02
0 0.7333333333333333 0.243125 0.4 0.04375
0 0.7333333333333333 0.304375 0.4 0.04375
0 0.7333333333333333 0.365625 0.4 0.04375
0 0.7333333333333333 0.450625 0.4 0.09125
0 0.7333333333333333 0.52375 0.4 0.02
0 0.7333333333333333 0.585 0.4 0.0675
0 0.7333333333333333 0.658125 0.4 0.04375
0 0.7333333333333333 0.719375 0.4 0.04375
0 0.7333333333333333 0.780625 0.4 0.04375
0 0.7333333333333333 0.841875 0.4 0.04375
0 0.7333333333333333 0.903125 0.4 0.04375
