0 0.26666666666666666 0.120625 0.4 0.09125
0 0.26666666666666666 0.229375 0.4 0.09125
0 0.26666666666666666 0.3025 0.4 0.02
0 0.26666666666666666 0.34 0.4 0.02
0 0.26666666666666666 0.389375 0.4 0.04375
0 0.26666666666666666 0.43875 0.4 0.02
0 0.26666666666666666 0.488125 0.4 0.04375
0 0.26666666666666666 0.5375 0.4 0.02
0 0.26666666666666666 0.586875 0.4 0.04375
0 0.26666666666666666 0.671875 0.4 0.09125
0 0.26666666666666666 0.745 0.4 0.02
0 0.26666666666666666 0.83 0.4 0.115
0 0.7333333333333333 0.085 0.4 0.02
0 0.7333333333333333 0.134375 0.4 0.04375
0 0.7333333333333333 0.195625 0.4 0.04375
0 0.7333333333333333 0.26875 0.4 0.0675
0 0.7333333333333333 0.389375 0.4 0.13875
0 0.7333333333333333 0.51 0.4 0.0675
0 0.7333333333333333 0.606875 0.4 0.09125
0 0.7333333333333333 0.739375 0.4 0.13875
0 0.7333333333333333 0.848125 0.4 0.04375
