0 0.26666666666666666 0.096875 0.4 0.04375
0 0.26666666666666666 0.158125 0.4 0.04375
0 0.26666666666666666 0.243125 0.4 0.09125
0 0.26666666666666666 0.328125 0.4 0.04375
0 0.26666666666666666 0.3775 0.4 0.02
0 0.26666666666666666 0.415 0.4 0.02
0 0.26666666666666666 0.488125 0.4 0.09125
0 0.26666666666666666 0.56125 0.4 0.02
0 0.26666666666666666 0.610625 0.4 0.04375
0 0.26666666666666666 0.7075 0.4 0.115
0 0.26666666666666666 0.804375 0.4 0.04375
0 0.26666666666666666 0.90125 0.4 0.115
0 0.7333333333333333 0.085 0.4 0.02
0 0.7333333333333333 0.134375 0.4 0.04375
0 0.7333333333333333 0.219375 0.4 0.09125
0 0.7333333333333333 0.304375 0.4 0.04375
0 0.7333333333333333 0.3775 0.4 0.0675
0 0.7333333333333333 0.43875 0.4 0.02
0 0.7333333333333333 0.488125 0.4 0.04375
0 0.7333333333333333 0.549375 0.4 0.04375
0 0.7333333333333333 0.64625 0.4 0.115
0 0.7333333333333333 0.743125 0.4 0.04375
0 0.7333333333333333 0.804375 0.4 0.04375
0 0.7333333333333333 0.889375 0.4 0.09125
