0 0.26666666666666666 0.10875 0.4 0.0675
0 0.26666666666666666 0.181875 0.4 0.04375
0 0.26666666666666666 0.255 0.4 0.0675
0 0.26666666666666666 0.31625 0.4 0.02
0 0.26666666666666666 0.40125 0.4 0.115
0 0.26666666666666666 0.545625 0.4 0.13875
0 0.26666666666666666 0.654375 0.4 0.04375
0 0.26666666666666666 0.739375 0.4 0.09125
0 0.26666666666666666 0.824375 0.4 0.04375
0 0.26666666666666666 0.92125 0.4 0.115
0 0.7333333333333333 0.096875 0.4 0.04375
0 0.7333333333333333 0.181875 0.4 0.09125
0 0.7333333333333333 0.290625 0.4 0.09125
0 0.7333333333333333 0.41125 0.4 0.115
0 0.7333333333333333 0.531875 0.4 0.09125
0 0.7333333333333333 0.605 0.4 0.02
0 0.7333333333333333 0.69 0.4 0.115
0 0.7333333333333333 0.810625 0.4 0.09125
0 0.7333333333333333 0.919375 0.4 0.09125
