0 0.26666666666666666 0.096875 0.4 0.04375
0 0.26666666666666666 0.17 0.4 0.0675
0 0.26666666666666666 0.266875 0.4 0.09125
0 0.26666666666666666 0.34 0.4 0.02
0 0.26666666666666666 0.3775 0.4 0.02
0 0.26666666666666666 0.450625 0.4 0.09125
0 0.26666666666666666 0.535625 0.4 0.04375
0 0.26666666666666666 0.596875 0.4 0.04375
0 0.26666666666666666 0.7175 0.4 0.1625
0 0.26666666666666666 0.82625 0.4 0.02
0 0.26666666666666666 0.91125 0.4 0.115
0 0.7333333333333333 0.144375 0.4 0.13875
0 0.7333333333333333 0.24125 0.4 0.02
0 0.7333333333333333 0.32625 0.4 0.115
0 0.7333333333333333 0.41125 0.4 0.02
0 0.7333333333333333 0.4725 0.4 0.0675
0 0.7333333333333333 0.545625 0.4 0.04375
0 0.7333333333333333 0.606875 0.4 0.04375
0 0.7333333333333333 0.668125 0.4 0.04375
0 0.7333333333333333 0.765 0.4 0.115
0 0.7333333333333333 0.8975 0.4 0.115
