0 0.26666666666666666 0.096875 0.4 0.04375
0 0.26666666666666666 0.19375 0.4 0.115
0 0.26666666666666666 0.314375 0.4 0.09125
0 0.26666666666666666 0.423125 0.4 0.09125
0 0.26666666666666666 0.5675 0.4 0.1625
0 0.26666666666666666 0.67625 0.4 0.02
0 0.26666666666666666 0.725625 0.4 0.04375
0 0.26666666666666666 0.786875 0.4 0.04375
0 0.26666666666666666 0.848125 0.4 0.04375
0 0.7333333333333333 0.096875 0.4 0.04375
0 0.7333333333333333 0.19375 0.4 0.115
0 0.7333333333333333 0.290625 0.4 0.04375
0 0.7333333333333333 0.34 0.4 0.02
0 0.7333333333333333 0.40125 0.4 0.0675
0 0.7333333333333333 0.498125 0.4 0.09125
0 0.7333333333333333 0.583125 0.4 0.04375
0 0.7333333333333333 0.668125 0.4 0.09125
0 0.7333333333333333 0.753125 0.4 0.04375
0 0.7333333333333333 0.814375 0.4 0.04375
0 0.7333333333333333 0.8875 0.4 0.0675
