0 0.26666666666666666 0.096875 0.4 0.04375
0 0.26666666666666666 0.181875 0.4 0.09125
0 0.26666666666666666 0.255 0.4 0.02
0 0.26666666666666666 0.2925 0.4 0.02
0 0.26666666666666666 0.341875 0.4 0.04375
0 0.26666666666666666 0.39125 0.4 0.02
0 0.26666666666666666 0.440625 0.4 0.04375
0 0.26666666666666666 0.49 0.4 0.02
0 0.26666666666666666 0.55125 0.4 0.0675
0 0.26666666666666666 0.624375 0.4 0.04375
0 0.26666666666666666 0.67375 0.4 0.02
0 0.26666666666666666 0.71125 0.4 0.02
0 0.26666666666666666 0.82 0.4 0.1625
0 0.7333333333333333 0.10875 0.4 0.0675
0 0.7333333333333333 0.181875 0.4 0.04375
0 0.7333333333333333 0.255 0.4 0.0675
0 0.7333333333333333 0.31625 0.4 0.02
0 0.7333333333333333 0.389375 0.4 0.09125
0 0.7333333333333333 0.474375 0.4 0.04375
0 0.7333333333333333 0.535625 0.4 0.04375
0 0.7333333333333333 0.60875 0.4 0.0675
0 0.7333333333333333 0.705625 0.4 0.09125
0 0.7333333333333333 0.790625 0.4 0.04375
0 0.7333333333333333 0.84 0.4 0.02
0 0.7333333333333333 0.889375 0.4 0.04375
