0 0.26666666666666666 0.085 0.4 0.02
0 0.26666666666666666 0.181875 0.4 0.13875
0 0.26666666666666666 0.314375 0.4 0.09125
0 0.26666666666666666 0.3875 0.4 0.02
0 0.26666666666666666 0.436875 0.4 0.04375
0 0.26666666666666666 0.48625 0.4 0.02
0 0.26666666666666666 0.5475 0.4 0.0675
0 0.26666666666666666 0.620625 0.4 0.04375
0 0.26666666666666666 0.7175 0.4 0.115
0 0.26666666666666666 0.861875 0.4 0.13875
0 0.7333333333333333 0.096875 0.4 0.04375
0 0.7333333333333333 0.158125 0.4 0.04375
0 0.7333333333333333 0.2075 0.4 0.02
0 0.7333333333333333 0.245 0.4 0.02
0 0.7333333333333333 0.30625 0.4 0.0675
0 0.7333333333333333 0.379375 0.4 0.04375
0 0.7333333333333333 0.42875 0.4 0.02
0 0.7333333333333333 0.501875 0.4 0.09125
0 0.7333333333333333 0.610625 0.4 0.09125
0 0.7333333333333333 0.68375 0.4 0.02
0 0.7333333333333333 0.756875 0.4 0.09125
0 0.7333333333333333 0.841875 0.4 0.04375
0 0.7333333333333333 0.89125 0.4 0.02
