0 0.26666666666666666 0.096875 0.4 0.04375
0 0.26666666666666666 0.158125 0.4 0.04375
0 0.26666666666666666 0.2075 0.4 0.02
0 0.26666666666666666 0.256875 0.4 0.04375
0 0.26666666666666666 0.33 0.4 0.0675
0 0.26666666666666666 0.415 0.4 0.0675
0 0.26666666666666666 0.47625 0.4 0.02
0 0.26666666666666666 0.549375 0.4 0.09125
0 0.26666666666666666 0.6225 0.4 0.02
0 0.26666666666666666 0.695625 0.4 0.09125
0 0.26666666666666666 0.804375 0.4 0.09125
0 0.26666666666666666 0.889375 0.4 0.04375
0 0.7333333333333333 0.096875 0.4 0.04375
0 0.7333333333333333 0.17 0.4 0.0675
0 0.7333333333333333 0.23125 0.4 0.02
0 0.7333333333333333 0.280625 0.4 0.04375
0 0.7333333333333333 0.365625 0.4 0.09125
0 0.7333333333333333 0.450625 0.4 0.04375
0 0.7333333333333333 0.559375 0.4 0.13875
0 0.7333333333333333 0.668125 0.4 0.04375
0 0.7333333333333333 0.729375 0.4 0.04375
0 0.7333333333333333 0.790625 0.4 0.04375
0 0.7333333333333333 0.875625 0.4 0.09125
