0 0.26666666666666666 0.096875 0.4 0.04375
0 0.26666666666666666 0.158125 0.4 0.04375
0 0.26666666666666666 0.219375 0.4 0.04375
0 0.26666666666666666 0.280625 0.4 0.04375
0 0.26666666666666666 0.33 0.4 0.02
0 0.26666666666666666 0.3675 0.4 0.02
0 0.26666666666666666 0.416875 0.4 0.04375
0 0.26666666666666666 0.5375 0.4 0.1625
0 0.26666666666666666 0.681875 0.4 0.09125
0 0.26666666666666666 0.790625 0.4 0.09125
0 0.26666666666666666 0.86375 0.4 0.02
0 0.7333333333333333 0.120625 0.4 0.09125
0 0.7333333333333333 0.2175 0.4 0.0675
0 0.7333333333333333 0.35 0.4 0.1625
0 0.7333333333333333 0.470625 0.4 0.04375
0 0.7333333333333333 0.54375 0.4 0.0675
0 0.7333333333333333 0.616875 0.4 0.04375
0 0.7333333333333333 0.701875 0.4 0.09125
0 0.7333333333333333 0.810625 0.4 0.09125
0 0.7333333333333333 0.895625 0.4 0.04375
