0 0.26666666666666666 0.1325 0.4 0.115
0 0.26666666666666666 0.229375 0.4 0.04375
0 0.26666666666666666 0.290625 0.4 0.04375
0 0.26666666666666666 0.34 0.4 0.02
0 0.26666666666666666 0.389375 0.4 0.04375
0 0.26666666666666666 0.450625 0.4 0.04375
0 0.26666666666666666 0.535625 0.4 0.09125
0 0.26666666666666666 0.644375 0.4 0.09125
0 0.26666666666666666 0.7175 0.4 0.02
0 0.26666666666666666 0.77875 0.4 0.0675
0 0.26666666666666666 0.875625 0.4 0.09125
0 0.7333333333333333 0.120625 0.4 0.09125
0 0.7333333333333333 0.2175 0.4 0.0675
0 0.7333333333333333 0.314375 0.4 0.09125
0 0.7333333333333333 0.435 0.4 0.115
0 0.7333333333333333 0.54375 0.4 0.0675
0 0.7333333333333333 0.6525 0.4 0.115
0 0.7333333333333333 0.796875 0.4 0.13875
0 0.7333333333333333 0.89375 0.4 0.02
