0 0.26666666666666666 0.085 0.4 0.02
0 0.26666666666666666 0.1225 0.4 0.02
0 0.26666666666666666 0.171875 0.4 0.04375
0 0.26666666666666666 0.22125 0.4 0.02
0 0.26666666666666666 0.270625 0.4 0.04375
0 0.26666666666666666 0.32 0.4 0.02
0 0.26666666666666666 0.369375 0.4 0.04375
0 0.26666666666666666 0.430625 0.4 0.04375
0 0.26666666666666666 0.48 0.4 0.02
0 0.26666666666666666 0.529375 0.4 0.04375
0 0.26666666666666666 0.590625 0.4 0.04375
0 0.26666666666666666 0.699375 0.4 0.13875
0 0.26666666666666666 0.831875 0.4 0.09125
0 0.7333333333333333 0.10875 0.4 0.0675
0 0.7333333333333333 0.2175 0.4 0.115
0 0.7333333333333333 0.314375 0.4 0.04375
0 0.7333333333333333 0.375625 0.4 0.04375
0 0.7333333333333333 0.425 0.4 0.02
0 0.7333333333333333 0.4625 0.4 0.02
0 0.7333333333333333 0.511875 0.4 0.04375
0 0.7333333333333333 0.573125 0.4 0.04375
0 0.7333333333333333 0.658125 0.4 0.09125
0 0.7333333333333333 0.790625 0.4 0.13875
0 0.7333333333333333 0.899375 0.4 0.04375
