0 0.26666666666666666 0.096875 0.4 0.04375
0 0.26666666666666666 0.158125 0.4 0.04375
0 0.26666666666666666 0.219375 0.4 0.04375
0 0.26666666666666666 0.328125 0.4 0.13875
0 0.26666666666666666 0.4725 0.4 0.115
0 0.26666666666666666 0.593125 0.4 0.09125
0 0.26666666666666666 0.66625 0.4 0.02
0 0.26666666666666666 0.715625 0.4 0.04375
0 0.26666666666666666 0.8125 0.4 0.115
0 0.7333333333333333 0.15625 0.4 0.1625
0 0.7333333333333333 0.276875 0.4 0.04375
0 0.7333333333333333 0.32625 0.4 0.02
0 0.7333333333333333 0.375625 0.4 0.04375
0 0.7333333333333333 0.436875 0.4 0.04375
0 0.7333333333333333 0.498125 0.4 0.04375
0 0.7333333333333333 0.559375 0.4 0.04375
0 0.7333333333333333 0.620625 0.4 0.04375
0 0.7333333333333333 0.681875 0.4 0.04375
0 0.7333333333333333 0.743125 0.4 0.04375
0 0.7333333333333333 0.7925 0.4 0.02
0 0.7333333333333333 0.83 0.4 0.02
0 0.7333333333333333 0.879375 0.4 0.04375
