0 0.26666666666666666 0.096875 0.4 0.04375
0 0.26666666666666666 0.205625 0.4 0.13875
0 0.26666666666666666 0.3025 0.4 0.02
0 0.26666666666666666 0.36375 0.4 0.0675
0 0.26666666666666666 0.436875 0.4 0.04375
0 0.26666666666666666 0.498125 0.4 0.04375
0 0.26666666666666666 0.606875 0.4 0.13875
0 0.26666666666666666 0.715625 0.4 0.04375
0 0.26666666666666666 0.78875 0.4 0.0675
0 0.26666666666666666 0.885625 0.4 0.09125
0 0.7333333333333333 0.1325 0.4 0.115
0 0.7333333333333333 0.229375 0.4 0.04375
0 0.7333333333333333 0.35 0.4 0.1625
0 0.7333333333333333 0.518125 0.4 0.13875
0 0.7333333333333333 0.63875 0.4 0.0675
0 0.7333333333333333 0.759375 0.4 0.13875
0 0.7333333333333333 0.868125 0.4 0.04375
