0 0.26666666666666666 0.10875 0.4 0.0675
0 0.26666666666666666 0.181875 0.4 0.04375
0 0.26666666666666666 0.243125 0.4 0.04375
0 0.26666666666666666 0.34 0.4 0.115
0 0.26666666666666666 0.4725 0.4 0.115
0 0.26666666666666666 0.569375 0.4 0.04375
0 0.26666666666666666 0.654375 0.4 0.09125
0 0.26666666666666666 0.739375 0.4 0.04375
0 0.26666666666666666 0.824375 0.4 0.09125
0 0.7333333333333333 0.120625 0.4 0.09125
0 0.7333333333333333 0.205625 0.4 0.04375
0 0.7333333333333333 0.266875 0.4 0.04375
0 0.7333333333333333 0.328125 0.4 0.04375
0 0.7333333333333333 0.413125 0.4 0.09125
0 0.7333333333333333 0.521875 0.4 0.09125
0 0.7333333333333333 0.606875 0.4 0.04375
0 0.7333333333333333 0.65625 0.4 0.02
0 0.7333333333333333 0.729375 0.4 0.09125
0 0.7333333333333333 0.814375 0.4 0.04375
0 0.7333333333333333 0.86375 0.4 0.02
