0 0.26666666666666666 0.144375 0.4 0.13875
0 0.26666666666666666 0.24125 0.4 0.02
0 0.26666666666666666 0.290625 0.4 0.04375
0 0.26666666666666666 0.34 0.4 0.02
0 0.26666666666666666 0.40125 0.4 0.0675
0 0.26666666666666666 0.48625 0.4 0.0675
0 0.26666666666666666 0.559375 0.4 0.04375
0 0.26666666666666666 0.620625 0.4 0.04375
0 0.26666666666666666 0.7175 0.4 0.115
0 0.26666666666666666 0.838125 0.4 0.09125
0 0.7333333333333333 0.120625 0.4 0.09125
0 0.7333333333333333 0.205625 0.4 0.04375
0 0.7333333333333333 0.266875 0.4 0.04375
0 0.7333333333333333 0.36375 0.4 0.115
0 0.7333333333333333 0.508125 0.4 0.13875
0 0.7333333333333333 0.605 0.4 0.02
0 0.7333333333333333 0.654375 0.4 0.04375
0 0.7333333333333333 0.75125 0.4 0.115
0 0.7333333333333333 0.88375 0.4 0.115
