0 0.26666666666666666 0.085 0.4 0.02
0 0.26666666666666666 0.1225 0.4 0.02
0 0.26666666666666666 0.195625 0.4 0.09125
0 0.26666666666666666 0.304375 0.4 0.09125
0 0.26666666666666666 0.389375 0.4 0.04375
0 0.26666666666666666 0.4625 0.4 0.0675
0 0.26666666666666666 0.559375 0.4 0.09125
0 0.26666666666666666 0.644375 0.4 0.04375
0 0.26666666666666666 0.69375 0.4 0.02
0 0.26666666666666666 0.755 0.4 0.0675
0 0.26666666666666666 0.875625 0.4 0.13875
0 0.7333333333333333 0.10875 0.4 0.0675
0 0.7333333333333333 0.2175 0.4 0.115
0 0.7333333333333333 0.3025 0.4 0.02
0 0.7333333333333333 0.351875 0.4 0.04375
0 0.7333333333333333 0.44875 0.4 0.115
0 0.7333333333333333 0.53375 0.4 0.02
0 0.7333333333333333 0.583125 0.4 0.04375
0 0.7333333333333333 0.668125 0.4 0.09125
0 0.7333333333333333 0.753125 0.4 0.04375
0 0.7333333333333333 0.838125 0.4 0.09125
