0 0.26666666666666666 0.096875 0.4 0.04375
0 0.26666666666666666 0.14625 0.4 0.02
0 0.26666666666666666 0.219375 0.4 0.09125
0 0.26666666666666666 0.2925 0.4 0.02
0 0.26666666666666666 0.389375 0.4 0.13875
0 0.26666666666666666 0.498125 0.4 0.04375
0 0.26666666666666666 0.559375 0.4 0.04375
0 0.26666666666666666 0.60875 0.4 0.02
0 0.26666666666666666 0.67 0.4 0.0675
0 0.26666666666666666 0.73125 0.4 0.02
0 0.26666666666666666 0.7925 0.4 0.0675
0 0.26666666666666666 0.865625 0.4 0.04375
0 0.7333333333333333 0.096875 0.4 0.04375
0 0.7333333333333333 0.158125 0.4 0.04375
0 0.7333333333333333 0.243125 0.4 0.09125
0 0.7333333333333333 0.328125 0.4 0.04375
0 0.7333333333333333 0.389375 0.4 0.04375
0 0.7333333333333333 0.48625 0.4 0.115
0 0.7333333333333333 0.6425 0.4 0.1625
0 0.7333333333333333 0.79875 0.4 0.115
0 0.7333333333333333 0.88375 0.4 0.02
