0 0.26666666666666666 0.096875 0.4 0.04375
0 0.26666666666666666 0.158125 0.4 0.04375
0 0.26666666666666666 0.2075 0.4 0.02
0 0.26666666666666666 0.280625 0.4 0.09125
0 0.26666666666666666 0.365625 0.4 0.04375
0 0.26666666666666666 0.43875 0.4 0.0675
0 0.26666666666666666 0.5 0.4 0.02
0 0.26666666666666666 0.5375 0.4 0.02
0 0.26666666666666666 0.610625 0.4 0.09125
0 0.26666666666666666 0.695625 0.4 0.04375
0 0.26666666666666666 0.756875 0.4 0.04375
0 0.26666666666666666 0.841875 0.4 0.09125
0 0.7333333333333333 0.096875 0.4 0.04375
0 0.7333333333333333 0.158125 0.4 0.04375
0 0.7333333333333333 0.2075 0.4 0.02
0 0.7333333333333333 0.245 0.4 0.02
0 0.7333333333333333 0.33 0.4 0.115
0 0.7333333333333333 0.426875 0.4 0.04375
0 0.7333333333333333 0.488125 0.4 0.04375
0 0.7333333333333333 0.573125 0.4 0.09125
0 0.7333333333333333 0.658125 0.4 0.04375
0 0.7333333333333333 0.755 0.4 0.115
0 0.7333333333333333 0.875625 0.4 0.09125
