0 0.26666666666666666 0.085 0.4 0.02
0 0.26666666666666666 0.14625 0.4 0.0675
0 0.26666666666666666 0.2075 0.4 0.02
0 0.26666666666666666 0.280625 0.4 0.09125
0 0.26666666666666666 0.365625 0.4 0.04375
0 0.26666666666666666 0.426875 0.4 0.04375
0 0.26666666666666666 0.488125 0.4 0.04375
0 0.26666666666666666 0.585 0.4 0.115
0 0.26666666666666666 0.681875 0.4 0.04375
0 0.26666666666666666 0.755 0.4 0.0675
0 0.26666666666666666 0.851875 0.4 0.09125
0 0.7333333333333333 0.096875 0.4 0.04375
0 0.7333333333333333 0.14625 0.4 0.02
0 0.7333333333333333 0.2075 0.4 0.0675
0 0.7333333333333333 0.280625 0.4 0.04375
0 0.7333333333333333 0.341875 0.4 0.04375
0 0.7333333333333333 0.403125 0.4 0.04375
0 0.7333333333333333 0.464375 0.4 0.04375
0 0.7333333333333333 0.56125 0.4 0.115
0 0.7333333333333333 0.681875 0.4 0.09125
0 0.7333333333333333 0.766875 0.4 0.04375
0 0.7333333333333333 0.828125 0.4 0.04375
0 0.7333333333333333 0.94875 0.4 0.1625
