0 0.26666666666666666 0.10875 0.4 0.0675
0 0.26666666666666666 0.2175 0.4 0.115
0 0.26666666666666666 0.35 0.4 0.115
0 0.26666666666666666 0.470625 0.4 0.09125
0 0.26666666666666666 0.579375 0.4 0.09125
0 0.26666666666666666 0.67625 0.4 0.0675
0 0.26666666666666666 0.749375 0.4 0.04375
0 0.26666666666666666 0.79875 0.4 0.02
0 0.26666666666666666 0.848125 0.4 0.04375
0 0.7333333333333333 0.10875 0.4 0.0675
0 0.7333333333333333 0.181875 0.4 0.04375
0 0.7333333333333333 0.27875 0.4 0.115
0 0.7333333333333333 0.375625 0.4 0.04375
0 0.7333333333333333 0.425 0.4 0.02
0 0.7333333333333333 0.4625 0.4 0.02
0 0.7333333333333333 0.5 0.4 0.02
0 0.7333333333333333 0.585 0.4 0.115
0 0.7333333333333333 0.681875 0.4 0.04375
0 0.7333333333333333 0.73125 0.4 0.02
0 0.7333333333333333 0.804375 0.4 0.09125
0 0.7333333333333333 0.889375 0.4 0.04375
