0 0.26666666666666666 0.120625 0.4 0.09125
0 0.26666666666666666 0.205625 0.4 0.04375
0 0.26666666666666666 0.266875 0.4 0.04375
0 0.26666666666666666 0.351875 0.4 0.09125
0 0.26666666666666666 0.436875 0.4 0.04375
0 0.26666666666666666 0.498125 0.4 0.04375
0 0.26666666666666666 0.559375 0.4 0.04375
0 0.26666666666666666 0.620625 0.4 0.04375
0 0.26666666666666666 0.69375 0.4 0.0675
0 0.26666666666666666 0.766875 0.4 0.04375
0 0.26666666666666666 0.81625 0.4 0.02
0 0.26666666666666666 0.889375 0.4 0.09125
0 0.7333333333333333 0.1325 0.4 0.115
0 0.7333333333333333 0.2175 0.4 0.02
0 0.7333333333333333 0.290625 0.4 0.09125
0 0.7333333333333333 0.375625 0.4 0.04375
0 0.7333333333333333 0.425 0.4 0.02
0 0.7333333333333333 0.474375 0.4 0.04375
0 0.7333333333333333 0.535625 0.4 0.04375
0 0.7333333333333333 0.596875 0.4 0.04375
0 0.7333333333333333 0.69375 0.4 0.115
0 0.7333333333333333 0.790625 0.4 0.04375
0 0.7333333333333333 0.8875 0.4 0.115
