0 0.26666666666666666 0.120625 0.4 0.09125
0 0.26666666666666666 0.205625 0.4 0.04375
0 0.26666666666666666 0.266875 0.4 0.04375
0 0.26666666666666666 0.328125 0.4 0.04375
0 0.26666666666666666 0.425 0.4 0.115
0 0.26666666666666666 0.521875 0.4 0.04375
0 0.26666666666666666 0.57125 0.4 0.02
0 0.26666666666666666 0.620625 0.4 0.04375
0 0.26666666666666666 0.753125 0.4 0.18625
0 0.26666666666666666 0.933125 0.4 0.13875
0 0.7333333333333333 0.120625 0.4 0.09125
0 0.7333333333333333 0.19375 0.4 0.02
0 0.7333333333333333 0.243125 0.4 0.04375
0 0.7333333333333333 0.304375 0.4 0.04375
0 0.7333333333333333 0.365625 0.4 0.04375
0 0.7333333333333333 0.426875 0.4 0.04375
0 0.7333333333333333 0.488125 0.4 0.04375
0 0.7333333333333333 0.585 0.4 0.115
0 0.7333333333333333 0.681875 0.4 0.04375
0 0.7333333333333333 0.743125 0.4 0.04375
0 0.7333333333333333 0.804375 0.4 0.04375
0 0.7333333333333333 0.889375 0.4 0.09125
