0 0.26666666666666666 0.096875 0.4 0.04375
0 0.26666666666666666 0.158125 0.4 0.04375
0 0.26666666666666666 0.243125 0.4 0.09125
0 0.26666666666666666 0.351875 0.4 0.09125
0 0.26666666666666666 0.436875 0.4 0.04375
0 0.26666666666666666 0.521875 0.4 0.09125
0 0.26666666666666666 0.606875 0.4 0.04375
0 0.26666666666666666 0.668125 0.4 0.04375
0 0.26666666666666666 0.729375 0.4 0.04375
0 0.26666666666666666 0.814375 0.4 0.09125
0 0.26666666666666666 0.899375 0.4 0.04375
0 0.7333333333333333 0.096875 0.4 0.04375
0 0.7333333333333333 0.158125 0.4 0.04375
0 0.7333333333333333 0.219375 0.4 0.04375
0 0.7333333333333333 0.26875 0.4 0.02
0 0.7333333333333333 0.318125 0.4 0.04375
0 0.7333333333333333 0.379375 0.4 0.04375
0 0.7333333333333333 0.464375 0.4 0.09125
0 0.7333333333333333 0.549375 0.4 0.04375
0 0.7333333333333333 0.610625 0.4 0.04375
0 0.7333333333333333 0.671875 0.4 0.04375
0 0.7333333333333333 0.733125 0.4 0.04375
0 0.7333333333333333 0.83 0.4 0.115
