0 0.26666666666666666 0.1325 0.4 0.115
0 0.26666666666666666 0.229375 0.4 0.04375
0 0.26666666666666666 0.314375 0.4 0.09125
0 0.26666666666666666 0.423125 0.4 0.09125
0 0.26666666666666666 0.508125 0.4 0.04375
0 0.26666666666666666 0.58125 0.4 0.0675
0 0.26666666666666666 0.6425 0.4 0.02
0 0.26666666666666666 0.691875 0.4 0.04375
0 0.26666666666666666 0.74125 0.4 0.02
0 0.26666666666666666 0.790625 0.4 0.04375
0 0.26666666666666666 0.8875 0.4 0.115
0 0.7333333333333333 0.096875 0.4 0.04375
0 0.7333333333333333 0.181875 0.4 0.09125
0 0.7333333333333333 0.266875 0.4 0.04375
0 0.7333333333333333 0.351875 0.4 0.09125
0 0.7333333333333333 0.484375 0.4 0.13875
0 0.7333333333333333 0.593125 0.4 0.04375
0 0.7333333333333333 0.69 0.4 0.115
0 0.7333333333333333 0.810625 0.4 0.09125
0 0.7333333333333333 0.895625 0.4 0.04375
