0 0.26666666666666666 0.120625 0.4 0.09125
0 0.26666666666666666 0.205625 0.4 0.04375
0 0.26666666666666666 0.266875 0.4 0.04375
0 0.26666666666666666 0.31625 0.4 0.02
0 0.26666666666666666 0.389375 0.4 0.09125
0 0.26666666666666666 0.474375 0.4 0.04375
0 0.26666666666666666 0.57125 0.4 0.115
0 0.26666666666666666 0.715625 0.4 0.13875
0 0.26666666666666666 0.824375 0.4 0.04375
0 0.26666666666666666 0.8975 0.4 0.0675
0 0.7333333333333333 0.15625 0.4 0.1625
0 0.7333333333333333 0.3125 0.4 0.115
0 0.7333333333333333 0.409375 0.4 0.04375
0 0.7333333333333333 0.494375 0.4 0.09125
0 0.7333333333333333 0.63875 0.4 0.1625
0 0.7333333333333333 0.759375 0.4 0.04375
0 0.7333333333333333 0.820625 0.4 0.04375
0 0.7333333333333333 0.87 0.4 0.02
