0 0.26666666666666666 0.10875 0.4 0.0675
0 0.26666666666666666 0.181875 0.4 0.04375
0 0.26666666666666666 0.27875 0.4 0.115
0 0.26666666666666666 0.399375 0.4 0.09125
0 0.26666666666666666 0.484375 0.4 0.04375
0 0.26666666666666666 0.545625 0.4 0.04375
0 0.26666666666666666 0.606875 0.4 0.04375
0 0.26666666666666666 0.668125 0.4 0.04375
0 0.26666666666666666 0.729375 0.4 0.04375
0 0.26666666666666666 0.814375 0.4 0.09125
0 0.26666666666666666 0.923125 0.4 0.09125
0 0.7333333333333333 0.096875 0.4 0.04375
0 0.7333333333333333 0.14625 0.4 0.02
0 0.7333333333333333 0.195625 0.4 0.04375
0 0.7333333333333333 0.256875 0.4 0.04375
0 0.7333333333333333 0.318125 0.4 0.04375
0 0.7333333333333333 0.415 0.4 0.115
0 0.7333333333333333 0.5475 0.4 0.115
0 0.7333333333333333 0.6325 0.4 0.02
0 0.7333333333333333 0.681875 0.4 0.04375
0 0.7333333333333333 0.73125 0.4 0.02
0 0.7333333333333333 0.828125 0.4 0.13875
