0 0.26666666666666666 0.144375 0.4 0.13875
0 0.26666666666666666 0.253125 0.4 0.04375
0 0.26666666666666666 0.314375 0.4 0.04375
0 0.26666666666666666 0.375625 0.4 0.04375
0 0.26666666666666666 0.436875 0.4 0.04375
0 0.26666666666666666 0.498125 0.4 0.04375
0 0.26666666666666666 0.595 0.4 0.115
0 0.26666666666666666 0.691875 0.4 0.04375
0 0.26666666666666666 0.753125 0.4 0.04375
0 0.26666666666666666 0.8025 0.4 0.02
0 0.26666666666666666 0.851875 0.4 0.04375
0 0.7333333333333333 0.120625 0.4 0.09125
0 0.7333333333333333 0.24125 0.4 0.115
0 0.7333333333333333 0.37375 0.4 0.115
0 0.7333333333333333 0.470625 0.4 0.04375
0 0.7333333333333333 0.555625 0.4 0.09125
0 0.7333333333333333 0.7 0.4 0.1625
0 0.7333333333333333 0.88 0.4 0.1625
