0 0.26666666666666666 0.096875 0.4 0.04375
0 0.26666666666666666 0.17 0.4 0.0675
0 0.26666666666666666 0.23125 0.4 0.02
0 0.26666666666666666 0.26875 0.4 0.02
0 0.26666666666666666 0.318125 0.4 0.04375
0 0.26666666666666666 0.379375 0.4 0.04375
0 0.26666666666666666 0.4525 0.4 0.0675
0 0.26666666666666666 0.525625 0.4 0.04375
0 0.26666666666666666 0.59875 0.4 0.0675
0 0.26666666666666666 0.66 0.4 0.02
0 0.26666666666666666 0.72125 0.4 0.0675
0 0.26666666666666666 0.80625 0.4 0.0675
0 0.26666666666666666 0.8675 0.4 0.02
0 0.7333333333333333 0.096875 0.4 0.04375
0 0.7333333333333333 0.19375 0.4 0.115
0 0.7333333333333333 0.290625 0.4 0.04375
0 0.7333333333333333 0.34 0.4 0.02
0 0.7333333333333333 0.40125 0.4 0.0675
0 0.7333333333333333 0.474375 0.4 0.04375
0 0.7333333333333333 0.535625 0.4 0.04375
0 0.7333333333333333 0.6325 0.4 0.115
0 0.7333333333333333 0.765 0.4 0.115
0 0.7333333333333333 0.861875 0.4 0.04375
