0 0.26666666666666666 0.096875 0.4 0.04375
0 0.26666666666666666 0.181875 0.4 0.09125
0 0.26666666666666666 0.255 0.4 0.02
0 0.26666666666666666 0.304375 0.4 0.04375
0 0.26666666666666666 0.3775 0.4 0.0675
0 0.26666666666666666 0.450625 0.4 0.04375
0 0.26666666666666666 0.535625 0.4 0.09125
0 0.26666666666666666 0.60875 0.4 0.02
0 0.26666666666666666 0.658125 0.4 0.04375
0 0.26666666666666666 0.719375 0.4 0.04375
0 0.26666666666666666 0.780625 0.4 0.04375
0 0.26666666666666666 0.865625 0.4 0.09125
0 0.7333333333333333 0.085 0.4 0.02
0 0.7333333333333333 0.134375 0.4 0.04375
0 0.7333333333333333 0.195625 0.4 0.04375
0 0.7333333333333333 0.245 0.4 0.02
0 0.7333333333333333 0.318125 0.4 0.09125
0 0.7333333333333333 0.403125 0.4 0.04375
0 0.7333333333333333 0.511875 0.4 0.13875
0 0.7333333333333333 0.60875 0.4 0.02
0 0.7333333333333333 0.67 0.4 0.0675
0 0.7333333333333333 0.743125 0.4 0.04375
0 0.7333333333333333 0.804375 0.4 0.04375
0 0.7333333333333333 0.8775 0.4 0.0675
