0 0.26666666666666666 0.085 0.4 0.02
0 0.26666666666666666 0.181875 0.4 0.13875
0 0.26666666666666666 0.290625 0.4 0.04375
0 0.26666666666666666 0.351875 0.4 0.04375
0 0.26666666666666666 0.413125 0.4 0.04375
0 0.26666666666666666 0.51 0.4 0.115
0 0.26666666666666666 0.606875 0.4 0.04375
0 0.26666666666666666 0.668125 0.4 0.04375
0 0.26666666666666666 0.74125 0.4 0.0675
0 0.26666666666666666 0.8025 0.4 0.02
0 0.26666666666666666 0.86375 0.4 0.0675
0 0.7333333333333333 0.096875 0.4 0.04375
0 0.7333333333333333 0.19375 0.4 0.115
0 0.7333333333333333 0.290625 0.4 0.04375
0 0.7333333333333333 0.351875 0.4 0.04375
0 0.7333333333333333 0.413125 0.4 0.04375
0 0.7333333333333333 0.474375 0.4 0.04375
0 0.7333333333333333 0.559375 0.4 0.09125
0 0.7333333333333333 0.70375 0.4 0.1625
0 0.7333333333333333 0.824375 0.4 0.04375
0 0.7333333333333333 0.885625 0.4 0.04375
