0 0.26666666666666666 0.096875 0.4 0.04375
0 0.26666666666666666 0.158125 0.4 0.04375
0 0.26666666666666666 0.219375 0.4 0.04375
0 0.26666666666666666 0.280625 0.4 0.04375
0 0.26666666666666666 0.33 0.4 0.02
0 0.26666666666666666 0.379375 0.4 0.04375
0 0.26666666666666666 0.47625 0.4 0.115
0 0.26666666666666666 0.573125 0.4 0.04375
0 0.26666666666666666 0.634375 0.4 0.04375
0 0.26666666666666666 0.68375 0.4 0.02
0 0.26666666666666666 0.72125 0.4 0.02
0 0.26666666666666666 0.7825 0.4 0.0675
0 0.26666666666666666 0.879375 0.4 0.09125
0 0.7333333333333333 0.10875 0.4 0.0675
0 0.7333333333333333 0.181875 0.4 0.04375
0 0.7333333333333333 0.27875 0.4 0.115
0 0.7333333333333333 0.375625 0.4 0.04375
0 0.7333333333333333 0.460625 0.4 0.09125
0 0.7333333333333333 0.545625 0.4 0.04375
0 0.7333333333333333 0.595 0.4 0.02
0 0.7333333333333333 0.68 0.4 0.115
0 0.7333333333333333 0.776875 0.4 0.04375
0 0.7333333333333333 0.838125 0.4 0.04375
0 0.7333333333333333 0.899375 0.4 0.04375
