0 0.26666666666666666 0.096875 0.4 0.04375
0 0.26666666666666666 0.158125 0.4 0.04375
0 0.26666666666666666 0.23125 0.4 0.0675
0 0.26666666666666666 0.304375 0.4 0.04375
0 0.26666666666666666 0.365625 0.4 0.04375
0 0.26666666666666666 0.48625 0.4 0.1625
0 0.26666666666666666 0.6425 0.4 0.115
0 0.26666666666666666 0.775 0.4 0.115
0 0.26666666666666666 0.86 0.4 0.02
0 0.7333333333333333 0.096875 0.4 0.04375
0 0.7333333333333333 0.158125 0.4 0.04375
0 0.7333333333333333 0.219375 0.4 0.04375
0 0.7333333333333333 0.328125 0.4 0.13875
0 0.7333333333333333 0.4725 0.4 0.115
0 0.7333333333333333 0.5575 0.4 0.02
0 0.7333333333333333 0.6425 0.4 0.115
0 0.7333333333333333 0.739375 0.4 0.04375
0 0.7333333333333333 0.800625 0.4 0.04375
0 0.7333333333333333 0.861875 0.4 0.04375
