0 0.26666666666666666 0.096875 0.4 0.04375
0 0.26666666666666666 0.181875 0.4 0.09125
0 0.26666666666666666 0.266875 0.4 0.04375
0 0.26666666666666666 0.375625 0.4 0.13875
0 0.26666666666666666 0.49625 0.4 0.0675
0 0.26666666666666666 0.569375 0.4 0.04375
0 0.26666666666666666 0.66625 0.4 0.115
0 0.26666666666666666 0.786875 0.4 0.09125
0 0.26666666666666666 0.88375 0.4 0.0675
0 0.7333333333333333 0.096875 0.4 0.04375
0 0.7333333333333333 0.19375 0.4 0.115
0 0.7333333333333333 0.290625 0.4 0.04375
0 0.7333333333333333 0.351875 0.4 0.04375
0 0.7333333333333333 0.413125 0.4 0.04375
0 0.7333333333333333 0.4625 0.4 0.02
0 0.7333333333333333 0.511875 0.4 0.04375
0 0.7333333333333333 0.620625 0.4 0.13875
0 0.7333333333333333 0.729375 0.4 0.04375
0 0.7333333333333333 0.790625 0.4 0.04375
0 0.7333333333333333 0.86375 0.4 0.0675
