0 0.26666666666666666 0.096875 0.4 0.04375
0 0.26666666666666666 0.158125 0.4 0.04375
0 0.26666666666666666 0.219375 0.4 0.04375
0 0.26666666666666666 0.280625 0.4 0.04375
0 0.26666666666666666 0.365625 0.4 0.09125
0 0.26666666666666666 0.450625 0.4 0.04375
0 0.26666666666666666 0.511875 0.4 0.04375
0 0.26666666666666666 0.573125 0.4 0.04375
0 0.26666666666666666 0.6225 0.4 0.02
0 0.26666666666666666 0.68375 0.4 0.0675
0 0.26666666666666666 0.756875 0.4 0.04375
0 0.26666666666666666 0.818125 0.4 0.04375
0 0.26666666666666666 0.89125 0.4 0.0675
0 0.7333333333333333 0.10875 0.4 0.0675
0 0.7333333333333333 0.17 0.4 0.02
0 0.7333333333333333 0.266875 0.4 0.13875
0 0.7333333333333333 0.3875 0.4 0.0675
0 0.7333333333333333 0.49625 0.4 0.115
0 0.7333333333333333 0.616875 0.4 0.09125
0 0.7333333333333333 0.749375 0.4 0.13875
0 0.7333333333333333 0.858125 0.4 0.04375
