0 0.26666666666666666 0.10875 0.4 0.0675
0 0.26666666666666666 0.19375 0.4 0.0675
0 0.26666666666666666 0.266875 0.4 0.04375
0 0.26666666666666666 0.34 0.4 0.0675
0 0.26666666666666666 0.413125 0.4 0.04375
0 0.26666666666666666 0.498125 0.4 0.09125
0 0.26666666666666666 0.583125 0.4 0.04375
0 0.26666666666666666 0.644375 0.4 0.04375
0 0.26666666666666666 0.753125 0.4 0.13875
0 0.26666666666666666 0.909375 0.4 0.13875
0 0.7333333333333333 0.120625 0.4 0.09125
0 0.7333333333333333 0.229375 0.4 0.09125
0 0.7333333333333333 0.314375 0.4 0.04375
0 0.7333333333333333 0.375625 0.4 0.04375
0 0.7333333333333333 0.49625 0.4 0.1625
0 0.7333333333333333 0.616875 0.4 0.04375
0 0.7333333333333333 0.69 0.4 0.0675
0 0.7333333333333333 0.786875 0.4 0.09125
0 0.7333333333333333 0.9075 0.4 0.115
