0 0.26666666666666666 0.120625 0.4 0.09125
0 0.26666666666666666 0.205625 0.4 0.04375
0 0.26666666666666666 0.266875 0.4 0.04375
0 0.26666666666666666 0.375625 0.4 0.13875
0 0.26666666666666666 0.484375 0.4 0.04375
0 0.26666666666666666 0.53375 0.4 0.02
0 0.26666666666666666 0.583125 0.4 0.04375
0 0.26666666666666666 0.644375 0.4 0.04375
0 0.26666666666666666 0.705625 0.4 0.04375
0 0.26666666666666666 0.766875 0.4 0.04375
0 0.26666666666666666 0.828125 0.4 0.04375
0 0.26666666666666666 0.90125 0.4 0.0675
0 0.7333333333333333 0.085 0.4 0.02
0 0.7333333333333333 0.134375 0.4 0.04375
0 0.7333333333333333 0.195625 0.4 0.04375
0 0.7333333333333333 0.256875 0.4 0.04375
0 0.7333333333333333 0.318125 0.4 0.04375
0 0.7333333333333333 0.379375 0.4 0.04375
0 0.7333333333333333 0.42875 0.4 0.02
0 0.7333333333333333 0.46625 0.4 0.02
0 0.7333333333333333 0.515625 0.4 0.04375
0 0.7333333333333333 0.600625 0.4 0.09125
0 0.7333333333333333 0.67375 0.4 0.02
0 0.7333333333333333 0.71125 0.4 0.02
0 0.7333333333333333 0.74875 0.4 0.02
0 0.7333333333333333 0.78625 0.4 0.02
0 0.7333333333333333 0.859375 0.4 0.09125
