0 0.26666666666666666 0.120625 0.4 0.09125
0 0.26666666666666666 0.205625 0.4 0.04375
0 0.26666666666666666 0.266875 0.4 0.04375
0 0.26666666666666666 0.328125 0.4 0.04375
0 0.26666666666666666 0.389375 0.4 0.04375
0 0.26666666666666666 0.474375 0.4 0.09125
0 0.26666666666666666 0.57125 0.4 0.0675
0 0.26666666666666666 0.691875 0.4 0.13875
0 0.26666666666666666 0.824375 0.4 0.09125
0 0.7333333333333333 0.085 0.4 0.02
0 0.7333333333333333 0.158125 0.4 0.09125
0 0.7333333333333333 0.243125 0.4 0.04375
0 0.7333333333333333 0.31625 0.4 0.0675
0 0.7333333333333333 0.389375 0.4 0.04375
0 0.7333333333333333 0.498125 0.4 0.13875
0 0.7333333333333333 0.595 0.4 0.02
0 0.7333333333333333 0.6325 0.4 0.02
0 0.7333333333333333 0.74125 0.4 0.1625
0 0.7333333333333333 0.87375 0.4 0.0675
