0 0.26666666666666666 0.120625 0.4 0.09125
0 0.26666666666666666 0.205625 0.4 0.04375
0 0.26666666666666666 0.3025 0.4 0.115
0 0.26666666666666666 0.446875 0.4 0.13875
0 0.26666666666666666 0.555625 0.4 0.04375
0 0.26666666666666666 0.616875 0.4 0.04375
0 0.26666666666666666 0.71375 0.4 0.115
0 0.26666666666666666 0.834375 0.4 0.09125
0 0.7333333333333333 0.085 0.4 0.02
0 0.7333333333333333 0.17 0.4 0.115
0 0.7333333333333333 0.290625 0.4 0.09125
0 0.7333333333333333 0.3875 0.4 0.0675
0 0.7333333333333333 0.460625 0.4 0.04375
0 0.7333333333333333 0.545625 0.4 0.09125
0 0.7333333333333333 0.630625 0.4 0.04375
0 0.7333333333333333 0.691875 0.4 0.04375
0 0.7333333333333333 0.78875 0.4 0.115
0 0.7333333333333333 0.909375 0.4 0.09125
