0 0.26666666666666666 0.096875 0.4 0.04375
0 0.26666666666666666 0.19375 0.4 0.115
0 0.26666666666666666 0.27875 0.4 0.02
0 0.26666666666666666 0.351875 0.4 0.09125
0 0.26666666666666666 0.49625 0.4 0.1625
0 0.26666666666666666 0.616875 0.4 0.04375
0 0.26666666666666666 0.66625 0.4 0.02
0 0.26666666666666666 0.715625 0.4 0.04375
0 0.26666666666666666 0.776875 0.4 0.04375
0 0.26666666666666666 0.85 0.4 0.0675
0 0.7333333333333333 0.085 0.4 0.02
0 0.7333333333333333 0.1225 0.4 0.02
0 0.7333333333333333 0.171875 0.4 0.04375
0 0.7333333333333333 0.233125 0.4 0.04375
0 0.7333333333333333 0.294375 0.4 0.04375
0 0.7333333333333333 0.355625 0.4 0.04375
0 0.7333333333333333 0.416875 0.4 0.04375
0 0.7333333333333333 0.478125 0.4 0.04375
0 0.7333333333333333 0.539375 0.4 0.04375
0 0.7333333333333333 0.58875 0.4 0.02
0 0.7333333333333333 0.638125 0.4 0.04375
0 0.7333333333333333 0.723125 0.4 0.09125
0 0.7333333333333333 0.79625 0.4 0.02
0 0.7333333333333333 0.88125 0.4 0.115
