0 0.26666666666666666 0.096875 0.4 0.04375
0 0.26666666666666666 0.14625 0.4 0.02
0 0.26666666666666666 0.243125 0.4 0.13875
0 0.26666666666666666 0.351875 0.4 0.04375
0 0.26666666666666666 0.40125 0.4 0.02
0 0.26666666666666666 0.474375 0.4 0.09125
0 0.26666666666666666 0.57125 0.4 0.0675
0 0.26666666666666666 0.691875 0.4 0.13875
0 0.26666666666666666 0.78875 0.4 0.02
0 0.26666666666666666 0.838125 0.4 0.04375
0 0.26666666666666666 0.946875 0.4 0.13875
0 0.7333333333333333 0.120625 0.4 0.09125
0 0.7333333333333333 0.205625 0.4 0.04375
0 0.7333333333333333 0.255 0.4 0.02
0 0.7333333333333333 0.2925 0.4 0.02
0 0.7333333333333333 0.3775 0.4 0.115
0 0.7333333333333333 0.53375 0.4 0.1625
0 0.7333333333333333 0.654375 0.4 0.04375
0 0.7333333333333333 0.715625 0.4 0.04375
0 0.7333333333333333 0.776875 0.4 0.04375
0 0.7333333333333333 0.861875 0.4 0.09125
