0 0.26666666666666666 0.10875 0.4 0.0675
0 0.26666666666666666 0.181875 0.4 0.04375
0 0.26666666666666666 0.243125 0.4 0.04375
0 0.26666666666666666 0.304375 0.4 0.04375
0 0.26666666666666666 0.365625 0.4 0.04375
0 0.26666666666666666 0.415 0.4 0.02
0 0.26666666666666666 0.464375 0.4 0.04375
0 0.26666666666666666 0.525625 0.4 0.04375
0 0.26666666666666666 0.59875 0.4 0.0675
0 0.26666666666666666 0.719375 0.4 0.13875
0 0.26666666666666666 0.81625 0.4 0.02
0 0.26666666666666666 0.85375 0.4 0.02
0 0.26666666666666666 0.903125 0.4 0.04375
0 0.7333333333333333 0.096875 0.4 0.04375
0 0.7333333333333333 0.19375 0.4 0.115
0 0.7333333333333333 0.290625 0.4 0.04375
0 0.7333333333333333 0.351875 0.4 0.04375
0 0.7333333333333333 0.413125 0.4 0.04375
0 0.7333333333333333 0.474375 0.4 0.04375
0 0.7333333333333333 0.535625 0.4 0.04375
0 0.7333333333333333 0.596875 0.4 0.04375
0 0.7333333333333333 0.658125 0.4 0.04375
0 0.7333333333333333 0.719375 0.4 0.04375
0 0.7333333333333333 0.76875 0.4 0.02
0 0.7333333333333333 0.80625 0.4 0.02
0 0.7333333333333333 0.84375 0.4 0.02
0 0.7333333333333333 0.893125 0.4 0.04375
