0 0.26666666666666666 0.144375 0.4 0.13875
0 0.26666666666666666 0.253125 0.4 0.04375
0 0.26666666666666666 0.338125 0.4 0.09125
0 0.26666666666666666 0.423125 0.4 0.04375
0 0.26666666666666666 0.484375 0.4 0.04375
0 0.26666666666666666 0.593125 0.4 0.13875
0 0.26666666666666666 0.701875 0.4 0.04375
0 0.26666666666666666 0.763125 0.4 0.04375
0 0.26666666666666666 0.824375 0.4 0.04375
0 0.26666666666666666 0.885625 0.4 0.04375
0 0.7333333333333333 0.096875 0.4 0.04375
0 0.7333333333333333 0.19375 0.4 0.115
0 0.7333333333333333 0.27875 0.4 0.02
0 0.7333333333333333 0.31625 0.4 0.02
0 0.7333333333333333 0.35375 0.4 0.02
0 0.7333333333333333 0.39125 0.4 0.02
0 0.7333333333333333 0.440625 0.4 0.04375
0 0.7333333333333333 0.51375 0.4 0.0675
0 0.7333333333333333 0.610625 0.4 0.09125
0 0.7333333333333333 0.7075 0.4 0.0675
0 0.7333333333333333 0.804375 0.4 0.09125
0 0.7333333333333333 0.925 0.4 0.115
