0 0.26666666666666666 0.085 0.4 0.02
0 0.26666666666666666 0.1225 0.4 0.02
0 0.26666666666666666 0.195625 0.4 0.09125
0 0.26666666666666666 0.304375 0.4 0.09125
0 0.26666666666666666 0.3775 0.4 0.02
0 0.26666666666666666 0.450625 0.4 0.09125
0 0.26666666666666666 0.52375 0.4 0.02
0 0.26666666666666666 0.596875 0.4 0.09125
0 0.26666666666666666 0.705625 0.4 0.09125
0 0.26666666666666666 0.82625 0.4 0.115
0 0.7333333333333333 0.1325 0.4 0.115
0 0.7333333333333333 0.253125 0.4 0.09125
0 0.7333333333333333 0.37375 0.4 0.115
0 0.7333333333333333 0.470625 0.4 0.04375
0 0.7333333333333333 0.531875 0.4 0.04375
0 0.7333333333333333 0.616875 0.4 0.09125
0 0.7333333333333333 0.76125 0.4 0.1625
0 0.7333333333333333 0.881875 0.4 0.04375
