0 0.26666666666666666 0.120625 0.4 0.09125
0 0.26666666666666666 0.205625 0.4 0.04375
0 0.26666666666666666 0.266875 0.4 0.04375
0 0.26666666666666666 0.36375 0.4 0.115
0 0.26666666666666666 0.484375 0.4 0.09125
0 0.26666666666666666 0.5575 0.4 0.02
0 0.26666666666666666 0.595 0.4 0.02
0 0.26666666666666666 0.6325 0.4 0.02
0 0.26666666666666666 0.67 0.4 0.02
0 0.26666666666666666 0.719375 0.4 0.04375
0 0.26666666666666666 0.81625 0.4 0.115
0 0.7333333333333333 0.1325 0.4 0.115
0 0.7333333333333333 0.276875 0.4 0.13875
0 0.7333333333333333 0.409375 0.4 0.09125
0 0.7333333333333333 0.494375 0.4 0.04375
0 0.7333333333333333 0.54375 0.4 0.02
0 0.7333333333333333 0.593125 0.4 0.04375
0 0.7333333333333333 0.654375 0.4 0.04375
0 0.7333333333333333 0.763125 0.4 0.13875
0 0.7333333333333333 0.895625 0.4 0.09125
