0 0.26666666666666666 0.1325 0.4 0.115
0 0.26666666666666666 0.229375 0.4 0.04375
0 0.26666666666666666 0.338125 0.4 0.13875
0 0.26666666666666666 0.45875 0.4 0.0675
0 0.26666666666666666 0.54375 0.4 0.0675
0 0.26666666666666666 0.616875 0.4 0.04375
0 0.26666666666666666 0.725625 0.4 0.13875
0 0.26666666666666666 0.834375 0.4 0.04375
0 0.26666666666666666 0.88375 0.4 0.02
0 0.7333333333333333 0.096875 0.4 0.04375
0 0.7333333333333333 0.19375 0.4 0.115
0 0.7333333333333333 0.290625 0.4 0.04375
0 0.7333333333333333 0.351875 0.4 0.04375
0 0.7333333333333333 0.413125 0.4 0.04375
0 0.7333333333333333 0.4625 0.4 0.02
0 0.7333333333333333 0.511875 0.4 0.04375
0 0.7333333333333333 0.573125 0.4 0.04375
0 0.7333333333333333 0.64625 0.4 0.0675
0 0.7333333333333333 0.719375 0.4 0.04375
0 0.7333333333333333 0.828125 0.4 0.13875
