0 0.26666666666666666 0.1325 0.4 0.115
0 0.26666666666666666 0.24125 0.4 0.0675
0 0.26666666666666666 0.314375 0.4 0.04375
0 0.26666666666666666 0.41125 0.4 0.115
0 0.26666666666666666 0.52 0.4 0.0675
0 0.26666666666666666 0.593125 0.4 0.04375
0 0.26666666666666666 0.678125 0.4 0.09125
0 0.26666666666666666 0.763125 0.4 0.04375
0 0.26666666666666666 0.86 0.4 0.115
0 0.7333333333333333 0.096875 0.4 0.04375
0 0.7333333333333333 0.181875 0.4 0.09125
0 0.7333333333333333 0.255 0.4 0.02
0 0.7333333333333333 0.304375 0.4 0.04375
0 0.7333333333333333 0.389375 0.4 0.09125
0 0.7333333333333333 0.474375 0.4 0.04375
0 0.7333333333333333 0.535625 0.4 0.04375
0 0.7333333333333333 0.6325 0.4 0.115
0 0.7333333333333333 0.74125 0.4 0.0675
0 0.7333333333333333 0.814375 0.4 0.04375
0 0.7333333333333333 0.899375 0.4 0.09125
