0 0.26666666666666666 0.096875 0.4 0.04375
0 0.26666666666666666 0.158125 0.4 0.04375
0 0.26666666666666666 0.219375 0.4 0.04375
0 0.26666666666666666 0.26875 0.4 0.02
0 0.26666666666666666 0.30625 0.4 0.02
0 0.26666666666666666 0.355625 0.4 0.04375
0 0.26666666666666666 0.405 0.4 0.02
0 0.26666666666666666 0.454375 0.4 0.04375
0 0.26666666666666666 0.539375 0.4 0.09125
0 0.26666666666666666 0.68375 0.4 0.1625
0 0.26666666666666666 0.804375 0.4 0.04375
0 0.26666666666666666 0.889375 0.4 0.09125
0 0.7333333333333333 0.120625 0.4 0.09125
0 0.7333333333333333 0.205625 0.4 0.04375
0 0.7333333333333333 0.266875 0.4 0.04375
0 0.7333333333333333 0.328125 0.4 0.04375
0 0.7333333333333333 0.425 0.4 0.115
0 0.7333333333333333 0.545625 0.4 0.09125
0 0.7333333333333333 0.61875 0.4 0.02
0 0.7333333333333333 0.68 0.4 0.0675
0 0.7333333333333333 0.765 0.4 0.0675
0 0.7333333333333333 0.861875 0.4 0.09125
