0 0.26666666666666666 0.085 0.4 0.02
0 0.26666666666666666 0.158125 0.4 0.09125
0 0.26666666666666666 0.27875 0.4 0.115
0 0.26666666666666666 0.36375 0.4 0.02
0 0.26666666666666666 0.413125 0.4 0.04375
0 0.26666666666666666 0.498125 0.4 0.09125
0 0.26666666666666666 0.57125 0.4 0.02
0 0.26666666666666666 0.620625 0.4 0.04375
0 0.26666666666666666 0.681875 0.4 0.04375
0 0.26666666666666666 0.766875 0.4 0.09125
0 0.26666666666666666 0.899375 0.4 0.13875
0 0.7333333333333333 0.1325 0.4 0.115
0 0.7333333333333333 0.253125 0.4 0.09125
0 0.7333333333333333 0.32625 0.4 0.02
0 0.7333333333333333 0.36375 0.4 0.02
0 0.7333333333333333 0.44875 0.4 0.115
0 0.7333333333333333 0.53375 0.4 0.02
0 0.7333333333333333 0.57125 0.4 0.02
0 0.7333333333333333 0.620625 0.4 0.04375
0 0.7333333333333333 0.681875 0.4 0.04375
0 0.7333333333333333 0.755 0.4 0.0675
0 0.7333333333333333 0.828125 0.4 0.04375
0 0.7333333333333333 0.913125 0.4 0.09125
