0 0.26666666666666666 0.096875 0.4 0.04375
0 0.26666666666666666 0.158125 0.4 0.04375
0 0.26666666666666666 0.219375 0.4 0.04375
0 0.26666666666666666 0.26875 0.4 0.02
0 0.26666666666666666 0.365625 0.4 0.13875
0 0.26666666666666666 0.51 0.4 0.115
0 0.26666666666666666 0.595 0.4 0.02
0 0.26666666666666666 0.691875 0.4 0.13875
0 0.26666666666666666 0.800625 0.4 0.04375
0 0.26666666666666666 0.87375 0.4 0.0675
0 0.7333333333333333 0.120625 0.4 0.09125
0 0.7333333333333333 0.205625 0.4 0.04375
0 0.7333333333333333 0.314375 0.4 0.13875
0 0.7333333333333333 0.435 0.4 0.0675
0 0.7333333333333333 0.531875 0.4 0.09125
0 0.7333333333333333 0.616875 0.4 0.04375
0 0.7333333333333333 0.7375 0.4 0.1625
0 0.7333333333333333 0.881875 0.4 0.09125
