0 0.26666666666666666 0.085 0.4 0.02
0 0.26666666666666666 0.134375 0.4 0.04375
0 0.26666666666666666 0.195625 0.4 0.04375
0 0.26666666666666666 0.256875 0.4 0.04375
0 0.26666666666666666 0.30625 0.4 0.02
0 0.26666666666666666 0.355625 0.4 0.04375
0 0.26666666666666666 0.464375 0.4 0.13875
0 0.26666666666666666 0.56125 0.4 0.02
0 0.26666666666666666 0.610625 0.4 0.04375
0 0.26666666666666666 0.66 0.4 0.02
0 0.26666666666666666 0.72125 0.4 0.0675
0 0.26666666666666666 0.7825 0.4 0.02
0 0.26666666666666666 0.831875 0.4 0.04375
0 0.26666666666666666 0.905 0.4 0.0675
0 0.7333333333333333 0.085 0.4 0.02
0 0.7333333333333333 0.134375 0.4 0.04375
0 0.7333333333333333 0.195625 0.4 0.04375
0 0.7333333333333333 0.280625 0.4 0.09125
0 0.7333333333333333 0.35375 0.4 0.02
0 0.7333333333333333 0.450625 0.4 0.13875
0 0.7333333333333333 0.57125 0.4 0.0675
0 0.7333333333333333 0.644375 0.4 0.04375
0 0.7333333333333333 0.705625 0.4 0.04375
0 0.7333333333333333 0.77875 0.4 0.0675
0 0.7333333333333333 0.8875 0.4 0.115
