0 0.26666666666666666 0.096875 0.4 0.04375
0 0.26666666666666666 0.158125 0.4 0.04375
0 0.26666666666666666 0.255 0.4 0.115
0 0.26666666666666666 0.375625 0.4 0.09125
0 0.26666666666666666 0.44875 0.4 0.02
0 0.26666666666666666 0.498125 0.4 0.04375
0 0.26666666666666666 0.559375 0.4 0.04375
0 0.26666666666666666 0.620625 0.4 0.04375
0 0.26666666666666666 0.69375 0.4 0.0675
0 0.26666666666666666 0.790625 0.4 0.09125
0 0.26666666666666666 0.875625 0.4 0.04375
0 0.7333333333333333 0.144375 0.4 0.13875
0 0.7333333333333333 0.253125 0.4 0.04375
0 0.7333333333333333 0.314375 0.4 0.04375
0 0.7333333333333333 0.399375 0.4 0.09125
0 0.7333333333333333 0.52 0.4 0.115
0 0.7333333333333333 0.6525 0.4 0.115
0 0.7333333333333333 0.749375 0.4 0.04375
0 0.7333333333333333 0.810625 0.4 0.04375
0 0.7333333333333333 0.871875 0.4 0.04375
