0 0.26666666666666666 0.144375 0.4 0.13875
0 0.26666666666666666 0.276875 0.4 0.09125
0 0.26666666666666666 0.361875 0.4 0.04375
0 0.26666666666666666 0.423125 0.4 0.04375
0 0.26666666666666666 0.52 0.4 0.115
0 0.26666666666666666 0.640625 0.4 0.09125
0 0.26666666666666666 0.725625 0.4 0.04375
0 0.26666666666666666 0.775 0.4 0.02
0 0.26666666666666666 0.824375 0.4 0.04375
0 0.26666666666666666 0.8975 0.4 0.0675
0 0.7333333333333333 0.096875 0.4 0.04375
0 0.7333333333333333 0.158125 0.4 0.04375
0 0.7333333333333333 0.219375 0.4 0.04375
0 0.7333333333333333 0.304375 0.4 0.09125
0 0.7333333333333333 0.3775 0.4 0.02
0 0.7333333333333333 0.415 0.4 0.02
0 0.7333333333333333 0.464375 0.4 0.04375
0 0.7333333333333333 0.525625 0.4 0.04375
0 0.7333333333333333 0.575 0.4 0.02
0 0.7333333333333333 0.624375 0.4 0.04375
0 0.7333333333333333 0.685625 0.4 0.04375
0 0.7333333333333333 0.746875 0.4 0.04375
0 0.7333333333333333 0.808125 0.4 0.04375
0 0.7333333333333333 0.8575 0.4 0.02
0 0.7333333333333333 0.91875 0.4 0.0675
