0 0.26666666666666666 0.085 0.4 0.02
0 0.26666666666666666 0.134375 0.4 0.04375
0 0.26666666666666666 0.195625 0.4 0.04375
0 0.26666666666666666 0.256875 0.4 0.04375
0 0.26666666666666666 0.30625 0.4 0.02
0 0.26666666666666666 0.39125 0.4 0.115
0 0.26666666666666666 0.488125 0.4 0.04375
0 0.26666666666666666 0.5375 0.4 0.02
0 0.26666666666666666 0.586875 0.4 0.04375
0 0.26666666666666666 0.671875 0.4 0.09125
0 0.26666666666666666 0.756875 0.4 0.04375
0 0.26666666666666666 0.865625 0.4 0.13875
0 0.7333333333333333 0.1325 0.4 0.115
0 0.7333333333333333 0.253125 0.4 0.09125
0 0.7333333333333333 0.338125 0.4 0.04375
0 0.7333333333333333 0.435 0.4 0.115
0 0.7333333333333333 0.52 0.4 0.02
0 0.7333333333333333 0.569375 0.4 0.04375
0 0.7333333333333333 0.66625 0.4 0.115
0 0.7333333333333333 0.763125 0.4 0.04375
0 0.7333333333333333 0.8125 0.4 0.02
0 0.7333333333333333 0.861875 0.4 0.04375
