0 0.26666666666666666 0.096875 0.4 0.04375
0 0.26666666666666666 0.17 0.4 0.0675
0 0.26666666666666666 0.3025 0.4 0.1625
0 0.26666666666666666 0.470625 0.4 0.13875
0 0.26666666666666666 0.59125 0.4 0.0675
0 0.26666666666666666 0.664375 0.4 0.04375
0 0.26666666666666666 0.725625 0.4 0.04375
0 0.26666666666666666 0.786875 0.4 0.04375
0 0.26666666666666666 0.848125 0.4 0.04375
0 0.7333333333333333 0.120625 0.4 0.09125
0 0.7333333333333333 0.2175 0.4 0.0675
0 0.7333333333333333 0.290625 0.4 0.04375
0 0.7333333333333333 0.34 0.4 0.02
0 0.7333333333333333 0.425 0.4 0.115
0 0.7333333333333333 0.545625 0.4 0.09125
0 0.7333333333333333 0.6425 0.4 0.0675
0 0.7333333333333333 0.715625 0.4 0.04375
0 0.7333333333333333 0.776875 0.4 0.04375
0 0.7333333333333333 0.82625 0.4 0.02
0 0.7333333333333333 0.875625 0.4 0.04375
