0 0.26666666666666666 0.096875 0.4 0.04375
0 0.26666666666666666 0.2175 0.4 0.1625
0 0.26666666666666666 0.37375 0.4 0.115
0 0.26666666666666666 0.470625 0.4 0.04375
0 0.26666666666666666 0.579375 0.4 0.13875
0 0.26666666666666666 0.67625 0.4 0.02
0 0.26666666666666666 0.725625 0.4 0.04375
0 0.26666666666666666 0.810625 0.4 0.09125
0 0.26666666666666666 0.9075 0.4 0.0675
0 0.7333333333333333 0.085 0.4 0.02
0 0.7333333333333333 0.1225 0.4 0.02
0 0.7333333333333333 0.195625 0.4 0.09125
0 0.7333333333333333 0.34 0.4 0.1625
0 0.7333333333333333 0.49625 0.4 0.115
0 0.7333333333333333 0.593125 0.4 0.04375
0 0.7333333333333333 0.654375 0.4 0.04375
0 0.7333333333333333 0.7275 0.4 0.0675
0 0.7333333333333333 0.824375 0.4 0.09125
