0 0.26666666666666666 0.120625 0.4 0.09125
0 0.26666666666666666 0.229375 0.4 0.09125
0 0.26666666666666666 0.35 0.4 0.115
0 0.26666666666666666 0.435 0.4 0.02
0 0.26666666666666666 0.484375 0.4 0.04375
0 0.26666666666666666 0.545625 0.4 0.04375
0 0.26666666666666666 0.606875 0.4 0.04375
0 0.26666666666666666 0.68 0.4 0.0675
0 0.26666666666666666 0.74125 0.4 0.02
0 0.26666666666666666 0.8025 0.4 0.0675
0 0.26666666666666666 0.899375 0.4 0.09125
0 0.7333333333333333 0.096875 0.4 0.04375
0 0.7333333333333333 0.17 0.4 0.0675
0 0.7333333333333333 0.23125 0.4 0.02
0 0.7333333333333333 0.26875 0.4 0.02
0 0.7333333333333333 0.3775 0.4 0.1625
0 0.7333333333333333 0.521875 0.4 0.09125
0 0.7333333333333333 0.6425 0.4 0.115
0 0.7333333333333333 0.763125 0.4 0.09125
0 0.7333333333333333 0.871875 0.4 0.09125
