0 0.26666666666666666 0.096875 0.4 0.04375
0 0.26666666666666666 0.158125 0.4 0.04375
0 0.26666666666666666 0.255 0.4 0.115
0 0.26666666666666666 0.351875 0.4 0.04375
0 0.26666666666666666 0.436875 0.4 0.09125
0 0.26666666666666666 0.569375 0.4 0.13875
0 0.26666666666666666 0.678125 0.4 0.04375
0 0.26666666666666666 0.739375 0.4 0.04375
0 0.26666666666666666 0.824375 0.4 0.09125
0 0.7333333333333333 0.096875 0.4 0.04375
0 0.7333333333333333 0.181875 0.4 0.09125
0 0.7333333333333333 0.266875 0.4 0.04375
0 0.7333333333333333 0.328125 0.4 0.04375
0 0.7333333333333333 0.3775 0.4 0.02
0 0.7333333333333333 0.450625 0.4 0.09125
0 0.7333333333333333 0.535625 0.4 0.04375
0 0.7333333333333333 0.596875 0.4 0.04375
0 0.7333333333333333 0.658125 0.4 0.04375
0 0.7333333333333333 0.719375 0.4 0.04375
0 0.7333333333333333 0.81625 0.4 0.115
