0 0.26666666666666666 0.096875 0.4 0.04375
0 0.26666666666666666 0.17 0.4 0.0675
0 0.26666666666666666 0.243125 0.4 0.04375
0 0.26666666666666666 0.304375 0.4 0.04375
0 0.26666666666666666 0.40125 0.4 0.115
0 0.26666666666666666 0.498125 0.4 0.04375
0 0.26666666666666666 0.559375 0.4 0.04375
0 0.26666666666666666 0.6325 0.4 0.0675
0 0.26666666666666666 0.69375 0.4 0.02
0 0.26666666666666666 0.743125 0.4 0.04375
0 0.26666666666666666 0.804375 0.4 0.04375
0 0.26666666666666666 0.865625 0.4 0.04375
0 0.7333333333333333 0.15625 0.4 0.1625
0 0.7333333333333333 0.324375 0.4 0.13875
0 0.7333333333333333 0.433125 0.4 0.04375
0 0.7333333333333333 0.494375 0.4 0.04375
0 0.7333333333333333 0.555625 0.4 0.04375
0 0.7333333333333333 0.640625 0.4 0.09125
0 0.7333333333333333 0.725625 0.4 0.04375
0 0.7333333333333333 0.810625 0.4 0.09125
0 0.7333333333333333 0.895625 0.4 0.04375
