0 0.26666666666666666 0.085 0.4 0.02
0 0.26666666666666666 0.158125 0.4 0.09125
0 0.26666666666666666 0.243125 0.4 0.04375
0 0.26666666666666666 0.304375 0.4 0.04375
0 0.26666666666666666 0.35375 0.4 0.02
0 0.26666666666666666 0.39125 0.4 0.02
0 0.26666666666666666 0.440625 0.4 0.04375
0 0.26666666666666666 0.5375 0.4 0.115
0 0.26666666666666666 0.634375 0.4 0.04375
0 0.26666666666666666 0.695625 0.4 0.04375
0 0.26666666666666666 0.756875 0.4 0.04375
0 0.26666666666666666 0.818125 0.4 0.04375
0 0.26666666666666666 0.926875 0.4 0.13875
0 0.7333333333333333 0.085 0.4 0.02
0 0.7333333333333333 0.17 0.4 0.115
0 0.7333333333333333 0.255 0.4 0.02
0 0.7333333333333333 0.34 0.4 0.115
0 0.7333333333333333 0.425 0.4 0.02
0 0.7333333333333333 0.474375 0.4 0.04375
0 0.7333333333333333 0.583125 0.4 0.13875
0 0.7333333333333333 0.691875 0.4 0.04375
0 0.7333333333333333 0.74125 0.4 0.02
0 0.7333333333333333 0.790625 0.4 0.04375
0 0.7333333333333333 0.851875 0.4 0.04375
