0 0.26666666666666666 0.120625 0.4 0.09125
0 0.26666666666666666 0.205625 0.4 0.04375
0 0.26666666666666666 0.27875 0.4 0.0675
0 0.26666666666666666 0.36375 0.4 0.0675
0 0.26666666666666666 0.44875 0.4 0.0675
0 0.26666666666666666 0.521875 0.4 0.04375
0 0.26666666666666666 0.583125 0.4 0.04375
0 0.26666666666666666 0.668125 0.4 0.09125
0 0.26666666666666666 0.78875 0.4 0.115
0 0.26666666666666666 0.885625 0.4 0.04375
0 0.7333333333333333 0.096875 0.4 0.04375
0 0.7333333333333333 0.158125 0.4 0.04375
0 0.7333333333333333 0.23125 0.4 0.0675
0 0.7333333333333333 0.304375 0.4 0.04375
0 0.7333333333333333 0.40125 0.4 0.115
0 0.7333333333333333 0.51 0.4 0.0675
0 0.7333333333333333 0.61875 0.4 0.115
0 0.7333333333333333 0.715625 0.4 0.04375
0 0.7333333333333333 0.800625 0.4 0.09125
0 0.7333333333333333 0.885625 0.4 0.04375
