0 0.26666666666666666 0.120625 0.4 0.09125
0 0.26666666666666666 0.205625 0.4 0.04375
0 0.26666666666666666 0.3025 0.4 0.115
0 0.26666666666666666 0.399375 0.4 0.04375
0 0.26666666666666666 0.460625 0.4 0.04375
0 0.26666666666666666 0.5575 0.4 0.115
0 0.26666666666666666 0.69 0.4 0.115
0 0.26666666666666666 0.810625 0.4 0.09125
0 0.26666666666666666 0.895625 0.4 0.04375
0 0.7333333333333333 0.085 0.4 0.02
0 0.7333333333333333 0.134375 0.4 0.04375
0 0.7333333333333333 0.219375 0.4 0.09125
0 0.7333333333333333 0.2925 0.4 0.02
0 0.7333333333333333 0.341875 0.4 0.04375
0 0.7333333333333333 0.403125 0.4 0.04375
0 0.7333333333333333 0.464375 0.4 0.04375
0 0.7333333333333333 0.549375 0.4 0.09125
0 0.7333333333333333 0.634375 0.4 0.04375
0 0.7333333333333333 0.73125 0.4 0.115
0 0.7333333333333333 0.828125 0.4 0.04375
0 0.7333333333333333 0.8775 0.4 0.02
