0 0.26666666666666666 0.096875 0.4 0.04375
0 0.26666666666666666 0.181875 0.4 0.09125
0 0.26666666666666666 0.266875 0.4 0.04375
0 0.26666666666666666 0.36375 0.4 0.115
0 0.26666666666666666 0.44875 0.4 0.02
0 0.26666666666666666 0.53375 0.4 0.115
0 0.26666666666666666 0.678125 0.4 0.13875
0 0.26666666666666666 0.810625 0.4 0.09125
0 0.26666666666666666 0.955 0.4 0.1625
0 0.7333333333333333 0.144375 0.4 0.13875
0 0.7333333333333333 0.265 0.4 0.0675
0 0.7333333333333333 0.338125 0.4 0.04375
0 0.7333333333333333 0.423125 0.4 0.09125
0 0.7333333333333333 0.508125 0.4 0.04375
0 0.7333333333333333 0.605 0.4 0.115
0 0.7333333333333333 0.701875 0.4 0.04375
0 0.7333333333333333 0.763125 0.4 0.04375
0 0.7333333333333333 0.824375 0.4 0.04375
0 0.7333333333333333 0.87375 0.4 0.02
