0 0.26666666666666666 0.096875 0.4 0.04375
0 0.26666666666666666 0.19375 0.4 0.115
0 0.26666666666666666 0.290625 0.4 0.04375
0 0.26666666666666666 0.34 0.4 0.02
0 0.26666666666666666 0.436875 0.4 0.13875
0 0.26666666666666666 0.545625 0.4 0.04375
0 0.26666666666666666 0.630625 0.4 0.09125
0 0.26666666666666666 0.739375 0.4 0.09125
0 0.26666666666666666 0.824375 0.4 0.04375
0 0.26666666666666666 0.885625 0.4 0.04375
0 0.7333333333333333 0.120625 0.4 0.09125
0 0.7333333333333333 0.205625 0.4 0.04375
0 0.7333333333333333 0.290625 0.4 0.09125
0 0.7333333333333333 0.399375 0.4 0.09125
0 0.7333333333333333 0.484375 0.4 0.04375
0 0.7333333333333333 0.58125 0.4 0.115
0 0.7333333333333333 0.71375 0.4 0.115
0 0.7333333333333333 0.84625 0.4 0.115
