0 0.26666666666666666 0.1325 0.4 0.115
0 0.26666666666666666 0.2175 0.4 0.02
0 0.26666666666666666 0.255 0.4 0.02
0 0.26666666666666666 0.328125 0.4 0.09125
0 0.26666666666666666 0.436875 0.4 0.09125
0 0.26666666666666666 0.521875 0.4 0.04375
0 0.26666666666666666 0.583125 0.4 0.04375
0 0.26666666666666666 0.68 0.4 0.115
0 0.26666666666666666 0.8125 0.4 0.115
0 0.7333333333333333 0.096875 0.4 0.04375
0 0.7333333333333333 0.17 0.4 0.0675
0 0.7333333333333333 0.243125 0.4 0.04375
0 0.7333333333333333 0.2925 0.4 0.02
0 0.7333333333333333 0.341875 0.4 0.04375
0 0.7333333333333333 0.426875 0.4 0.09125
0 0.7333333333333333 0.511875 0.4 0.04375
0 0.7333333333333333 0.573125 0.4 0.04375
0 0.7333333333333333 0.634375 0.4 0.04375
0 0.7333333333333333 0.719375 0.4 0.09125
0 0.7333333333333333 0.828125 0.4 0.09125
