0 0.26666666666666666 0.15625 0.4 0.1625
0 0.26666666666666666 0.265 0.4 0.02
0 0.26666666666666666 0.32625 0.4 0.0675
0 0.26666666666666666 0.41125 0.4 0.0675
0 0.26666666666666666 0.484375 0.4 0.04375
0 0.26666666666666666 0.545625 0.4 0.04375
0 0.26666666666666666 0.595 0.4 0.02
0 0.26666666666666666 0.644375 0.4 0.04375
0 0.26666666666666666 0.69375 0.4 0.02
0 0.26666666666666666 0.743125 0.4 0.04375
0 0.26666666666666666 0.81625 0.4 0.0675
0 0.26666666666666666 0.889375 0.4 0.04375
0 0.7333333333333333 0.1325 0.4 0.115
0 0.7333333333333333 0.28875 0.4 0.1625
0 0.7333333333333333 0.409375 0.4 0.04375
0 0.7333333333333333 0.50625 0.4 0.115
0 0.7333333333333333 0.650625 0.4 0.13875
0 0.7333333333333333 0.759375 0.4 0.04375
0 0.7333333333333333 0.820625 0.4 0.04375
0 0.7333333333333333 0.9175 0.4 0.115
