0 0.26666666666666666 0.120625 0.4 0.09125
0 0.26666666666666666 0.205625 0.4 0.04375
0 0.26666666666666666 0.266875 0.4 0.04375
0 0.26666666666666666 0.34 0.4 0.0675
0 0.26666666666666666 0.413125 0.4 0.04375
0 0.26666666666666666 0.498125 0.4 0.09125
0 0.26666666666666666 0.583125 0.4 0.04375
0 0.26666666666666666 0.6325 0.4 0.02
0 0.26666666666666666 0.74125 0.4 0.1625
0 0.26666666666666666 0.85 0.4 0.02
0 0.26666666666666666 0.95875 0.4 0.1625
0 0.7333333333333333 0.144375 0.4 0.13875
0 0.7333333333333333 0.300625 0.4 0.13875
0 0.7333333333333333 0.409375 0.4 0.04375
0 0.7333333333333333 0.4825 0.4 0.0675
0 0.7333333333333333 0.555625 0.4 0.04375
0 0.7333333333333333 0.62875 0.4 0.0675
0 0.7333333333333333 0.701875 0.4 0.04375
0 0.7333333333333333 0.763125 0.4 0.04375
0 0.7333333333333333 0.848125 0.4 0.09125
