0 0.26666666666666666 0.085 0.4 0.02
0 0.26666666666666666 0.1225 0.4 0.02
0 0.26666666666666666 0.171875 0.4 0.04375
0 0.26666666666666666 0.26875 0.4 0.115
0 0.26666666666666666 0.35375 0.4 0.02
0 0.26666666666666666 0.39125 0.4 0.02
0 0.26666666666666666 0.47625 0.4 0.115
0 0.26666666666666666 0.596875 0.4 0.09125
0 0.26666666666666666 0.74125 0.4 0.1625
0 0.26666666666666666 0.885625 0.4 0.09125
0 0.7333333333333333 0.085 0.4 0.02
0 0.7333333333333333 0.134375 0.4 0.04375
0 0.7333333333333333 0.243125 0.4 0.13875
0 0.7333333333333333 0.351875 0.4 0.04375
0 0.7333333333333333 0.413125 0.4 0.04375
0 0.7333333333333333 0.498125 0.4 0.09125
0 0.7333333333333333 0.630625 0.4 0.13875
0 0.7333333333333333 0.739375 0.4 0.04375
0 0.7333333333333333 0.800625 0.4 0.04375
0 0.7333333333333333 0.85 0.4 0.02
0 0.7333333333333333 0.899375 0.4 0.04375
