0 0.26666666666666666 0.1325 0.4 0.115
0 0.26666666666666666 0.253125 0.4 0.09125
0 0.26666666666666666 0.37375 0.4 0.115
0 0.26666666666666666 0.470625 0.4 0.04375
0 0.26666666666666666 0.531875 0.4 0.04375
0 0.26666666666666666 0.58125 0.4 0.02
0 0.26666666666666666 0.630625 0.4 0.04375
0 0.26666666666666666 0.691875 0.4 0.04375
0 0.26666666666666666 0.753125 0.4 0.04375
0 0.26666666666666666 0.861875 0.4 0.13875
0 0.7333333333333333 0.120625 0.4 0.09125
0 0.7333333333333333 0.19375 0.4 0.02
0 0.7333333333333333 0.266875 0.4 0.09125
0 0.7333333333333333 0.375625 0.4 0.09125
0 0.7333333333333333 0.52 0.4 0.1625
0 0.7333333333333333 0.640625 0.4 0.04375
0 0.7333333333333333 0.69 0.4 0.02
0 0.7333333333333333 0.763125 0.4 0.09125
0 0.7333333333333333 0.895625 0.4 0.13875
