0 0.26666666666666666 0.10875 0.4 0.0675
0 0.26666666666666666 0.17 0.4 0.02
0 0.26666666666666666 0.23125 0.4 0.0675
0 0.26666666666666666 0.31625 0.4 0.0675
0 0.26666666666666666 0.389375 0.4 0.04375
0 0.26666666666666666 0.450625 0.4 0.04375
0 0.26666666666666666 0.511875 0.4 0.04375
0 0.26666666666666666 0.573125 0.4 0.04375
0 0.26666666666666666 0.6225 0.4 0.02
0 0.26666666666666666 0.68375 0.4 0.0675
0 0.26666666666666666 0.756875 0.4 0.04375
0 0.26666666666666666 0.80625 0.4 0.02
0 0.26666666666666666 0.84375 0.4 0.02
0 0.26666666666666666 0.893125 0.4 0.04375
0 0.7333333333333333 0.096875 0.4 0.04375
0 0.7333333333333333 0.19375 0.4 0.115
0 0.7333333333333333 0.27875 0.4 0.02
0 0.7333333333333333 0.328125 0.4 0.04375
0 0.7333333333333333 0.40125 0.4 0.0675
0 0.7333333333333333 0.498125 0.4 0.09125
0 0.7333333333333333 0.57125 0.4 0.02
0 0.7333333333333333 0.60875 0.4 0.02
0 0.7333333333333333 0.67 0.4 0.0675
0 0.7333333333333333 0.766875 0.4 0.09125
0 0.7333333333333333 0.875625 0.4 0.09125
