0 0.26666666666666666 0.085 0.4 0.02
0 0.26666666666666666 0.158125 0.4 0.09125
0 0.26666666666666666 0.243125 0.4 0.04375
0 0.26666666666666666 0.304375 0.4 0.04375
0 0.26666666666666666 0.40125 0.4 0.115
0 0.26666666666666666 0.521875 0.4 0.09125
0 0.26666666666666666 0.606875 0.4 0.04375
0 0.26666666666666666 0.70375 0.4 0.115
0 0.26666666666666666 0.800625 0.4 0.04375
0 0.26666666666666666 0.861875 0.4 0.04375
0 0.7333333333333333 0.120625 0.4 0.09125
0 0.7333333333333333 0.24125 0.4 0.115
0 0.7333333333333333 0.32625 0.4 0.02
0 0.7333333333333333 0.3875 0.4 0.0675
0 0.7333333333333333 0.484375 0.4 0.09125
0 0.7333333333333333 0.569375 0.4 0.04375
0 0.7333333333333333 0.61875 0.4 0.02
0 0.7333333333333333 0.668125 0.4 0.04375
0 0.7333333333333333 0.753125 0.4 0.09125
0 0.7333333333333333 0.861875 0.4 0.09125
