0 0.26666666666666666 0.1325 0.4 0.115
0 0.26666666666666666 0.2175 0.4 0.02
0 0.26666666666666666 0.290625 0.4 0.09125
0 0.26666666666666666 0.375625 0.4 0.04375
0 0.26666666666666666 0.436875 0.4 0.04375
0 0.26666666666666666 0.521875 0.4 0.09125
0 0.26666666666666666 0.630625 0.4 0.09125
0 0.26666666666666666 0.715625 0.4 0.04375
0 0.26666666666666666 0.776875 0.4 0.04375
0 0.26666666666666666 0.838125 0.4 0.04375
0 0.26666666666666666 0.935 0.4 0.115
0 0.7333333333333333 0.10875 0.4 0.0675
0 0.7333333333333333 0.2175 0.4 0.115
0 0.7333333333333333 0.3025 0.4 0.02
0 0.7333333333333333 0.375625 0.4 0.09125
0 0.7333333333333333 0.460625 0.4 0.04375
0 0.7333333333333333 0.58125 0.4 0.1625
0 0.7333333333333333 0.701875 0.4 0.04375
0 0.7333333333333333 0.775 0.4 0.0675
0 0.7333333333333333 0.848125 0.4 0.04375
