0 0.26666666666666666 0.0828125 0.4 0.040625
0 0.26666666666666666 0.1390625 0.4 0.040625
0 0.26666666666666666 0.1953125 0.4 0.040625
0 0.26666666666666666 0.2515625 0.4 0.040625
0 0.26666666666666666 0.3078125 0.4 0.040625
0 0.26666666666666666 0.353125 0.4 0.01875
0 0.26666666666666666 0.3984375 0.4 0.040625
0 0.26666666666666666 0.4546875 0.4 0.040625
0 0.26666666666666666 0.5109375 0.4 0.040625
0 0.26666666666666666 0.5671875 0.4 0.040625
0 0.26666666666666666 0.6125 0.4 0.01875
0 0.26666666666666666 0.646875 0.4 0.01875
0 0.26666666666666666 0.6921875 0.4 0.040625
0 0.26666666666666666 0.7484375 0.4 0.040625
0 0.26666666666666666 0.8046875 0.4 0.040625
0 0.26666666666666666 0.8609375 0.4 0.040625
0 0.26666666666666666 0.9171875 0.4 0.040625
0 0.7333333333333333 0.0828125 0.4 0.040625
0 0.7333333333333333 0.1390625 0.4 0.040625
0 0.7333333333333333 0.1953125 0.4 0.040625
0 0.7333333333333333 0.2515625 0.4 0.040625
0 0.7333333333333333 0.3078125 0.4 0.040625
0 0.7333333333333333 0.353125 0.4 0.01875
0 0.7333333333333333 0.3984375 0.4 0.040625
0 0.7333333333333333 0.4546875 0.4 0.040625
0 0.7333333333333333 0.5109375 0.4 0.040625
0 0.7333333333333333 0.5671875 0.4 0.040625
0 0.7333333333333333 0.6125 0.4 0.01875
0 0.7333333333333333 0.6578125 0.4 0.040625
0 0.7333333333333333 0.7140625 0.4 0.040625
0 0.7333333333333333 0.7703125 0.4 0.040625
0 0.7333333333333333 0.8265625 0.4 0.040625
0 0.7333333333333333 0.8828125 0.4 0.040625
