0 0.26666666666666666 0.096875 0.4 0.04375
0 0.26666666666666666 0.14625 0.4 0.02
0 0.26666666666666666 0.18375 0.4 0.02
0 0.26666666666666666 0.233125 0.4 0.04375
0 0.26666666666666666 0.294375 0.4 0.04375
0 0.26666666666666666 0.355625 0.4 0.04375
0 0.26666666666666666 0.4525 0.4 0.115
0 0.26666666666666666 0.549375 0.4 0.04375
0 0.26666666666666666 0.634375 0.4 0.09125
0 0.26666666666666666 0.719375 0.4 0.04375
0 0.26666666666666666 0.7925 0.4 0.0675
0 0.26666666666666666 0.8775 0.4 0.0675
0 0.7333333333333333 0.1325 0.4 0.115
0 0.7333333333333333 0.265 0.4 0.115
0 0.7333333333333333 0.361875 0.4 0.04375
0 0.7333333333333333 0.423125 0.4 0.04375
0 0.7333333333333333 0.508125 0.4 0.09125
0 0.7333333333333333 0.593125 0.4 0.04375
0 0.7333333333333333 0.6425 0.4 0.02
0 0.7333333333333333 0.715625 0.4 0.09125
0 0.7333333333333333 0.800625 0.4 0.04375
0 0.7333333333333333 0.861875 0.4 0.04375
