0 0.26666666666666666 0.10875 0.4 0.0675
0 0.26666666666666666 0.17 0.4 0.02
0 0.26666666666666666 0.243125 0.4 0.09125
0 0.26666666666666666 0.328125 0.4 0.04375
0 0.26666666666666666 0.3775 0.4 0.02
0 0.26666666666666666 0.450625 0.4 0.09125
0 0.26666666666666666 0.5475 0.4 0.0675
0 0.26666666666666666 0.668125 0.4 0.13875
0 0.26666666666666666 0.824375 0.4 0.13875
0 0.7333333333333333 0.10875 0.4 0.0675
0 0.7333333333333333 0.205625 0.4 0.09125
0 0.7333333333333333 0.314375 0.4 0.09125
0 0.7333333333333333 0.3875 0.4 0.02
0 0.7333333333333333 0.44875 0.4 0.0675
0 0.7333333333333333 0.521875 0.4 0.04375
0 0.7333333333333333 0.583125 0.4 0.04375
0 0.7333333333333333 0.68 0.4 0.115
0 0.7333333333333333 0.8125 0.4 0.115
