0 0.26666666666666666 0.096875 0.4 0.04375
0 0.26666666666666666 0.181875 0.4 0.09125
0 0.26666666666666666 0.266875 0.4 0.04375
0 0.26666666666666666 0.31625 0.4 0.02
0 0.26666666666666666 0.40125 0.4 0.115
0 0.26666666666666666 0.498125 0.4 0.04375
0 0.26666666666666666 0.595 0.4 0.115
0 0.26666666666666666 0.715625 0.4 0.09125
0 0.26666666666666666 0.800625 0.4 0.04375
0 0.26666666666666666 0.861875 0.4 0.04375
0 0.7333333333333333 0.096875 0.4 0.04375
0 0.7333333333333333 0.17 0.4 0.0675
0 0.7333333333333333 0.23125 0.4 0.02
0 0.7333333333333333 0.280625 0.4 0.04375
0 0.7333333333333333 0.341875 0.4 0.04375
0 0.7333333333333333 0.450625 0.4 0.13875
0 0.7333333333333333 0.559375 0.4 0.04375
0 0.7333333333333333 0.620625 0.4 0.04375
0 0.7333333333333333 0.681875 0.4 0.04375
0 0.7333333333333333 0.743125 0.4 0.04375
0 0.7333333333333333 0.804375 0.4 0.04375
0 0.7333333333333333 0.8775 0.4 0.0675
