0 0.26666666666666666 0.120625 0.4 0.09125
0 0.26666666666666666 0.24125 0.4 0.115
0 0.26666666666666666 0.361875 0.4 0.09125
0 0.26666666666666666 0.446875 0.4 0.04375
0 0.26666666666666666 0.531875 0.4 0.09125
0 0.26666666666666666 0.62875 0.4 0.0675
0 0.26666666666666666 0.701875 0.4 0.04375
0 0.26666666666666666 0.763125 0.4 0.04375
0 0.26666666666666666 0.8125 0.4 0.02
0 0.26666666666666666 0.8975 0.4 0.115
0 0.7333333333333333 0.10875 0.4 0.0675
0 0.7333333333333333 0.17 0.4 0.02
0 0.7333333333333333 0.2075 0.4 0.02
0 0.7333333333333333 0.280625 0.4 0.09125
0 0.7333333333333333 0.413125 0.4 0.13875
0 0.7333333333333333 0.58125 0.4 0.1625
0 0.7333333333333333 0.76125 0.4 0.1625
0 0.7333333333333333 0.881875 0.4 0.04375
