0 0.26666666666666666 0.1325 0.4 0.115
0 0.26666666666666666 0.253125 0.4 0.09125
0 0.26666666666666666 0.361875 0.4 0.09125
0 0.26666666666666666 0.435 0.4 0.02
0 0.26666666666666666 0.49625 0.4 0.0675
0 0.26666666666666666 0.605 0.4 0.115
0 0.26666666666666666 0.701875 0.4 0.04375
0 0.26666666666666666 0.763125 0.4 0.04375
0 0.26666666666666666 0.8125 0.4 0.02
0 0.26666666666666666 0.885625 0.4 0.09125
0 0.7333333333333333 0.144375 0.4 0.13875
0 0.7333333333333333 0.265 0.4 0.0675
0 0.7333333333333333 0.32625 0.4 0.02
0 0.7333333333333333 0.375625 0.4 0.04375
0 0.7333333333333333 0.44875 0.4 0.0675
0 0.7333333333333333 0.569375 0.4 0.13875
0 0.7333333333333333 0.701875 0.4 0.09125
0 0.7333333333333333 0.810625 0.4 0.09125
0 0.7333333333333333 0.9075 0.4 0.0675
