0 0.26666666666666666 0.096875 0.4 0.04375
0 0.26666666666666666 0.14625 0.4 0.02
0 0.26666666666666666 0.23125 0.4 0.115
0 0.26666666666666666 0.328125 0.4 0.04375
0 0.26666666666666666 0.389375 0.4 0.04375
0 0.26666666666666666 0.450625 0.4 0.04375
0 0.26666666666666666 0.511875 0.4 0.04375
0 0.26666666666666666 0.6325 0.4 0.1625
0 0.26666666666666666 0.753125 0.4 0.04375
0 0.26666666666666666 0.814375 0.4 0.04375
0 0.26666666666666666 0.875625 0.4 0.04375
0 0.7333333333333333 0.096875 0.4 0.04375
0 0.7333333333333333 0.19375 0.4 0.115
0 0.7333333333333333 0.314375 0.4 0.09125
0 0.7333333333333333 0.435 0.4 0.115
0 0.7333333333333333 0.531875 0.4 0.04375
0 0.7333333333333333 0.640625 0.4 0.13875
0 0.7333333333333333 0.76125 0.4 0.0675
0 0.7333333333333333 0.8225 0.4 0.02
0 0.7333333333333333 0.9075 0.4 0.115
