0 0.26666666666666666 0.096875 0.4 0.04375
0 0.26666666666666666 0.158125 0.4 0.04375
0 0.26666666666666666 0.219375 0.4 0.04375
0 0.26666666666666666 0.280625 0.4 0.04375
0 0.26666666666666666 0.341875 0.4 0.04375
0 0.26666666666666666 0.426875 0.4 0.09125
0 0.26666666666666666 0.5 0.4 0.02
0 0.26666666666666666 0.549375 0.4 0.04375
0 0.26666666666666666 0.610625 0.4 0.04375
0 0.26666666666666666 0.671875 0.4 0.04375
0 0.26666666666666666 0.76875 0.4 0.115
0 0.26666666666666666 0.8775 0.4 0.0675
0 0.7333333333333333 0.085 0.4 0.02
0 0.7333333333333333 0.134375 0.4 0.04375
0 0.7333333333333333 0.195625 0.4 0.04375
0 0.7333333333333333 0.304375 0.4 0.13875
0 0.7333333333333333 0.4725 0.4 0.1625
0 0.7333333333333333 0.616875 0.4 0.09125
0 0.7333333333333333 0.7375 0.4 0.115
0 0.7333333333333333 0.84625 0.4 0.0675
