0 0.26666666666666666 0.085 0.4 0.02
0 0.26666666666666666 0.134375 0.4 0.04375
0 0.26666666666666666 0.2075 0.4 0.0675
0 0.26666666666666666 0.26875 0.4 0.02
0 0.26666666666666666 0.30625 0.4 0.02
0 0.26666666666666666 0.355625 0.4 0.04375
0 0.26666666666666666 0.440625 0.4 0.09125
0 0.26666666666666666 0.51375 0.4 0.02
0 0.26666666666666666 0.586875 0.4 0.09125
0 0.26666666666666666 0.671875 0.4 0.04375
0 0.26666666666666666 0.745 0.4 0.0675
0 0.26666666666666666 0.818125 0.4 0.04375
0 0.26666666666666666 0.879375 0.4 0.04375
0 0.7333333333333333 0.096875 0.4 0.04375
0 0.7333333333333333 0.17 0.4 0.0675
0 0.7333333333333333 0.243125 0.4 0.04375
0 0.7333333333333333 0.34 0.4 0.115
0 0.7333333333333333 0.436875 0.4 0.04375
0 0.7333333333333333 0.48625 0.4 0.02
0 0.7333333333333333 0.535625 0.4 0.04375
0 0.7333333333333333 0.596875 0.4 0.04375
0 0.7333333333333333 0.658125 0.4 0.04375
0 0.7333333333333333 0.719375 0.4 0.04375
0 0.7333333333333333 0.7925 0.4 0.0675
0 0.7333333333333333 0.85375 0.4 0.02
0 0.7333333333333333 0.93875 0.4 0.115
