0 0.26666666666666666 0.120625 0.4 0.09125
0 0.26666666666666666 0.205625 0.4 0.04375
0 0.26666666666666666 0.3025 0.4 0.115
0 0.26666666666666666 0.399375 0.4 0.04375
0 0.26666666666666666 0.460625 0.4 0.04375
0 0.26666666666666666 0.5575 0.4 0.115
0 0.26666666666666666 0.654375 0.4 0.04375
0 0.26666666666666666 0.715625 0.4 0.04375
0 0.26666666666666666 0.776875 0.4 0.04375
0 0.26666666666666666 0.85 0.4 0.0675
0 0.7333333333333333 0.120625 0.4 0.09125
0 0.7333333333333333 0.205625 0.4 0.04375
0 0.7333333333333333 0.27875 0.4 0.0675
0 0.7333333333333333 0.351875 0.4 0.04375
0 0.7333333333333333 0.425 0.4 0.0675
0 0.7333333333333333 0.545625 0.4 0.13875
0 0.7333333333333333 0.654375 0.4 0.04375
0 0.7333333333333333 0.715625 0.4 0.04375
0 0.7333333333333333 0.765 0.4 0.02
0 0.7333333333333333 0.814375 0.4 0.04375
0 0.7333333333333333 0.875625 0.4 0.04375
