0 0.26666666666666666 0.1325 0.4 0.115
0 0.26666666666666666 0.28875 0.4 0.1625
0 0.26666666666666666 0.433125 0.4 0.09125
0 0.26666666666666666 0.50625 0.4 0.02
0 0.26666666666666666 0.59125 0.4 0.115
0 0.26666666666666666 0.688125 0.4 0.04375
0 0.26666666666666666 0.749375 0.4 0.04375
0 0.26666666666666666 0.810625 0.4 0.04375
0 0.26666666666666666 0.86 0.4 0.02
0 0.7333333333333333 0.085 0.4 0.02
0 0.7333333333333333 0.134375 0.4 0.04375
0 0.7333333333333333 0.195625 0.4 0.04375
0 0.7333333333333333 0.245 0.4 0.02
0 0.7333333333333333 0.2825 0.4 0.02
0 0.7333333333333333 0.355625 0.4 0.09125
0 0.7333333333333333 0.440625 0.4 0.04375
0 0.7333333333333333 0.525625 0.4 0.09125
0 0.7333333333333333 0.59875 0.4 0.02
0 0.7333333333333333 0.68375 0.4 0.115
0 0.7333333333333333 0.76875 0.4 0.02
0 0.7333333333333333 0.85375 0.4 0.115
