0 0.26666666666666666 0.085 0.4 0.02
0 0.26666666666666666 0.134375 0.4 0.04375
0 0.26666666666666666 0.195625 0.4 0.04375
0 0.26666666666666666 0.245 0.4 0.02
0 0.26666666666666666 0.294375 0.4 0.04375
0 0.26666666666666666 0.34375 0.4 0.02
0 0.26666666666666666 0.393125 0.4 0.04375
0 0.26666666666666666 0.478125 0.4 0.09125
0 0.26666666666666666 0.563125 0.4 0.04375
0 0.26666666666666666 0.6125 0.4 0.02
0 0.26666666666666666 0.67375 0.4 0.0675
0 0.26666666666666666 0.746875 0.4 0.04375
0 0.26666666666666666 0.808125 0.4 0.04375
0 0.26666666666666666 0.893125 0.4 0.09125
0 0.7333333333333333 0.120625 0.4 0.09125
0 0.7333333333333333 0.229375 0.4 0.09125
0 0.7333333333333333 0.32625 0.4 0.0675
0 0.7333333333333333 0.3875 0.4 0.02
0 0.7333333333333333 0.425 0.4 0.02
0 0.7333333333333333 0.498125 0.4 0.09125
0 0.7333333333333333 0.583125 0.4 0.04375
0 0.7333333333333333 0.644375 0.4 0.04375
0 0.7333333333333333 0.69375 0.4 0.02
0 0.7333333333333333 0.790625 0.4 0.13875
0 0.7333333333333333 0.899375 0.4 0.04375
