0 0.26666666666666666 0.120625 0.4 0.09125
0 0.26666666666666666 0.205625 0.4 0.04375
0 0.26666666666666666 0.266875 0.4 0.04375
0 0.26666666666666666 0.328125 0.4 0.04375
0 0.26666666666666666 0.389375 0.4 0.04375
0 0.26666666666666666 0.450625 0.4 0.04375
0 0.26666666666666666 0.5 0.4 0.02
0 0.26666666666666666 0.5375 0.4 0.02
0 0.26666666666666666 0.634375 0.4 0.13875
0 0.26666666666666666 0.766875 0.4 0.09125
0 0.26666666666666666 0.86375 0.4 0.0675
0 0.7333333333333333 0.085 0.4 0.02
0 0.7333333333333333 0.158125 0.4 0.09125
0 0.7333333333333333 0.243125 0.4 0.04375
0 0.7333333333333333 0.2925 0.4 0.02
0 0.7333333333333333 0.365625 0.4 0.09125
0 0.7333333333333333 0.450625 0.4 0.04375
0 0.7333333333333333 0.511875 0.4 0.04375
0 0.7333333333333333 0.573125 0.4 0.04375
0 0.7333333333333333 0.6225 0.4 0.02
0 0.7333333333333333 0.671875 0.4 0.04375
0 0.7333333333333333 0.733125 0.4 0.04375
0 0.7333333333333333 0.7825 0.4 0.02
0 0.7333333333333333 0.831875 0.4 0.04375
0 0.7333333333333333 0.893125 0.4 0.04375
