0 0.26666666666666666 0.10875 0.4 0.0675
0 0.26666666666666666 0.17 0.4 0.02
0 0.26666666666666666 0.219375 0.4 0.04375
0 0.26666666666666666 0.328125 0.4 0.13875
0 0.26666666666666666 0.460625 0.4 0.09125
0 0.26666666666666666 0.545625 0.4 0.04375
0 0.26666666666666666 0.595 0.4 0.02
0 0.26666666666666666 0.6325 0.4 0.02
0 0.26666666666666666 0.7175 0.4 0.115
0 0.26666666666666666 0.814375 0.4 0.04375
0 0.26666666666666666 0.875625 0.4 0.04375
0 0.7333333333333333 0.096875 0.4 0.04375
0 0.7333333333333333 0.181875 0.4 0.09125
0 0.7333333333333333 0.255 0.4 0.02
0 0.7333333333333333 0.304375 0.4 0.04375
0 0.7333333333333333 0.365625 0.4 0.04375
0 0.7333333333333333 0.426875 0.4 0.04375
0 0.7333333333333333 0.52375 0.4 0.115
0 0.7333333333333333 0.68 0.4 0.1625
0 0.7333333333333333 0.824375 0.4 0.09125
