0 0.26666666666666666 0.096875 0.4 0.04375
0 0.26666666666666666 0.158125 0.4 0.04375
0 0.26666666666666666 0.243125 0.4 0.09125
0 0.26666666666666666 0.328125 0.4 0.04375
0 0.26666666666666666 0.389375 0.4 0.04375
0 0.26666666666666666 0.43875 0.4 0.02
0 0.26666666666666666 0.535625 0.4 0.13875
0 0.26666666666666666 0.644375 0.4 0.04375
0 0.26666666666666666 0.705625 0.4 0.04375
0 0.26666666666666666 0.755 0.4 0.02
0 0.26666666666666666 0.7925 0.4 0.02
0 0.26666666666666666 0.841875 0.4 0.04375
0 0.26666666666666666 0.903125 0.4 0.04375
0 0.7333333333333333 0.10875 0.4 0.0675
0 0.7333333333333333 0.17 0.4 0.02
0 0.7333333333333333 0.2075 0.4 0.02
0 0.7333333333333333 0.280625 0.4 0.09125
0 0.7333333333333333 0.35375 0.4 0.02
0 0.7333333333333333 0.39125 0.4 0.02
0 0.7333333333333333 0.42875 0.4 0.02
0 0.7333333333333333 0.478125 0.4 0.04375
0 0.7333333333333333 0.563125 0.4 0.09125
0 0.7333333333333333 0.648125 0.4 0.04375
0 0.7333333333333333 0.72125 0.4 0.0675
0 0.7333333333333333 0.794375 0.4 0.04375
0 0.7333333333333333 0.879375 0.4 0.09125
