0 0.26666666666666666 0.1325 0.4 0.115
0 0.26666666666666666 0.229375 0.4 0.04375
0 0.26666666666666666 0.290625 0.4 0.04375
0 0.26666666666666666 0.351875 0.4 0.04375
0 0.26666666666666666 0.425 0.4 0.0675
0 0.26666666666666666 0.498125 0.4 0.04375
0 0.26666666666666666 0.559375 0.4 0.04375
0 0.26666666666666666 0.620625 0.4 0.04375
0 0.26666666666666666 0.67 0.4 0.02
0 0.26666666666666666 0.719375 0.4 0.04375
0 0.26666666666666666 0.804375 0.4 0.09125
0 0.26666666666666666 0.90125 0.4 0.0675
0 0.7333333333333333 0.096875 0.4 0.04375
0 0.7333333333333333 0.205625 0.4 0.13875
0 0.7333333333333333 0.3025 0.4 0.02
0 0.7333333333333333 0.351875 0.4 0.04375
0 0.7333333333333333 0.413125 0.4 0.04375
0 0.7333333333333333 0.4625 0.4 0.02
0 0.7333333333333333 0.5 0.4 0.02
0 0.7333333333333333 0.549375 0.4 0.04375
0 0.7333333333333333 0.610625 0.4 0.04375
0 0.7333333333333333 0.695625 0.4 0.09125
0 0.7333333333333333 0.780625 0.4 0.04375
0 0.7333333333333333 0.85375 0.4 0.0675
