0 0.26666666666666666 0.1325 0.4 0.115
0 0.26666666666666666 0.229375 0.4 0.04375
0 0.26666666666666666 0.3025 0.4 0.0675
0 0.26666666666666666 0.41125 0.4 0.115
0 0.26666666666666666 0.555625 0.4 0.13875
0 0.26666666666666666 0.6525 0.4 0.02
0 0.26666666666666666 0.701875 0.4 0.04375
0 0.26666666666666666 0.775 0.4 0.0675
0 0.26666666666666666 0.86 0.4 0.0675
0 0.7333333333333333 0.096875 0.4 0.04375
0 0.7333333333333333 0.181875 0.4 0.09125
0 0.7333333333333333 0.290625 0.4 0.09125
0 0.7333333333333333 0.435 0.4 0.1625
0 0.7333333333333333 0.54375 0.4 0.02
0 0.7333333333333333 0.58125 0.4 0.02
0 0.7333333333333333 0.66625 0.4 0.115
0 0.7333333333333333 0.8225 0.4 0.1625
