0 0.26666666666666666 0.096875 0.4 0.04375
0 0.26666666666666666 0.158125 0.4 0.04375
0 0.26666666666666666 0.2075 0.4 0.02
0 0.26666666666666666 0.280625 0.4 0.09125
0 0.26666666666666666 0.389375 0.4 0.09125
0 0.26666666666666666 0.48625 0.4 0.0675
0 0.26666666666666666 0.559375 0.4 0.04375
0 0.26666666666666666 0.620625 0.4 0.04375
0 0.26666666666666666 0.681875 0.4 0.04375
0 0.26666666666666666 0.743125 0.4 0.04375
0 0.26666666666666666 0.7925 0.4 0.02
0 0.26666666666666666 0.841875 0.4 0.04375
0 0.26666666666666666 0.903125 0.4 0.04375
0 0.7333333333333333 0.096875 0.4 0.04375
0 0.7333333333333333 0.14625 0.4 0.02
0 0.7333333333333333 0.219375 0.4 0.09125
0 0.7333333333333333 0.34 0.4 0.115
0 0.7333333333333333 0.436875 0.4 0.04375
0 0.7333333333333333 0.521875 0.4 0.09125
0 0.7333333333333333 0.606875 0.4 0.04375
0 0.7333333333333333 0.691875 0.4 0.09125
0 0.7333333333333333 0.765 0.4 0.02
0 0.7333333333333333 0.87375 0.4 0.1625
