0 0.26666666666666666 0.1325 0.4 0.115
0 0.26666666666666666 0.229375 0.4 0.04375
0 0.26666666666666666 0.27875 0.4 0.02
0 0.26666666666666666 0.351875 0.4 0.09125
0 0.26666666666666666 0.44875 0.4 0.0675
0 0.26666666666666666 0.53375 0.4 0.0675
0 0.26666666666666666 0.606875 0.4 0.04375
0 0.26666666666666666 0.668125 0.4 0.04375
0 0.26666666666666666 0.7175 0.4 0.02
0 0.26666666666666666 0.766875 0.4 0.04375
0 0.26666666666666666 0.81625 0.4 0.02
0 0.26666666666666666 0.85375 0.4 0.02
0 0.26666666666666666 0.903125 0.4 0.04375
0 0.7333333333333333 0.1325 0.4 0.115
0 0.7333333333333333 0.229375 0.4 0.04375
0 0.7333333333333333 0.27875 0.4 0.02
0 0.7333333333333333 0.328125 0.4 0.04375
0 0.7333333333333333 0.3775 0.4 0.02
0 0.7333333333333333 0.426875 0.4 0.04375
0 0.7333333333333333 0.488125 0.4 0.04375
0 0.7333333333333333 0.585 0.4 0.115
0 0.7333333333333333 0.705625 0.4 0.09125
0 0.7333333333333333 0.790625 0.4 0.04375
0 0.7333333333333333 0.84 0.4 0.02
0 0.7333333333333333 0.889375 0.4 0.04375
