0 0.26666666666666666 0.085 0.4 0.02
0 0.26666666666666666 0.134375 0.4 0.04375
0 0.26666666666666666 0.18375 0.4 0.02
0 0.26666666666666666 0.2925 0.4 0.1625
0 0.26666666666666666 0.413125 0.4 0.04375
0 0.26666666666666666 0.48625 0.4 0.0675
0 0.26666666666666666 0.57125 0.4 0.0675
0 0.26666666666666666 0.668125 0.4 0.09125
0 0.26666666666666666 0.753125 0.4 0.04375
0 0.26666666666666666 0.814375 0.4 0.04375
0 0.26666666666666666 0.899375 0.4 0.09125
0 0.7333333333333333 0.096875 0.4 0.04375
0 0.7333333333333333 0.158125 0.4 0.04375
0 0.7333333333333333 0.219375 0.4 0.04375
0 0.7333333333333333 0.304375 0.4 0.09125
0 0.7333333333333333 0.3775 0.4 0.02
0 0.7333333333333333 0.415 0.4 0.02
0 0.7333333333333333 0.511875 0.4 0.13875
0 0.7333333333333333 0.6325 0.4 0.0675
0 0.7333333333333333 0.69375 0.4 0.02
0 0.7333333333333333 0.743125 0.4 0.04375
0 0.7333333333333333 0.7925 0.4 0.02
0 0.7333333333333333 0.841875 0.4 0.04375
0 0.7333333333333333 0.93875 0.4 0.115
