0 0.26666666666666666 0.096875 0.4 0.04375
0 0.26666666666666666 0.158125 0.4 0.04375
0 0.26666666666666666 0.219375 0.4 0.04375
0 0.26666666666666666 0.26875 0.4 0.02
0 0.26666666666666666 0.318125 0.4 0.04375
0 0.26666666666666666 0.403125 0.4 0.09125
0 0.26666666666666666 0.47625 0.4 0.02
0 0.26666666666666666 0.525625 0.4 0.04375
0 0.26666666666666666 0.586875 0.4 0.04375
0 0.26666666666666666 0.648125 0.4 0.04375
0 0.26666666666666666 0.6975 0.4 0.02
0 0.26666666666666666 0.735 0.4 0.02
0 0.26666666666666666 0.784375 0.4 0.04375
0 0.26666666666666666 0.845625 0.4 0.04375
0 0.26666666666666666 0.906875 0.4 0.04375
0 0.7333333333333333 0.096875 0.4 0.04375
0 0.7333333333333333 0.14625 0.4 0.02
0 0.7333333333333333 0.2075 0.4 0.0675
0 0.7333333333333333 0.280625 0.4 0.04375
0 0.7333333333333333 0.35375 0.4 0.0675
0 0.7333333333333333 0.474375 0.4 0.13875
0 0.7333333333333333 0.583125 0.4 0.04375
0 0.7333333333333333 0.691875 0.4 0.13875
0 0.7333333333333333 0.800625 0.4 0.04375
0 0.7333333333333333 0.85 0.4 0.02
0 0.7333333333333333 0.923125 0.4 0.09125
