0 0.26666666666666666 0.10875 0.4 0.0675
0 0.26666666666666666 0.2175 0.4 0.115
0 0.26666666666666666 0.338125 0.4 0.09125
0 0.26666666666666666 0.41125 0.4 0.02
0 0.26666666666666666 0.460625 0.4 0.04375
0 0.26666666666666666 0.521875 0.4 0.04375
0 0.26666666666666666 0.595 0.4 0.0675
0 0.26666666666666666 0.65625 0.4 0.02
0 0.26666666666666666 0.74125 0.4 0.115
0 0.26666666666666666 0.838125 0.4 0.04375
0 0.26666666666666666 0.946875 0.4 0.13875
0 0.7333333333333333 0.096875 0.4 0.04375
0 0.7333333333333333 0.158125 0.4 0.04375
0 0.7333333333333333 0.219375 0.4 0.04375
0 0.7333333333333333 0.2925 0.4 0.0675
0 0.7333333333333333 0.389375 0.4 0.09125
0 0.7333333333333333 0.498125 0.4 0.09125
0 0.7333333333333333 0.57125 0.4 0.02
0 0.7333333333333333 0.6325 0.4 0.0675
0 0.7333333333333333 0.74125 0.4 0.115
0 0.7333333333333333 0.838125 0.4 0.04375
0 0.7333333333333333 0.91125 0.4 0.0675
