0 0.26666666666666666 0.096875 0.4 0.04375
0 0.26666666666666666 0.205625 0.4 0.13875
0 0.26666666666666666 0.314375 0.4 0.04375
0 0.26666666666666666 0.375625 0.4 0.04375
0 0.26666666666666666 0.4725 0.4 0.115
0 0.26666666666666666 0.616875 0.4 0.13875
0 0.26666666666666666 0.725625 0.4 0.04375
0 0.26666666666666666 0.775 0.4 0.02
0 0.26666666666666666 0.8125 0.4 0.02
0 0.26666666666666666 0.85 0.4 0.02
0 0.26666666666666666 0.8875 0.4 0.02
0 0.7333333333333333 0.1325 0.4 0.115
0 0.7333333333333333 0.253125 0.4 0.09125
0 0.7333333333333333 0.338125 0.4 0.04375
0 0.7333333333333333 0.446875 0.4 0.13875
0 0.7333333333333333 0.579375 0.4 0.09125
0 0.7333333333333333 0.6525 0.4 0.02
0 0.7333333333333333 0.701875 0.4 0.04375
0 0.7333333333333333 0.786875 0.4 0.09125
0 0.7333333333333333 0.871875 0.4 0.04375
