0 0.26666666666666666 0.085 0.4 0.02
0 0.26666666666666666 0.17 0.4 0.115
0 0.26666666666666666 0.255 0.4 0.02
0 0.26666666666666666 0.328125 0.4 0.09125
0 0.26666666666666666 0.413125 0.4 0.04375
0 0.26666666666666666 0.474375 0.4 0.04375
0 0.26666666666666666 0.535625 0.4 0.04375
0 0.26666666666666666 0.585 0.4 0.02
0 0.26666666666666666 0.681875 0.4 0.13875
0 0.26666666666666666 0.790625 0.4 0.04375
0 0.26666666666666666 0.8875 0.4 0.115
0 0.7333333333333333 0.1325 0.4 0.115
0 0.7333333333333333 0.24125 0.4 0.0675
0 0.7333333333333333 0.314375 0.4 0.04375
0 0.7333333333333333 0.41125 0.4 0.115
0 0.7333333333333333 0.531875 0.4 0.09125
0 0.7333333333333333 0.62875 0.4 0.0675
0 0.7333333333333333 0.725625 0.4 0.09125
0 0.7333333333333333 0.79875 0.4 0.02
0 0.7333333333333333 0.848125 0.4 0.04375
