0 0.26666666666666666 0.1325 0.4 0.115
0 0.26666666666666666 0.265 0.4 0.115
0 0.26666666666666666 0.361875 0.4 0.04375
0 0.26666666666666666 0.423125 0.4 0.04375
0 0.26666666666666666 0.484375 0.4 0.04375
0 0.26666666666666666 0.545625 0.4 0.04375
0 0.26666666666666666 0.606875 0.4 0.04375
0 0.26666666666666666 0.65625 0.4 0.02
0 0.26666666666666666 0.705625 0.4 0.04375
0 0.26666666666666666 0.82625 0.4 0.1625
0 0.7333333333333333 0.096875 0.4 0.04375
0 0.7333333333333333 0.158125 0.4 0.04375
0 0.7333333333333333 0.2075 0.4 0.02
0 0.7333333333333333 0.256875 0.4 0.04375
0 0.7333333333333333 0.3775 0.4 0.1625
0 0.7333333333333333 0.51 0.4 0.0675
0 0.7333333333333333 0.595 0.4 0.0675
0 0.7333333333333333 0.7275 0.4 0.1625
0 0.7333333333333333 0.86 0.4 0.0675
