0 0.26666666666666666 0.096875 0.4 0.04375
0 0.26666666666666666 0.158125 0.4 0.04375
0 0.26666666666666666 0.219375 0.4 0.04375
0 0.26666666666666666 0.280625 0.4 0.04375
0 0.26666666666666666 0.389375 0.4 0.13875
0 0.26666666666666666 0.498125 0.4 0.04375
0 0.26666666666666666 0.583125 0.4 0.09125
0 0.26666666666666666 0.668125 0.4 0.04375
0 0.26666666666666666 0.729375 0.4 0.04375
0 0.26666666666666666 0.77875 0.4 0.02
0 0.26666666666666666 0.828125 0.4 0.04375
0 0.26666666666666666 0.889375 0.4 0.04375
0 0.7333333333333333 0.10875 0.4 0.0675
0 0.7333333333333333 0.181875 0.4 0.04375
0 0.7333333333333333 0.243125 0.4 0.04375
0 0.7333333333333333 0.304375 0.4 0.04375
0 0.7333333333333333 0.35375 0.4 0.02
0 0.7333333333333333 0.415 0.4 0.0675
0 0.7333333333333333 0.5 0.4 0.0675
0 0.7333333333333333 0.573125 0.4 0.04375
0 0.7333333333333333 0.6225 0.4 0.02
0 0.7333333333333333 0.719375 0.4 0.13875
0 0.7333333333333333 0.86375 0.4 0.115
