0 0.26666666666666666 0.120625 0.4 0.09125
0 0.26666666666666666 0.205625 0.4 0.04375
0 0.26666666666666666 0.266875 0.4 0.04375
0 0.26666666666666666 0.328125 0.4 0.04375
0 0.26666666666666666 0.413125 0.4 0.09125
0 0.26666666666666666 0.51 0.4 0.0675
0 0.26666666666666666 0.583125 0.4 0.04375
0 0.26666666666666666 0.644375 0.4 0.04375
0 0.26666666666666666 0.705625 0.4 0.04375
0 0.26666666666666666 0.766875 0.4 0.04375
0 0.26666666666666666 0.851875 0.4 0.09125
0 0.7333333333333333 0.096875 0.4 0.04375
0 0.7333333333333333 0.14625 0.4 0.02
0 0.7333333333333333 0.18375 0.4 0.02
0 0.7333333333333333 0.233125 0.4 0.04375
0 0.7333333333333333 0.2825 0.4 0.02
0 0.7333333333333333 0.355625 0.4 0.09125
0 0.7333333333333333 0.47625 0.4 0.115
0 0.7333333333333333 0.573125 0.4 0.04375
0 0.7333333333333333 0.658125 0.4 0.09125
0 0.7333333333333333 0.77875 0.4 0.115
0 0.7333333333333333 0.875625 0.4 0.04375
