0 0.26666666666666666 0.1325 0.4 0.115
0 0.26666666666666666 0.265 0.4 0.115
0 0.26666666666666666 0.361875 0.4 0.04375
0 0.26666666666666666 0.435 0.4 0.0675
0 0.26666666666666666 0.508125 0.4 0.04375
0 0.26666666666666666 0.569375 0.4 0.04375
0 0.26666666666666666 0.654375 0.4 0.09125
0 0.26666666666666666 0.739375 0.4 0.04375
0 0.26666666666666666 0.78875 0.4 0.02
0 0.26666666666666666 0.838125 0.4 0.04375
0 0.26666666666666666 0.935 0.4 0.115
0 0.7333333333333333 0.120625 0.4 0.09125
0 0.7333333333333333 0.205625 0.4 0.04375
0 0.7333333333333333 0.290625 0.4 0.09125
0 0.7333333333333333 0.3875 0.4 0.0675
0 0.7333333333333333 0.460625 0.4 0.04375
0 0.7333333333333333 0.545625 0.4 0.09125
0 0.7333333333333333 0.678125 0.4 0.13875
0 0.7333333333333333 0.786875 0.4 0.04375
0 0.7333333333333333 0.86 0.4 0.0675
