0 0.26666666666666666 0.120625 0.4 0.09125
0 0.26666666666666666 0.24125 0.4 0.115
0 0.26666666666666666 0.32625 0.4 0.02
0 0.26666666666666666 0.36375 0.4 0.02
0 0.26666666666666666 0.40125 0.4 0.02
0 0.26666666666666666 0.450625 0.4 0.04375
0 0.26666666666666666 0.511875 0.4 0.04375
0 0.26666666666666666 0.620625 0.4 0.13875
0 0.26666666666666666 0.7175 0.4 0.02
0 0.26666666666666666 0.790625 0.4 0.09125
0 0.26666666666666666 0.899375 0.4 0.09125
0 0.7333333333333333 0.085 0.4 0.02
0 0.7333333333333333 0.181875 0.4 0.13875
0 0.7333333333333333 0.290625 0.4 0.04375
0 0.7333333333333333 0.351875 0.4 0.04375
0 0.7333333333333333 0.413125 0.4 0.04375
0 0.7333333333333333 0.474375 0.4 0.04375
0 0.7333333333333333 0.535625 0.4 0.04375
0 0.7333333333333333 0.6325 0.4 0.115
0 0.7333333333333333 0.729375 0.4 0.04375
0 0.7333333333333333 0.77875 0.4 0.02
0 0.7333333333333333 0.81625 0.4 0.02
0 0.7333333333333333 0.889375 0.4 0.09125
