0 0.26666666666666666 0.096875 0.4 0.04375
0 0.26666666666666666 0.158125 0.4 0.04375
0 0.26666666666666666 0.2075 0.4 0.02
0 0.26666666666666666 0.280625 0.4 0.09125
0 0.26666666666666666 0.365625 0.4 0.04375
0 0.26666666666666666 0.450625 0.4 0.09125
0 0.26666666666666666 0.559375 0.4 0.09125
0 0.26666666666666666 0.644375 0.4 0.04375
0 0.26666666666666666 0.705625 0.4 0.04375
0 0.26666666666666666 0.814375 0.4 0.13875
0 0.7333333333333333 0.085 0.4 0.02
0 0.7333333333333333 0.158125 0.4 0.09125
0 0.7333333333333333 0.27875 0.4 0.115
0 0.7333333333333333 0.3875 0.4 0.0675
0 0.7333333333333333 0.460625 0.4 0.04375
0 0.7333333333333333 0.521875 0.4 0.04375
0 0.7333333333333333 0.606875 0.4 0.09125
0 0.7333333333333333 0.691875 0.4 0.04375
0 0.7333333333333333 0.776875 0.4 0.09125
0 0.7333333333333333 0.85 0.4 0.02
0 0.7333333333333333 0.899375 0.4 0.04375
