0 0.26666666666666666 0.1325 0.4 0.115
0 0.26666666666666666 0.253125 0.4 0.09125
0 0.26666666666666666 0.338125 0.4 0.04375
0 0.26666666666666666 0.399375 0.4 0.04375
0 0.26666666666666666 0.44875 0.4 0.02
0 0.26666666666666666 0.498125 0.4 0.04375
0 0.26666666666666666 0.583125 0.4 0.09125
0 0.26666666666666666 0.70375 0.4 0.115
0 0.26666666666666666 0.800625 0.4 0.04375
0 0.26666666666666666 0.8975 0.4 0.115
0 0.7333333333333333 0.096875 0.4 0.04375
0 0.7333333333333333 0.19375 0.4 0.115
0 0.7333333333333333 0.32625 0.4 0.115
0 0.7333333333333333 0.470625 0.4 0.13875
0 0.7333333333333333 0.59125 0.4 0.0675
0 0.7333333333333333 0.67625 0.4 0.0675
0 0.7333333333333333 0.749375 0.4 0.04375
0 0.7333333333333333 0.8225 0.4 0.0675
0 0.7333333333333333 0.895625 0.4 0.04375
