0 0.26666666666666666 0.120625 0.4 0.09125
0 0.26666666666666666 0.229375 0.4 0.09125
0 0.26666666666666666 0.338125 0.4 0.09125
0 0.26666666666666666 0.446875 0.4 0.09125
0 0.26666666666666666 0.5675 0.4 0.115
0 0.26666666666666666 0.664375 0.4 0.04375
0 0.26666666666666666 0.71375 0.4 0.02
0 0.26666666666666666 0.763125 0.4 0.04375
0 0.26666666666666666 0.83625 0.4 0.0675
0 0.7333333333333333 0.096875 0.4 0.04375
0 0.7333333333333333 0.19375 0.4 0.115
0 0.7333333333333333 0.3025 0.4 0.0675
0 0.7333333333333333 0.375625 0.4 0.04375
0 0.7333333333333333 0.484375 0.4 0.13875
0 0.7333333333333333 0.58125 0.4 0.02
0 0.7333333333333333 0.69 0.4 0.1625
0 0.7333333333333333 0.79875 0.4 0.02
0 0.7333333333333333 0.86 0.4 0.0675
