0 0.26666666666666666 0.096875 0.4 0.04375
0 0.26666666666666666 0.158125 0.4 0.04375
0 0.26666666666666666 0.2075 0.4 0.02
0 0.26666666666666666 0.280625 0.4 0.09125
0 0.26666666666666666 0.365625 0.4 0.04375
0 0.26666666666666666 0.43875 0.4 0.0675
0 0.26666666666666666 0.511875 0.4 0.04375
0 0.26666666666666666 0.56125 0.4 0.02
0 0.26666666666666666 0.610625 0.4 0.04375
0 0.26666666666666666 0.671875 0.4 0.04375
0 0.26666666666666666 0.76875 0.4 0.115
0 0.26666666666666666 0.889375 0.4 0.09125
0 0.7333333333333333 0.1325 0.4 0.115
0 0.7333333333333333 0.24125 0.4 0.0675
0 0.7333333333333333 0.314375 0.4 0.04375
0 0.7333333333333333 0.399375 0.4 0.09125
0 0.7333333333333333 0.484375 0.4 0.04375
0 0.7333333333333333 0.545625 0.4 0.04375
0 0.7333333333333333 0.595 0.4 0.02
0 0.7333333333333333 0.6325 0.4 0.02
0 0.7333333333333333 0.681875 0.4 0.04375
0 0.7333333333333333 0.77875 0.4 0.115
0 0.7333333333333333 0.875625 0.4 0.04375
