0 0.26666666666666666 0.120625 0.4 0.09125
0 0.26666666666666666 0.205625 0.4 0.04375
0 0.26666666666666666 0.290625 0.4 0.09125
0 0.26666666666666666 0.399375 0.4 0.09125
0 0.26666666666666666 0.484375 0.4 0.04375
0 0.26666666666666666 0.58125 0.4 0.115
0 0.26666666666666666 0.71375 0.4 0.115
0 0.26666666666666666 0.834375 0.4 0.09125
0 0.7333333333333333 0.096875 0.4 0.04375
0 0.7333333333333333 0.205625 0.4 0.13875
0 0.7333333333333333 0.314375 0.4 0.04375
0 0.7333333333333333 0.399375 0.4 0.09125
0 0.7333333333333333 0.484375 0.4 0.04375
0 0.7333333333333333 0.53375 0.4 0.02
0 0.7333333333333333 0.57125 0.4 0.02
0 0.7333333333333333 0.620625 0.4 0.04375
0 0.7333333333333333 0.681875 0.4 0.04375
0 0.7333333333333333 0.755 0.4 0.0675
0 0.7333333333333333 0.84 0.4 0.0675
