0 0.26666666666666666 0.120625 0.4 0.09125
0 0.26666666666666666 0.205625 0.4 0.04375
0 0.26666666666666666 0.266875 0.4 0.04375
0 0.26666666666666666 0.375625 0.4 0.13875
0 0.26666666666666666 0.508125 0.4 0.09125
0 0.26666666666666666 0.593125 0.4 0.04375
0 0.26666666666666666 0.6425 0.4 0.02
0 0.26666666666666666 0.691875 0.4 0.04375
0 0.26666666666666666 0.776875 0.4 0.09125
0 0.26666666666666666 0.861875 0.4 0.04375
0 0.7333333333333333 0.15625 0.4 0.1625
0 0.7333333333333333 0.28875 0.4 0.0675
0 0.7333333333333333 0.35 0.4 0.02
0 0.7333333333333333 0.41125 0.4 0.0675
0 0.7333333333333333 0.484375 0.4 0.04375
0 0.7333333333333333 0.569375 0.4 0.09125
0 0.7333333333333333 0.654375 0.4 0.04375
0 0.7333333333333333 0.715625 0.4 0.04375
0 0.7333333333333333 0.776875 0.4 0.04375
0 0.7333333333333333 0.87375 0.4 0.115
