0 0.26666666666666666 0.085 0.4 0.02
0 0.26666666666666666 0.134375 0.4 0.04375
0 0.26666666666666666 0.195625 0.4 0.04375
0 0.26666666666666666 0.245 0.4 0.02
0 0.26666666666666666 0.318125 0.4 0.09125
0 0.26666666666666666 0.43875 0.4 0.115
0 0.26666666666666666 0.559375 0.4 0.09125
0 0.26666666666666666 0.68 0.4 0.115
0 0.26666666666666666 0.776875 0.4 0.04375
0 0.26666666666666666 0.838125 0.4 0.04375
0 0.26666666666666666 0.935 0.4 0.115
0 0.7333333333333333 0.1325 0.4 0.115
0 0.7333333333333333 0.2175 0.4 0.02
0 0.7333333333333333 0.290625 0.4 0.09125
0 0.7333333333333333 0.36375 0.4 0.02
0 0.7333333333333333 0.44875 0.4 0.115
0 0.7333333333333333 0.545625 0.4 0.04375
0 0.7333333333333333 0.61875 0.4 0.0675
0 0.7333333333333333 0.691875 0.4 0.04375
0 0.7333333333333333 0.74125 0.4 0.02
0 0.7333333333333333 0.790625 0.4 0.04375
0 0.7333333333333333 0.851875 0.4 0.04375
