0 0.26666666666666666 0.096875 0.4 0.04375
0 0.26666666666666666 0.17 0.4 0.0675
0 0.26666666666666666 0.290625 0.4 0.13875
0 0.26666666666666666 0.399375 0.4 0.04375
0 0.26666666666666666 0.460625 0.4 0.04375
0 0.26666666666666666 0.521875 0.4 0.04375
0 0.26666666666666666 0.583125 0.4 0.04375
0 0.26666666666666666 0.644375 0.4 0.04375
0 0.26666666666666666 0.74125 0.4 0.115
0 0.26666666666666666 0.838125 0.4 0.04375
0 0.26666666666666666 0.8875 0.4 0.02
0 0.7333333333333333 0.085 0.4 0.02
0 0.7333333333333333 0.14625 0.4 0.0675
0 0.7333333333333333 0.219375 0.4 0.04375
0 0.7333333333333333 0.26875 0.4 0.02
0 0.7333333333333333 0.30625 0.4 0.02
0 0.7333333333333333 0.39125 0.4 0.115
0 0.7333333333333333 0.488125 0.4 0.04375
0 0.7333333333333333 0.573125 0.4 0.09125
0 0.7333333333333333 0.69375 0.4 0.115
0 0.7333333333333333 0.77875 0.4 0.02
0 0.7333333333333333 0.828125 0.4 0.04375
0 0.7333333333333333 0.889375 0.4 0.04375
