0 0.26666666666666666 0.096875 0.4 0.04375
0 0.26666666666666666 0.14625 0.4 0.02
0 0.26666666666666666 0.18375 0.4 0.02
0 0.26666666666666666 0.233125 0.4 0.04375
0 0.26666666666666666 0.294375 0.4 0.04375
0 0.26666666666666666 0.355625 0.4 0.04375
0 0.26666666666666666 0.405 0.4 0.02
0 0.26666666666666666 0.501875 0.4 0.13875
0 0.26666666666666666 0.59875 0.4 0.02
0 0.26666666666666666 0.648125 0.4 0.04375
0 0.26666666666666666 0.733125 0.4 0.09125
0 0.26666666666666666 0.818125 0.4 0.04375
0 0.26666666666666666 0.93875 0.4 0.1625
0 0.7333333333333333 0.085 0.4 0.02
0 0.7333333333333333 0.17 0.4 0.115
0 0.7333333333333333 0.314375 0.4 0.13875
0 0.7333333333333333 0.45875 0.4 0.115
0 0.7333333333333333 0.579375 0.4 0.09125
0 0.7333333333333333 0.664375 0.4 0.04375
0 0.7333333333333333 0.749375 0.4 0.09125
0 0.7333333333333333 0.834375 0.4 0.04375
0 0.7333333333333333 0.93125 0.4 0.115
