0 0.26666666666666666 0.120625 0.4 0.09125
0 0.26666666666666666 0.205625 0.4 0.04375
0 0.26666666666666666 0.27875 0.4 0.0675
0 0.26666666666666666 0.351875 0.4 0.04375
0 0.26666666666666666 0.40125 0.4 0.02
0 0.26666666666666666 0.450625 0.4 0.04375
0 0.26666666666666666 0.511875 0.4 0.04375
0 0.26666666666666666 0.573125 0.4 0.04375
0 0.26666666666666666 0.67 0.4 0.115
0 0.26666666666666666 0.755 0.4 0.02
0 0.26666666666666666 0.7925 0.4 0.02
0 0.26666666666666666 0.83 0.4 0.02
0 0.26666666666666666 0.879375 0.4 0.04375
0 0.7333333333333333 0.096875 0.4 0.04375
0 0.7333333333333333 0.19375 0.4 0.115
0 0.7333333333333333 0.290625 0.4 0.04375
0 0.7333333333333333 0.375625 0.4 0.09125
0 0.7333333333333333 0.484375 0.4 0.09125
0 0.7333333333333333 0.5575 0.4 0.02
0 0.7333333333333333 0.630625 0.4 0.09125
0 0.7333333333333333 0.715625 0.4 0.04375
0 0.7333333333333333 0.776875 0.4 0.04375
0 0.7333333333333333 0.85 0.4 0.0675
