0 0.26666666666666666 0.10875 0.4 0.0675
0 0.26666666666666666 0.17 0.4 0.02
0 0.26666666666666666 0.219375 0.4 0.04375
0 0.26666666666666666 0.280625 0.4 0.04375
0 0.26666666666666666 0.341875 0.4 0.04375
0 0.26666666666666666 0.43875 0.4 0.115
0 0.26666666666666666 0.583125 0.4 0.13875
0 0.26666666666666666 0.691875 0.4 0.04375
0 0.26666666666666666 0.78875 0.4 0.115
0 0.26666666666666666 0.885625 0.4 0.04375
0 0.7333333333333333 0.096875 0.4 0.04375
0 0.7333333333333333 0.17 0.4 0.0675
0 0.7333333333333333 0.243125 0.4 0.04375
0 0.7333333333333333 0.31625 0.4 0.0675
0 0.7333333333333333 0.3775 0.4 0.02
0 0.7333333333333333 0.426875 0.4 0.04375
0 0.7333333333333333 0.52375 0.4 0.115
0 0.7333333333333333 0.60875 0.4 0.02
0 0.7333333333333333 0.67 0.4 0.0675
0 0.7333333333333333 0.743125 0.4 0.04375
0 0.7333333333333333 0.7925 0.4 0.02
0 0.7333333333333333 0.83 0.4 0.02
0 0.7333333333333333 0.926875 0.4 0.13875
