0 0.26666666666666666 0.120625 0.4 0.09125
0 0.26666666666666666 0.265 0.4 0.1625
0 0.26666666666666666 0.37375 0.4 0.02
0 0.26666666666666666 0.423125 0.4 0.04375
0 0.26666666666666666 0.508125 0.4 0.09125
0 0.26666666666666666 0.593125 0.4 0.04375
0 0.26666666666666666 0.678125 0.4 0.09125
0 0.26666666666666666 0.763125 0.4 0.04375
0 0.26666666666666666 0.824375 0.4 0.04375
0 0.26666666666666666 0.92125 0.4 0.115
0 0.7333333333333333 0.120625 0.4 0.09125
0 0.7333333333333333 0.205625 0.4 0.04375
0 0.7333333333333333 0.290625 0.4 0.09125
0 0.7333333333333333 0.399375 0.4 0.09125
0 0.7333333333333333 0.54375 0.4 0.1625
0 0.7333333333333333 0.711875 0.4 0.13875
0 0.7333333333333333 0.820625 0.4 0.04375
0 0.7333333333333333 0.929375 0.4 0.13875
