0 0.26666666666666666 0.120625 0.4 0.09125
0 0.26666666666666666 0.2175 0.4 0.0675
0 0.26666666666666666 0.3025 0.4 0.0675
0 0.26666666666666666 0.375625 0.4 0.04375
0 0.26666666666666666 0.44875 0.4 0.0675
0 0.26666666666666666 0.521875 0.4 0.04375
0 0.26666666666666666 0.583125 0.4 0.04375
0 0.26666666666666666 0.644375 0.4 0.04375
0 0.26666666666666666 0.7175 0.4 0.0675
0 0.26666666666666666 0.77875 0.4 0.02
0 0.26666666666666666 0.851875 0.4 0.09125
0 0.7333333333333333 0.096875 0.4 0.04375
0 0.7333333333333333 0.14625 0.4 0.02
0 0.7333333333333333 0.23125 0.4 0.115
0 0.7333333333333333 0.31625 0.4 0.02
0 0.7333333333333333 0.365625 0.4 0.04375
0 0.7333333333333333 0.450625 0.4 0.09125
0 0.7333333333333333 0.535625 0.4 0.04375
0 0.7333333333333333 0.620625 0.4 0.09125
0 0.7333333333333333 0.705625 0.4 0.04375
0 0.7333333333333333 0.766875 0.4 0.04375
0 0.7333333333333333 0.86375 0.4 0.115
