0 0.26666666666666666 0.096875 0.4 0.04375
0 0.26666666666666666 0.205625 0.4 0.13875
0 0.26666666666666666 0.338125 0.4 0.09125
0 0.26666666666666666 0.423125 0.4 0.04375
0 0.26666666666666666 0.484375 0.4 0.04375
0 0.26666666666666666 0.58125 0.4 0.115
0 0.26666666666666666 0.678125 0.4 0.04375
0 0.26666666666666666 0.739375 0.4 0.04375
0 0.26666666666666666 0.824375 0.4 0.09125
0 0.7333333333333333 0.096875 0.4 0.04375
0 0.7333333333333333 0.205625 0.4 0.13875
0 0.7333333333333333 0.314375 0.4 0.04375
0 0.7333333333333333 0.375625 0.4 0.04375
0 0.7333333333333333 0.436875 0.4 0.04375
0 0.7333333333333333 0.545625 0.4 0.13875
0 0.7333333333333333 0.6425 0.4 0.02
0 0.7333333333333333 0.739375 0.4 0.13875
0 0.7333333333333333 0.848125 0.4 0.04375
