0 0.26666666666666666 0.096875 0.4 0.04375
0 0.26666666666666666 0.205625 0.4 0.13875
0 0.26666666666666666 0.314375 0.4 0.04375
0 0.26666666666666666 0.375625 0.4 0.04375
0 0.26666666666666666 0.460625 0.4 0.09125
0 0.26666666666666666 0.545625 0.4 0.04375
0 0.26666666666666666 0.6425 0.4 0.115
0 0.26666666666666666 0.786875 0.4 0.13875
0 0.26666666666666666 0.88375 0.4 0.02
0 0.7333333333333333 0.085 0.4 0.02
0 0.7333333333333333 0.17 0.4 0.115
0 0.7333333333333333 0.266875 0.4 0.04375
0 0.7333333333333333 0.34 0.4 0.0675
0 0.7333333333333333 0.413125 0.4 0.04375
0 0.7333333333333333 0.474375 0.4 0.04375
0 0.7333333333333333 0.52375 0.4 0.02
0 0.7333333333333333 0.56125 0.4 0.02
0 0.7333333333333333 0.64625 0.4 0.115
0 0.7333333333333333 0.766875 0.4 0.09125
0 0.7333333333333333 0.851875 0.4 0.04375
