0 0.26666666666666666 0.096875 0.4 0.04375
0 0.26666666666666666 0.158125 0.4 0.04375
0 0.26666666666666666 0.219375 0.4 0.04375
0 0.26666666666666666 0.2925 0.4 0.0675
0 0.26666666666666666 0.389375 0.4 0.09125
0 0.26666666666666666 0.498125 0.4 0.09125
0 0.26666666666666666 0.583125 0.4 0.04375
0 0.26666666666666666 0.644375 0.4 0.04375
0 0.26666666666666666 0.705625 0.4 0.04375
0 0.26666666666666666 0.766875 0.4 0.04375
0 0.26666666666666666 0.828125 0.4 0.04375
0 0.26666666666666666 0.913125 0.4 0.09125
0 0.7333333333333333 0.15625 0.4 0.1625
0 0.7333333333333333 0.276875 0.4 0.04375
0 0.7333333333333333 0.338125 0.4 0.04375
0 0.7333333333333333 0.3875 0.4 0.02
0 0.7333333333333333 0.436875 0.4 0.04375
0 0.7333333333333333 0.521875 0.4 0.09125
0 0.7333333333333333 0.606875 0.4 0.04375
0 0.7333333333333333 0.668125 0.4 0.04375
0 0.7333333333333333 0.765 0.4 0.115
0 0.7333333333333333 0.885625 0.4 0.09125
