0 0.26666666666666666 0.1325 0.4 0.115
0 0.26666666666666666 0.229375 0.4 0.04375
0 0.26666666666666666 0.314375 0.4 0.09125
0 0.26666666666666666 0.41125 0.4 0.0675
0 0.26666666666666666 0.4725 0.4 0.02
0 0.26666666666666666 0.51 0.4 0.02
0 0.26666666666666666 0.559375 0.4 0.04375
0 0.26666666666666666 0.6325 0.4 0.0675
0 0.26666666666666666 0.69375 0.4 0.02
0 0.26666666666666666 0.743125 0.4 0.04375
0 0.26666666666666666 0.804375 0.4 0.04375
0 0.26666666666666666 0.85375 0.4 0.02
0 0.26666666666666666 0.89125 0.4 0.02
0 0.7333333333333333 0.096875 0.4 0.04375
0 0.7333333333333333 0.158125 0.4 0.04375
0 0.7333333333333333 0.243125 0.4 0.09125
0 0.7333333333333333 0.31625 0.4 0.02
0 0.7333333333333333 0.365625 0.4 0.04375
0 0.7333333333333333 0.426875 0.4 0.04375
0 0.7333333333333333 0.47625 0.4 0.02
0 0.7333333333333333 0.525625 0.4 0.04375
0 0.7333333333333333 0.586875 0.4 0.04375
0 0.7333333333333333 0.671875 0.4 0.09125
0 0.7333333333333333 0.756875 0.4 0.04375
0 0.7333333333333333 0.80625 0.4 0.02
0 0.7333333333333333 0.855625 0.4 0.04375
