0 0.26666666666666666 0.085 0.4 0.02
0 0.26666666666666666 0.134375 0.4 0.04375
0 0.26666666666666666 0.23125 0.4 0.115
0 0.26666666666666666 0.328125 0.4 0.04375
0 0.26666666666666666 0.436875 0.4 0.13875
0 0.26666666666666666 0.53375 0.4 0.02
0 0.26666666666666666 0.61875 0.4 0.115
0 0.26666666666666666 0.7275 0.4 0.0675
0 0.26666666666666666 0.800625 0.4 0.04375
0 0.26666666666666666 0.861875 0.4 0.04375
0 0.7333333333333333 0.096875 0.4 0.04375
0 0.7333333333333333 0.17 0.4 0.0675
0 0.7333333333333333 0.243125 0.4 0.04375
0 0.7333333333333333 0.31625 0.4 0.0675
0 0.7333333333333333 0.3775 0.4 0.02
0 0.7333333333333333 0.474375 0.4 0.13875
0 0.7333333333333333 0.583125 0.4 0.04375
0 0.7333333333333333 0.644375 0.4 0.04375
0 0.7333333333333333 0.69375 0.4 0.02
0 0.7333333333333333 0.77875 0.4 0.115
0 0.7333333333333333 0.923125 0.4 0.13875
