0 0.26666666666666666 0.096875 0.4 0.04375
0 0.26666666666666666 0.158125 0.4 0.04375
0 0.26666666666666666 0.2075 0.4 0.02
0 0.26666666666666666 0.256875 0.4 0.04375
0 0.26666666666666666 0.318125 0.4 0.04375
0 0.26666666666666666 0.379375 0.4 0.04375
0 0.26666666666666666 0.440625 0.4 0.04375
0 0.26666666666666666 0.5375 0.4 0.115
0 0.26666666666666666 0.634375 0.4 0.04375
0 0.26666666666666666 0.695625 0.4 0.04375
0 0.26666666666666666 0.756875 0.4 0.04375
0 0.26666666666666666 0.83 0.4 0.0675
0 0.26666666666666666 0.903125 0.4 0.04375
0 0.7333333333333333 0.096875 0.4 0.04375
0 0.7333333333333333 0.181875 0.4 0.09125
0 0.7333333333333333 0.27875 0.4 0.0675
0 0.7333333333333333 0.351875 0.4 0.04375
0 0.7333333333333333 0.413125 0.4 0.04375
0 0.7333333333333333 0.474375 0.4 0.04375
0 0.7333333333333333 0.583125 0.4 0.13875
0 0.7333333333333333 0.70375 0.4 0.0675
0 0.7333333333333333 0.78875 0.4 0.0675
0 0.7333333333333333 0.861875 0.4 0.04375
