0 0.26666666666666666 0.096875 0.4 0.04375
0 0.26666666666666666 0.158125 0.4 0.04375
0 0.26666666666666666 0.243125 0.4 0.09125
0 0.26666666666666666 0.31625 0.4 0.02
0 0.26666666666666666 0.35375 0.4 0.02
0 0.26666666666666666 0.43875 0.4 0.115
0 0.26666666666666666 0.535625 0.4 0.04375
0 0.26666666666666666 0.620625 0.4 0.09125
0 0.26666666666666666 0.74125 0.4 0.115
0 0.26666666666666666 0.838125 0.4 0.04375
0 0.26666666666666666 0.923125 0.4 0.09125
0 0.7333333333333333 0.120625 0.4 0.09125
0 0.7333333333333333 0.205625 0.4 0.04375
0 0.7333333333333333 0.27875 0.4 0.0675
0 0.7333333333333333 0.34 0.4 0.02
0 0.7333333333333333 0.389375 0.4 0.04375
0 0.7333333333333333 0.498125 0.4 0.13875
0 0.7333333333333333 0.66625 0.4 0.1625
0 0.7333333333333333 0.834375 0.4 0.13875
