0 0.26666666666666666 0.096875 0.4 0.04375
0 0.26666666666666666 0.158125 0.4 0.04375
0 0.26666666666666666 0.219375 0.4 0.04375
0 0.26666666666666666 0.280625 0.4 0.04375
0 0.26666666666666666 0.341875 0.4 0.04375
0 0.26666666666666666 0.403125 0.4 0.04375
0 0.26666666666666666 0.464375 0.4 0.04375
0 0.26666666666666666 0.585 0.4 0.1625
0 0.26666666666666666 0.753125 0.4 0.13875
0 0.26666666666666666 0.85 0.4 0.02
0 0.26666666666666666 0.95875 0.4 0.1625
0 0.7333333333333333 0.120625 0.4 0.09125
0 0.7333333333333333 0.205625 0.4 0.04375
0 0.7333333333333333 0.290625 0.4 0.09125
0 0.7333333333333333 0.399375 0.4 0.09125
0 0.7333333333333333 0.49625 0.4 0.0675
0 0.7333333333333333 0.616875 0.4 0.13875
0 0.7333333333333333 0.749375 0.4 0.09125
0 0.7333333333333333 0.8225 0.4 0.02
0 0.7333333333333333 0.86 0.4 0.02
