0 0.26666666666666666 0.096875 0.4 0.04375
0 0.26666666666666666 0.158125 0.4 0.04375
0 0.26666666666666666 0.219375 0.4 0.04375
0 0.26666666666666666 0.280625 0.4 0.04375
0 0.26666666666666666 0.365625 0.4 0.09125
0 0.26666666666666666 0.474375 0.4 0.09125
0 0.26666666666666666 0.5475 0.4 0.02
0 0.26666666666666666 0.60875 0.4 0.0675
0 0.26666666666666666 0.67 0.4 0.02
0 0.26666666666666666 0.755 0.4 0.115
0 0.26666666666666666 0.851875 0.4 0.04375
0 0.7333333333333333 0.085 0.4 0.02
0 0.7333333333333333 0.14625 0.4 0.0675
0 0.7333333333333333 0.2075 0.4 0.02
0 0.7333333333333333 0.245 0.4 0.02
0 0.7333333333333333 0.294375 0.4 0.04375
0 0.7333333333333333 0.39125 0.4 0.115
0 0.7333333333333333 0.488125 0.4 0.04375
0 0.7333333333333333 0.549375 0.4 0.04375
0 0.7333333333333333 0.634375 0.4 0.09125
0 0.7333333333333333 0.7075 0.4 0.02
0 0.7333333333333333 0.756875 0.4 0.04375
0 0.7333333333333333 0.818125 0.4 0.04375
0 0.7333333333333333 0.879375 0.4 0.04375
