0 0.26666666666666666 0.144375 0.4 0.13875
0 0.26666666666666666 0.24125 0.4 0.02
0 0.26666666666666666 0.3025 0.4 0.0675
0 0.26666666666666666 0.423125 0.4 0.13875
0 0.26666666666666666 0.531875 0.4 0.04375
0 0.26666666666666666 0.62875 0.4 0.115
0 0.26666666666666666 0.725625 0.4 0.04375
0 0.26666666666666666 0.810625 0.4 0.09125
0 0.26666666666666666 0.88375 0.4 0.02
0 0.7333333333333333 0.096875 0.4 0.04375
0 0.7333333333333333 0.19375 0.4 0.115
0 0.7333333333333333 0.290625 0.4 0.04375
0 0.7333333333333333 0.399375 0.4 0.13875
0 0.7333333333333333 0.49625 0.4 0.02
0 0.7333333333333333 0.605 0.4 0.1625
0 0.7333333333333333 0.749375 0.4 0.09125
0 0.7333333333333333 0.881875 0.4 0.13875
