0 0.26666666666666666 0.096875 0.4 0.04375
0 0.26666666666666666 0.158125 0.4 0.04375
0 0.26666666666666666 0.255 0.4 0.115
0 0.26666666666666666 0.34 0.4 0.02
0 0.26666666666666666 0.40125 0.4 0.0675
0 0.26666666666666666 0.4625 0.4 0.02
0 0.26666666666666666 0.52375 0.4 0.0675
0 0.26666666666666666 0.6325 0.4 0.115
0 0.26666666666666666 0.729375 0.4 0.04375
0 0.26666666666666666 0.82625 0.4 0.115
0 0.7333333333333333 0.144375 0.4 0.13875
0 0.7333333333333333 0.24125 0.4 0.02
0 0.7333333333333333 0.32625 0.4 0.115
0 0.7333333333333333 0.423125 0.4 0.04375
0 0.7333333333333333 0.484375 0.4 0.04375
0 0.7333333333333333 0.545625 0.4 0.04375
0 0.7333333333333333 0.595 0.4 0.02
0 0.7333333333333333 0.644375 0.4 0.04375
0 0.7333333333333333 0.74125 0.4 0.115
0 0.7333333333333333 0.838125 0.4 0.04375
0 0.7333333333333333 0.95875 0.4 0.1625
