0 0.26666666666666666 0.10875 0.4 0.0675
0 0.26666666666666666 0.205625 0.4 0.09125
0 0.26666666666666666 0.314375 0.4 0.09125
0 0.26666666666666666 0.399375 0.4 0.04375
0 0.26666666666666666 0.52 0.4 0.1625
0 0.26666666666666666 0.6525 0.4 0.0675
0 0.26666666666666666 0.7375 0.4 0.0675
0 0.26666666666666666 0.810625 0.4 0.04375
0 0.26666666666666666 0.88375 0.4 0.0675
0 0.7333333333333333 0.096875 0.4 0.04375
0 0.7333333333333333 0.19375 0.4 0.115
0 0.7333333333333333 0.314375 0.4 0.09125
0 0.7333333333333333 0.3875 0.4 0.02
0 0.7333333333333333 0.436875 0.4 0.04375
0 0.7333333333333333 0.48625 0.4 0.02
0 0.7333333333333333 0.52375 0.4 0.02
0 0.7333333333333333 0.60875 0.4 0.115
0 0.7333333333333333 0.753125 0.4 0.13875
0 0.7333333333333333 0.909375 0.4 0.13875
