0 0.26666666666666666 0.144375 0.4 0.13875
0 0.26666666666666666 0.276875 0.4 0.09125
0 0.26666666666666666 0.361875 0.4 0.04375
0 0.26666666666666666 0.423125 0.4 0.04375
0 0.26666666666666666 0.531875 0.4 0.13875
0 0.26666666666666666 0.67625 0.4 0.115
0 0.26666666666666666 0.76125 0.4 0.02
0 0.26666666666666666 0.84625 0.4 0.115
0 0.7333333333333333 0.120625 0.4 0.09125
0 0.7333333333333333 0.205625 0.4 0.04375
0 0.7333333333333333 0.3025 0.4 0.115
0 0.7333333333333333 0.3875 0.4 0.02
0 0.7333333333333333 0.436875 0.4 0.04375
0 0.7333333333333333 0.53375 0.4 0.115
0 0.7333333333333333 0.630625 0.4 0.04375
0 0.7333333333333333 0.691875 0.4 0.04375
0 0.7333333333333333 0.776875 0.4 0.09125
0 0.7333333333333333 0.861875 0.4 0.04375
