0 0.26666666666666666 0.096875 0.4 0.04375
0 0.26666666666666666 0.181875 0.4 0.09125
0 0.26666666666666666 0.266875 0.4 0.04375
0 0.26666666666666666 0.31625 0.4 0.02
0 0.26666666666666666 0.365625 0.4 0.04375
0 0.26666666666666666 0.415 0.4 0.02
0 0.26666666666666666 0.5 0.4 0.115
0 0.26666666666666666 0.596875 0.4 0.04375
0 0.26666666666666666 0.658125 0.4 0.04375
0 0.26666666666666666 0.719375 0.4 0.04375
0 0.26666666666666666 0.84 0.4 0.1625
0 0.7333333333333333 0.096875 0.4 0.04375
0 0.7333333333333333 0.205625 0.4 0.13875
0 0.7333333333333333 0.314375 0.4 0.04375
0 0.7333333333333333 0.41125 0.4 0.115
0 0.7333333333333333 0.52 0.4 0.0675
0 0.7333333333333333 0.62875 0.4 0.115
0 0.7333333333333333 0.773125 0.4 0.13875
0 0.7333333333333333 0.881875 0.4 0.04375
