0 0.26666666666666666 0.085 0.4 0.02
0 0.26666666666666666 0.158125 0.4 0.09125
0 0.26666666666666666 0.243125 0.4 0.04375
0 0.26666666666666666 0.328125 0.4 0.09125
0 0.26666666666666666 0.413125 0.4 0.04375
0 0.26666666666666666 0.498125 0.4 0.09125
0 0.26666666666666666 0.583125 0.4 0.04375
0 0.26666666666666666 0.668125 0.4 0.09125
0 0.26666666666666666 0.78875 0.4 0.115
0 0.26666666666666666 0.885625 0.4 0.04375
0 0.7333333333333333 0.096875 0.4 0.04375
0 0.7333333333333333 0.181875 0.4 0.09125
0 0.7333333333333333 0.290625 0.4 0.09125
0 0.7333333333333333 0.399375 0.4 0.09125
0 0.7333333333333333 0.484375 0.4 0.04375
0 0.7333333333333333 0.605 0.4 0.1625
0 0.7333333333333333 0.725625 0.4 0.04375
0 0.7333333333333333 0.810625 0.4 0.09125
0 0.7333333333333333 0.93125 0.4 0.115
