0 0.26666666666666666 0.085 0.4 0.02
0 0.26666666666666666 0.1225 0.4 0.02
0 0.26666666666666666 0.195625 0.4 0.09125
0 0.26666666666666666 0.2925 0.4 0.0675
0 0.26666666666666666 0.35375 0.4 0.02
0 0.26666666666666666 0.403125 0.4 0.04375
0 0.26666666666666666 0.464375 0.4 0.04375
0 0.26666666666666666 0.525625 0.4 0.04375
0 0.26666666666666666 0.6225 0.4 0.115
0 0.26666666666666666 0.73125 0.4 0.0675
0 0.26666666666666666 0.7925 0.4 0.02
0 0.26666666666666666 0.83 0.4 0.02
0 0.26666666666666666 0.89125 0.4 0.0675
0 0.7333333333333333 0.096875 0.4 0.04375
0 0.7333333333333333 0.14625 0.4 0.02
0 0.7333333333333333 0.195625 0.4 0.04375
0 0.7333333333333333 0.256875 0.4 0.04375
0 0.7333333333333333 0.318125 0.4 0.04375
0 0.7333333333333333 0.3675 0.4 0.02
0 0.7333333333333333 0.416875 0.4 0.04375
0 0.7333333333333333 0.46625 0.4 0.02
0 0.7333333333333333 0.55125 0.4 0.115
0 0.7333333333333333 0.648125 0.4 0.04375
0 0.7333333333333333 0.709375 0.4 0.04375
0 0.7333333333333333 0.7825 0.4 0.0675
0 0.7333333333333333 0.879375 0.4 0.09125
