0 0.26666666666666666 0.1325 0.4 0.115
0 0.26666666666666666 0.229375 0.4 0.04375
0 0.26666666666666666 0.290625 0.4 0.04375
0 0.26666666666666666 0.351875 0.4 0.04375
0 0.26666666666666666 0.413125 0.4 0.04375
0 0.26666666666666666 0.474375 0.4 0.04375
0 0.26666666666666666 0.52375 0.4 0.02
0 0.26666666666666666 0.56125 0.4 0.02
0 0.26666666666666666 0.59875 0.4 0.02
0 0.26666666666666666 0.7075 0.4 0.1625
0 0.26666666666666666 0.86375 0.4 0.115
0 0.7333333333333333 0.096875 0.4 0.04375
0 0.7333333333333333 0.14625 0.4 0.02
0 0.7333333333333333 0.219375 0.4 0.09125
0 0.7333333333333333 0.304375 0.4 0.04375
0 0.7333333333333333 0.40125 0.4 0.115
0 0.7333333333333333 0.521875 0.4 0.09125
0 0.7333333333333333 0.606875 0.4 0.04375
0 0.7333333333333333 0.68 0.4 0.0675
0 0.7333333333333333 0.753125 0.4 0.04375
0 0.7333333333333333 0.814375 0.4 0.04375
0 0.7333333333333333 0.86375 0.4 0.02
