0 0.26666666666666666 0.120625 0.4 0.09125
0 0.26666666666666666 0.19375 0.4 0.02
0 0.26666666666666666 0.243125 0.4 0.04375
0 0.26666666666666666 0.304375 0.4 0.04375
0 0.26666666666666666 0.365625 0.4 0.04375
0 0.26666666666666666 0.43875 0.4 0.0675
0 0.26666666666666666 0.5 0.4 0.02
0 0.26666666666666666 0.585 0.4 0.115
0 0.26666666666666666 0.67 0.4 0.02
0 0.26666666666666666 0.719375 0.4 0.04375
0 0.26666666666666666 0.780625 0.4 0.04375
0 0.26666666666666666 0.83 0.4 0.02
0 0.26666666666666666 0.879375 0.4 0.04375
0 0.7333333333333333 0.1325 0.4 0.115
0 0.7333333333333333 0.2175 0.4 0.02
0 0.7333333333333333 0.32625 0.4 0.1625
0 0.7333333333333333 0.4825 0.4 0.115
0 0.7333333333333333 0.579375 0.4 0.04375
0 0.7333333333333333 0.6525 0.4 0.0675
0 0.7333333333333333 0.725625 0.4 0.04375
0 0.7333333333333333 0.834375 0.4 0.13875
