0 0.26666666666666666 0.085 0.4 0.02
0 0.26666666666666666 0.134375 0.4 0.04375
0 0.26666666666666666 0.195625 0.4 0.04375
0 0.26666666666666666 0.26875 0.4 0.0675
0 0.26666666666666666 0.35375 0.4 0.0675
0 0.26666666666666666 0.48625 0.4 0.1625
0 0.26666666666666666 0.595 0.4 0.02
0 0.26666666666666666 0.644375 0.4 0.04375
0 0.26666666666666666 0.705625 0.4 0.04375
0 0.26666666666666666 0.766875 0.4 0.04375
0 0.26666666666666666 0.84 0.4 0.0675
0 0.7333333333333333 0.085 0.4 0.02
0 0.7333333333333333 0.158125 0.4 0.09125
0 0.7333333333333333 0.290625 0.4 0.13875
0 0.7333333333333333 0.423125 0.4 0.09125
0 0.7333333333333333 0.508125 0.4 0.04375
0 0.7333333333333333 0.593125 0.4 0.09125
0 0.7333333333333333 0.701875 0.4 0.09125
0 0.7333333333333333 0.786875 0.4 0.04375
0 0.7333333333333333 0.848125 0.4 0.04375
