0 0.26666666666666666 0.1325 0.4 0.115
0 0.26666666666666666 0.24125 0.4 0.0675
0 0.26666666666666666 0.3025 0.4 0.02
0 0.26666666666666666 0.351875 0.4 0.04375
0 0.26666666666666666 0.413125 0.4 0.04375
0 0.26666666666666666 0.53375 0.4 0.1625
0 0.26666666666666666 0.701875 0.4 0.13875
0 0.26666666666666666 0.834375 0.4 0.09125
0 0.7333333333333333 0.096875 0.4 0.04375
0 0.7333333333333333 0.158125 0.4 0.04375
0 0.7333333333333333 0.219375 0.4 0.04375
0 0.7333333333333333 0.26875 0.4 0.02
0 0.7333333333333333 0.30625 0.4 0.02
0 0.7333333333333333 0.34375 0.4 0.02
0 0.7333333333333333 0.416875 0.4 0.09125
0 0.7333333333333333 0.49 0.4 0.02
0 0.7333333333333333 0.5275 0.4 0.02
0 0.7333333333333333 0.600625 0.4 0.09125
0 0.7333333333333333 0.685625 0.4 0.04375
0 0.7333333333333333 0.746875 0.4 0.04375
0 0.7333333333333333 0.82 0.4 0.0675
0 0.7333333333333333 0.88125 0.4 0.02
