0 0.26666666666666666 0.085 0.4 0.02
0 0.26666666666666666 0.17 0.4 0.115
0 0.26666666666666666 0.266875 0.4 0.04375
0 0.26666666666666666 0.375625 0.4 0.13875
0 0.26666666666666666 0.508125 0.4 0.09125
0 0.26666666666666666 0.605 0.4 0.0675
0 0.26666666666666666 0.678125 0.4 0.04375
0 0.26666666666666666 0.775 0.4 0.115
0 0.26666666666666666 0.871875 0.4 0.04375
0 0.7333333333333333 0.096875 0.4 0.04375
0 0.7333333333333333 0.14625 0.4 0.02
0 0.7333333333333333 0.195625 0.4 0.04375
0 0.7333333333333333 0.2925 0.4 0.115
0 0.7333333333333333 0.3775 0.4 0.02
0 0.7333333333333333 0.426875 0.4 0.04375
0 0.7333333333333333 0.488125 0.4 0.04375
0 0.7333333333333333 0.573125 0.4 0.09125
0 0.7333333333333333 0.681875 0.4 0.09125
0 0.7333333333333333 0.766875 0.4 0.04375
0 0.7333333333333333 0.851875 0.4 0.09125
