0 0.26666666666666666 0.096875 0.4 0.04375
0 0.26666666666666666 0.14625 0.4 0.02
0 0.26666666666666666 0.195625 0.4 0.04375
0 0.26666666666666666 0.256875 0.4 0.04375
0 0.26666666666666666 0.318125 0.4 0.04375
0 0.26666666666666666 0.415 0.4 0.115
0 0.26666666666666666 0.559375 0.4 0.13875
0 0.26666666666666666 0.668125 0.4 0.04375
0 0.26666666666666666 0.729375 0.4 0.04375
0 0.26666666666666666 0.82625 0.4 0.115
0 0.7333333333333333 0.10875 0.4 0.0675
0 0.7333333333333333 0.181875 0.4 0.04375
0 0.7333333333333333 0.27875 0.4 0.115
0 0.7333333333333333 0.36375 0.4 0.02
0 0.7333333333333333 0.44875 0.4 0.115
0 0.7333333333333333 0.58125 0.4 0.115
0 0.7333333333333333 0.678125 0.4 0.04375
0 0.7333333333333333 0.775 0.4 0.115
0 0.7333333333333333 0.895625 0.4 0.09125
