0 0.26666666666666666 0.1325 0.4 0.115
0 0.26666666666666666 0.229375 0.4 0.04375
0 0.26666666666666666 0.290625 0.4 0.04375
0 0.26666666666666666 0.375625 0.4 0.09125
0 0.26666666666666666 0.460625 0.4 0.04375
0 0.26666666666666666 0.5575 0.4 0.115
0 0.26666666666666666 0.654375 0.4 0.04375
0 0.26666666666666666 0.763125 0.4 0.13875
0 0.26666666666666666 0.871875 0.4 0.04375
0 0.7333333333333333 0.096875 0.4 0.04375
0 0.7333333333333333 0.158125 0.4 0.04375
0 0.7333333333333333 0.2075 0.4 0.02
0 0.7333333333333333 0.245 0.4 0.02
0 0.7333333333333333 0.294375 0.4 0.04375
0 0.7333333333333333 0.3675 0.4 0.0675
0 0.7333333333333333 0.440625 0.4 0.04375
0 0.7333333333333333 0.501875 0.4 0.04375
0 0.7333333333333333 0.586875 0.4 0.09125
0 0.7333333333333333 0.66 0.4 0.02
0 0.7333333333333333 0.709375 0.4 0.04375
0 0.7333333333333333 0.770625 0.4 0.04375
0 0.7333333333333333 0.8675 0.4 0.115
