0 0.26666666666666666 0.085 0.4 0.02
0 0.26666666666666666 0.134375 0.4 0.04375
0 0.26666666666666666 0.18375 0.4 0.02
0 0.26666666666666666 0.280625 0.4 0.13875
0 0.26666666666666666 0.389375 0.4 0.04375
0 0.26666666666666666 0.450625 0.4 0.04375
0 0.26666666666666666 0.511875 0.4 0.04375
0 0.26666666666666666 0.596875 0.4 0.09125
0 0.26666666666666666 0.681875 0.4 0.04375
0 0.26666666666666666 0.743125 0.4 0.04375
0 0.26666666666666666 0.804375 0.4 0.04375
0 0.26666666666666666 0.913125 0.4 0.13875
0 0.7333333333333333 0.120625 0.4 0.09125
0 0.7333333333333333 0.2175 0.4 0.0675
0 0.7333333333333333 0.27875 0.4 0.02
0 0.7333333333333333 0.36375 0.4 0.115
0 0.7333333333333333 0.44875 0.4 0.02
0 0.7333333333333333 0.48625 0.4 0.02
0 0.7333333333333333 0.52375 0.4 0.02
0 0.7333333333333333 0.60875 0.4 0.115
0 0.7333333333333333 0.729375 0.4 0.09125
0 0.7333333333333333 0.8025 0.4 0.02
0 0.7333333333333333 0.851875 0.4 0.04375
