0 0.26666666666666666 0.096875 0.4 0.04375
0 0.26666666666666666 0.158125 0.4 0.04375
0 0.26666666666666666 0.2075 0.4 0.02
0 0.26666666666666666 0.280625 0.4 0.09125
0 0.26666666666666666 0.365625 0.4 0.04375
0 0.26666666666666666 0.426875 0.4 0.04375
0 0.26666666666666666 0.511875 0.4 0.09125
0 0.26666666666666666 0.644375 0.4 0.13875
0 0.26666666666666666 0.74125 0.4 0.02
0 0.26666666666666666 0.838125 0.4 0.13875
0 0.7333333333333333 0.085 0.4 0.02
0 0.7333333333333333 0.134375 0.4 0.04375
0 0.7333333333333333 0.195625 0.4 0.04375
0 0.7333333333333333 0.256875 0.4 0.04375
0 0.7333333333333333 0.35375 0.4 0.115
0 0.7333333333333333 0.43875 0.4 0.02
0 0.7333333333333333 0.5 0.4 0.0675
0 0.7333333333333333 0.56125 0.4 0.02
0 0.7333333333333333 0.610625 0.4 0.04375
0 0.7333333333333333 0.671875 0.4 0.04375
0 0.7333333333333333 0.733125 0.4 0.04375
0 0.7333333333333333 0.818125 0.4 0.09125
0 0.7333333333333333 0.89125 0.4 0.02
