0 0.26666666666666666 0.096875 0.4 0.04375
0 0.26666666666666666 0.19375 0.4 0.115
0 0.26666666666666666 0.32625 0.4 0.115
0 0.26666666666666666 0.423125 0.4 0.04375
0 0.26666666666666666 0.484375 0.4 0.04375
0 0.26666666666666666 0.58125 0.4 0.115
0 0.26666666666666666 0.66625 0.4 0.02
0 0.26666666666666666 0.7275 0.4 0.0675
0 0.26666666666666666 0.848125 0.4 0.13875
0 0.7333333333333333 0.10875 0.4 0.0675
0 0.7333333333333333 0.181875 0.4 0.04375
0 0.7333333333333333 0.243125 0.4 0.04375
0 0.7333333333333333 0.2925 0.4 0.02
0 0.7333333333333333 0.341875 0.4 0.04375
0 0.7333333333333333 0.450625 0.4 0.13875
0 0.7333333333333333 0.5475 0.4 0.02
0 0.7333333333333333 0.585 0.4 0.02
0 0.7333333333333333 0.634375 0.4 0.04375
0 0.7333333333333333 0.755 0.4 0.1625
0 0.7333333333333333 0.875625 0.4 0.04375
