0 0.26666666666666666 0.085 0.4 0.02
0 0.26666666666666666 0.181875 0.4 0.13875
0 0.26666666666666666 0.290625 0.4 0.04375
0 0.26666666666666666 0.351875 0.4 0.04375
0 0.26666666666666666 0.425 0.4 0.0675
0 0.26666666666666666 0.498125 0.4 0.04375
0 0.26666666666666666 0.57125 0.4 0.0675
0 0.26666666666666666 0.6325 0.4 0.02
0 0.26666666666666666 0.67 0.4 0.02
0 0.26666666666666666 0.719375 0.4 0.04375
0 0.26666666666666666 0.780625 0.4 0.04375
0 0.26666666666666666 0.841875 0.4 0.04375
0 0.26666666666666666 0.950625 0.4 0.13875
0 0.7333333333333333 0.096875 0.4 0.04375
0 0.7333333333333333 0.14625 0.4 0.02
0 0.7333333333333333 0.195625 0.4 0.04375
0 0.7333333333333333 0.304375 0.4 0.13875
0 0.7333333333333333 0.413125 0.4 0.04375
0 0.7333333333333333 0.4625 0.4 0.02
0 0.7333333333333333 0.5 0.4 0.02
0 0.7333333333333333 0.56125 0.4 0.0675
0 0.7333333333333333 0.634375 0.4 0.04375
0 0.7333333333333333 0.68375 0.4 0.02
0 0.7333333333333333 0.733125 0.4 0.04375
0 0.7333333333333333 0.80625 0.4 0.0675
0 0.7333333333333333 0.879375 0.4 0.04375
