0 0.26666666666666666 0.1325 0.4 0.115
0 0.26666666666666666 0.265 0.4 0.115
0 0.26666666666666666 0.385625 0.4 0.09125
0 0.26666666666666666 0.494375 0.4 0.09125
0 0.26666666666666666 0.579375 0.4 0.04375
0 0.26666666666666666 0.640625 0.4 0.04375
0 0.26666666666666666 0.701875 0.4 0.04375
0 0.26666666666666666 0.763125 0.4 0.04375
0 0.26666666666666666 0.824375 0.4 0.04375
0 0.26666666666666666 0.885625 0.4 0.04375
0 0.7333333333333333 0.096875 0.4 0.04375
0 0.7333333333333333 0.181875 0.4 0.09125
0 0.7333333333333333 0.266875 0.4 0.04375
0 0.7333333333333333 0.31625 0.4 0.02
0 0.7333333333333333 0.365625 0.4 0.04375
0 0.7333333333333333 0.426875 0.4 0.04375
0 0.7333333333333333 0.488125 0.4 0.04375
0 0.7333333333333333 0.549375 0.4 0.04375
0 0.7333333333333333 0.610625 0.4 0.04375
0 0.7333333333333333 0.719375 0.4 0.13875
0 0.7333333333333333 0.86375 0.4 0.115
