0 0.26666666666666666 0.120625 0.4 0.09125
0 0.26666666666666666 0.229375 0.4 0.09125
0 0.26666666666666666 0.35 0.4 0.115
0 0.26666666666666666 0.446875 0.4 0.04375
0 0.26666666666666666 0.54375 0.4 0.115
0 0.26666666666666666 0.6525 0.4 0.0675
0 0.26666666666666666 0.725625 0.4 0.04375
0 0.26666666666666666 0.79875 0.4 0.0675
0 0.26666666666666666 0.871875 0.4 0.04375
0 0.7333333333333333 0.120625 0.4 0.09125
0 0.7333333333333333 0.19375 0.4 0.02
0 0.7333333333333333 0.243125 0.4 0.04375
0 0.7333333333333333 0.328125 0.4 0.09125
0 0.7333333333333333 0.436875 0.4 0.09125
0 0.7333333333333333 0.521875 0.4 0.04375
0 0.7333333333333333 0.57125 0.4 0.02
0 0.7333333333333333 0.65625 0.4 0.115
0 0.7333333333333333 0.765 0.4 0.0675
0 0.7333333333333333 0.885625 0.4 0.13875
