0 0.26666666666666666 0.0828125 0.4 0.040625
0 0.26666666666666666 0.1390625 0.4 0.040625
0 0.26666666666666666 0.184375 0.4 0.01875
0 0.26666666666666666 0.21875 0.4 0.01875
0 0.26666666666666666 0.253125 0.4 0.01875
0 0.26666666666666666 0.2875 0.4 0.01875
0 0.26666666666666666 0.3328125 0.4 0.040625
0 0.26666666666666666 0.3890625 0.4 0.040625
0 0.26666666666666666 0.4453125 0.4 0.040625
0 0.26666666666666666 0.5015625 0.4 0.040625
0 0.26666666666666666 0.546875 0.4 0.01875
0 0.26666666666666666 0.58125 0.4 0.01875
0 0.26666666666666666 0.6265625 0.4 0.040625
0 0.26666666666666666 0.6828125 0.4 0.040625
0 0.26666666666666666 0.7390625 0.4 0.040625
0 0.26666666666666666 0.7953125 0.4 0.040625
0 0.26666666666666666 0.8515625 0.4 0.040625
0 0.26666666666666666 0.9078125 0.4 0.040625
0 0.7333333333333333 0.0828125 0.4 0.040625
0 0.7333333333333333 0.1390625 0.4 0.040625
0 0.7333333333333333 0.1953125 0.4 0.040625
0 0.7333333333333333 0.2515625 0.4 0.040625
0 0.7333333333333333 0.3078125 0.4 0.040625
0 0.7333333333333333 0.3640625 0.4 0.040625
0 0.7333333333333333 0.4203125 0.4 0.040625
0 0.7333333333333333 0.4765625 0.4 0.040625
0 0.7333333333333333 0.5328125 0.4 0.040625
0 0.7333333333333333 0.578125 0.4 0.01875
0 0.7333333333333333 0.6234375 0.4 0.040625
0 0.7333333333333333 0.6796875 0.4 0.040625
0 0.7333333333333333 0.7359375 0.4 0.040625
0 0.7333333333333333 0.7921875 0.4 0.040625
0 0.7333333333333333 0.8484375 0.4 0.040625
0 0.7333333333333333 0.89375 0.4 0.01875
