0 0.26666666666666666 0.096875 0.4 0.04375
0 0.26666666666666666 0.158125 0.4 0.04375
0 0.26666666666666666 0.243125 0.4 0.09125
0 0.26666666666666666 0.351875 0.4 0.09125
0 0.26666666666666666 0.460625 0.4 0.09125
0 0.26666666666666666 0.53375 0.4 0.02
0 0.26666666666666666 0.57125 0.4 0.02
0 0.26666666666666666 0.620625 0.4 0.04375
0 0.26666666666666666 0.681875 0.4 0.04375
0 0.26666666666666666 0.73125 0.4 0.02
0 0.26666666666666666 0.780625 0.4 0.04375
0 0.26666666666666666 0.841875 0.4 0.04375
0 0.26666666666666666 0.950625 0.4 0.13875
0 0.7333333333333333 0.144375 0.4 0.13875
0 0.7333333333333333 0.253125 0.4 0.04375
0 0.7333333333333333 0.314375 0.4 0.04375
0 0.7333333333333333 0.375625 0.4 0.04375
0 0.7333333333333333 0.484375 0.4 0.13875
0 0.7333333333333333 0.605 0.4 0.0675
0 0.7333333333333333 0.66625 0.4 0.02
0 0.7333333333333333 0.70375 0.4 0.02
0 0.7333333333333333 0.753125 0.4 0.04375
0 0.7333333333333333 0.814375 0.4 0.04375
0 0.7333333333333333 0.875625 0.4 0.04375
