0 0.26666666666666666 0.10875 0.4 0.0675
0 0.26666666666666666 0.2175 0.4 0.115
0 0.26666666666666666 0.314375 0.4 0.04375
0 0.26666666666666666 0.375625 0.4 0.04375
0 0.26666666666666666 0.4725 0.4 0.115
0 0.26666666666666666 0.569375 0.4 0.04375
0 0.26666666666666666 0.630625 0.4 0.04375
0 0.26666666666666666 0.691875 0.4 0.04375
0 0.26666666666666666 0.753125 0.4 0.04375
0 0.26666666666666666 0.85 0.4 0.115
0 0.7333333333333333 0.096875 0.4 0.04375
0 0.7333333333333333 0.19375 0.4 0.115
0 0.7333333333333333 0.290625 0.4 0.04375
0 0.7333333333333333 0.351875 0.4 0.04375
0 0.7333333333333333 0.44875 0.4 0.115
0 0.7333333333333333 0.569375 0.4 0.09125
0 0.7333333333333333 0.66625 0.4 0.0675
0 0.7333333333333333 0.79875 0.4 0.1625
