0 0.26666666666666666 0.096875 0.4 0.04375
0 0.26666666666666666 0.181875 0.4 0.09125
0 0.26666666666666666 0.266875 0.4 0.04375
0 0.26666666666666666 0.328125 0.4 0.04375
0 0.26666666666666666 0.40125 0.4 0.0675
0 0.26666666666666666 0.474375 0.4 0.04375
0 0.26666666666666666 0.535625 0.4 0.04375
0 0.26666666666666666 0.6325 0.4 0.115
0 0.26666666666666666 0.753125 0.4 0.09125
0 0.26666666666666666 0.838125 0.4 0.04375
0 0.26666666666666666 0.91125 0.4 0.0675
0 0.7333333333333333 0.085 0.4 0.02
0 0.7333333333333333 0.134375 0.4 0.04375
0 0.7333333333333333 0.243125 0.4 0.13875
0 0.7333333333333333 0.41125 0.4 0.1625
0 0.7333333333333333 0.531875 0.4 0.04375
0 0.7333333333333333 0.593125 0.4 0.04375
0 0.7333333333333333 0.654375 0.4 0.04375
0 0.7333333333333333 0.739375 0.4 0.09125
0 0.7333333333333333 0.824375 0.4 0.04375
0 0.7333333333333333 0.909375 0.4 0.09125
