0 0.26666666666666666 0.120625 0.4 0.09125
0 0.26666666666666666 0.205625 0.4 0.04375
0 0.26666666666666666 0.290625 0.4 0.09125
0 0.26666666666666666 0.36375 0.4 0.02
0 0.26666666666666666 0.413125 0.4 0.04375
0 0.26666666666666666 0.474375 0.4 0.04375
0 0.26666666666666666 0.535625 0.4 0.04375
0 0.26666666666666666 0.596875 0.4 0.04375
0 0.26666666666666666 0.67 0.4 0.0675
0 0.26666666666666666 0.73125 0.4 0.02
0 0.26666666666666666 0.780625 0.4 0.04375
0 0.26666666666666666 0.841875 0.4 0.04375
0 0.26666666666666666 0.903125 0.4 0.04375
0 0.7333333333333333 0.096875 0.4 0.04375
0 0.7333333333333333 0.158125 0.4 0.04375
0 0.7333333333333333 0.219375 0.4 0.04375
0 0.7333333333333333 0.26875 0.4 0.02
0 0.7333333333333333 0.33 0.4 0.0675
0 0.7333333333333333 0.450625 0.4 0.13875
0 0.7333333333333333 0.5475 0.4 0.02
0 0.7333333333333333 0.596875 0.4 0.04375
0 0.7333333333333333 0.69375 0.4 0.115
0 0.7333333333333333 0.790625 0.4 0.04375
0 0.7333333333333333 0.851875 0.4 0.04375
