0 0.26666666666666666 0.096875 0.4 0.04375
0 0.26666666666666666 0.17 0.4 0.0675
0 0.26666666666666666 0.23125 0.4 0.02
0 0.26666666666666666 0.280625 0.4 0.04375
0 0.26666666666666666 0.3775 0.4 0.115
0 0.26666666666666666 0.48625 0.4 0.0675
0 0.26666666666666666 0.559375 0.4 0.04375
0 0.26666666666666666 0.620625 0.4 0.04375
0 0.26666666666666666 0.681875 0.4 0.04375
0 0.26666666666666666 0.743125 0.4 0.04375
0 0.26666666666666666 0.804375 0.4 0.04375
0 0.26666666666666666 0.865625 0.4 0.04375
0 0.7333333333333333 0.096875 0.4 0.04375
0 0.7333333333333333 0.158125 0.4 0.04375
0 0.7333333333333333 0.2075 0.4 0.02
0 0.7333333333333333 0.2925 0.4 0.115
0 0.7333333333333333 0.436875 0.4 0.13875
0 0.7333333333333333 0.53375 0.4 0.02
0 0.7333333333333333 0.57125 0.4 0.02
0 0.7333333333333333 0.620625 0.4 0.04375
0 0.7333333333333333 0.705625 0.4 0.09125
0 0.7333333333333333 0.790625 0.4 0.04375
0 0.7333333333333333 0.8875 0.4 0.115
