0 0.26666666666666666 0.096875 0.4 0.04375
0 0.26666666666666666 0.158125 0.4 0.04375
0 0.26666666666666666 0.2075 0.4 0.02
0 0.26666666666666666 0.245 0.4 0.02
0 0.26666666666666666 0.33 0.4 0.115
0 0.26666666666666666 0.4625 0.4 0.115
0 0.26666666666666666 0.606875 0.4 0.13875
0 0.26666666666666666 0.715625 0.4 0.04375
0 0.26666666666666666 0.765 0.4 0.02
0 0.26666666666666666 0.861875 0.4 0.13875
0 0.7333333333333333 0.10875 0.4 0.0675
0 0.7333333333333333 0.205625 0.4 0.09125
0 0.7333333333333333 0.3025 0.4 0.0675
0 0.7333333333333333 0.375625 0.4 0.04375
0 0.7333333333333333 0.425 0.4 0.02
0 0.7333333333333333 0.474375 0.4 0.04375
0 0.7333333333333333 0.57125 0.4 0.115
0 0.7333333333333333 0.668125 0.4 0.04375
0 0.7333333333333333 0.74125 0.4 0.0675
0 0.7333333333333333 0.8025 0.4 0.02
0 0.7333333333333333 0.8875 0.4 0.115
