0 0.26666666666666666 0.096875 0.4 0.04375
0 0.26666666666666666 0.158125 0.4 0.04375
0 0.26666666666666666 0.243125 0.4 0.09125
0 0.26666666666666666 0.328125 0.4 0.04375
0 0.26666666666666666 0.3775 0.4 0.02
0 0.26666666666666666 0.450625 0.4 0.09125
0 0.26666666666666666 0.5475 0.4 0.0675
0 0.26666666666666666 0.68 0.4 0.1625
0 0.26666666666666666 0.800625 0.4 0.04375
0 0.26666666666666666 0.8975 0.4 0.115
0 0.7333333333333333 0.085 0.4 0.02
0 0.7333333333333333 0.17 0.4 0.115
0 0.7333333333333333 0.266875 0.4 0.04375
0 0.7333333333333333 0.375625 0.4 0.13875
0 0.7333333333333333 0.508125 0.4 0.09125
0 0.7333333333333333 0.593125 0.4 0.04375
0 0.7333333333333333 0.66625 0.4 0.0675
0 0.7333333333333333 0.739375 0.4 0.04375
0 0.7333333333333333 0.800625 0.4 0.04375
0 0.7333333333333333 0.85 0.4 0.02
0 0.7333333333333333 0.899375 0.4 0.04375
