0 0.26666666666666666 0.0828125 0.4 0.040625
0 0.26666666666666666 0.128125 0.4 0.01875
0 0.26666666666666666 0.1734375 0.4 0.040625
0 0.26666666666666666 0.2296875 0.4 0.040625
0 0.26666666666666666 0.2859375 0.4 0.040625
0 0.26666666666666666 0.3421875 0.4 0.040625
0 0.26666666666666666 0.3984375 0.4 0.040625
0 0.26666666666666666 0.44375 0.4 0.01875
0 0.26666666666666666 0.4890625 0.4 0.040625
0 0.26666666666666666 0.5453125 0.4 0.040625
0 0.26666666666666666 0.6015625 0.4 0.040625
0 0.26666666666666666 0.6578125 0.4 0.040625
0 0.26666666666666666 0.7140625 0.4 0.040625
0 0.26666666666666666 0.7703125 0.4 0.040625
0 0.26666666666666666 0.8265625 0.4 0.040625
0 0.26666666666666666 0.8828125 0.4 0.040625
0 0.7333333333333333 0.071875 0.4 0.01875
0 0.7333333333333333 0.10625 0.4 0.01875
0 0.7333333333333333 0.1515625 0.4 0.040625
0 0.7333333333333333 0.2078125 0.4 0.040625
0 0.7333333333333333 0.2640625 0.4 0.040625
0 0.7333333333333333 0.3203125 0.4 0.040625
0 0.7333333333333333 0.3765625 0.4 0.040625
0 0.7333333333333333 0.421875 0.4 0.01875
0 0.7333333333333333 0.4671875 0.4 0.040625
0 0.7333333333333333 0.5234375 0.4 0.040625
0 0.7333333333333333 0.5796875 0.4 0.040625
0 0.7333333333333333 0.625 0.4 0.01875
0 0.7333333333333333 0.6703125 0.4 0.040625
0 0.7333333333333333 0.7265625 0.4 0.040625
0 0.7333333333333333 0.7828125 0.4 0.040625
0 0.7333333333333333 0.8390625 0.4 0.040625
0 0.7333333333333333 0.8953125 0.4 0.040625
