0 0.26666666666666666 0.085 0.4 0.02
0 0.26666666666666666 0.158125 0.4 0.09125
0 0.26666666666666666 0.266875 0.4 0.09125
0 0.26666666666666666 0.34 0.4 0.02
0 0.26666666666666666 0.389375 0.4 0.04375
0 0.26666666666666666 0.43875 0.4 0.02
0 0.26666666666666666 0.47625 0.4 0.02
0 0.26666666666666666 0.56125 0.4 0.115
0 0.26666666666666666 0.658125 0.4 0.04375
0 0.26666666666666666 0.7075 0.4 0.02
0 0.26666666666666666 0.7925 0.4 0.115
0 0.26666666666666666 0.8775 0.4 0.02
0 0.7333333333333333 0.096875 0.4 0.04375
0 0.7333333333333333 0.14625 0.4 0.02
0 0.7333333333333333 0.195625 0.4 0.04375
0 0.7333333333333333 0.245 0.4 0.02
0 0.7333333333333333 0.30625 0.4 0.0675
0 0.7333333333333333 0.379375 0.4 0.04375
0 0.7333333333333333 0.440625 0.4 0.04375
0 0.7333333333333333 0.525625 0.4 0.09125
0 0.7333333333333333 0.658125 0.4 0.13875
0 0.7333333333333333 0.77875 0.4 0.0675
0 0.7333333333333333 0.86375 0.4 0.0675
