0 0.26666666666666666 0.096875 0.4 0.04375
0 0.26666666666666666 0.158125 0.4 0.04375
0 0.26666666666666666 0.219375 0.4 0.04375
0 0.26666666666666666 0.31625 0.4 0.115
0 0.26666666666666666 0.436875 0.4 0.09125
0 0.26666666666666666 0.569375 0.4 0.13875
0 0.26666666666666666 0.66625 0.4 0.02
0 0.26666666666666666 0.739375 0.4 0.09125
0 0.26666666666666666 0.8125 0.4 0.02
0 0.26666666666666666 0.861875 0.4 0.04375
0 0.7333333333333333 0.120625 0.4 0.09125
0 0.7333333333333333 0.2175 0.4 0.0675
0 0.7333333333333333 0.32625 0.4 0.115
0 0.7333333333333333 0.423125 0.4 0.04375
0 0.7333333333333333 0.484375 0.4 0.04375
0 0.7333333333333333 0.545625 0.4 0.04375
0 0.7333333333333333 0.606875 0.4 0.04375
0 0.7333333333333333 0.70375 0.4 0.115
0 0.7333333333333333 0.800625 0.4 0.04375
0 0.7333333333333333 0.885625 0.4 0.09125
