0 0.26666666666666666 0.085 0.4 0.02
0 0.26666666666666666 0.14625 0.4 0.0675
0 0.26666666666666666 0.2075 0.4 0.02
0 0.26666666666666666 0.256875 0.4 0.04375
0 0.26666666666666666 0.33 0.4 0.0675
0 0.26666666666666666 0.39125 0.4 0.02
0 0.26666666666666666 0.4525 0.4 0.0675
0 0.26666666666666666 0.525625 0.4 0.04375
0 0.26666666666666666 0.6225 0.4 0.115
0 0.26666666666666666 0.719375 0.4 0.04375
0 0.26666666666666666 0.81625 0.4 0.115
0 0.7333333333333333 0.15625 0.4 0.1625
0 0.7333333333333333 0.276875 0.4 0.04375
0 0.7333333333333333 0.361875 0.4 0.09125
0 0.7333333333333333 0.435 0.4 0.02
0 0.7333333333333333 0.484375 0.4 0.04375
0 0.7333333333333333 0.545625 0.4 0.04375
0 0.7333333333333333 0.630625 0.4 0.09125
0 0.7333333333333333 0.715625 0.4 0.04375
0 0.7333333333333333 0.776875 0.4 0.04375
0 0.7333333333333333 0.87375 0.4 0.115
