0 0.26666666666666666 0.120625 0.4 0.09125
0 0.26666666666666666 0.265 0.4 0.1625
0 0.26666666666666666 0.385625 0.4 0.04375
0 0.26666666666666666 0.446875 0.4 0.04375
0 0.26666666666666666 0.531875 0.4 0.09125
0 0.26666666666666666 0.6525 0.4 0.115
0 0.26666666666666666 0.796875 0.4 0.13875
0 0.26666666666666666 0.929375 0.4 0.09125
0 0.7333333333333333 0.096875 0.4 0.04375
0 0.7333333333333333 0.158125 0.4 0.04375
0 0.7333333333333333 0.255 0.4 0.115
0 0.7333333333333333 0.351875 0.4 0.04375
0 0.7333333333333333 0.425 0.4 0.0675
0 0.7333333333333333 0.498125 0.4 0.04375
0 0.7333333333333333 0.559375 0.4 0.04375
0 0.7333333333333333 0.620625 0.4 0.04375
0 0.7333333333333333 0.7175 0.4 0.115
0 0.7333333333333333 0.87375 0.4 0.1625
