0 0.26666666666666666 0.096875 0.4 0.04375
0 0.26666666666666666 0.205625 0.4 0.13875
0 0.26666666666666666 0.314375 0.4 0.04375
0 0.26666666666666666 0.399375 0.4 0.09125
0 0.26666666666666666 0.484375 0.4 0.04375
0 0.26666666666666666 0.58125 0.4 0.115
0 0.26666666666666666 0.678125 0.4 0.04375
0 0.26666666666666666 0.775 0.4 0.115
0 0.26666666666666666 0.871875 0.4 0.04375
0 0.7333333333333333 0.096875 0.4 0.04375
0 0.7333333333333333 0.17 0.4 0.0675
0 0.7333333333333333 0.243125 0.4 0.04375
0 0.7333333333333333 0.2925 0.4 0.02
0 0.7333333333333333 0.341875 0.4 0.04375
0 0.7333333333333333 0.403125 0.4 0.04375
0 0.7333333333333333 0.464375 0.4 0.04375
0 0.7333333333333333 0.525625 0.4 0.04375
0 0.7333333333333333 0.610625 0.4 0.09125
0 0.7333333333333333 0.73125 0.4 0.115
0 0.7333333333333333 0.851875 0.4 0.09125
