0 0.26666666666666666 0.10875 0.4 0.0675
0 0.26666666666666666 0.19375 0.4 0.0675
0 0.26666666666666666 0.290625 0.4 0.09125
0 0.26666666666666666 0.375625 0.4 0.04375
0 0.26666666666666666 0.425 0.4 0.02
0 0.26666666666666666 0.474375 0.4 0.04375
0 0.26666666666666666 0.57125 0.4 0.115
0 0.26666666666666666 0.668125 0.4 0.04375
0 0.26666666666666666 0.729375 0.4 0.04375
0 0.26666666666666666 0.790625 0.4 0.04375
0 0.26666666666666666 0.86375 0.4 0.0675
0 0.7333333333333333 0.096875 0.4 0.04375
0 0.7333333333333333 0.181875 0.4 0.09125
0 0.7333333333333333 0.290625 0.4 0.09125
0 0.7333333333333333 0.3875 0.4 0.0675
0 0.7333333333333333 0.484375 0.4 0.09125
0 0.7333333333333333 0.58125 0.4 0.0675
0 0.7333333333333333 0.654375 0.4 0.04375
0 0.7333333333333333 0.715625 0.4 0.04375
0 0.7333333333333333 0.800625 0.4 0.09125
0 0.7333333333333333 0.885625 0.4 0.04375
