0 0.26666666666666666 0.10875 0.4 0.0675
0 0.26666666666666666 0.205625 0.4 0.09125
0 0.26666666666666666 0.32625 0.4 0.115
0 0.26666666666666666 0.435 0.4 0.0675
0 0.26666666666666666 0.531875 0.4 0.09125
0 0.26666666666666666 0.616875 0.4 0.04375
0 0.26666666666666666 0.678125 0.4 0.04375
0 0.26666666666666666 0.75125 0.4 0.0675
0 0.26666666666666666 0.8125 0.4 0.02
0 0.26666666666666666 0.861875 0.4 0.04375
0 0.7333333333333333 0.085 0.4 0.02
0 0.7333333333333333 0.134375 0.4 0.04375
0 0.7333333333333333 0.255 0.4 0.1625
0 0.7333333333333333 0.3875 0.4 0.0675
0 0.7333333333333333 0.484375 0.4 0.09125
0 0.7333333333333333 0.569375 0.4 0.04375
0 0.7333333333333333 0.61875 0.4 0.02
0 0.7333333333333333 0.668125 0.4 0.04375
0 0.7333333333333333 0.753125 0.4 0.09125
0 0.7333333333333333 0.838125 0.4 0.04375
0 0.7333333333333333 0.923125 0.4 0.09125
