0 0.26666666666666666 0.085 0.4 0.02
0 0.26666666666666666 0.134375 0.4 0.04375
0 0.26666666666666666 0.195625 0.4 0.04375
0 0.26666666666666666 0.304375 0.4 0.13875
0 0.26666666666666666 0.413125 0.4 0.04375
0 0.26666666666666666 0.474375 0.4 0.04375
0 0.26666666666666666 0.535625 0.4 0.04375
0 0.26666666666666666 0.620625 0.4 0.09125
0 0.26666666666666666 0.7175 0.4 0.0675
0 0.26666666666666666 0.790625 0.4 0.04375
0 0.26666666666666666 0.86375 0.4 0.0675
0 0.7333333333333333 0.096875 0.4 0.04375
0 0.7333333333333333 0.14625 0.4 0.02
0 0.7333333333333333 0.2075 0.4 0.0675
0 0.7333333333333333 0.280625 0.4 0.04375
0 0.7333333333333333 0.341875 0.4 0.04375
0 0.7333333333333333 0.403125 0.4 0.04375
0 0.7333333333333333 0.464375 0.4 0.04375
0 0.7333333333333333 0.525625 0.4 0.04375
0 0.7333333333333333 0.634375 0.4 0.13875
0 0.7333333333333333 0.73125 0.4 0.02
0 0.7333333333333333 0.804375 0.4 0.09125
0 0.7333333333333333 0.913125 0.4 0.09125
