0 0.26666666666666666 0.10875 0.4 0.0675
0 0.26666666666666666 0.181875 0.4 0.04375
0 0.26666666666666666 0.23125 0.4 0.02
0 0.26666666666666666 0.2925 0.4 0.0675
0 0.26666666666666666 0.389375 0.4 0.09125
0 0.26666666666666666 0.474375 0.4 0.04375
0 0.26666666666666666 0.583125 0.4 0.13875
0 0.26666666666666666 0.691875 0.4 0.04375
0 0.26666666666666666 0.765 0.4 0.0675
0 0.26666666666666666 0.838125 0.4 0.04375
0 0.26666666666666666 0.935 0.4 0.115
0 0.7333333333333333 0.1325 0.4 0.115
0 0.7333333333333333 0.229375 0.4 0.04375
0 0.7333333333333333 0.314375 0.4 0.09125
0 0.7333333333333333 0.446875 0.4 0.13875
0 0.7333333333333333 0.555625 0.4 0.04375
0 0.7333333333333333 0.640625 0.4 0.09125
0 0.7333333333333333 0.7375 0.4 0.0675
0 0.7333333333333333 0.84625 0.4 0.115
