0 0.26666666666666666 0.096875 0.4 0.04375
0 0.26666666666666666 0.158125 0.4 0.04375
0 0.26666666666666666 0.243125 0.4 0.09125
0 0.26666666666666666 0.375625 0.4 0.13875
0 0.26666666666666666 0.484375 0.4 0.04375
0 0.26666666666666666 0.545625 0.4 0.04375
0 0.26666666666666666 0.606875 0.4 0.04375
0 0.26666666666666666 0.65625 0.4 0.02
0 0.26666666666666666 0.74125 0.4 0.115
0 0.26666666666666666 0.838125 0.4 0.04375
0 0.26666666666666666 0.8875 0.4 0.02
0 0.7333333333333333 0.096875 0.4 0.04375
0 0.7333333333333333 0.17 0.4 0.0675
0 0.7333333333333333 0.266875 0.4 0.09125
0 0.7333333333333333 0.351875 0.4 0.04375
0 0.7333333333333333 0.40125 0.4 0.02
0 0.7333333333333333 0.450625 0.4 0.04375
0 0.7333333333333333 0.5 0.4 0.02
0 0.7333333333333333 0.585 0.4 0.115
0 0.7333333333333333 0.69375 0.4 0.0675
0 0.7333333333333333 0.766875 0.4 0.04375
0 0.7333333333333333 0.84 0.4 0.0675
