0 0.26666666666666666 0.096875 0.4 0.04375
0 0.26666666666666666 0.14625 0.4 0.02
0 0.26666666666666666 0.195625 0.4 0.04375
0 0.26666666666666666 0.256875 0.4 0.04375
0 0.26666666666666666 0.30625 0.4 0.02
0 0.26666666666666666 0.39125 0.4 0.115
0 0.26666666666666666 0.511875 0.4 0.09125
0 0.26666666666666666 0.620625 0.4 0.09125
0 0.26666666666666666 0.74125 0.4 0.115
0 0.26666666666666666 0.838125 0.4 0.04375
0 0.26666666666666666 0.8875 0.4 0.02
0 0.7333333333333333 0.15625 0.4 0.1625
0 0.7333333333333333 0.3125 0.4 0.115
0 0.7333333333333333 0.433125 0.4 0.09125
0 0.7333333333333333 0.55375 0.4 0.115
0 0.7333333333333333 0.674375 0.4 0.09125
0 0.7333333333333333 0.7475 0.4 0.02
0 0.7333333333333333 0.796875 0.4 0.04375
0 0.7333333333333333 0.87 0.4 0.0675
