0 0.26666666666666666 0.1325 0.4 0.115
0 0.26666666666666666 0.229375 0.4 0.04375
0 0.26666666666666666 0.290625 0.4 0.04375
0 0.26666666666666666 0.34 0.4 0.02
0 0.26666666666666666 0.40125 0.4 0.0675
0 0.26666666666666666 0.521875 0.4 0.13875
0 0.26666666666666666 0.630625 0.4 0.04375
0 0.26666666666666666 0.691875 0.4 0.04375
0 0.26666666666666666 0.753125 0.4 0.04375
0 0.26666666666666666 0.82625 0.4 0.0675
0 0.26666666666666666 0.8875 0.4 0.02
0 0.7333333333333333 0.144375 0.4 0.13875
0 0.7333333333333333 0.24125 0.4 0.02
0 0.7333333333333333 0.27875 0.4 0.02
0 0.7333333333333333 0.328125 0.4 0.04375
0 0.7333333333333333 0.3775 0.4 0.02
0 0.7333333333333333 0.426875 0.4 0.04375
0 0.7333333333333333 0.488125 0.4 0.04375
0 0.7333333333333333 0.596875 0.4 0.13875
0 0.7333333333333333 0.705625 0.4 0.04375
0 0.7333333333333333 0.766875 0.4 0.04375
0 0.7333333333333333 0.851875 0.4 0.09125
