0 0.26666666666666666 0.096875 0.4 0.04375
0 0.26666666666666666 0.181875 0.4 0.09125
0 0.26666666666666666 0.266875 0.4 0.04375
0 0.26666666666666666 0.328125 0.4 0.04375
0 0.26666666666666666 0.389375 0.4 0.04375
0 0.26666666666666666 0.48625 0.4 0.115
0 0.26666666666666666 0.583125 0.4 0.04375
0 0.26666666666666666 0.644375 0.4 0.04375
0 0.26666666666666666 0.705625 0.4 0.04375
0 0.26666666666666666 0.766875 0.4 0.04375
0 0.26666666666666666 0.81625 0.4 0.02
0 0.26666666666666666 0.913125 0.4 0.13875
0 0.7333333333333333 0.120625 0.4 0.09125
0 0.7333333333333333 0.205625 0.4 0.04375
0 0.7333333333333333 0.266875 0.4 0.04375
0 0.7333333333333333 0.375625 0.4 0.13875
0 0.7333333333333333 0.484375 0.4 0.04375
0 0.7333333333333333 0.53375 0.4 0.02
0 0.7333333333333333 0.583125 0.4 0.04375
0 0.7333333333333333 0.644375 0.4 0.04375
0 0.7333333333333333 0.69375 0.4 0.02
0 0.7333333333333333 0.743125 0.4 0.04375
0 0.7333333333333333 0.86375 0.4 0.1625
