0 0.26666666666666666 0.096875 0.4 0.04375
0 0.26666666666666666 0.181875 0.4 0.09125
0 0.26666666666666666 0.27875 0.4 0.0675
0 0.26666666666666666 0.3875 0.4 0.115
0 0.26666666666666666 0.508125 0.4 0.09125
0 0.26666666666666666 0.593125 0.4 0.04375
0 0.26666666666666666 0.6425 0.4 0.02
0 0.26666666666666666 0.691875 0.4 0.04375
0 0.26666666666666666 0.753125 0.4 0.04375
0 0.26666666666666666 0.814375 0.4 0.04375
0 0.26666666666666666 0.935 0.4 0.1625
0 0.7333333333333333 0.120625 0.4 0.09125
0 0.7333333333333333 0.229375 0.4 0.09125
0 0.7333333333333333 0.35 0.4 0.115
0 0.7333333333333333 0.435 0.4 0.02
0 0.7333333333333333 0.531875 0.4 0.13875
0 0.7333333333333333 0.688125 0.4 0.13875
0 0.7333333333333333 0.80875 0.4 0.0675
0 0.7333333333333333 0.881875 0.4 0.04375
