0 0.26666666666666666 0.144375 0.4 0.13875
0 0.26666666666666666 0.24125 0.4 0.02
0 0.26666666666666666 0.27875 0.4 0.02
0 0.26666666666666666 0.328125 0.4 0.04375
0 0.26666666666666666 0.413125 0.4 0.09125
0 0.26666666666666666 0.498125 0.4 0.04375
0 0.26666666666666666 0.583125 0.4 0.09125
0 0.26666666666666666 0.668125 0.4 0.04375
0 0.26666666666666666 0.765 0.4 0.115
0 0.26666666666666666 0.861875 0.4 0.04375
0 0.7333333333333333 0.10875 0.4 0.0675
0 0.7333333333333333 0.181875 0.4 0.04375
0 0.7333333333333333 0.243125 0.4 0.04375
0 0.7333333333333333 0.31625 0.4 0.0675
0 0.7333333333333333 0.389375 0.4 0.04375
0 0.7333333333333333 0.450625 0.4 0.04375
0 0.7333333333333333 0.511875 0.4 0.04375
0 0.7333333333333333 0.573125 0.4 0.04375
0 0.7333333333333333 0.634375 0.4 0.04375
0 0.7333333333333333 0.695625 0.4 0.04375
0 0.7333333333333333 0.745 0.4 0.02
0 0.7333333333333333 0.818125 0.4 0.09125
0 0.7333333333333333 0.89125 0.4 0.02
