0 0.26666666666666666 0.120625 0.4 0.09125
0 0.26666666666666666 0.229375 0.4 0.09125
0 0.26666666666666666 0.314375 0.4 0.04375
0 0.26666666666666666 0.375625 0.4 0.04375
0 0.26666666666666666 0.460625 0.4 0.09125
0 0.26666666666666666 0.569375 0.4 0.09125
0 0.26666666666666666 0.654375 0.4 0.04375
0 0.26666666666666666 0.739375 0.4 0.09125
0 0.26666666666666666 0.824375 0.4 0.04375
0 0.26666666666666666 0.87375 0.4 0.02
0 0.7333333333333333 0.096875 0.4 0.04375
0 0.7333333333333333 0.158125 0.4 0.04375
0 0.7333333333333333 0.2075 0.4 0.02
0 0.7333333333333333 0.256875 0.4 0.04375
0 0.7333333333333333 0.318125 0.4 0.04375
0 0.7333333333333333 0.379375 0.4 0.04375
0 0.7333333333333333 0.464375 0.4 0.09125
0 0.7333333333333333 0.56125 0.4 0.0675
0 0.7333333333333333 0.6225 0.4 0.02
0 0.7333333333333333 0.671875 0.4 0.04375
0 0.7333333333333333 0.733125 0.4 0.04375
0 0.7333333333333333 0.794375 0.4 0.04375
0 0.7333333333333333 0.855625 0.4 0.04375
