0 0.26666666666666666 0.096875 0.4 0.04375
0 0.26666666666666666 0.17 0.4 0.0675
0 0.26666666666666666 0.243125 0.4 0.04375
0 0.26666666666666666 0.304375 0.4 0.04375
0 0.26666666666666666 0.365625 0.4 0.04375
0 0.26666666666666666 0.426875 0.4 0.04375
0 0.26666666666666666 0.488125 0.4 0.04375
0 0.26666666666666666 0.585 0.4 0.115
0 0.26666666666666666 0.69375 0.4 0.0675
0 0.26666666666666666 0.766875 0.4 0.04375
0 0.26666666666666666 0.828125 0.4 0.04375
0 0.26666666666666666 0.8775 0.4 0.02
0 0.7333333333333333 0.096875 0.4 0.04375
0 0.7333333333333333 0.158125 0.4 0.04375
0 0.7333333333333333 0.219375 0.4 0.04375
0 0.7333333333333333 0.26875 0.4 0.02
0 0.7333333333333333 0.341875 0.4 0.09125
0 0.7333333333333333 0.415 0.4 0.02
0 0.7333333333333333 0.488125 0.4 0.09125
0 0.7333333333333333 0.573125 0.4 0.04375
0 0.7333333333333333 0.634375 0.4 0.04375
0 0.7333333333333333 0.68375 0.4 0.02
0 0.7333333333333333 0.733125 0.4 0.04375
0 0.7333333333333333 0.794375 0.4 0.04375
0 0.7333333333333333 0.84375 0.4 0.02
0 0.7333333333333333 0.893125 0.4 0.04375
