0 0.26666666666666666 0.096875 0.4 0.04375
0 0.26666666666666666 0.158125 0.4 0.04375
0 0.26666666666666666 0.219375 0.4 0.04375
0 0.26666666666666666 0.280625 0.4 0.04375
0 0.26666666666666666 0.389375 0.4 0.13875
0 0.26666666666666666 0.521875 0.4 0.09125
0 0.26666666666666666 0.606875 0.4 0.04375
0 0.26666666666666666 0.691875 0.4 0.09125
0 0.26666666666666666 0.776875 0.4 0.04375
0 0.26666666666666666 0.838125 0.4 0.04375
0 0.26666666666666666 0.8875 0.4 0.02
0 0.7333333333333333 0.096875 0.4 0.04375
0 0.7333333333333333 0.181875 0.4 0.09125
0 0.7333333333333333 0.255 0.4 0.02
0 0.7333333333333333 0.304375 0.4 0.04375
0 0.7333333333333333 0.365625 0.4 0.04375
0 0.7333333333333333 0.426875 0.4 0.04375
0 0.7333333333333333 0.488125 0.4 0.04375
0 0.7333333333333333 0.5375 0.4 0.02
0 0.7333333333333333 0.610625 0.4 0.09125
0 0.7333333333333333 0.695625 0.4 0.04375
0 0.7333333333333333 0.756875 0.4 0.04375
0 0.7333333333333333 0.83 0.4 0.0675
0 0.7333333333333333 0.915 0.4 0.0675
