0 0.26666666666666666 0.096875 0.4 0.04375
0 0.26666666666666666 0.2175 0.4 0.1625
0 0.26666666666666666 0.338125 0.4 0.04375
0 0.26666666666666666 0.41125 0.4 0.0675
0 0.26666666666666666 0.49625 0.4 0.0675
0 0.26666666666666666 0.58125 0.4 0.0675
0 0.26666666666666666 0.69 0.4 0.115
0 0.26666666666666666 0.79875 0.4 0.0675
0 0.26666666666666666 0.9075 0.4 0.115
0 0.7333333333333333 0.085 0.4 0.02
0 0.7333333333333333 0.1225 0.4 0.02
0 0.7333333333333333 0.171875 0.4 0.04375
0 0.7333333333333333 0.26875 0.4 0.115
0 0.7333333333333333 0.365625 0.4 0.04375
0 0.7333333333333333 0.4625 0.4 0.115
0 0.7333333333333333 0.5475 0.4 0.02
0 0.7333333333333333 0.60875 0.4 0.0675
0 0.7333333333333333 0.67 0.4 0.02
0 0.7333333333333333 0.73125 0.4 0.0675
0 0.7333333333333333 0.851875 0.4 0.13875
