0 0.26666666666666666 0.096875 0.4 0.04375
0 0.26666666666666666 0.14625 0.4 0.02
0 0.26666666666666666 0.2075 0.4 0.0675
0 0.26666666666666666 0.2925 0.4 0.0675
0 0.26666666666666666 0.40125 0.4 0.115
0 0.26666666666666666 0.521875 0.4 0.09125
0 0.26666666666666666 0.606875 0.4 0.04375
0 0.26666666666666666 0.668125 0.4 0.04375
0 0.26666666666666666 0.753125 0.4 0.09125
0 0.26666666666666666 0.861875 0.4 0.09125
0 0.7333333333333333 0.096875 0.4 0.04375
0 0.7333333333333333 0.158125 0.4 0.04375
0 0.7333333333333333 0.219375 0.4 0.04375
0 0.7333333333333333 0.280625 0.4 0.04375
0 0.7333333333333333 0.33 0.4 0.02
0 0.7333333333333333 0.403125 0.4 0.09125
0 0.7333333333333333 0.52375 0.4 0.115
0 0.7333333333333333 0.6325 0.4 0.0675
0 0.7333333333333333 0.765 0.4 0.1625
0 0.7333333333333333 0.92125 0.4 0.115
