0 0.26666666666666666 0.085 0.4 0.02
0 0.26666666666666666 0.134375 0.4 0.04375
0 0.26666666666666666 0.195625 0.4 0.04375
0 0.26666666666666666 0.256875 0.4 0.04375
0 0.26666666666666666 0.30625 0.4 0.02
0 0.26666666666666666 0.379375 0.4 0.09125
0 0.26666666666666666 0.464375 0.4 0.04375
0 0.26666666666666666 0.525625 0.4 0.04375
0 0.26666666666666666 0.586875 0.4 0.04375
0 0.26666666666666666 0.671875 0.4 0.09125
0 0.26666666666666666 0.7925 0.4 0.115
0 0.26666666666666666 0.925 0.4 0.115
0 0.7333333333333333 0.085 0.4 0.02
0 0.7333333333333333 0.134375 0.4 0.04375
0 0.7333333333333333 0.255 0.4 0.1625
0 0.7333333333333333 0.375625 0.4 0.04375
0 0.7333333333333333 0.436875 0.4 0.04375
0 0.7333333333333333 0.48625 0.4 0.02
0 0.7333333333333333 0.535625 0.4 0.04375
0 0.7333333333333333 0.596875 0.4 0.04375
0 0.7333333333333333 0.681875 0.4 0.09125
0 0.7333333333333333 0.8025 0.4 0.115
0 0.7333333333333333 0.91125 0.4 0.0675
