0 0.26666666666666666 0.085 0.4 0.02
0 0.26666666666666666 0.134375 0.4 0.04375
0 0.26666666666666666 0.2075 0.4 0.0675
0 0.26666666666666666 0.280625 0.4 0.04375
0 0.26666666666666666 0.341875 0.4 0.04375
0 0.26666666666666666 0.39125 0.4 0.02
0 0.26666666666666666 0.42875 0.4 0.02
0 0.26666666666666666 0.478125 0.4 0.04375
0 0.26666666666666666 0.539375 0.4 0.04375
0 0.26666666666666666 0.600625 0.4 0.04375
0 0.26666666666666666 0.65 0.4 0.02
0 0.26666666666666666 0.6875 0.4 0.02
0 0.26666666666666666 0.736875 0.4 0.04375
0 0.26666666666666666 0.81 0.4 0.0675
0 0.26666666666666666 0.906875 0.4 0.09125
0 0.7333333333333333 0.096875 0.4 0.04375
0 0.7333333333333333 0.158125 0.4 0.04375
0 0.7333333333333333 0.219375 0.4 0.04375
0 0.7333333333333333 0.304375 0.4 0.09125
0 0.7333333333333333 0.389375 0.4 0.04375
0 0.7333333333333333 0.498125 0.4 0.13875
0 0.7333333333333333 0.606875 0.4 0.04375
0 0.7333333333333333 0.668125 0.4 0.04375
0 0.7333333333333333 0.729375 0.4 0.04375
0 0.7333333333333333 0.790625 0.4 0.04375
0 0.7333333333333333 0.875625 0.4 0.09125
