0 0.26666666666666666 0.144375 0.4 0.13875
0 0.26666666666666666 0.276875 0.4 0.09125
0 0.26666666666666666 0.35 0.4 0.02
0 0.26666666666666666 0.423125 0.4 0.09125
0 0.26666666666666666 0.531875 0.4 0.09125
0 0.26666666666666666 0.640625 0.4 0.09125
0 0.26666666666666666 0.725625 0.4 0.04375
0 0.26666666666666666 0.810625 0.4 0.09125
0 0.26666666666666666 0.88375 0.4 0.02
0 0.7333333333333333 0.144375 0.4 0.13875
0 0.7333333333333333 0.3125 0.4 0.1625
0 0.7333333333333333 0.433125 0.4 0.04375
0 0.7333333333333333 0.494375 0.4 0.04375
0 0.7333333333333333 0.555625 0.4 0.04375
0 0.7333333333333333 0.616875 0.4 0.04375
0 0.7333333333333333 0.678125 0.4 0.04375
0 0.7333333333333333 0.775 0.4 0.115
0 0.7333333333333333 0.871875 0.4 0.04375
