0 0.26666666666666666 0.096875 0.4 0.04375
0 0.26666666666666666 0.158125 0.4 0.04375
0 0.26666666666666666 0.2075 0.4 0.02
0 0.26666666666666666 0.256875 0.4 0.04375
0 0.26666666666666666 0.365625 0.4 0.13875
0 0.26666666666666666 0.53375 0.4 0.1625
0 0.26666666666666666 0.66625 0.4 0.0675
0 0.26666666666666666 0.75125 0.4 0.0675
0 0.26666666666666666 0.8125 0.4 0.02
0 0.26666666666666666 0.885625 0.4 0.09125
0 0.7333333333333333 0.120625 0.4 0.09125
0 0.7333333333333333 0.205625 0.4 0.04375
0 0.7333333333333333 0.266875 0.4 0.04375
0 0.7333333333333333 0.375625 0.4 0.13875
0 0.7333333333333333 0.484375 0.4 0.04375
0 0.7333333333333333 0.545625 0.4 0.04375
0 0.7333333333333333 0.606875 0.4 0.04375
0 0.7333333333333333 0.68 0.4 0.0675
0 0.7333333333333333 0.753125 0.4 0.04375
0 0.7333333333333333 0.814375 0.4 0.04375
0 0.7333333333333333 0.875625 0.4 0.04375
