0 0.26666666666666666 0.10875 0.4 0.0675
0 0.26666666666666666 0.2175 0.4 0.115
0 0.26666666666666666 0.32625 0.4 0.0675
0 0.26666666666666666 0.399375 0.4 0.04375
0 0.26666666666666666 0.49625 0.4 0.115
0 0.26666666666666666 0.640625 0.4 0.13875
0 0.26666666666666666 0.749375 0.4 0.04375
0 0.26666666666666666 0.810625 0.4 0.04375
0 0.26666666666666666 0.871875 0.4 0.04375
0 0.7333333333333333 0.096875 0.4 0.04375
0 0.7333333333333333 0.181875 0.4 0.09125
0 0.7333333333333333 0.255 0.4 0.02
0 0.7333333333333333 0.304375 0.4 0.04375
0 0.7333333333333333 0.365625 0.4 0.04375
0 0.7333333333333333 0.450625 0.4 0.09125
0 0.7333333333333333 0.535625 0.4 0.04375
0 0.7333333333333333 0.596875 0.4 0.04375
0 0.7333333333333333 0.67 0.4 0.0675
0 0.7333333333333333 0.743125 0.4 0.04375
0 0.7333333333333333 0.804375 0.4 0.04375
0 0.7333333333333333 0.90125 0.4 0.115
