0 0.26666666666666666 0.085 0.4 0.02
0 0.26666666666666666 0.134375 0.4 0.04375
0 0.26666666666666666 0.18375 0.4 0.02
0 0.26666666666666666 0.245 0.4 0.0675
0 0.26666666666666666 0.33 0.4 0.0675
0 0.26666666666666666 0.426875 0.4 0.09125
0 0.26666666666666666 0.5475 0.4 0.115
0 0.26666666666666666 0.644375 0.4 0.04375
0 0.26666666666666666 0.753125 0.4 0.13875
0 0.26666666666666666 0.8975 0.4 0.115
0 0.7333333333333333 0.120625 0.4 0.09125
0 0.7333333333333333 0.19375 0.4 0.02
0 0.7333333333333333 0.266875 0.4 0.09125
0 0.7333333333333333 0.351875 0.4 0.04375
0 0.7333333333333333 0.413125 0.4 0.04375
0 0.7333333333333333 0.474375 0.4 0.04375
0 0.7333333333333333 0.595 0.4 0.1625
0 0.7333333333333333 0.70375 0.4 0.02
0 0.7333333333333333 0.753125 0.4 0.04375
0 0.7333333333333333 0.85 0.4 0.115
