0 0.26666666666666666 0.085 0.4 0.02
0 0.26666666666666666 0.134375 0.4 0.04375
0 0.26666666666666666 0.195625 0.4 0.04375
0 0.26666666666666666 0.280625 0.4 0.09125
0 0.26666666666666666 0.365625 0.4 0.04375
0 0.26666666666666666 0.415 0.4 0.02
0 0.26666666666666666 0.464375 0.4 0.04375
0 0.26666666666666666 0.549375 0.4 0.09125
0 0.26666666666666666 0.681875 0.4 0.13875
0 0.26666666666666666 0.82625 0.4 0.115
0 0.7333333333333333 0.096875 0.4 0.04375
0 0.7333333333333333 0.205625 0.4 0.13875
0 0.7333333333333333 0.338125 0.4 0.09125
0 0.7333333333333333 0.423125 0.4 0.04375
0 0.7333333333333333 0.484375 0.4 0.04375
0 0.7333333333333333 0.53375 0.4 0.02
0 0.7333333333333333 0.630625 0.4 0.13875
0 0.7333333333333333 0.739375 0.4 0.04375
0 0.7333333333333333 0.78875 0.4 0.02
0 0.7333333333333333 0.838125 0.4 0.04375
0 0.7333333333333333 0.899375 0.4 0.04375
