0 0.26666666666666666 0.120625 0.4 0.09125
0 0.26666666666666666 0.205625 0.4 0.04375
0 0.26666666666666666 0.266875 0.4 0.04375
0 0.26666666666666666 0.34 0.4 0.0675
0 0.26666666666666666 0.40125 0.4 0.02
0 0.26666666666666666 0.51 0.4 0.1625
0 0.26666666666666666 0.66625 0.4 0.115
0 0.26666666666666666 0.763125 0.4 0.04375
0 0.26666666666666666 0.88375 0.4 0.1625
0 0.7333333333333333 0.096875 0.4 0.04375
0 0.7333333333333333 0.158125 0.4 0.04375
0 0.7333333333333333 0.2075 0.4 0.02
0 0.7333333333333333 0.256875 0.4 0.04375
0 0.7333333333333333 0.30625 0.4 0.02
0 0.7333333333333333 0.34375 0.4 0.02
0 0.7333333333333333 0.42875 0.4 0.115
0 0.7333333333333333 0.525625 0.4 0.04375
0 0.7333333333333333 0.610625 0.4 0.09125
0 0.7333333333333333 0.68375 0.4 0.02
0 0.7333333333333333 0.76875 0.4 0.115
0 0.7333333333333333 0.865625 0.4 0.04375
