0 0.26666666666666666 0.096875 0.4 0.04375
0 0.26666666666666666 0.158125 0.4 0.04375
0 0.26666666666666666 0.219375 0.4 0.04375
0 0.26666666666666666 0.304375 0.4 0.09125
0 0.26666666666666666 0.389375 0.4 0.04375
0 0.26666666666666666 0.4625 0.4 0.0675
0 0.26666666666666666 0.583125 0.4 0.13875
0 0.26666666666666666 0.691875 0.4 0.04375
0 0.26666666666666666 0.753125 0.4 0.04375
0 0.26666666666666666 0.838125 0.4 0.09125
0 0.7333333333333333 0.10875 0.4 0.0675
0 0.7333333333333333 0.17 0.4 0.02
0 0.7333333333333333 0.219375 0.4 0.04375
0 0.7333333333333333 0.280625 0.4 0.04375
0 0.7333333333333333 0.33 0.4 0.02
0 0.7333333333333333 0.403125 0.4 0.09125
0 0.7333333333333333 0.52375 0.4 0.115
0 0.7333333333333333 0.620625 0.4 0.04375
0 0.7333333333333333 0.729375 0.4 0.13875
0 0.7333333333333333 0.838125 0.4 0.04375
0 0.7333333333333333 0.899375 0.4 0.04375
