0 0.26666666666666666 0.096875 0.4 0.04375
0 0.26666666666666666 0.181875 0.4 0.09125
0 0.26666666666666666 0.3025 0.4 0.115
0 0.26666666666666666 0.3875 0.4 0.02
0 0.26666666666666666 0.460625 0.4 0.09125
0 0.26666666666666666 0.545625 0.4 0.04375
0 0.26666666666666666 0.595 0.4 0.02
0 0.26666666666666666 0.68 0.4 0.115
0 0.26666666666666666 0.765 0.4 0.02
0 0.26666666666666666 0.861875 0.4 0.13875
0 0.7333333333333333 0.085 0.4 0.02
0 0.7333333333333333 0.17 0.4 0.115
0 0.7333333333333333 0.290625 0.4 0.09125
0 0.7333333333333333 0.375625 0.4 0.04375
0 0.7333333333333333 0.436875 0.4 0.04375
0 0.7333333333333333 0.498125 0.4 0.04375
0 0.7333333333333333 0.559375 0.4 0.04375
0 0.7333333333333333 0.644375 0.4 0.09125
0 0.7333333333333333 0.753125 0.4 0.09125
0 0.7333333333333333 0.838125 0.4 0.04375
0 0.7333333333333333 0.946875 0.4 0.13875
