0 0.26666666666666666 0.096875 0.4 0.04375
0 0.26666666666666666 0.205625 0.4 0.13875
0 0.26666666666666666 0.37375 0.4 0.1625
0 0.26666666666666666 0.518125 0.4 0.09125
0 0.26666666666666666 0.603125 0.4 0.04375
0 0.26666666666666666 0.664375 0.4 0.04375
0 0.26666666666666666 0.71375 0.4 0.02
0 0.26666666666666666 0.763125 0.4 0.04375
0 0.26666666666666666 0.8125 0.4 0.02
0 0.26666666666666666 0.87375 0.4 0.0675
0 0.7333333333333333 0.085 0.4 0.02
0 0.7333333333333333 0.158125 0.4 0.09125
0 0.7333333333333333 0.243125 0.4 0.04375
0 0.7333333333333333 0.304375 0.4 0.04375
0 0.7333333333333333 0.365625 0.4 0.04375
0 0.7333333333333333 0.426875 0.4 0.04375
0 0.7333333333333333 0.47625 0.4 0.02
0 0.7333333333333333 0.51375 0.4 0.02
0 0.7333333333333333 0.586875 0.4 0.09125
0 0.7333333333333333 0.68375 0.4 0.0675
0 0.7333333333333333 0.76875 0.4 0.0675
0 0.7333333333333333 0.841875 0.4 0.04375
0 0.7333333333333333 0.926875 0.4 0.09125
