0 0.26666666666666666 0.144375 0.4 0.13875
0 0.26666666666666666 0.276875 0.4 0.09125
0 0.26666666666666666 0.409375 0.4 0.13875
0 0.26666666666666666 0.541875 0.4 0.09125
0 0.26666666666666666 0.674375 0.4 0.13875
0 0.26666666666666666 0.806875 0.4 0.09125
0 0.26666666666666666 0.915625 0.4 0.09125
0 0.7333333333333333 0.096875 0.4 0.04375
0 0.7333333333333333 0.158125 0.4 0.04375
0 0.7333333333333333 0.243125 0.4 0.09125
0 0.7333333333333333 0.31625 0.4 0.02
0 0.7333333333333333 0.413125 0.4 0.13875
0 0.7333333333333333 0.521875 0.4 0.04375
0 0.7333333333333333 0.606875 0.4 0.09125
0 0.7333333333333333 0.739375 0.4 0.13875
0 0.7333333333333333 0.86 0.4 0.0675
