0 0.26666666666666666 0.144375 0.4 0.13875
0 0.26666666666666666 0.28875 0.4 0.115
0 0.26666666666666666 0.3975 0.4 0.0675
0 0.26666666666666666 0.470625 0.4 0.04375
0 0.26666666666666666 0.531875 0.4 0.04375
0 0.26666666666666666 0.593125 0.4 0.04375
0 0.26666666666666666 0.654375 0.4 0.04375
0 0.26666666666666666 0.70375 0.4 0.02
0 0.26666666666666666 0.78875 0.4 0.115
0 0.26666666666666666 0.885625 0.4 0.04375
0 0.7333333333333333 0.10875 0.4 0.0675
0 0.7333333333333333 0.24125 0.4 0.1625
0 0.7333333333333333 0.361875 0.4 0.04375
0 0.7333333333333333 0.446875 0.4 0.09125
0 0.7333333333333333 0.531875 0.4 0.04375
0 0.7333333333333333 0.605 0.4 0.0675
0 0.7333333333333333 0.71375 0.4 0.115
0 0.7333333333333333 0.810625 0.4 0.04375
0 0.7333333333333333 0.895625 0.4 0.09125
