0 0.26666666666666666 0.096875 0.4 0.04375
0 0.26666666666666666 0.158125 0.4 0.04375
0 0.26666666666666666 0.255 0.4 0.115
0 0.26666666666666666 0.3875 0.4 0.115
0 0.26666666666666666 0.484375 0.4 0.04375
0 0.26666666666666666 0.58125 0.4 0.115
0 0.26666666666666666 0.66625 0.4 0.02
0 0.26666666666666666 0.715625 0.4 0.04375
0 0.26666666666666666 0.8125 0.4 0.115
0 0.7333333333333333 0.1325 0.4 0.115
0 0.7333333333333333 0.2175 0.4 0.02
0 0.7333333333333333 0.290625 0.4 0.09125
0 0.7333333333333333 0.3875 0.4 0.0675
0 0.7333333333333333 0.484375 0.4 0.09125
0 0.7333333333333333 0.616875 0.4 0.13875
0 0.7333333333333333 0.773125 0.4 0.13875
0 0.7333333333333333 0.905625 0.4 0.09125
