0 0.26666666666666666 0.085 0.4 0.02
0 0.26666666666666666 0.14625 0.4 0.0675
0 0.26666666666666666 0.2075 0.4 0.02
0 0.26666666666666666 0.304375 0.4 0.13875
0 0.26666666666666666 0.436875 0.4 0.09125
0 0.26666666666666666 0.5575 0.4 0.115
0 0.26666666666666666 0.654375 0.4 0.04375
0 0.26666666666666666 0.715625 0.4 0.04375
0 0.26666666666666666 0.800625 0.4 0.09125
0 0.26666666666666666 0.92125 0.4 0.115
0 0.7333333333333333 0.096875 0.4 0.04375
0 0.7333333333333333 0.158125 0.4 0.04375
0 0.7333333333333333 0.219375 0.4 0.04375
0 0.7333333333333333 0.328125 0.4 0.13875
0 0.7333333333333333 0.460625 0.4 0.09125
0 0.7333333333333333 0.53375 0.4 0.02
0 0.7333333333333333 0.583125 0.4 0.04375
0 0.7333333333333333 0.644375 0.4 0.04375
0 0.7333333333333333 0.705625 0.4 0.04375
0 0.7333333333333333 0.8025 0.4 0.115
0 0.7333333333333333 0.8875 0.4 0.02
