0 0.26666666666666666 0.085 0.4 0.02
0 0.26666666666666666 0.134375 0.4 0.04375
0 0.26666666666666666 0.195625 0.4 0.04375
0 0.26666666666666666 0.245 0.4 0.02
0 0.26666666666666666 0.294375 0.4 0.04375
0 0.26666666666666666 0.355625 0.4 0.04375
0 0.26666666666666666 0.440625 0.4 0.09125
0 0.26666666666666666 0.56125 0.4 0.115
0 0.26666666666666666 0.658125 0.4 0.04375
0 0.26666666666666666 0.755 0.4 0.115
0 0.26666666666666666 0.851875 0.4 0.04375
0 0.7333333333333333 0.120625 0.4 0.09125
0 0.7333333333333333 0.19375 0.4 0.02
0 0.7333333333333333 0.243125 0.4 0.04375
0 0.7333333333333333 0.304375 0.4 0.04375
0 0.7333333333333333 0.3775 0.4 0.0675
0 0.7333333333333333 0.43875 0.4 0.02
0 0.7333333333333333 0.5 0.4 0.0675
0 0.7333333333333333 0.596875 0.4 0.09125
0 0.7333333333333333 0.681875 0.4 0.04375
0 0.7333333333333333 0.77875 0.4 0.115
0 0.7333333333333333 0.899375 0.4 0.09125
