0 0.26666666666666666 0.096875 0.4 0.04375
0 0.26666666666666666 0.19375 0.4 0.115
0 0.26666666666666666 0.290625 0.4 0.04375
0 0.26666666666666666 0.36375 0.4 0.0675
0 0.26666666666666666 0.436875 0.4 0.04375
0 0.26666666666666666 0.498125 0.4 0.04375
0 0.26666666666666666 0.595 0.4 0.115
0 0.26666666666666666 0.691875 0.4 0.04375
0 0.26666666666666666 0.753125 0.4 0.04375
0 0.26666666666666666 0.814375 0.4 0.04375
0 0.26666666666666666 0.875625 0.4 0.04375
0 0.7333333333333333 0.096875 0.4 0.04375
0 0.7333333333333333 0.17 0.4 0.0675
0 0.7333333333333333 0.290625 0.4 0.13875
0 0.7333333333333333 0.399375 0.4 0.04375
0 0.7333333333333333 0.49625 0.4 0.115
0 0.7333333333333333 0.58125 0.4 0.02
0 0.7333333333333333 0.630625 0.4 0.04375
0 0.7333333333333333 0.68 0.4 0.02
0 0.7333333333333333 0.729375 0.4 0.04375
0 0.7333333333333333 0.77875 0.4 0.02
0 0.7333333333333333 0.828125 0.4 0.04375
0 0.7333333333333333 0.913125 0.4 0.09125
