0 0.26666666666666666 0.1325 0.4 0.115
0 0.26666666666666666 0.253125 0.4 0.09125
0 0.26666666666666666 0.32625 0.4 0.02
0 0.26666666666666666 0.36375 0.4 0.02
0 0.26666666666666666 0.40125 0.4 0.02
0 0.26666666666666666 0.48625 0.4 0.115
0 0.26666666666666666 0.630625 0.4 0.13875
0 0.26666666666666666 0.7275 0.4 0.02
0 0.26666666666666666 0.83625 0.4 0.1625
0 0.7333333333333333 0.1325 0.4 0.115
0 0.7333333333333333 0.229375 0.4 0.04375
0 0.7333333333333333 0.27875 0.4 0.02
0 0.7333333333333333 0.328125 0.4 0.04375
0 0.7333333333333333 0.413125 0.4 0.09125
0 0.7333333333333333 0.498125 0.4 0.04375
0 0.7333333333333333 0.559375 0.4 0.04375
0 0.7333333333333333 0.60875 0.4 0.02
0 0.7333333333333333 0.681875 0.4 0.09125
0 0.7333333333333333 0.755 0.4 0.02
0 0.7333333333333333 0.828125 0.4 0.09125
