0 0.26666666666666666 0.096875 0.4 0.04375
0 0.26666666666666666 0.158125 0.4 0.04375
0 0.26666666666666666 0.219375 0.4 0.04375
0 0.26666666666666666 0.280625 0.4 0.04375
0 0.26666666666666666 0.33 0.4 0.02
0 0.26666666666666666 0.379375 0.4 0.04375
0 0.26666666666666666 0.42875 0.4 0.02
0 0.26666666666666666 0.478125 0.4 0.04375
0 0.26666666666666666 0.539375 0.4 0.04375
0 0.26666666666666666 0.600625 0.4 0.04375
0 0.26666666666666666 0.6975 0.4 0.115
0 0.26666666666666666 0.7825 0.4 0.02
0 0.26666666666666666 0.8675 0.4 0.115
0 0.7333333333333333 0.096875 0.4 0.04375
0 0.7333333333333333 0.14625 0.4 0.02
0 0.7333333333333333 0.195625 0.4 0.04375
0 0.7333333333333333 0.256875 0.4 0.04375
0 0.7333333333333333 0.35375 0.4 0.115
0 0.7333333333333333 0.450625 0.4 0.04375
0 0.7333333333333333 0.5475 0.4 0.115
0 0.7333333333333333 0.6325 0.4 0.02
0 0.7333333333333333 0.681875 0.4 0.04375
0 0.7333333333333333 0.743125 0.4 0.04375
0 0.7333333333333333 0.851875 0.4 0.13875
