0 0.26666666666666666 0.10875 0.4 0.0675
0 0.26666666666666666 0.181875 0.4 0.04375
0 0.26666666666666666 0.23125 0.4 0.02
0 0.26666666666666666 0.280625 0.4 0.04375
0 0.26666666666666666 0.341875 0.4 0.04375
0 0.26666666666666666 0.415 0.4 0.0675
0 0.26666666666666666 0.5 0.4 0.0675
0 0.26666666666666666 0.620625 0.4 0.13875
0 0.26666666666666666 0.753125 0.4 0.09125
0 0.26666666666666666 0.861875 0.4 0.09125
0 0.7333333333333333 0.10875 0.4 0.0675
0 0.7333333333333333 0.205625 0.4 0.09125
0 0.7333333333333333 0.32625 0.4 0.115
0 0.7333333333333333 0.4825 0.4 0.1625
0 0.7333333333333333 0.59125 0.4 0.02
0 0.7333333333333333 0.640625 0.4 0.04375
0 0.7333333333333333 0.7375 0.4 0.115
0 0.7333333333333333 0.834375 0.4 0.04375
0 0.7333333333333333 0.895625 0.4 0.04375
