0 0.26666666666666666 0.120625 0.4 0.09125
0 0.26666666666666666 0.253125 0.4 0.13875
0 0.26666666666666666 0.35 0.4 0.02
0 0.26666666666666666 0.435 0.4 0.115
0 0.26666666666666666 0.555625 0.4 0.09125
0 0.26666666666666666 0.62875 0.4 0.02
0 0.26666666666666666 0.678125 0.4 0.04375
0 0.26666666666666666 0.739375 0.4 0.04375
0 0.26666666666666666 0.824375 0.4 0.09125
0 0.7333333333333333 0.1325 0.4 0.115
0 0.7333333333333333 0.253125 0.4 0.09125
0 0.7333333333333333 0.35 0.4 0.0675
0 0.7333333333333333 0.45875 0.4 0.115
0 0.7333333333333333 0.555625 0.4 0.04375
0 0.7333333333333333 0.640625 0.4 0.09125
0 0.7333333333333333 0.773125 0.4 0.13875
0 0.7333333333333333 0.881875 0.4 0.04375
