0 0.26666666666666666 0.15625 0.4 0.1625
0 0.26666666666666666 0.276875 0.4 0.04375
0 0.26666666666666666 0.338125 0.4 0.04375
0 0.26666666666666666 0.399375 0.4 0.04375
0 0.26666666666666666 0.44875 0.4 0.02
0 0.26666666666666666 0.498125 0.4 0.04375
0 0.26666666666666666 0.559375 0.4 0.04375
0 0.26666666666666666 0.620625 0.4 0.04375
0 0.26666666666666666 0.705625 0.4 0.09125
0 0.26666666666666666 0.77875 0.4 0.02
0 0.26666666666666666 0.81625 0.4 0.02
0 0.26666666666666666 0.913125 0.4 0.13875
0 0.7333333333333333 0.085 0.4 0.02
0 0.7333333333333333 0.134375 0.4 0.04375
0 0.7333333333333333 0.195625 0.4 0.04375
0 0.7333333333333333 0.256875 0.4 0.04375
0 0.7333333333333333 0.33 0.4 0.0675
0 0.7333333333333333 0.43875 0.4 0.115
0 0.7333333333333333 0.559375 0.4 0.09125
0 0.7333333333333333 0.644375 0.4 0.04375
0 0.7333333333333333 0.705625 0.4 0.04375
0 0.7333333333333333 0.755 0.4 0.02
0 0.7333333333333333 0.804375 0.4 0.04375
0 0.7333333333333333 0.85375 0.4 0.02
0 0.7333333333333333 0.903125 0.4 0.04375
