0 0.26666666666666666 0.096875 0.4 0.04375
0 0.26666666666666666 0.181875 0.4 0.09125
0 0.26666666666666666 0.266875 0.4 0.04375
0 0.26666666666666666 0.351875 0.4 0.09125
0 0.26666666666666666 0.460625 0.4 0.09125
0 0.26666666666666666 0.545625 0.4 0.04375
0 0.26666666666666666 0.595 0.4 0.02
0 0.26666666666666666 0.6325 0.4 0.02
0 0.26666666666666666 0.681875 0.4 0.04375
0 0.26666666666666666 0.743125 0.4 0.04375
0 0.26666666666666666 0.7925 0.4 0.02
0 0.26666666666666666 0.841875 0.4 0.04375
0 0.26666666666666666 0.926875 0.4 0.09125
0 0.7333333333333333 0.085 0.4 0.02
0 0.7333333333333333 0.17 0.4 0.115
0 0.7333333333333333 0.266875 0.4 0.04375
0 0.7333333333333333 0.36375 0.4 0.115
0 0.7333333333333333 0.44875 0.4 0.02
0 0.7333333333333333 0.498125 0.4 0.04375
0 0.7333333333333333 0.559375 0.4 0.04375
0 0.7333333333333333 0.6325 0.4 0.0675
0 0.7333333333333333 0.729375 0.4 0.09125
0 0.7333333333333333 0.8025 0.4 0.02
0 0.7333333333333333 0.84 0.4 0.02
0 0.7333333333333333 0.8775 0.4 0.02
