0 0.26666666666666666 0.120625 0.4 0.09125
0 0.26666666666666666 0.205625 0.4 0.04375
0 0.26666666666666666 0.266875 0.4 0.04375
0 0.26666666666666666 0.34 0.4 0.0675
0 0.26666666666666666 0.425 0.4 0.0675
0 0.26666666666666666 0.498125 0.4 0.04375
0 0.26666666666666666 0.583125 0.4 0.09125
0 0.26666666666666666 0.68 0.4 0.0675
0 0.26666666666666666 0.78875 0.4 0.115
0 0.26666666666666666 0.8975 0.4 0.0675
0 0.7333333333333333 0.10875 0.4 0.0675
0 0.7333333333333333 0.181875 0.4 0.04375
0 0.7333333333333333 0.290625 0.4 0.13875
0 0.7333333333333333 0.399375 0.4 0.04375
0 0.7333333333333333 0.460625 0.4 0.04375
0 0.7333333333333333 0.51 0.4 0.02
0 0.7333333333333333 0.559375 0.4 0.04375
0 0.7333333333333333 0.620625 0.4 0.04375
0 0.7333333333333333 0.67 0.4 0.02
0 0.7333333333333333 0.719375 0.4 0.04375
0 0.7333333333333333 0.804375 0.4 0.09125
0 0.7333333333333333 0.889375 0.4 0.04375
