0 0.26666666666666666 0.085 0.4 0.02
0 0.26666666666666666 0.134375 0.4 0.04375
0 0.26666666666666666 0.195625 0.4 0.04375
0 0.26666666666666666 0.256875 0.4 0.04375
0 0.26666666666666666 0.30625 0.4 0.02
0 0.26666666666666666 0.34375 0.4 0.02
0 0.26666666666666666 0.405 0.4 0.0675
0 0.26666666666666666 0.478125 0.4 0.04375
0 0.26666666666666666 0.59875 0.4 0.1625
0 0.26666666666666666 0.719375 0.4 0.04375
0 0.26666666666666666 0.81625 0.4 0.115
0 0.7333333333333333 0.096875 0.4 0.04375
0 0.7333333333333333 0.158125 0.4 0.04375
0 0.7333333333333333 0.219375 0.4 0.04375
0 0.7333333333333333 0.280625 0.4 0.04375
0 0.7333333333333333 0.33 0.4 0.02
0 0.7333333333333333 0.3675 0.4 0.02
0 0.7333333333333333 0.405 0.4 0.02
0 0.7333333333333333 0.454375 0.4 0.04375
0 0.7333333333333333 0.539375 0.4 0.09125
0 0.7333333333333333 0.63625 0.4 0.0675
0 0.7333333333333333 0.709375 0.4 0.04375
0 0.7333333333333333 0.770625 0.4 0.04375
0 0.7333333333333333 0.855625 0.4 0.09125
