0 0.26666666666666666 0.096875 0.4 0.04375
0 0.26666666666666666 0.17 0.4 0.0675
0 0.26666666666666666 0.243125 0.4 0.04375
0 0.26666666666666666 0.304375 0.4 0.04375
0 0.26666666666666666 0.40125 0.4 0.115
0 0.26666666666666666 0.498125 0.4 0.04375
0 0.26666666666666666 0.559375 0.4 0.04375
0 0.26666666666666666 0.620625 0.4 0.04375
0 0.26666666666666666 0.7175 0.4 0.115
0 0.26666666666666666 0.814375 0.4 0.04375
0 0.26666666666666666 0.875625 0.4 0.04375
0 0.7333333333333333 0.120625 0.4 0.09125
0 0.7333333333333333 0.19375 0.4 0.02
0 0.7333333333333333 0.243125 0.4 0.04375
0 0.7333333333333333 0.304375 0.4 0.04375
0 0.7333333333333333 0.389375 0.4 0.09125
0 0.7333333333333333 0.474375 0.4 0.04375
0 0.7333333333333333 0.559375 0.4 0.09125
0 0.7333333333333333 0.6325 0.4 0.02
0 0.7333333333333333 0.681875 0.4 0.04375
0 0.7333333333333333 0.8025 0.4 0.1625
