0 0.26666666666666666 0.120625 0.4 0.09125
0 0.26666666666666666 0.265 0.4 0.1625
0 0.26666666666666666 0.385625 0.4 0.04375
0 0.26666666666666666 0.494375 0.4 0.13875
0 0.26666666666666666 0.626875 0.4 0.09125
0 0.26666666666666666 0.711875 0.4 0.04375
0 0.26666666666666666 0.796875 0.4 0.09125
0 0.26666666666666666 0.881875 0.4 0.04375
0 0.7333333333333333 0.096875 0.4 0.04375
0 0.7333333333333333 0.158125 0.4 0.04375
0 0.7333333333333333 0.266875 0.4 0.13875
0 0.7333333333333333 0.41125 0.4 0.115
0 0.7333333333333333 0.49625 0.4 0.02
0 0.7333333333333333 0.569375 0.4 0.09125
0 0.7333333333333333 0.6425 0.4 0.02
0 0.7333333333333333 0.68 0.4 0.02
0 0.7333333333333333 0.765 0.4 0.115
0 0.7333333333333333 0.861875 0.4 0.04375
