0 0.26666666666666666 0.085 0.4 0.02
0 0.26666666666666666 0.134375 0.4 0.04375
0 0.26666666666666666 0.219375 0.4 0.09125
0 0.26666666666666666 0.304375 0.4 0.04375
0 0.26666666666666666 0.365625 0.4 0.04375
0 0.26666666666666666 0.426875 0.4 0.04375
0 0.26666666666666666 0.488125 0.4 0.04375
0 0.26666666666666666 0.549375 0.4 0.04375
0 0.26666666666666666 0.610625 0.4 0.04375
0 0.26666666666666666 0.671875 0.4 0.04375
0 0.26666666666666666 0.745 0.4 0.0675
0 0.26666666666666666 0.85375 0.4 0.115
0 0.7333333333333333 0.096875 0.4 0.04375
0 0.7333333333333333 0.205625 0.4 0.13875
0 0.7333333333333333 0.3025 0.4 0.02
0 0.7333333333333333 0.351875 0.4 0.04375
0 0.7333333333333333 0.425 0.4 0.0675
0 0.7333333333333333 0.498125 0.4 0.04375
0 0.7333333333333333 0.559375 0.4 0.04375
0 0.7333333333333333 0.620625 0.4 0.04375
0 0.7333333333333333 0.681875 0.4 0.04375
0 0.7333333333333333 0.743125 0.4 0.04375
0 0.7333333333333333 0.81625 0.4 0.0675
0 0.7333333333333333 0.8775 0.4 0.02
