0 0.26666666666666666 0.096875 0.4 0.04375
0 0.26666666666666666 0.181875 0.4 0.09125
0 0.26666666666666666 0.266875 0.4 0.04375
0 0.26666666666666666 0.31625 0.4 0.02
0 0.26666666666666666 0.365625 0.4 0.04375
0 0.26666666666666666 0.426875 0.4 0.04375
0 0.26666666666666666 0.488125 0.4 0.04375
0 0.26666666666666666 0.596875 0.4 0.13875
0 0.26666666666666666 0.7175 0.4 0.0675
0 0.26666666666666666 0.8025 0.4 0.0675
0 0.26666666666666666 0.875625 0.4 0.04375
0 0.7333333333333333 0.120625 0.4 0.09125
0 0.7333333333333333 0.24125 0.4 0.115
0 0.7333333333333333 0.338125 0.4 0.04375
0 0.7333333333333333 0.3875 0.4 0.02
0 0.7333333333333333 0.436875 0.4 0.04375
0 0.7333333333333333 0.521875 0.4 0.09125
0 0.7333333333333333 0.606875 0.4 0.04375
0 0.7333333333333333 0.65625 0.4 0.02
0 0.7333333333333333 0.705625 0.4 0.04375
0 0.7333333333333333 0.8025 0.4 0.115
0 0.7333333333333333 0.8875 0.4 0.02
