0 0.26666666666666666 0.15625 0.4 0.1625
0 0.26666666666666666 0.276875 0.4 0.04375
0 0.26666666666666666 0.338125 0.4 0.04375
0 0.26666666666666666 0.435 0.4 0.115
0 0.26666666666666666 0.579375 0.4 0.13875
0 0.26666666666666666 0.688125 0.4 0.04375
0 0.26666666666666666 0.749375 0.4 0.04375
0 0.26666666666666666 0.834375 0.4 0.09125
0 0.7333333333333333 0.096875 0.4 0.04375
0 0.7333333333333333 0.158125 0.4 0.04375
0 0.7333333333333333 0.2075 0.4 0.02
0 0.7333333333333333 0.280625 0.4 0.09125
0 0.7333333333333333 0.35375 0.4 0.02
0 0.7333333333333333 0.403125 0.4 0.04375
0 0.7333333333333333 0.464375 0.4 0.04375
0 0.7333333333333333 0.56125 0.4 0.115
0 0.7333333333333333 0.705625 0.4 0.13875
0 0.7333333333333333 0.814375 0.4 0.04375
0 0.7333333333333333 0.91125 0.4 0.115
