0 0.26666666666666666 0.096875 0.4 0.04375
0 0.26666666666666666 0.158125 0.4 0.04375
0 0.26666666666666666 0.243125 0.4 0.09125
0 0.26666666666666666 0.351875 0.4 0.09125
0 0.26666666666666666 0.44875 0.4 0.0675
0 0.26666666666666666 0.545625 0.4 0.09125
0 0.26666666666666666 0.630625 0.4 0.04375
0 0.26666666666666666 0.75125 0.4 0.1625
0 0.26666666666666666 0.9075 0.4 0.115
0 0.7333333333333333 0.120625 0.4 0.09125
0 0.7333333333333333 0.19375 0.4 0.02
0 0.7333333333333333 0.255 0.4 0.0675
0 0.7333333333333333 0.351875 0.4 0.09125
0 0.7333333333333333 0.44875 0.4 0.0675
0 0.7333333333333333 0.521875 0.4 0.04375
0 0.7333333333333333 0.606875 0.4 0.09125
0 0.7333333333333333 0.691875 0.4 0.04375
0 0.7333333333333333 0.753125 0.4 0.04375
0 0.7333333333333333 0.814375 0.4 0.04375
0 0.7333333333333333 0.875625 0.4 0.04375
