0 0.26666666666666666 0.120625 0.4 0.09125
0 0.26666666666666666 0.229375 0.4 0.09125
0 0.26666666666666666 0.314375 0.4 0.04375
0 0.26666666666666666 0.3875 0.4 0.0675
0 0.26666666666666666 0.49625 0.4 0.115
0 0.26666666666666666 0.593125 0.4 0.04375
0 0.26666666666666666 0.678125 0.4 0.09125
0 0.26666666666666666 0.775 0.4 0.0675
0 0.26666666666666666 0.83625 0.4 0.02
0 0.26666666666666666 0.885625 0.4 0.04375
0 0.7333333333333333 0.120625 0.4 0.09125
0 0.7333333333333333 0.205625 0.4 0.04375
0 0.7333333333333333 0.266875 0.4 0.04375
0 0.7333333333333333 0.31625 0.4 0.02
0 0.7333333333333333 0.389375 0.4 0.09125
0 0.7333333333333333 0.4625 0.4 0.02
0 0.7333333333333333 0.559375 0.4 0.13875
0 0.7333333333333333 0.668125 0.4 0.04375
0 0.7333333333333333 0.729375 0.4 0.04375
0 0.7333333333333333 0.790625 0.4 0.04375
0 0.7333333333333333 0.851875 0.4 0.04375
