0 0.26666666666666666 0.096875 0.4 0.04375
0 0.26666666666666666 0.14625 0.4 0.02
0 0.26666666666666666 0.195625 0.4 0.04375
0 0.26666666666666666 0.256875 0.4 0.04375
0 0.26666666666666666 0.341875 0.4 0.09125
0 0.26666666666666666 0.426875 0.4 0.04375
0 0.26666666666666666 0.488125 0.4 0.04375
0 0.26666666666666666 0.549375 0.4 0.04375
0 0.26666666666666666 0.610625 0.4 0.04375
0 0.26666666666666666 0.671875 0.4 0.04375
0 0.26666666666666666 0.733125 0.4 0.04375
0 0.26666666666666666 0.85375 0.4 0.1625
0 0.7333333333333333 0.096875 0.4 0.04375
0 0.7333333333333333 0.14625 0.4 0.02
0 0.7333333333333333 0.195625 0.4 0.04375
0 0.7333333333333333 0.26875 0.4 0.0675
0 0.7333333333333333 0.341875 0.4 0.04375
0 0.7333333333333333 0.403125 0.4 0.04375
0 0.7333333333333333 0.5 0.4 0.115
0 0.7333333333333333 0.596875 0.4 0.04375
0 0.7333333333333333 0.64625 0.4 0.02
0 0.7333333333333333 0.73125 0.4 0.115
0 0.7333333333333333 0.84 0.4 0.0675
