0 0.26666666666666666 0.096875 0.4 0.04375
0 0.26666666666666666 0.158125 0.4 0.04375
0 0.26666666666666666 0.219375 0.4 0.04375
0 0.26666666666666666 0.26875 0.4 0.02
0 0.26666666666666666 0.341875 0.4 0.09125
0 0.26666666666666666 0.450625 0.4 0.09125
0 0.26666666666666666 0.535625 0.4 0.04375
0 0.26666666666666666 0.596875 0.4 0.04375
0 0.26666666666666666 0.658125 0.4 0.04375
0 0.26666666666666666 0.73125 0.4 0.0675
0 0.26666666666666666 0.7925 0.4 0.02
0 0.26666666666666666 0.841875 0.4 0.04375
0 0.26666666666666666 0.93875 0.4 0.115
0 0.7333333333333333 0.096875 0.4 0.04375
0 0.7333333333333333 0.17 0.4 0.0675
0 0.7333333333333333 0.23125 0.4 0.02
0 0.7333333333333333 0.328125 0.4 0.13875
0 0.7333333333333333 0.460625 0.4 0.09125
0 0.7333333333333333 0.545625 0.4 0.04375
0 0.7333333333333333 0.606875 0.4 0.04375
0 0.7333333333333333 0.668125 0.4 0.04375
0 0.7333333333333333 0.729375 0.4 0.04375
0 0.7333333333333333 0.8025 0.4 0.0675
0 0.7333333333333333 0.875625 0.4 0.04375
