0 0.26666666666666666 0.096875 0.4 0.04375
0 0.26666666666666666 0.158125 0.4 0.04375
0 0.26666666666666666 0.219375 0.4 0.04375
0 0.26666666666666666 0.2925 0.4 0.0675
0 0.26666666666666666 0.365625 0.4 0.04375
0 0.26666666666666666 0.426875 0.4 0.04375
0 0.26666666666666666 0.5 0.4 0.0675
0 0.26666666666666666 0.596875 0.4 0.09125
0 0.26666666666666666 0.67 0.4 0.02
0 0.26666666666666666 0.766875 0.4 0.13875
0 0.26666666666666666 0.8875 0.4 0.0675
0 0.7333333333333333 0.096875 0.4 0.04375
0 0.7333333333333333 0.19375 0.4 0.115
0 0.7333333333333333 0.290625 0.4 0.04375
0 0.7333333333333333 0.351875 0.4 0.04375
0 0.7333333333333333 0.413125 0.4 0.04375
0 0.7333333333333333 0.48625 0.4 0.0675
0 0.7333333333333333 0.583125 0.4 0.09125
0 0.7333333333333333 0.668125 0.4 0.04375
0 0.7333333333333333 0.729375 0.4 0.04375
0 0.7333333333333333 0.790625 0.4 0.04375
0 0.7333333333333333 0.851875 0.4 0.04375
