0 0.26666666666666666 0.096875 0.4 0.04375
0 0.26666666666666666 0.19375 0.4 0.115
0 0.26666666666666666 0.290625 0.4 0.04375
0 0.26666666666666666 0.36375 0.4 0.0675
0 0.26666666666666666 0.484375 0.4 0.13875
0 0.26666666666666666 0.593125 0.4 0.04375
0 0.26666666666666666 0.6425 0.4 0.02
0 0.26666666666666666 0.715625 0.4 0.09125
0 0.26666666666666666 0.78875 0.4 0.02
0 0.26666666666666666 0.82625 0.4 0.02
0 0.26666666666666666 0.86375 0.4 0.02
0 0.7333333333333333 0.096875 0.4 0.04375
0 0.7333333333333333 0.14625 0.4 0.02
0 0.7333333333333333 0.195625 0.4 0.04375
0 0.7333333333333333 0.256875 0.4 0.04375
0 0.7333333333333333 0.341875 0.4 0.09125
0 0.7333333333333333 0.415 0.4 0.02
0 0.7333333333333333 0.4525 0.4 0.02
0 0.7333333333333333 0.525625 0.4 0.09125
0 0.7333333333333333 0.6225 0.4 0.0675
0 0.7333333333333333 0.68375 0.4 0.02
0 0.7333333333333333 0.733125 0.4 0.04375
0 0.7333333333333333 0.818125 0.4 0.09125
0 0.7333333333333333 0.926875 0.4 0.09125
