0 0.26666666666666666 0.10875 0.4 0.0675
0 0.26666666666666666 0.19375 0.4 0.0675
0 0.26666666666666666 0.3025 0.4 0.115
0 0.26666666666666666 0.399375 0.4 0.04375
0 0.26666666666666666 0.460625 0.4 0.04375
0 0.26666666666666666 0.521875 0.4 0.04375
0 0.26666666666666666 0.57125 0.4 0.02
0 0.26666666666666666 0.6325 0.4 0.0675
0 0.26666666666666666 0.705625 0.4 0.04375
0 0.26666666666666666 0.755 0.4 0.02
0 0.26666666666666666 0.7925 0.4 0.02
0 0.26666666666666666 0.841875 0.4 0.04375
0 0.26666666666666666 0.903125 0.4 0.04375
0 0.7333333333333333 0.096875 0.4 0.04375
0 0.7333333333333333 0.14625 0.4 0.02
0 0.7333333333333333 0.195625 0.4 0.04375
0 0.7333333333333333 0.26875 0.4 0.0675
0 0.7333333333333333 0.341875 0.4 0.04375
0 0.7333333333333333 0.43875 0.4 0.115
0 0.7333333333333333 0.535625 0.4 0.04375
0 0.7333333333333333 0.6325 0.4 0.115
0 0.7333333333333333 0.729375 0.4 0.04375
0 0.7333333333333333 0.814375 0.4 0.09125
0 0.7333333333333333 0.899375 0.4 0.04375
