0 0.26666666666666666 0.120625 0.4 0.09125
0 0.26666666666666666 0.205625 0.4 0.04375
0 0.26666666666666666 0.290625 0.4 0.09125
0 0.26666666666666666 0.375625 0.4 0.04375
0 0.26666666666666666 0.436875 0.4 0.04375
0 0.26666666666666666 0.53375 0.4 0.115
0 0.26666666666666666 0.630625 0.4 0.04375
0 0.26666666666666666 0.691875 0.4 0.04375
0 0.26666666666666666 0.753125 0.4 0.04375
0 0.26666666666666666 0.814375 0.4 0.04375
0 0.26666666666666666 0.875625 0.4 0.04375
0 0.7333333333333333 0.120625 0.4 0.09125
0 0.7333333333333333 0.19375 0.4 0.02
0 0.7333333333333333 0.266875 0.4 0.09125
0 0.7333333333333333 0.399375 0.4 0.13875
0 0.7333333333333333 0.52 0.4 0.0675
0 0.7333333333333333 0.640625 0.4 0.13875
0 0.7333333333333333 0.785 0.4 0.115
0 0.7333333333333333 0.881875 0.4 0.04375
