0 0.26666666666666666 0.096875 0.4 0.04375
0 0.26666666666666666 0.181875 0.4 0.09125
0 0.26666666666666666 0.266875 0.4 0.04375
0 0.26666666666666666 0.36375 0.4 0.115
0 0.26666666666666666 0.460625 0.4 0.04375
0 0.26666666666666666 0.521875 0.4 0.04375
0 0.26666666666666666 0.57125 0.4 0.02
0 0.26666666666666666 0.668125 0.4 0.13875
0 0.26666666666666666 0.765 0.4 0.02
0 0.26666666666666666 0.838125 0.4 0.09125
0 0.7333333333333333 0.096875 0.4 0.04375
0 0.7333333333333333 0.14625 0.4 0.02
0 0.7333333333333333 0.195625 0.4 0.04375
0 0.7333333333333333 0.280625 0.4 0.09125
0 0.7333333333333333 0.35375 0.4 0.02
0 0.7333333333333333 0.43875 0.4 0.115
0 0.7333333333333333 0.5475 0.4 0.0675
0 0.7333333333333333 0.620625 0.4 0.04375
0 0.7333333333333333 0.69375 0.4 0.0675
0 0.7333333333333333 0.790625 0.4 0.09125
0 0.7333333333333333 0.86375 0.4 0.02
