0 0.26666666666666666 0.096875 0.4 0.04375
0 0.26666666666666666 0.158125 0.4 0.04375
0 0.26666666666666666 0.243125 0.4 0.09125
0 0.26666666666666666 0.351875 0.4 0.09125
0 0.26666666666666666 0.484375 0.4 0.13875
0 0.26666666666666666 0.593125 0.4 0.04375
0 0.26666666666666666 0.69 0.4 0.115
0 0.26666666666666666 0.775 0.4 0.02
0 0.26666666666666666 0.824375 0.4 0.04375
0 0.26666666666666666 0.87375 0.4 0.02
0 0.7333333333333333 0.10875 0.4 0.0675
0 0.7333333333333333 0.181875 0.4 0.04375
0 0.7333333333333333 0.255 0.4 0.0675
0 0.7333333333333333 0.375625 0.4 0.13875
0 0.7333333333333333 0.484375 0.4 0.04375
0 0.7333333333333333 0.545625 0.4 0.04375
0 0.7333333333333333 0.630625 0.4 0.09125
0 0.7333333333333333 0.715625 0.4 0.04375
0 0.7333333333333333 0.776875 0.4 0.04375
0 0.7333333333333333 0.861875 0.4 0.09125
