0 0.26666666666666666 0.096875 0.4 0.04375
0 0.26666666666666666 0.181875 0.4 0.09125
0 0.26666666666666666 0.255 0.4 0.02
0 0.26666666666666666 0.304375 0.4 0.04375
0 0.26666666666666666 0.365625 0.4 0.04375
0 0.26666666666666666 0.426875 0.4 0.04375
0 0.26666666666666666 0.52375 0.4 0.115
0 0.26666666666666666 0.65625 0.4 0.115
0 0.26666666666666666 0.8125 0.4 0.1625
0 0.7333333333333333 0.085 0.4 0.02
0 0.7333333333333333 0.14625 0.4 0.0675
0 0.7333333333333333 0.219375 0.4 0.04375
0 0.7333333333333333 0.31625 0.4 0.115
0 0.7333333333333333 0.40125 0.4 0.02
0 0.7333333333333333 0.4625 0.4 0.0675
0 0.7333333333333333 0.559375 0.4 0.09125
0 0.7333333333333333 0.6325 0.4 0.02
0 0.7333333333333333 0.7175 0.4 0.115
0 0.7333333333333333 0.861875 0.4 0.13875
