0 0.26666666666666666 0.1325 0.4 0.115
0 0.26666666666666666 0.276875 0.4 0.13875
0 0.26666666666666666 0.385625 0.4 0.04375
0 0.26666666666666666 0.435 0.4 0.02
0 0.26666666666666666 0.531875 0.4 0.13875
0 0.26666666666666666 0.640625 0.4 0.04375
0 0.26666666666666666 0.725625 0.4 0.09125
0 0.26666666666666666 0.858125 0.4 0.13875
0 0.7333333333333333 0.096875 0.4 0.04375
0 0.7333333333333333 0.158125 0.4 0.04375
0 0.7333333333333333 0.23125 0.4 0.0675
0 0.7333333333333333 0.304375 0.4 0.04375
0 0.7333333333333333 0.365625 0.4 0.04375
0 0.7333333333333333 0.426875 0.4 0.04375
0 0.7333333333333333 0.511875 0.4 0.09125
0 0.7333333333333333 0.596875 0.4 0.04375
0 0.7333333333333333 0.64625 0.4 0.02
0 0.7333333333333333 0.73125 0.4 0.115
0 0.7333333333333333 0.851875 0.4 0.09125
