0 0.26666666666666666 0.096875 0.4 0.04375
0 0.26666666666666666 0.19375 0.4 0.115
0 0.26666666666666666 0.290625 0.4 0.04375
0 0.26666666666666666 0.3875 0.4 0.115
0 0.26666666666666666 0.484375 0.4 0.04375
0 0.26666666666666666 0.545625 0.4 0.04375
0 0.26666666666666666 0.630625 0.4 0.09125
0 0.26666666666666666 0.70375 0.4 0.02
0 0.26666666666666666 0.753125 0.4 0.04375
0 0.26666666666666666 0.85 0.4 0.115
0 0.7333333333333333 0.120625 0.4 0.09125
0 0.7333333333333333 0.24125 0.4 0.115
0 0.7333333333333333 0.32625 0.4 0.02
0 0.7333333333333333 0.36375 0.4 0.02
0 0.7333333333333333 0.425 0.4 0.0675
0 0.7333333333333333 0.48625 0.4 0.02
0 0.7333333333333333 0.535625 0.4 0.04375
0 0.7333333333333333 0.620625 0.4 0.09125
0 0.7333333333333333 0.705625 0.4 0.04375
0 0.7333333333333333 0.766875 0.4 0.04375
0 0.7333333333333333 0.851875 0.4 0.09125
