0 0.26666666666666666 0.120625 0.4 0.09125
0 0.26666666666666666 0.205625 0.4 0.04375
0 0.26666666666666666 0.266875 0.4 0.04375
0 0.26666666666666666 0.375625 0.4 0.13875
0 0.26666666666666666 0.4725 0.4 0.02
0 0.26666666666666666 0.521875 0.4 0.04375
0 0.26666666666666666 0.583125 0.4 0.04375
0 0.26666666666666666 0.668125 0.4 0.09125
0 0.26666666666666666 0.776875 0.4 0.09125
0 0.26666666666666666 0.861875 0.4 0.04375
0 0.7333333333333333 0.15625 0.4 0.1625
0 0.7333333333333333 0.276875 0.4 0.04375
0 0.7333333333333333 0.37375 0.4 0.115
0 0.7333333333333333 0.45875 0.4 0.02
0 0.7333333333333333 0.49625 0.4 0.02
0 0.7333333333333333 0.545625 0.4 0.04375
0 0.7333333333333333 0.606875 0.4 0.04375
0 0.7333333333333333 0.68 0.4 0.0675
0 0.7333333333333333 0.74125 0.4 0.02
0 0.7333333333333333 0.790625 0.4 0.04375
0 0.7333333333333333 0.84 0.4 0.02
0 0.7333333333333333 0.90125 0.4 0.0675
