0 0.26666666666666666 0.120625 0.4 0.09125
0 0.26666666666666666 0.229375 0.4 0.09125
0 0.26666666666666666 0.338125 0.4 0.09125
0 0.26666666666666666 0.435 0.4 0.0675
0 0.26666666666666666 0.531875 0.4 0.09125
0 0.26666666666666666 0.605 0.4 0.02
0 0.26666666666666666 0.654375 0.4 0.04375
0 0.26666666666666666 0.763125 0.4 0.13875
0 0.26666666666666666 0.871875 0.4 0.04375
0 0.7333333333333333 0.096875 0.4 0.04375
0 0.7333333333333333 0.158125 0.4 0.04375
0 0.7333333333333333 0.219375 0.4 0.04375
0 0.7333333333333333 0.280625 0.4 0.04375
0 0.7333333333333333 0.365625 0.4 0.09125
0 0.7333333333333333 0.450625 0.4 0.04375
0 0.7333333333333333 0.559375 0.4 0.13875
0 0.7333333333333333 0.691875 0.4 0.09125
0 0.7333333333333333 0.776875 0.4 0.04375
0 0.7333333333333333 0.82625 0.4 0.02
0 0.7333333333333333 0.899375 0.4 0.09125
