0 0.26666666666666666 0.144375 0.4 0.13875
0 0.26666666666666666 0.24125 0.4 0.02
0 0.26666666666666666 0.27875 0.4 0.02
0 0.26666666666666666 0.31625 0.4 0.02
0 0.26666666666666666 0.365625 0.4 0.04375
0 0.26666666666666666 0.426875 0.4 0.04375
0 0.26666666666666666 0.511875 0.4 0.09125
0 0.26666666666666666 0.596875 0.4 0.04375
0 0.26666666666666666 0.705625 0.4 0.13875
0 0.26666666666666666 0.82625 0.4 0.0675
0 0.26666666666666666 0.923125 0.4 0.09125
0 0.7333333333333333 0.1325 0.4 0.115
0 0.7333333333333333 0.229375 0.4 0.04375
0 0.7333333333333333 0.290625 0.4 0.04375
0 0.7333333333333333 0.36375 0.4 0.0675
0 0.7333333333333333 0.436875 0.4 0.04375
0 0.7333333333333333 0.51 0.4 0.0675
0 0.7333333333333333 0.583125 0.4 0.04375
0 0.7333333333333333 0.644375 0.4 0.04375
0 0.7333333333333333 0.7175 0.4 0.0675
0 0.7333333333333333 0.82625 0.4 0.115
