0 0.26666666666666666 0.10875 0.4 0.0675
0 0.26666666666666666 0.181875 0.4 0.04375
0 0.26666666666666666 0.255 0.4 0.0675
0 0.26666666666666666 0.36375 0.4 0.115
0 0.26666666666666666 0.460625 0.4 0.04375
0 0.26666666666666666 0.521875 0.4 0.04375
0 0.26666666666666666 0.606875 0.4 0.09125
0 0.26666666666666666 0.68 0.4 0.02
0 0.26666666666666666 0.753125 0.4 0.09125
0 0.26666666666666666 0.87375 0.4 0.115
0 0.7333333333333333 0.120625 0.4 0.09125
0 0.7333333333333333 0.24125 0.4 0.115
0 0.7333333333333333 0.338125 0.4 0.04375
0 0.7333333333333333 0.435 0.4 0.115
0 0.7333333333333333 0.531875 0.4 0.04375
0 0.7333333333333333 0.58125 0.4 0.02
0 0.7333333333333333 0.630625 0.4 0.04375
0 0.7333333333333333 0.715625 0.4 0.09125
0 0.7333333333333333 0.83625 0.4 0.115
