0 0.26666666666666666 0.10875 0.4 0.0675
0 0.26666666666666666 0.181875 0.4 0.04375
0 0.26666666666666666 0.243125 0.4 0.04375
0 0.26666666666666666 0.304375 0.4 0.04375
0 0.26666666666666666 0.413125 0.4 0.13875
0 0.26666666666666666 0.545625 0.4 0.09125
0 0.26666666666666666 0.630625 0.4 0.04375
0 0.26666666666666666 0.68 0.4 0.02
0 0.26666666666666666 0.7175 0.4 0.02
0 0.26666666666666666 0.790625 0.4 0.09125
0 0.26666666666666666 0.91125 0.4 0.115
0 0.7333333333333333 0.096875 0.4 0.04375
0 0.7333333333333333 0.158125 0.4 0.04375
0 0.7333333333333333 0.219375 0.4 0.04375
0 0.7333333333333333 0.26875 0.4 0.02
0 0.7333333333333333 0.33 0.4 0.0675
0 0.7333333333333333 0.39125 0.4 0.02
0 0.7333333333333333 0.464375 0.4 0.09125
0 0.7333333333333333 0.585 0.4 0.115
0 0.7333333333333333 0.681875 0.4 0.04375
0 0.7333333333333333 0.77875 0.4 0.115
0 0.7333333333333333 0.86375 0.4 0.02
