0 0.26666666666666666 0.1325 0.4 0.115
0 0.26666666666666666 0.2175 0.4 0.02
0 0.26666666666666666 0.3025 0.4 0.115
0 0.26666666666666666 0.399375 0.4 0.04375
0 0.26666666666666666 0.4725 0.4 0.0675
0 0.26666666666666666 0.593125 0.4 0.13875
0 0.26666666666666666 0.7375 0.4 0.115
0 0.26666666666666666 0.834375 0.4 0.04375
0 0.26666666666666666 0.919375 0.4 0.09125
0 0.7333333333333333 0.120625 0.4 0.09125
0 0.7333333333333333 0.253125 0.4 0.13875
0 0.7333333333333333 0.361875 0.4 0.04375
0 0.7333333333333333 0.423125 0.4 0.04375
0 0.7333333333333333 0.484375 0.4 0.04375
0 0.7333333333333333 0.53375 0.4 0.02
0 0.7333333333333333 0.583125 0.4 0.04375
0 0.7333333333333333 0.6325 0.4 0.02
0 0.7333333333333333 0.681875 0.4 0.04375
0 0.7333333333333333 0.755 0.4 0.0675
0 0.7333333333333333 0.828125 0.4 0.04375
0 0.7333333333333333 0.889375 0.4 0.04375
