0 0.26666666666666666 0.096875 0.4 0.04375
0 0.26666666666666666 0.158125 0.4 0.04375
0 0.26666666666666666 0.219375 0.4 0.04375
0 0.26666666666666666 0.304375 0.4 0.09125
0 0.26666666666666666 0.425 0.4 0.115
0 0.26666666666666666 0.521875 0.4 0.04375
0 0.26666666666666666 0.57125 0.4 0.02
0 0.26666666666666666 0.6325 0.4 0.0675
0 0.26666666666666666 0.705625 0.4 0.04375
0 0.26666666666666666 0.766875 0.4 0.04375
0 0.26666666666666666 0.86375 0.4 0.115
0 0.7333333333333333 0.096875 0.4 0.04375
0 0.7333333333333333 0.158125 0.4 0.04375
0 0.7333333333333333 0.219375 0.4 0.04375
0 0.7333333333333333 0.304375 0.4 0.09125
0 0.7333333333333333 0.389375 0.4 0.04375
0 0.7333333333333333 0.474375 0.4 0.09125
0 0.7333333333333333 0.606875 0.4 0.13875
0 0.7333333333333333 0.7275 0.4 0.0675
0 0.7333333333333333 0.800625 0.4 0.04375
0 0.7333333333333333 0.909375 0.4 0.13875
