0 0.26666666666666666 0.096875 0.4 0.04375
0 0.26666666666666666 0.158125 0.4 0.04375
0 0.26666666666666666 0.219375 0.4 0.04375
0 0.26666666666666666 0.304375 0.4 0.09125
0 0.26666666666666666 0.389375 0.4 0.04375
0 0.26666666666666666 0.474375 0.4 0.09125
0 0.26666666666666666 0.583125 0.4 0.09125
0 0.26666666666666666 0.668125 0.4 0.04375
0 0.26666666666666666 0.729375 0.4 0.04375
0 0.26666666666666666 0.77875 0.4 0.02
0 0.26666666666666666 0.81625 0.4 0.02
0 0.26666666666666666 0.865625 0.4 0.04375
0 0.7333333333333333 0.096875 0.4 0.04375
0 0.7333333333333333 0.19375 0.4 0.115
0 0.7333333333333333 0.314375 0.4 0.09125
0 0.7333333333333333 0.399375 0.4 0.04375
0 0.7333333333333333 0.460625 0.4 0.04375
0 0.7333333333333333 0.521875 0.4 0.04375
0 0.7333333333333333 0.583125 0.4 0.04375
0 0.7333333333333333 0.6325 0.4 0.02
0 0.7333333333333333 0.74125 0.4 0.1625
0 0.7333333333333333 0.85 0.4 0.02
0 0.7333333333333333 0.935 0.4 0.115
