0 0.26666666666666666 0.096875 0.4 0.04375
0 0.26666666666666666 0.158125 0.4 0.04375
0 0.26666666666666666 0.219375 0.4 0.04375
0 0.26666666666666666 0.304375 0.4 0.09125
0 0.26666666666666666 0.389375 0.4 0.04375
0 0.26666666666666666 0.474375 0.4 0.09125
0 0.26666666666666666 0.583125 0.4 0.09125
0 0.26666666666666666 0.68 0.4 0.0675
0 0.26666666666666666 0.753125 0.4 0.04375
0 0.26666666666666666 0.82625 0.4 0.0675
0 0.26666666666666666 0.899375 0.4 0.04375
0 0.7333333333333333 0.120625 0.4 0.09125
0 0.7333333333333333 0.205625 0.4 0.04375
0 0.7333333333333333 0.266875 0.4 0.04375
0 0.7333333333333333 0.351875 0.4 0.09125
0 0.7333333333333333 0.425 0.4 0.02
0 0.7333333333333333 0.51 0.4 0.115
0 0.7333333333333333 0.654375 0.4 0.13875
0 0.7333333333333333 0.763125 0.4 0.04375
0 0.7333333333333333 0.86 0.4 0.115
