0 0.26666666666666666 0.085 0.4 0.02
0 0.26666666666666666 0.1225 0.4 0.02
0 0.26666666666666666 0.171875 0.4 0.04375
0 0.26666666666666666 0.2925 0.4 0.1625
0 0.26666666666666666 0.413125 0.4 0.04375
0 0.26666666666666666 0.521875 0.4 0.13875
0 0.26666666666666666 0.678125 0.4 0.13875
0 0.26666666666666666 0.810625 0.4 0.09125
0 0.26666666666666666 0.895625 0.4 0.04375
0 0.7333333333333333 0.096875 0.4 0.04375
0 0.7333333333333333 0.2175 0.4 0.1625
0 0.7333333333333333 0.385625 0.4 0.13875
0 0.7333333333333333 0.4825 0.4 0.02
0 0.7333333333333333 0.531875 0.4 0.04375
0 0.7333333333333333 0.616875 0.4 0.09125
0 0.7333333333333333 0.701875 0.4 0.04375
0 0.7333333333333333 0.786875 0.4 0.09125
0 0.7333333333333333 0.86 0.4 0.02
