0 0.26666666666666666 0.1325 0.4 0.115
0 0.26666666666666666 0.229375 0.4 0.04375
0 0.26666666666666666 0.314375 0.4 0.09125
0 0.26666666666666666 0.435 0.4 0.115
0 0.26666666666666666 0.579375 0.4 0.13875
0 0.26666666666666666 0.688125 0.4 0.04375
0 0.26666666666666666 0.749375 0.4 0.04375
0 0.26666666666666666 0.79875 0.4 0.02
0 0.26666666666666666 0.895625 0.4 0.13875
0 0.7333333333333333 0.085 0.4 0.02
0 0.7333333333333333 0.181875 0.4 0.13875
0 0.7333333333333333 0.290625 0.4 0.04375
0 0.7333333333333333 0.34 0.4 0.02
0 0.7333333333333333 0.389375 0.4 0.04375
0 0.7333333333333333 0.474375 0.4 0.09125
0 0.7333333333333333 0.5475 0.4 0.02
0 0.7333333333333333 0.596875 0.4 0.04375
0 0.7333333333333333 0.681875 0.4 0.09125
0 0.7333333333333333 0.790625 0.4 0.09125
0 0.7333333333333333 0.91125 0.4 0.115
