0 0.26666666666666666 0.096875 0.4 0.04375
0 0.26666666666666666 0.181875 0.4 0.09125
0 0.26666666666666666 0.266875 0.4 0.04375
0 0.26666666666666666 0.328125 0.4 0.04375
0 0.26666666666666666 0.389375 0.4 0.04375
0 0.26666666666666666 0.474375 0.4 0.09125
0 0.26666666666666666 0.5475 0.4 0.02
0 0.26666666666666666 0.596875 0.4 0.04375
0 0.26666666666666666 0.69375 0.4 0.115
0 0.26666666666666666 0.814375 0.4 0.09125
0 0.26666666666666666 0.899375 0.4 0.04375
0 0.7333333333333333 0.10875 0.4 0.0675
0 0.7333333333333333 0.181875 0.4 0.04375
0 0.7333333333333333 0.27875 0.4 0.115
0 0.7333333333333333 0.375625 0.4 0.04375
0 0.7333333333333333 0.4725 0.4 0.115
0 0.7333333333333333 0.593125 0.4 0.09125
0 0.7333333333333333 0.678125 0.4 0.04375
0 0.7333333333333333 0.739375 0.4 0.04375
0 0.7333333333333333 0.824375 0.4 0.09125
