0 0.26666666666666666 0.096875 0.4 0.04375
0 0.26666666666666666 0.158125 0.4 0.04375
0 0.26666666666666666 0.219375 0.4 0.04375
0 0.26666666666666666 0.304375 0.4 0.09125
0 0.26666666666666666 0.3775 0.4 0.02
0 0.26666666666666666 0.4625 0.4 0.115
0 0.26666666666666666 0.559375 0.4 0.04375
0 0.26666666666666666 0.644375 0.4 0.09125
0 0.26666666666666666 0.729375 0.4 0.04375
0 0.26666666666666666 0.8025 0.4 0.0675
0 0.26666666666666666 0.899375 0.4 0.09125
0 0.7333333333333333 0.096875 0.4 0.04375
0 0.7333333333333333 0.158125 0.4 0.04375
0 0.7333333333333333 0.2075 0.4 0.02
0 0.7333333333333333 0.256875 0.4 0.04375
0 0.7333333333333333 0.318125 0.4 0.04375
0 0.7333333333333333 0.415 0.4 0.115
0 0.7333333333333333 0.52375 0.4 0.0675
0 0.7333333333333333 0.585 0.4 0.02
0 0.7333333333333333 0.6225 0.4 0.02
0 0.7333333333333333 0.695625 0.4 0.09125
0 0.7333333333333333 0.780625 0.4 0.04375
0 0.7333333333333333 0.83 0.4 0.02
0 0.7333333333333333 0.879375 0.4 0.04375
