0 0.26666666666666666 0.10875 0.4 0.0675
0 0.26666666666666666 0.205625 0.4 0.09125
0 0.26666666666666666 0.27875 0.4 0.02
0 0.26666666666666666 0.34 0.4 0.0675
0 0.26666666666666666 0.413125 0.4 0.04375
0 0.26666666666666666 0.48625 0.4 0.0675
0 0.26666666666666666 0.5475 0.4 0.02
0 0.26666666666666666 0.596875 0.4 0.04375
0 0.26666666666666666 0.658125 0.4 0.04375
0 0.26666666666666666 0.719375 0.4 0.04375
0 0.26666666666666666 0.780625 0.4 0.04375
0 0.26666666666666666 0.841875 0.4 0.04375
0 0.26666666666666666 0.903125 0.4 0.04375
0 0.7333333333333333 0.096875 0.4 0.04375
0 0.7333333333333333 0.158125 0.4 0.04375
0 0.7333333333333333 0.27875 0.4 0.1625
0 0.7333333333333333 0.435 0.4 0.115
0 0.7333333333333333 0.531875 0.4 0.04375
0 0.7333333333333333 0.58125 0.4 0.02
0 0.7333333333333333 0.630625 0.4 0.04375
0 0.7333333333333333 0.68 0.4 0.02
0 0.7333333333333333 0.7175 0.4 0.02
0 0.7333333333333333 0.755 0.4 0.02
0 0.7333333333333333 0.804375 0.4 0.04375
0 0.7333333333333333 0.865625 0.4 0.04375
