0 0.26666666666666666 0.096875 0.4 0.04375
0 0.26666666666666666 0.14625 0.4 0.02
0 0.26666666666666666 0.195625 0.4 0.04375
0 0.26666666666666666 0.256875 0.4 0.04375
0 0.26666666666666666 0.365625 0.4 0.13875
0 0.26666666666666666 0.4625 0.4 0.02
0 0.26666666666666666 0.5 0.4 0.02
0 0.26666666666666666 0.5375 0.4 0.02
0 0.26666666666666666 0.6225 0.4 0.115
0 0.26666666666666666 0.719375 0.4 0.04375
0 0.26666666666666666 0.81625 0.4 0.115
0 0.7333333333333333 0.10875 0.4 0.0675
0 0.7333333333333333 0.181875 0.4 0.04375
0 0.7333333333333333 0.290625 0.4 0.13875
0 0.7333333333333333 0.423125 0.4 0.09125
0 0.7333333333333333 0.531875 0.4 0.09125
0 0.7333333333333333 0.605 0.4 0.02
0 0.7333333333333333 0.66625 0.4 0.0675
0 0.7333333333333333 0.7275 0.4 0.02
0 0.7333333333333333 0.765 0.4 0.02
0 0.7333333333333333 0.814375 0.4 0.04375
0 0.7333333333333333 0.8875 0.4 0.0675
