0 0.26666666666666666 0.096875 0.4 0.04375
0 0.26666666666666666 0.14625 0.4 0.02
0 0.26666666666666666 0.219375 0.4 0.09125
0 0.26666666666666666 0.304375 0.4 0.04375
0 0.26666666666666666 0.365625 0.4 0.04375
0 0.26666666666666666 0.426875 0.4 0.04375
0 0.26666666666666666 0.511875 0.4 0.09125
0 0.26666666666666666 0.596875 0.4 0.04375
0 0.26666666666666666 0.681875 0.4 0.09125
0 0.26666666666666666 0.755 0.4 0.02
0 0.26666666666666666 0.84 0.4 0.115
0 0.7333333333333333 0.085 0.4 0.02
0 0.7333333333333333 0.1225 0.4 0.02
0 0.7333333333333333 0.18375 0.4 0.0675
0 0.7333333333333333 0.245 0.4 0.02
0 0.7333333333333333 0.294375 0.4 0.04375
0 0.7333333333333333 0.3675 0.4 0.0675
0 0.7333333333333333 0.440625 0.4 0.04375
0 0.7333333333333333 0.5375 0.4 0.115
0 0.7333333333333333 0.6225 0.4 0.02
0 0.7333333333333333 0.7075 0.4 0.115
0 0.7333333333333333 0.828125 0.4 0.09125
