0 0.26666666666666666 0.096875 0.4 0.04375
0 0.26666666666666666 0.17 0.4 0.0675
0 0.26666666666666666 0.255 0.4 0.0675
0 0.26666666666666666 0.31625 0.4 0.02
0 0.26666666666666666 0.365625 0.4 0.04375
0 0.26666666666666666 0.450625 0.4 0.09125
0 0.26666666666666666 0.535625 0.4 0.04375
0 0.26666666666666666 0.596875 0.4 0.04375
0 0.26666666666666666 0.67 0.4 0.0675
0 0.26666666666666666 0.755 0.4 0.0675
0 0.26666666666666666 0.86375 0.4 0.115
0 0.7333333333333333 0.1325 0.4 0.115
0 0.7333333333333333 0.229375 0.4 0.04375
0 0.7333333333333333 0.290625 0.4 0.04375
0 0.7333333333333333 0.41125 0.4 0.1625
0 0.7333333333333333 0.52 0.4 0.02
0 0.7333333333333333 0.58125 0.4 0.0675
0 0.7333333333333333 0.678125 0.4 0.09125
0 0.7333333333333333 0.786875 0.4 0.09125
0 0.7333333333333333 0.9075 0.4 0.115
