0 0.26666666666666666 0.096875 0.4 0.04375
0 0.26666666666666666 0.17 0.4 0.0675
0 0.26666666666666666 0.243125 0.4 0.04375
0 0.26666666666666666 0.34 0.4 0.115
0 0.26666666666666666 0.425 0.4 0.02
0 0.26666666666666666 0.4625 0.4 0.02
0 0.26666666666666666 0.535625 0.4 0.09125
0 0.26666666666666666 0.620625 0.4 0.04375
0 0.26666666666666666 0.681875 0.4 0.04375
0 0.26666666666666666 0.814375 0.4 0.18625
0 0.7333333333333333 0.085 0.4 0.02
0 0.7333333333333333 0.134375 0.4 0.04375
0 0.7333333333333333 0.219375 0.4 0.09125
0 0.7333333333333333 0.2925 0.4 0.02
0 0.7333333333333333 0.341875 0.4 0.04375
0 0.7333333333333333 0.403125 0.4 0.04375
0 0.7333333333333333 0.464375 0.4 0.04375
0 0.7333333333333333 0.56125 0.4 0.115
0 0.7333333333333333 0.681875 0.4 0.09125
0 0.7333333333333333 0.814375 0.4 0.13875
