0 0.26666666666666666 0.085 0.4 0.02
0 0.26666666666666666 0.134375 0.4 0.04375
0 0.26666666666666666 0.18375 0.4 0.02
0 0.26666666666666666 0.233125 0.4 0.04375
0 0.26666666666666666 0.30625 0.4 0.0675
0 0.26666666666666666 0.39125 0.4 0.0675
0 0.26666666666666666 0.464375 0.4 0.04375
0 0.26666666666666666 0.51375 0.4 0.02
0 0.26666666666666666 0.55125 0.4 0.02
0 0.26666666666666666 0.63625 0.4 0.115
0 0.26666666666666666 0.72125 0.4 0.02
0 0.26666666666666666 0.80625 0.4 0.115
0 0.26666666666666666 0.926875 0.4 0.09125
0 0.7333333333333333 0.120625 0.4 0.09125
0 0.7333333333333333 0.205625 0.4 0.04375
0 0.7333333333333333 0.266875 0.4 0.04375
0 0.7333333333333333 0.328125 0.4 0.04375
0 0.7333333333333333 0.389375 0.4 0.04375
0 0.7333333333333333 0.450625 0.4 0.04375
0 0.7333333333333333 0.511875 0.4 0.04375
0 0.7333333333333333 0.56125 0.4 0.02
0 0.7333333333333333 0.6225 0.4 0.0675
0 0.7333333333333333 0.7075 0.4 0.0675
0 0.7333333333333333 0.780625 0.4 0.04375
0 0.7333333333333333 0.841875 0.4 0.04375
0 0.7333333333333333 0.93875 0.4 0.115
