0 0.26666666666666666 0.096875 0.4 0.04375
0 0.26666666666666666 0.14625 0.4 0.02
0 0.26666666666666666 0.18375 0.4 0.02
0 0.26666666666666666 0.22125 0.4 0.02
0 0.26666666666666666 0.270625 0.4 0.04375
0 0.26666666666666666 0.355625 0.4 0.09125
0 0.26666666666666666 0.42875 0.4 0.02
0 0.26666666666666666 0.478125 0.4 0.04375
0 0.26666666666666666 0.539375 0.4 0.04375
0 0.26666666666666666 0.58875 0.4 0.02
0 0.26666666666666666 0.638125 0.4 0.04375
0 0.26666666666666666 0.699375 0.4 0.04375
0 0.26666666666666666 0.79625 0.4 0.115
0 0.26666666666666666 0.905 0.4 0.0675
0 0.7333333333333333 0.1325 0.4 0.115
0 0.7333333333333333 0.2175 0.4 0.02
0 0.7333333333333333 0.266875 0.4 0.04375
0 0.7333333333333333 0.328125 0.4 0.04375
0 0.7333333333333333 0.40125 0.4 0.0675
0 0.7333333333333333 0.498125 0.4 0.09125
0 0.7333333333333333 0.583125 0.4 0.04375
0 0.7333333333333333 0.644375 0.4 0.04375
0 0.7333333333333333 0.729375 0.4 0.09125
0 0.7333333333333333 0.838125 0.4 0.09125
