0 0.26666666666666666 0.096875 0.4 0.04375
0 0.26666666666666666 0.181875 0.4 0.09125
0 0.26666666666666666 0.266875 0.4 0.04375
0 0.26666666666666666 0.351875 0.4 0.09125
0 0.26666666666666666 0.425 0.4 0.02
0 0.26666666666666666 0.474375 0.4 0.04375
0 0.26666666666666666 0.52375 0.4 0.02
0 0.26666666666666666 0.585 0.4 0.0675
0 0.26666666666666666 0.64625 0.4 0.02
0 0.26666666666666666 0.695625 0.4 0.04375
0 0.26666666666666666 0.7925 0.4 0.115
0 0.26666666666666666 0.889375 0.4 0.04375
0 0.7333333333333333 0.120625 0.4 0.09125
0 0.7333333333333333 0.205625 0.4 0.04375
0 0.7333333333333333 0.266875 0.4 0.04375
0 0.7333333333333333 0.36375 0.4 0.115
0 0.7333333333333333 0.484375 0.4 0.09125
0 0.7333333333333333 0.593125 0.4 0.09125
0 0.7333333333333333 0.701875 0.4 0.09125
0 0.7333333333333333 0.786875 0.4 0.04375
0 0.7333333333333333 0.871875 0.4 0.09125
