0 0.26666666666666666 0.085 0.4 0.02
0 0.26666666666666666 0.17 0.4 0.115
0 0.26666666666666666 0.314375 0.4 0.13875
0 0.26666666666666666 0.423125 0.4 0.04375
0 0.26666666666666666 0.484375 0.4 0.04375
0 0.26666666666666666 0.545625 0.4 0.04375
0 0.26666666666666666 0.630625 0.4 0.09125
0 0.26666666666666666 0.715625 0.4 0.04375
0 0.26666666666666666 0.776875 0.4 0.04375
0 0.26666666666666666 0.8975 0.4 0.1625
0 0.7333333333333333 0.096875 0.4 0.04375
0 0.7333333333333333 0.2175 0.4 0.1625
0 0.7333333333333333 0.35 0.4 0.0675
0 0.7333333333333333 0.45875 0.4 0.115
0 0.7333333333333333 0.555625 0.4 0.04375
0 0.7333333333333333 0.62875 0.4 0.0675
0 0.7333333333333333 0.701875 0.4 0.04375
0 0.7333333333333333 0.775 0.4 0.0675
0 0.7333333333333333 0.871875 0.4 0.09125
