0 0.26666666666666666 0.096875 0.4 0.04375
0 0.26666666666666666 0.205625 0.4 0.13875
0 0.26666666666666666 0.3025 0.4 0.02
0 0.26666666666666666 0.351875 0.4 0.04375
0 0.26666666666666666 0.413125 0.4 0.04375
0 0.26666666666666666 0.474375 0.4 0.04375
0 0.26666666666666666 0.57125 0.4 0.115
0 0.26666666666666666 0.691875 0.4 0.09125
0 0.26666666666666666 0.765 0.4 0.02
0 0.26666666666666666 0.8025 0.4 0.02
0 0.26666666666666666 0.8875 0.4 0.115
0 0.7333333333333333 0.085 0.4 0.02
0 0.7333333333333333 0.134375 0.4 0.04375
0 0.7333333333333333 0.195625 0.4 0.04375
0 0.7333333333333333 0.256875 0.4 0.04375
0 0.7333333333333333 0.341875 0.4 0.09125
0 0.7333333333333333 0.415 0.4 0.02
0 0.7333333333333333 0.4525 0.4 0.02
0 0.7333333333333333 0.525625 0.4 0.09125
0 0.7333333333333333 0.634375 0.4 0.09125
0 0.7333333333333333 0.73125 0.4 0.0675
0 0.7333333333333333 0.804375 0.4 0.04375
0 0.7333333333333333 0.85375 0.4 0.02
0 0.7333333333333333 0.89125 0.4 0.02
