0 0.26666666666666666 0.096875 0.4 0.04375
0 0.26666666666666666 0.14625 0.4 0.02
0 0.26666666666666666 0.219375 0.4 0.09125
0 0.26666666666666666 0.31625 0.4 0.0675
0 0.26666666666666666 0.389375 0.4 0.04375
0 0.26666666666666666 0.474375 0.4 0.09125
0 0.26666666666666666 0.559375 0.4 0.04375
0 0.26666666666666666 0.6325 0.4 0.0675
0 0.26666666666666666 0.7175 0.4 0.0675
0 0.26666666666666666 0.790625 0.4 0.04375
0 0.26666666666666666 0.851875 0.4 0.04375
0 0.7333333333333333 0.085 0.4 0.02
0 0.7333333333333333 0.1225 0.4 0.02
0 0.7333333333333333 0.219375 0.4 0.13875
0 0.7333333333333333 0.31625 0.4 0.02
0 0.7333333333333333 0.413125 0.4 0.13875
0 0.7333333333333333 0.521875 0.4 0.04375
0 0.7333333333333333 0.595 0.4 0.0675
0 0.7333333333333333 0.68 0.4 0.0675
0 0.7333333333333333 0.776875 0.4 0.09125
0 0.7333333333333333 0.85 0.4 0.02
0 0.7333333333333333 0.91125 0.4 0.0675
