0 0.26666666666666666 0.085 0.4 0.02
0 0.26666666666666666 0.17 0.4 0.115
0 0.26666666666666666 0.255 0.4 0.02
0 0.26666666666666666 0.2925 0.4 0.02
0 0.26666666666666666 0.35375 0.4 0.0675
0 0.26666666666666666 0.426875 0.4 0.04375
0 0.26666666666666666 0.5475 0.4 0.1625
0 0.26666666666666666 0.668125 0.4 0.04375
0 0.26666666666666666 0.776875 0.4 0.13875
0 0.26666666666666666 0.87375 0.4 0.02
0 0.7333333333333333 0.096875 0.4 0.04375
0 0.7333333333333333 0.158125 0.4 0.04375
0 0.7333333333333333 0.219375 0.4 0.04375
0 0.7333333333333333 0.31625 0.4 0.115
0 0.7333333333333333 0.425 0.4 0.0675
0 0.7333333333333333 0.498125 0.4 0.04375
0 0.7333333333333333 0.559375 0.4 0.04375
0 0.7333333333333333 0.620625 0.4 0.04375
0 0.7333333333333333 0.681875 0.4 0.04375
0 0.7333333333333333 0.73125 0.4 0.02
0 0.7333333333333333 0.804375 0.4 0.09125
0 0.7333333333333333 0.889375 0.4 0.04375
