0 0.26666666666666666 0.120625 0.4 0.09125
0 0.26666666666666666 0.19375 0.4 0.02
0 0.26666666666666666 0.27875 0.4 0.115
0 0.26666666666666666 0.375625 0.4 0.04375
0 0.26666666666666666 0.436875 0.4 0.04375
0 0.26666666666666666 0.48625 0.4 0.02
0 0.26666666666666666 0.559375 0.4 0.09125
0 0.26666666666666666 0.668125 0.4 0.09125
0 0.26666666666666666 0.765 0.4 0.0675
0 0.26666666666666666 0.861875 0.4 0.09125
0 0.7333333333333333 0.096875 0.4 0.04375
0 0.7333333333333333 0.158125 0.4 0.04375
0 0.7333333333333333 0.219375 0.4 0.04375
0 0.7333333333333333 0.280625 0.4 0.04375
0 0.7333333333333333 0.341875 0.4 0.04375
0 0.7333333333333333 0.415 0.4 0.0675
0 0.7333333333333333 0.488125 0.4 0.04375
0 0.7333333333333333 0.5375 0.4 0.02
0 0.7333333333333333 0.586875 0.4 0.04375
0 0.7333333333333333 0.648125 0.4 0.04375
0 0.7333333333333333 0.756875 0.4 0.13875
0 0.7333333333333333 0.865625 0.4 0.04375
