0 0.26666666666666666 0.144375 0.4 0.13875
0 0.26666666666666666 0.276875 0.4 0.09125
0 0.26666666666666666 0.361875 0.4 0.04375
0 0.26666666666666666 0.423125 0.4 0.04375
0 0.26666666666666666 0.484375 0.4 0.04375
0 0.26666666666666666 0.53375 0.4 0.02
0 0.26666666666666666 0.606875 0.4 0.09125
0 0.26666666666666666 0.715625 0.4 0.09125
0 0.26666666666666666 0.824375 0.4 0.09125
0 0.7333333333333333 0.096875 0.4 0.04375
0 0.7333333333333333 0.181875 0.4 0.09125
0 0.7333333333333333 0.266875 0.4 0.04375
0 0.7333333333333333 0.328125 0.4 0.04375
0 0.7333333333333333 0.436875 0.4 0.13875
0 0.7333333333333333 0.545625 0.4 0.04375
0 0.7333333333333333 0.606875 0.4 0.04375
0 0.7333333333333333 0.691875 0.4 0.09125
0 0.7333333333333333 0.776875 0.4 0.04375
0 0.7333333333333333 0.82625 0.4 0.02
0 0.7333333333333333 0.899375 0.4 0.09125
