0 0.26666666666666666 0.085 0.4 0.02
0 0.26666666666666666 0.134375 0.4 0.04375
0 0.26666666666666666 0.243125 0.4 0.13875
0 0.26666666666666666 0.375625 0.4 0.09125
0 0.26666666666666666 0.484375 0.4 0.09125
0 0.26666666666666666 0.569375 0.4 0.04375
0 0.26666666666666666 0.630625 0.4 0.04375
0 0.26666666666666666 0.68 0.4 0.02
0 0.26666666666666666 0.7175 0.4 0.02
0 0.26666666666666666 0.790625 0.4 0.09125
0 0.26666666666666666 0.875625 0.4 0.04375
0 0.7333333333333333 0.096875 0.4 0.04375
0 0.7333333333333333 0.181875 0.4 0.09125
0 0.7333333333333333 0.314375 0.4 0.13875
0 0.7333333333333333 0.423125 0.4 0.04375
0 0.7333333333333333 0.484375 0.4 0.04375
0 0.7333333333333333 0.569375 0.4 0.09125
0 0.7333333333333333 0.69 0.4 0.115
0 0.7333333333333333 0.8225 0.4 0.115
