0 0.26666666666666666 0.096875 0.4 0.04375
0 0.26666666666666666 0.158125 0.4 0.04375
0 0.26666666666666666 0.243125 0.4 0.09125
0 0.26666666666666666 0.328125 0.4 0.04375
0 0.26666666666666666 0.413125 0.4 0.09125
0 0.26666666666666666 0.498125 0.4 0.04375
0 0.26666666666666666 0.559375 0.4 0.04375
0 0.26666666666666666 0.620625 0.4 0.04375
0 0.26666666666666666 0.67 0.4 0.02
0 0.26666666666666666 0.743125 0.4 0.09125
0 0.26666666666666666 0.81625 0.4 0.02
0 0.26666666666666666 0.85375 0.4 0.02
0 0.26666666666666666 0.903125 0.4 0.04375
0 0.7333333333333333 0.096875 0.4 0.04375
0 0.7333333333333333 0.14625 0.4 0.02
0 0.7333333333333333 0.23125 0.4 0.115
0 0.7333333333333333 0.328125 0.4 0.04375
0 0.7333333333333333 0.389375 0.4 0.04375
0 0.7333333333333333 0.450625 0.4 0.04375
0 0.7333333333333333 0.5475 0.4 0.115
0 0.7333333333333333 0.644375 0.4 0.04375
0 0.7333333333333333 0.7175 0.4 0.0675
0 0.7333333333333333 0.790625 0.4 0.04375
0 0.7333333333333333 0.851875 0.4 0.04375
