0 0.26666666666666666 0.096875 0.4 0.04375
0 0.26666666666666666 0.158125 0.4 0.04375
0 0.26666666666666666 0.2075 0.4 0.02
0 0.26666666666666666 0.256875 0.4 0.04375
0 0.26666666666666666 0.35375 0.4 0.115
0 0.26666666666666666 0.450625 0.4 0.04375
0 0.26666666666666666 0.5 0.4 0.02
0 0.26666666666666666 0.56125 0.4 0.0675
0 0.26666666666666666 0.64625 0.4 0.0675
0 0.26666666666666666 0.743125 0.4 0.09125
0 0.26666666666666666 0.828125 0.4 0.04375
0 0.26666666666666666 0.8775 0.4 0.02
0 0.7333333333333333 0.096875 0.4 0.04375
0 0.7333333333333333 0.158125 0.4 0.04375
0 0.7333333333333333 0.255 0.4 0.115
0 0.7333333333333333 0.375625 0.4 0.09125
0 0.7333333333333333 0.460625 0.4 0.04375
0 0.7333333333333333 0.521875 0.4 0.04375
0 0.7333333333333333 0.583125 0.4 0.04375
0 0.7333333333333333 0.6325 0.4 0.02
0 0.7333333333333333 0.681875 0.4 0.04375
0 0.7333333333333333 0.73125 0.4 0.02
0 0.7333333333333333 0.804375 0.4 0.09125
0 0.7333333333333333 0.889375 0.4 0.04375
