0 0.26666666666666666 0.15625 0.4 0.1625
0 0.26666666666666666 0.276875 0.4 0.04375
0 0.26666666666666666 0.385625 0.4 0.13875
0 0.26666666666666666 0.50625 0.4 0.0675
0 0.26666666666666666 0.579375 0.4 0.04375
0 0.26666666666666666 0.640625 0.4 0.04375
0 0.26666666666666666 0.701875 0.4 0.04375
0 0.26666666666666666 0.786875 0.4 0.09125
0 0.26666666666666666 0.871875 0.4 0.04375
0 0.7333333333333333 0.120625 0.4 0.09125
0 0.7333333333333333 0.229375 0.4 0.09125
0 0.7333333333333333 0.338125 0.4 0.09125
0 0.7333333333333333 0.423125 0.4 0.04375
0 0.7333333333333333 0.52 0.4 0.115
0 0.7333333333333333 0.616875 0.4 0.04375
0 0.7333333333333333 0.678125 0.4 0.04375
0 0.7333333333333333 0.739375 0.4 0.04375
0 0.7333333333333333 0.78875 0.4 0.02
0 0.7333333333333333 0.82625 0.4 0.02
0 0.7333333333333333 0.875625 0.4 0.04375
