0 0.26666666666666666 0.144375 0.4 0.13875
0 0.26666666666666666 0.28875 0.4 0.115
0 0.26666666666666666 0.385625 0.4 0.04375
0 0.26666666666666666 0.446875 0.4 0.04375
0 0.26666666666666666 0.508125 0.4 0.04375
0 0.26666666666666666 0.593125 0.4 0.09125
0 0.26666666666666666 0.69 0.4 0.0675
0 0.26666666666666666 0.763125 0.4 0.04375
0 0.26666666666666666 0.8125 0.4 0.02
0 0.26666666666666666 0.87375 0.4 0.0675
0 0.7333333333333333 0.120625 0.4 0.09125
0 0.7333333333333333 0.205625 0.4 0.04375
0 0.7333333333333333 0.290625 0.4 0.09125
0 0.7333333333333333 0.36375 0.4 0.02
0 0.7333333333333333 0.40125 0.4 0.02
0 0.7333333333333333 0.48625 0.4 0.115
0 0.7333333333333333 0.606875 0.4 0.09125
0 0.7333333333333333 0.739375 0.4 0.13875
0 0.7333333333333333 0.871875 0.4 0.09125
