0 0.26666666666666666 0.096875 0.4 0.04375
0 0.26666666666666666 0.158125 0.4 0.04375
0 0.26666666666666666 0.219375 0.4 0.04375
0 0.26666666666666666 0.280625 0.4 0.04375
0 0.26666666666666666 0.341875 0.4 0.04375
0 0.26666666666666666 0.426875 0.4 0.09125
0 0.26666666666666666 0.511875 0.4 0.04375
0 0.26666666666666666 0.596875 0.4 0.09125
0 0.26666666666666666 0.7175 0.4 0.115
0 0.26666666666666666 0.861875 0.4 0.13875
0 0.7333333333333333 0.120625 0.4 0.09125
0 0.7333333333333333 0.205625 0.4 0.04375
0 0.7333333333333333 0.290625 0.4 0.09125
0 0.7333333333333333 0.41125 0.4 0.115
0 0.7333333333333333 0.508125 0.4 0.04375
0 0.7333333333333333 0.569375 0.4 0.04375
0 0.7333333333333333 0.61875 0.4 0.02
0 0.7333333333333333 0.715625 0.4 0.13875
0 0.7333333333333333 0.8125 0.4 0.02
0 0.7333333333333333 0.85 0.4 0.02
0 0.7333333333333333 0.899375 0.4 0.04375
