0 0.26666666666666666 0.1325 0.4 0.115
0 0.26666666666666666 0.229375 0.4 0.04375
0 0.26666666666666666 0.32625 0.4 0.115
0 0.26666666666666666 0.41125 0.4 0.02
0 0.26666666666666666 0.508125 0.4 0.13875
0 0.26666666666666666 0.616875 0.4 0.04375
0 0.26666666666666666 0.69 0.4 0.0675
0 0.26666666666666666 0.75125 0.4 0.02
0 0.26666666666666666 0.8125 0.4 0.0675
0 0.26666666666666666 0.885625 0.4 0.04375
0 0.7333333333333333 0.096875 0.4 0.04375
0 0.7333333333333333 0.19375 0.4 0.115
0 0.7333333333333333 0.290625 0.4 0.04375
0 0.7333333333333333 0.399375 0.4 0.13875
0 0.7333333333333333 0.5675 0.4 0.1625
0 0.7333333333333333 0.72375 0.4 0.115
0 0.7333333333333333 0.8325 0.4 0.0675
0 0.7333333333333333 0.905625 0.4 0.04375
