0 0.26666666666666666 0.096875 0.4 0.04375
0 0.26666666666666666 0.205625 0.4 0.13875
0 0.26666666666666666 0.3025 0.4 0.02
0 0.26666666666666666 0.34 0.4 0.02
0 0.26666666666666666 0.389375 0.4 0.04375
0 0.26666666666666666 0.43875 0.4 0.02
0 0.26666666666666666 0.535625 0.4 0.13875
0 0.26666666666666666 0.668125 0.4 0.09125
0 0.26666666666666666 0.765 0.4 0.0675
0 0.26666666666666666 0.838125 0.4 0.04375
0 0.26666666666666666 0.935 0.4 0.115
0 0.7333333333333333 0.096875 0.4 0.04375
0 0.7333333333333333 0.158125 0.4 0.04375
0 0.7333333333333333 0.2075 0.4 0.02
0 0.7333333333333333 0.256875 0.4 0.04375
0 0.7333333333333333 0.30625 0.4 0.02
0 0.7333333333333333 0.379375 0.4 0.09125
0 0.7333333333333333 0.464375 0.4 0.04375
0 0.7333333333333333 0.549375 0.4 0.09125
0 0.7333333333333333 0.634375 0.4 0.04375
0 0.7333333333333333 0.695625 0.4 0.04375
0 0.7333333333333333 0.7925 0.4 0.115
0 0.7333333333333333 0.889375 0.4 0.04375
