0 0.26666666666666666 0.085 0.4 0.02
0 0.26666666666666666 0.14625 0.4 0.0675
0 0.26666666666666666 0.243125 0.4 0.09125
0 0.26666666666666666 0.34 0.4 0.0675
0 0.26666666666666666 0.40125 0.4 0.02
0 0.26666666666666666 0.474375 0.4 0.09125
0 0.26666666666666666 0.559375 0.4 0.04375
0 0.26666666666666666 0.644375 0.4 0.09125
0 0.26666666666666666 0.729375 0.4 0.04375
0 0.26666666666666666 0.77875 0.4 0.02
0 0.26666666666666666 0.84 0.4 0.0675
0 0.7333333333333333 0.096875 0.4 0.04375
0 0.7333333333333333 0.19375 0.4 0.115
0 0.7333333333333333 0.290625 0.4 0.04375
0 0.7333333333333333 0.351875 0.4 0.04375
0 0.7333333333333333 0.44875 0.4 0.115
0 0.7333333333333333 0.593125 0.4 0.13875
0 0.7333333333333333 0.749375 0.4 0.13875
0 0.7333333333333333 0.858125 0.4 0.04375
