0 0.26666666666666666 0.085 0.4 0.02
0 0.26666666666666666 0.134375 0.4 0.04375
0 0.26666666666666666 0.195625 0.4 0.04375
0 0.26666666666666666 0.245 0.4 0.02
0 0.26666666666666666 0.2825 0.4 0.02
0 0.26666666666666666 0.34375 0.4 0.0675
0 0.26666666666666666 0.47625 0.4 0.1625
0 0.26666666666666666 0.6325 0.4 0.115
0 0.26666666666666666 0.7175 0.4 0.02
0 0.26666666666666666 0.755 0.4 0.02
0 0.26666666666666666 0.828125 0.4 0.09125
0 0.7333333333333333 0.1325 0.4 0.115
0 0.7333333333333333 0.229375 0.4 0.04375
0 0.7333333333333333 0.338125 0.4 0.13875
0 0.7333333333333333 0.446875 0.4 0.04375
0 0.7333333333333333 0.508125 0.4 0.04375
0 0.7333333333333333 0.605 0.4 0.115
0 0.7333333333333333 0.749375 0.4 0.13875
0 0.7333333333333333 0.881875 0.4 0.09125
