0 0.26666666666666666 0.096875 0.4 0.04375
0 0.26666666666666666 0.158125 0.4 0.04375
0 0.26666666666666666 0.219375 0.4 0.04375
0 0.26666666666666666 0.328125 0.4 0.13875
0 0.26666666666666666 0.436875 0.4 0.04375
0 0.26666666666666666 0.48625 0.4 0.02
0 0.26666666666666666 0.535625 0.4 0.04375
0 0.26666666666666666 0.60875 0.4 0.0675
0 0.26666666666666666 0.681875 0.4 0.04375
0 0.26666666666666666 0.755 0.4 0.0675
0 0.26666666666666666 0.828125 0.4 0.04375
0 0.26666666666666666 0.8775 0.4 0.02
0 0.7333333333333333 0.085 0.4 0.02
0 0.7333333333333333 0.1225 0.4 0.02
0 0.7333333333333333 0.2075 0.4 0.115
0 0.7333333333333333 0.304375 0.4 0.04375
0 0.7333333333333333 0.389375 0.4 0.09125
0 0.7333333333333333 0.498125 0.4 0.09125
0 0.7333333333333333 0.57125 0.4 0.02
0 0.7333333333333333 0.620625 0.4 0.04375
0 0.7333333333333333 0.69375 0.4 0.0675
0 0.7333333333333333 0.755 0.4 0.02
0 0.7333333333333333 0.84 0.4 0.115
