0 0.26666666666666666 0.120625 0.4 0.09125
0 0.26666666666666666 0.205625 0.4 0.04375
0 0.26666666666666666 0.266875 0.4 0.04375
0 0.26666666666666666 0.328125 0.4 0.04375
0 0.26666666666666666 0.389375 0.4 0.04375
0 0.26666666666666666 0.450625 0.4 0.04375
0 0.26666666666666666 0.511875 0.4 0.04375
0 0.26666666666666666 0.620625 0.4 0.13875
0 0.26666666666666666 0.753125 0.4 0.09125
0 0.26666666666666666 0.838125 0.4 0.04375
0 0.26666666666666666 0.95875 0.4 0.1625
0 0.7333333333333333 0.085 0.4 0.02
0 0.7333333333333333 0.134375 0.4 0.04375
0 0.7333333333333333 0.18375 0.4 0.02
0 0.7333333333333333 0.233125 0.4 0.04375
0 0.7333333333333333 0.341875 0.4 0.13875
0 0.7333333333333333 0.48625 0.4 0.115
0 0.7333333333333333 0.583125 0.4 0.04375
0 0.7333333333333333 0.68 0.4 0.115
0 0.7333333333333333 0.776875 0.4 0.04375
0 0.7333333333333333 0.87375 0.4 0.115
