0 0.26666666666666666 0.15625 0.4 0.1625
0 0.26666666666666666 0.276875 0.4 0.04375
0 0.26666666666666666 0.338125 0.4 0.04375
0 0.26666666666666666 0.435 0.4 0.115
0 0.26666666666666666 0.52 0.4 0.02
0 0.26666666666666666 0.593125 0.4 0.09125
0 0.26666666666666666 0.701875 0.4 0.09125
0 0.26666666666666666 0.834375 0.4 0.13875
0 0.7333333333333333 0.096875 0.4 0.04375
0 0.7333333333333333 0.19375 0.4 0.115
0 0.7333333333333333 0.290625 0.4 0.04375
0 0.7333333333333333 0.36375 0.4 0.0675
0 0.7333333333333333 0.436875 0.4 0.04375
0 0.7333333333333333 0.498125 0.4 0.04375
0 0.7333333333333333 0.595 0.4 0.115
0 0.7333333333333333 0.691875 0.4 0.04375
0 0.7333333333333333 0.776875 0.4 0.09125
0 0.7333333333333333 0.92125 0.4 0.1625
