0 0.26666666666666666 0.144375 0.4 0.13875
0 0.26666666666666666 0.253125 0.4 0.04375
0 0.26666666666666666 0.314375 0.4 0.04375
0 0.26666666666666666 0.375625 0.4 0.04375
0 0.26666666666666666 0.436875 0.4 0.04375
0 0.26666666666666666 0.53375 0.4 0.115
0 0.26666666666666666 0.630625 0.4 0.04375
0 0.26666666666666666 0.70375 0.4 0.0675
0 0.26666666666666666 0.765 0.4 0.02
0 0.26666666666666666 0.838125 0.4 0.09125
0 0.7333333333333333 0.15625 0.4 0.1625
0 0.7333333333333333 0.276875 0.4 0.04375
0 0.7333333333333333 0.361875 0.4 0.09125
0 0.7333333333333333 0.4825 0.4 0.115
0 0.7333333333333333 0.603125 0.4 0.09125
0 0.7333333333333333 0.688125 0.4 0.04375
0 0.7333333333333333 0.773125 0.4 0.09125
0 0.7333333333333333 0.858125 0.4 0.04375
