0 0.26666666666666666 0.15625 0.4 0.1625
0 0.26666666666666666 0.276875 0.4 0.04375
0 0.26666666666666666 0.32625 0.4 0.02
0 0.26666666666666666 0.36375 0.4 0.02
0 0.26666666666666666 0.44875 0.4 0.115
0 0.26666666666666666 0.569375 0.4 0.09125
0 0.26666666666666666 0.654375 0.4 0.04375
0 0.26666666666666666 0.739375 0.4 0.09125
0 0.26666666666666666 0.824375 0.4 0.04375
0 0.26666666666666666 0.885625 0.4 0.04375
0 0.7333333333333333 0.085 0.4 0.02
0 0.7333333333333333 0.181875 0.4 0.13875
0 0.7333333333333333 0.27875 0.4 0.02
0 0.7333333333333333 0.351875 0.4 0.09125
0 0.7333333333333333 0.44875 0.4 0.0675
0 0.7333333333333333 0.51 0.4 0.02
0 0.7333333333333333 0.559375 0.4 0.04375
0 0.7333333333333333 0.620625 0.4 0.04375
0 0.7333333333333333 0.7175 0.4 0.115
0 0.7333333333333333 0.814375 0.4 0.04375
0 0.7333333333333333 0.875625 0.4 0.04375
