0 0.26666666666666666 0.096875 0.4 0.04375
0 0.26666666666666666 0.14625 0.4 0.02
0 0.26666666666666666 0.2075 0.4 0.0675
0 0.26666666666666666 0.26875 0.4 0.02
0 0.26666666666666666 0.318125 0.4 0.04375
0 0.26666666666666666 0.415 0.4 0.115
0 0.26666666666666666 0.535625 0.4 0.09125
0 0.26666666666666666 0.644375 0.4 0.09125
0 0.26666666666666666 0.7175 0.4 0.02
0 0.26666666666666666 0.790625 0.4 0.09125
0 0.26666666666666666 0.875625 0.4 0.04375
0 0.7333333333333333 0.085 0.4 0.02
0 0.7333333333333333 0.1225 0.4 0.02
0 0.7333333333333333 0.171875 0.4 0.04375
0 0.7333333333333333 0.245 0.4 0.0675
0 0.7333333333333333 0.35375 0.4 0.115
0 0.7333333333333333 0.450625 0.4 0.04375
0 0.7333333333333333 0.511875 0.4 0.04375
0 0.7333333333333333 0.56125 0.4 0.02
0 0.7333333333333333 0.658125 0.4 0.13875
0 0.7333333333333333 0.766875 0.4 0.04375
0 0.7333333333333333 0.81625 0.4 0.02
0 0.7333333333333333 0.865625 0.4 0.04375
