0 0.26666666666666666 0.096875 0.4 0.04375
0 0.26666666666666666 0.158125 0.4 0.04375
0 0.26666666666666666 0.219375 0.4 0.04375
0 0.26666666666666666 0.280625 0.4 0.04375
0 0.26666666666666666 0.341875 0.4 0.04375
0 0.26666666666666666 0.403125 0.4 0.04375
0 0.26666666666666666 0.5 0.4 0.115
0 0.26666666666666666 0.596875 0.4 0.04375
0 0.26666666666666666 0.7175 0.4 0.1625
0 0.26666666666666666 0.838125 0.4 0.04375
0 0.26666666666666666 0.899375 0.4 0.04375
0 0.7333333333333333 0.120625 0.4 0.09125
0 0.7333333333333333 0.253125 0.4 0.13875
0 0.7333333333333333 0.385625 0.4 0.09125
0 0.7333333333333333 0.494375 0.4 0.09125
0 0.7333333333333333 0.579375 0.4 0.04375
0 0.7333333333333333 0.6525 0.4 0.0675
0 0.7333333333333333 0.725625 0.4 0.04375
0 0.7333333333333333 0.786875 0.4 0.04375
0 0.7333333333333333 0.871875 0.4 0.09125
