0 0.26666666666666666 0.120625 0.4 0.09125
0 0.26666666666666666 0.265 0.4 0.1625
0 0.26666666666666666 0.3975 0.4 0.0675
0 0.26666666666666666 0.45875 0.4 0.02
0 0.26666666666666666 0.508125 0.4 0.04375
0 0.26666666666666666 0.616875 0.4 0.13875
0 0.26666666666666666 0.773125 0.4 0.13875
0 0.26666666666666666 0.87 0.4 0.02
0 0.7333333333333333 0.120625 0.4 0.09125
0 0.7333333333333333 0.205625 0.4 0.04375
0 0.7333333333333333 0.3025 0.4 0.115
0 0.7333333333333333 0.41125 0.4 0.0675
0 0.7333333333333333 0.49625 0.4 0.0675
0 0.7333333333333333 0.569375 0.4 0.04375
0 0.7333333333333333 0.630625 0.4 0.04375
0 0.7333333333333333 0.715625 0.4 0.09125
0 0.7333333333333333 0.800625 0.4 0.04375
0 0.7333333333333333 0.85 0.4 0.02
0 0.7333333333333333 0.899375 0.4 0.04375
