0 0.26666666666666666 0.10875 0.4 0.0675
0 0.26666666666666666 0.17 0.4 0.02
0 0.26666666666666666 0.219375 0.4 0.04375
0 0.26666666666666666 0.328125 0.4 0.13875
0 0.26666666666666666 0.484375 0.4 0.13875
0 0.26666666666666666 0.593125 0.4 0.04375
0 0.26666666666666666 0.654375 0.4 0.04375
0 0.26666666666666666 0.763125 0.4 0.13875
0 0.26666666666666666 0.86 0.4 0.02
0 0.7333333333333333 0.096875 0.4 0.04375
0 0.7333333333333333 0.158125 0.4 0.04375
0 0.7333333333333333 0.23125 0.4 0.0675
0 0.7333333333333333 0.304375 0.4 0.04375
0 0.7333333333333333 0.35375 0.4 0.02
0 0.7333333333333333 0.39125 0.4 0.02
0 0.7333333333333333 0.47625 0.4 0.115
0 0.7333333333333333 0.573125 0.4 0.04375
0 0.7333333333333333 0.634375 0.4 0.04375
0 0.7333333333333333 0.695625 0.4 0.04375
0 0.7333333333333333 0.745 0.4 0.02
0 0.7333333333333333 0.794375 0.4 0.04375
0 0.7333333333333333 0.84375 0.4 0.02
0 0.7333333333333333 0.893125 0.4 0.04375
