0 0.26666666666666666 0.096875 0.4 0.04375
0 0.26666666666666666 0.158125 0.4 0.04375
0 0.26666666666666666 0.243125 0.4 0.09125
0 0.26666666666666666 0.31625 0.4 0.02
0 0.26666666666666666 0.389375 0.4 0.09125
0 0.26666666666666666 0.474375 0.4 0.04375
0 0.26666666666666666 0.535625 0.4 0.04375
0 0.26666666666666666 0.644375 0.4 0.13875
0 0.26666666666666666 0.800625 0.4 0.13875
0 0.7333333333333333 0.096875 0.4 0.04375
0 0.7333333333333333 0.14625 0.4 0.02
0 0.7333333333333333 0.219375 0.4 0.09125
0 0.7333333333333333 0.304375 0.4 0.04375
0 0.7333333333333333 0.35375 0.4 0.02
0 0.7333333333333333 0.403125 0.4 0.04375
0 0.7333333333333333 0.511875 0.4 0.13875
0 0.7333333333333333 0.60875 0.4 0.02
0 0.7333333333333333 0.64625 0.4 0.02
0 0.7333333333333333 0.73125 0.4 0.115
0 0.7333333333333333 0.851875 0.4 0.09125
