0 0.26666666666666666 0.144375 0.4 0.13875
0 0.26666666666666666 0.253125 0.4 0.04375
0 0.26666666666666666 0.338125 0.4 0.09125
0 0.26666666666666666 0.423125 0.4 0.04375
0 0.26666666666666666 0.52 0.4 0.115
0 0.26666666666666666 0.67625 0.4 0.1625
0 0.26666666666666666 0.796875 0.4 0.04375
0 0.26666666666666666 0.881875 0.4 0.09125
0 0.7333333333333333 0.120625 0.4 0.09125
0 0.7333333333333333 0.229375 0.4 0.09125
0 0.7333333333333333 0.314375 0.4 0.04375
0 0.7333333333333333 0.3875 0.4 0.0675
0 0.7333333333333333 0.460625 0.4 0.04375
0 0.7333333333333333 0.521875 0.4 0.04375
0 0.7333333333333333 0.583125 0.4 0.04375
0 0.7333333333333333 0.6325 0.4 0.02
0 0.7333333333333333 0.681875 0.4 0.04375
0 0.7333333333333333 0.77875 0.4 0.115
0 0.7333333333333333 0.91125 0.4 0.115
