0 0.26666666666666666 0.085 0.4 0.02
0 0.26666666666666666 0.134375 0.4 0.04375
0 0.26666666666666666 0.195625 0.4 0.04375
0 0.26666666666666666 0.256875 0.4 0.04375
0 0.26666666666666666 0.33 0.4 0.0675
0 0.26666666666666666 0.415 0.4 0.0675
0 0.26666666666666666 0.52375 0.4 0.115
0 0.26666666666666666 0.6325 0.4 0.0675
0 0.26666666666666666 0.69375 0.4 0.02
0 0.26666666666666666 0.755 0.4 0.0675
0 0.26666666666666666 0.828125 0.4 0.04375
0 0.26666666666666666 0.90125 0.4 0.0675
0 0.7333333333333333 0.096875 0.4 0.04375
0 0.7333333333333333 0.181875 0.4 0.09125
0 0.7333333333333333 0.266875 0.4 0.04375
0 0.7333333333333333 0.351875 0.4 0.09125
0 0.7333333333333333 0.436875 0.4 0.04375
0 0.7333333333333333 0.545625 0.4 0.13875
0 0.7333333333333333 0.69 0.4 0.115
0 0.7333333333333333 0.810625 0.4 0.09125
0 0.7333333333333333 0.93125 0.4 0.115
