0 0.26666666666666666 0.096875 0.4 0.04375
0 0.26666666666666666 0.19375 0.4 0.115
0 0.26666666666666666 0.290625 0.4 0.04375
0 0.26666666666666666 0.3875 0.4 0.115
0 0.26666666666666666 0.484375 0.4 0.04375
0 0.26666666666666666 0.545625 0.4 0.04375
0 0.26666666666666666 0.595 0.4 0.02
0 0.26666666666666666 0.644375 0.4 0.04375
0 0.26666666666666666 0.729375 0.4 0.09125
0 0.26666666666666666 0.814375 0.4 0.04375
0 0.26666666666666666 0.899375 0.4 0.09125
0 0.7333333333333333 0.120625 0.4 0.09125
0 0.7333333333333333 0.205625 0.4 0.04375
0 0.7333333333333333 0.255 0.4 0.02
0 0.7333333333333333 0.2925 0.4 0.02
0 0.7333333333333333 0.341875 0.4 0.04375
0 0.7333333333333333 0.39125 0.4 0.02
0 0.7333333333333333 0.440625 0.4 0.04375
0 0.7333333333333333 0.501875 0.4 0.04375
0 0.7333333333333333 0.586875 0.4 0.09125
0 0.7333333333333333 0.671875 0.4 0.04375
0 0.7333333333333333 0.733125 0.4 0.04375
0 0.7333333333333333 0.7825 0.4 0.02
0 0.7333333333333333 0.82 0.4 0.02
0 0.7333333333333333 0.869375 0.4 0.04375
