0 0.26666666666666666 0.1325 0.4 0.115
0 0.26666666666666666 0.276875 0.4 0.13875
0 0.26666666666666666 0.385625 0.4 0.04375
0 0.26666666666666666 0.446875 0.4 0.04375
0 0.26666666666666666 0.54375 0.4 0.115
0 0.26666666666666666 0.640625 0.4 0.04375
0 0.26666666666666666 0.701875 0.4 0.04375
0 0.26666666666666666 0.775 0.4 0.0675
0 0.26666666666666666 0.83625 0.4 0.02
0 0.26666666666666666 0.87375 0.4 0.02
0 0.7333333333333333 0.096875 0.4 0.04375
0 0.7333333333333333 0.158125 0.4 0.04375
0 0.7333333333333333 0.219375 0.4 0.04375
0 0.7333333333333333 0.304375 0.4 0.09125
0 0.7333333333333333 0.436875 0.4 0.13875
0 0.7333333333333333 0.605 0.4 0.1625
0 0.7333333333333333 0.725625 0.4 0.04375
0 0.7333333333333333 0.786875 0.4 0.04375
0 0.7333333333333333 0.83625 0.4 0.02
0 0.7333333333333333 0.92125 0.4 0.115
