0 0.26666666666666666 0.144375 0.4 0.13875
0 0.26666666666666666 0.253125 0.4 0.04375
0 0.26666666666666666 0.314375 0.4 0.04375
0 0.26666666666666666 0.375625 0.4 0.04375
0 0.26666666666666666 0.436875 0.4 0.04375
0 0.26666666666666666 0.498125 0.4 0.04375
0 0.26666666666666666 0.559375 0.4 0.04375
0 0.26666666666666666 0.620625 0.4 0.04375
0 0.26666666666666666 0.69375 0.4 0.0675
0 0.26666666666666666 0.755 0.4 0.02
0 0.26666666666666666 0.81625 0.4 0.0675
0 0.26666666666666666 0.925 0.4 0.115
0 0.7333333333333333 0.120625 0.4 0.09125
0 0.7333333333333333 0.24125 0.4 0.115
0 0.7333333333333333 0.32625 0.4 0.02
0 0.7333333333333333 0.399375 0.4 0.09125
0 0.7333333333333333 0.4725 0.4 0.02
0 0.7333333333333333 0.521875 0.4 0.04375
0 0.7333333333333333 0.583125 0.4 0.04375
0 0.7333333333333333 0.68 0.4 0.115
0 0.7333333333333333 0.776875 0.4 0.04375
0 0.7333333333333333 0.861875 0.4 0.09125
