0 0.26666666666666666 0.085 0.4 0.02
0 0.26666666666666666 0.1225 0.4 0.02
0 0.26666666666666666 0.171875 0.4 0.04375
0 0.26666666666666666 0.22125 0.4 0.02
0 0.26666666666666666 0.25875 0.4 0.02
0 0.26666666666666666 0.308125 0.4 0.04375
0 0.26666666666666666 0.3575 0.4 0.02
0 0.26666666666666666 0.406875 0.4 0.04375
0 0.26666666666666666 0.491875 0.4 0.09125
0 0.26666666666666666 0.6125 0.4 0.115
0 0.26666666666666666 0.745 0.4 0.115
0 0.26666666666666666 0.841875 0.4 0.04375
0 0.26666666666666666 0.903125 0.4 0.04375
0 0.7333333333333333 0.120625 0.4 0.09125
0 0.7333333333333333 0.19375 0.4 0.02
0 0.7333333333333333 0.27875 0.4 0.115
0 0.7333333333333333 0.3875 0.4 0.0675
0 0.7333333333333333 0.484375 0.4 0.09125
0 0.7333333333333333 0.569375 0.4 0.04375
0 0.7333333333333333 0.66625 0.4 0.115
0 0.7333333333333333 0.763125 0.4 0.04375
0 0.7333333333333333 0.83625 0.4 0.0675
