0 0.26666666666666666 0.096875 0.4 0.04375
0 0.26666666666666666 0.181875 0.4 0.09125
0 0.26666666666666666 0.266875 0.4 0.04375
0 0.26666666666666666 0.31625 0.4 0.02
0 0.26666666666666666 0.365625 0.4 0.04375
0 0.26666666666666666 0.426875 0.4 0.04375
0 0.26666666666666666 0.488125 0.4 0.04375
0 0.26666666666666666 0.549375 0.4 0.04375
0 0.26666666666666666 0.610625 0.4 0.04375
0 0.26666666666666666 0.671875 0.4 0.04375
0 0.26666666666666666 0.72125 0.4 0.02
0 0.26666666666666666 0.794375 0.4 0.09125
0 0.26666666666666666 0.879375 0.4 0.04375
0 0.7333333333333333 0.096875 0.4 0.04375
0 0.7333333333333333 0.14625 0.4 0.02
0 0.7333333333333333 0.195625 0.4 0.04375
0 0.7333333333333333 0.245 0.4 0.02
0 0.7333333333333333 0.294375 0.4 0.04375
0 0.7333333333333333 0.355625 0.4 0.04375
0 0.7333333333333333 0.416875 0.4 0.04375
0 0.7333333333333333 0.51375 0.4 0.115
0 0.7333333333333333 0.59875 0.4 0.02
0 0.7333333333333333 0.671875 0.4 0.09125
0 0.7333333333333333 0.756875 0.4 0.04375
0 0.7333333333333333 0.80625 0.4 0.02
0 0.7333333333333333 0.84375 0.4 0.02
0 0.7333333333333333 0.893125 0.4 0.04375
