0 0.26666666666666666 0.120625 0.4 0.09125
0 0.26666666666666666 0.205625 0.4 0.04375
0 0.26666666666666666 0.3025 0.4 0.115
0 0.26666666666666666 0.399375 0.4 0.04375
0 0.26666666666666666 0.44875 0.4 0.02
0 0.26666666666666666 0.51 0.4 0.0675
0 0.26666666666666666 0.61875 0.4 0.115
0 0.26666666666666666 0.7275 0.4 0.0675
0 0.26666666666666666 0.800625 0.4 0.04375
0 0.26666666666666666 0.885625 0.4 0.09125
0 0.7333333333333333 0.096875 0.4 0.04375
0 0.7333333333333333 0.158125 0.4 0.04375
0 0.7333333333333333 0.243125 0.4 0.09125
0 0.7333333333333333 0.351875 0.4 0.09125
0 0.7333333333333333 0.436875 0.4 0.04375
0 0.7333333333333333 0.53375 0.4 0.115
0 0.7333333333333333 0.630625 0.4 0.04375
0 0.7333333333333333 0.68 0.4 0.02
0 0.7333333333333333 0.776875 0.4 0.13875
0 0.7333333333333333 0.87375 0.4 0.02
