0 0.26666666666666666 0.085 0.4 0.02
0 0.26666666666666666 0.181875 0.4 0.13875
0 0.26666666666666666 0.27875 0.4 0.02
0 0.26666666666666666 0.34 0.4 0.0675
0 0.26666666666666666 0.40125 0.4 0.02
0 0.26666666666666666 0.498125 0.4 0.13875
0 0.26666666666666666 0.654375 0.4 0.13875
0 0.26666666666666666 0.75125 0.4 0.02
0 0.26666666666666666 0.78875 0.4 0.02
0 0.26666666666666666 0.838125 0.4 0.04375
0 0.26666666666666666 0.899375 0.4 0.04375
0 0.7333333333333333 0.120625 0.4 0.09125
0 0.7333333333333333 0.2175 0.4 0.0675
0 0.7333333333333333 0.338125 0.4 0.13875
0 0.7333333333333333 0.446875 0.4 0.04375
0 0.7333333333333333 0.555625 0.4 0.13875
0 0.7333333333333333 0.688125 0.4 0.09125
0 0.7333333333333333 0.796875 0.4 0.09125
0 0.7333333333333333 0.881875 0.4 0.04375
