0 0.26666666666666666 0.096875 0.4 0.04375
0 0.26666666666666666 0.158125 0.4 0.04375
0 0.26666666666666666 0.219375 0.4 0.04375
0 0.26666666666666666 0.280625 0.4 0.04375
0 0.26666666666666666 0.33 0.4 0.02
0 0.26666666666666666 0.3675 0.4 0.02
0 0.26666666666666666 0.4525 0.4 0.115
0 0.26666666666666666 0.549375 0.4 0.04375
0 0.26666666666666666 0.610625 0.4 0.04375
0 0.26666666666666666 0.66 0.4 0.02
0 0.26666666666666666 0.733125 0.4 0.09125
0 0.26666666666666666 0.83 0.4 0.0675
0 0.26666666666666666 0.950625 0.4 0.13875
0 0.7333333333333333 0.096875 0.4 0.04375
0 0.7333333333333333 0.158125 0.4 0.04375
0 0.7333333333333333 0.219375 0.4 0.04375
0 0.7333333333333333 0.2925 0.4 0.0675
0 0.7333333333333333 0.3775 0.4 0.0675
0 0.7333333333333333 0.48625 0.4 0.115
0 0.7333333333333333 0.61875 0.4 0.115
0 0.7333333333333333 0.763125 0.4 0.13875
0 0.7333333333333333 0.871875 0.4 0.04375
