0 0.26666666666666666 0.096875 0.4 0.04375
0 0.26666666666666666 0.181875 0.4 0.09125
0 0.26666666666666666 0.266875 0.4 0.04375
0 0.26666666666666666 0.328125 0.4 0.04375
0 0.26666666666666666 0.436875 0.4 0.13875
0 0.26666666666666666 0.545625 0.4 0.04375
0 0.26666666666666666 0.6425 0.4 0.115
0 0.26666666666666666 0.75125 0.4 0.0675
0 0.26666666666666666 0.86 0.4 0.115
0 0.7333333333333333 0.096875 0.4 0.04375
0 0.7333333333333333 0.181875 0.4 0.09125
0 0.7333333333333333 0.290625 0.4 0.09125
0 0.7333333333333333 0.399375 0.4 0.09125
0 0.7333333333333333 0.4725 0.4 0.02
0 0.7333333333333333 0.51 0.4 0.02
0 0.7333333333333333 0.583125 0.4 0.09125
0 0.7333333333333333 0.68 0.4 0.0675
0 0.7333333333333333 0.776875 0.4 0.09125
0 0.7333333333333333 0.861875 0.4 0.04375
