0 0.26666666666666666 0.15625 0.4 0.1625
0 0.26666666666666666 0.3125 0.4 0.115
0 0.26666666666666666 0.3975 0.4 0.02
0 0.26666666666666666 0.446875 0.4 0.04375
0 0.26666666666666666 0.54375 0.4 0.115
0 0.26666666666666666 0.62875 0.4 0.02
0 0.26666666666666666 0.678125 0.4 0.04375
0 0.26666666666666666 0.739375 0.4 0.04375
0 0.26666666666666666 0.800625 0.4 0.04375
0 0.26666666666666666 0.861875 0.4 0.04375
0 0.7333333333333333 0.1325 0.4 0.115
0 0.7333333333333333 0.2175 0.4 0.02
0 0.7333333333333333 0.255 0.4 0.02
0 0.7333333333333333 0.2925 0.4 0.02
0 0.7333333333333333 0.33 0.4 0.02
0 0.7333333333333333 0.379375 0.4 0.04375
0 0.7333333333333333 0.47625 0.4 0.115
0 0.7333333333333333 0.573125 0.4 0.04375
0 0.7333333333333333 0.634375 0.4 0.04375
0 0.7333333333333333 0.695625 0.4 0.04375
0 0.7333333333333333 0.76875 0.4 0.0675
0 0.7333333333333333 0.83 0.4 0.02
0 0.7333333333333333 0.879375 0.4 0.04375
