0 0.26666666666666666 0.096875 0.4 0.04375
0 0.26666666666666666 0.14625 0.4 0.02
0 0.26666666666666666 0.195625 0.4 0.04375
0 0.26666666666666666 0.256875 0.4 0.04375
0 0.26666666666666666 0.33 0.4 0.0675
0 0.26666666666666666 0.403125 0.4 0.04375
0 0.26666666666666666 0.511875 0.4 0.13875
0 0.26666666666666666 0.620625 0.4 0.04375
0 0.26666666666666666 0.681875 0.4 0.04375
0 0.26666666666666666 0.743125 0.4 0.04375
0 0.26666666666666666 0.804375 0.4 0.04375
0 0.26666666666666666 0.913125 0.4 0.13875
0 0.7333333333333333 0.15625 0.4 0.1625
0 0.7333333333333333 0.324375 0.4 0.13875
0 0.7333333333333333 0.433125 0.4 0.04375
0 0.7333333333333333 0.53 0.4 0.115
0 0.7333333333333333 0.6625 0.4 0.115
0 0.7333333333333333 0.795 0.4 0.115
0 0.7333333333333333 0.95125 0.4 0.1625
