0 0.26666666666666666 0.096875 0.4 0.04375
0 0.26666666666666666 0.181875 0.4 0.09125
0 0.26666666666666666 0.314375 0.4 0.13875
0 0.26666666666666666 0.423125 0.4 0.04375
0 0.26666666666666666 0.52 0.4 0.115
0 0.26666666666666666 0.640625 0.4 0.09125
0 0.26666666666666666 0.749375 0.4 0.09125
0 0.26666666666666666 0.834375 0.4 0.04375
0 0.26666666666666666 0.93125 0.4 0.115
0 0.7333333333333333 0.096875 0.4 0.04375
0 0.7333333333333333 0.158125 0.4 0.04375
0 0.7333333333333333 0.219375 0.4 0.04375
0 0.7333333333333333 0.280625 0.4 0.04375
0 0.7333333333333333 0.341875 0.4 0.04375
0 0.7333333333333333 0.415 0.4 0.0675
0 0.7333333333333333 0.488125 0.4 0.04375
0 0.7333333333333333 0.549375 0.4 0.04375
0 0.7333333333333333 0.634375 0.4 0.09125
0 0.7333333333333333 0.719375 0.4 0.04375
0 0.7333333333333333 0.7925 0.4 0.0675
0 0.7333333333333333 0.865625 0.4 0.04375
