0 0.26666666666666666 0.085 0.4 0.02
0 0.26666666666666666 0.158125 0.4 0.09125
0 0.26666666666666666 0.266875 0.4 0.09125
0 0.26666666666666666 0.351875 0.4 0.04375
0 0.26666666666666666 0.40125 0.4 0.02
0 0.26666666666666666 0.450625 0.4 0.04375
0 0.26666666666666666 0.535625 0.4 0.09125
0 0.26666666666666666 0.65625 0.4 0.115
0 0.26666666666666666 0.776875 0.4 0.09125
0 0.26666666666666666 0.885625 0.4 0.09125
0 0.7333333333333333 0.10875 0.4 0.0675
0 0.7333333333333333 0.229375 0.4 0.13875
0 0.7333333333333333 0.35 0.4 0.0675
0 0.7333333333333333 0.446875 0.4 0.09125
0 0.7333333333333333 0.579375 0.4 0.13875
0 0.7333333333333333 0.67625 0.4 0.02
0 0.7333333333333333 0.725625 0.4 0.04375
0 0.7333333333333333 0.786875 0.4 0.04375
0 0.7333333333333333 0.88375 0.4 0.115
