0 0.26666666666666666 0.120625 0.4 0.09125
0 0.26666666666666666 0.2175 0.4 0.0675
0 0.26666666666666666 0.290625 0.4 0.04375
0 0.26666666666666666 0.351875 0.4 0.04375
0 0.26666666666666666 0.425 0.4 0.0675
0 0.26666666666666666 0.498125 0.4 0.04375
0 0.26666666666666666 0.559375 0.4 0.04375
0 0.26666666666666666 0.620625 0.4 0.04375
0 0.26666666666666666 0.67 0.4 0.02
0 0.26666666666666666 0.719375 0.4 0.04375
0 0.26666666666666666 0.780625 0.4 0.04375
0 0.26666666666666666 0.83 0.4 0.02
0 0.26666666666666666 0.8675 0.4 0.02
0 0.7333333333333333 0.096875 0.4 0.04375
0 0.7333333333333333 0.181875 0.4 0.09125
0 0.7333333333333333 0.266875 0.4 0.04375
0 0.7333333333333333 0.328125 0.4 0.04375
0 0.7333333333333333 0.413125 0.4 0.09125
0 0.7333333333333333 0.498125 0.4 0.04375
0 0.7333333333333333 0.5475 0.4 0.02
0 0.7333333333333333 0.6325 0.4 0.115
0 0.7333333333333333 0.729375 0.4 0.04375
0 0.7333333333333333 0.8025 0.4 0.0675
0 0.7333333333333333 0.875625 0.4 0.04375
