0 0.26666666666666666 0.096875 0.4 0.04375
0 0.26666666666666666 0.19375 0.4 0.115
0 0.26666666666666666 0.32625 0.4 0.115
0 0.26666666666666666 0.423125 0.4 0.04375
0 0.26666666666666666 0.484375 0.4 0.04375
0 0.26666666666666666 0.545625 0.4 0.04375
0 0.26666666666666666 0.606875 0.4 0.04375
0 0.26666666666666666 0.668125 0.4 0.04375
0 0.26666666666666666 0.7175 0.4 0.02
0 0.26666666666666666 0.814375 0.4 0.13875
0 0.7333333333333333 0.096875 0.4 0.04375
0 0.7333333333333333 0.14625 0.4 0.02
0 0.7333333333333333 0.219375 0.4 0.09125
0 0.7333333333333333 0.31625 0.4 0.0675
0 0.7333333333333333 0.389375 0.4 0.04375
0 0.7333333333333333 0.450625 0.4 0.04375
0 0.7333333333333333 0.511875 0.4 0.04375
0 0.7333333333333333 0.56125 0.4 0.02
0 0.7333333333333333 0.634375 0.4 0.09125
0 0.7333333333333333 0.719375 0.4 0.04375
0 0.7333333333333333 0.780625 0.4 0.04375
0 0.7333333333333333 0.85375 0.4 0.0675
