0 0.26666666666666666 0.120625 0.4 0.09125
0 0.26666666666666666 0.205625 0.4 0.04375
0 0.26666666666666666 0.3025 0.4 0.115
0 0.26666666666666666 0.399375 0.4 0.04375
0 0.26666666666666666 0.484375 0.4 0.09125
0 0.26666666666666666 0.569375 0.4 0.04375
0 0.26666666666666666 0.630625 0.4 0.04375
0 0.26666666666666666 0.70375 0.4 0.0675
0 0.26666666666666666 0.8125 0.4 0.115
0 0.7333333333333333 0.10875 0.4 0.0675
0 0.7333333333333333 0.181875 0.4 0.04375
0 0.7333333333333333 0.255 0.4 0.0675
0 0.7333333333333333 0.328125 0.4 0.04375
0 0.7333333333333333 0.389375 0.4 0.04375
0 0.7333333333333333 0.474375 0.4 0.09125
0 0.7333333333333333 0.559375 0.4 0.04375
0 0.7333333333333333 0.60875 0.4 0.02
0 0.7333333333333333 0.658125 0.4 0.04375
0 0.7333333333333333 0.743125 0.4 0.09125
0 0.7333333333333333 0.81625 0.4 0.02
0 0.7333333333333333 0.865625 0.4 0.04375
