0 0.26666666666666666 0.144375 0.4 0.13875
0 0.26666666666666666 0.253125 0.4 0.04375
0 0.26666666666666666 0.37375 0.4 0.1625
0 0.26666666666666666 0.50625 0.4 0.0675
0 0.26666666666666666 0.626875 0.4 0.13875
0 0.26666666666666666 0.72375 0.4 0.02
0 0.26666666666666666 0.796875 0.4 0.09125
0 0.26666666666666666 0.881875 0.4 0.04375
0 0.7333333333333333 0.085 0.4 0.02
0 0.7333333333333333 0.158125 0.4 0.09125
0 0.7333333333333333 0.266875 0.4 0.09125
0 0.7333333333333333 0.351875 0.4 0.04375
0 0.7333333333333333 0.413125 0.4 0.04375
0 0.7333333333333333 0.474375 0.4 0.04375
0 0.7333333333333333 0.535625 0.4 0.04375
0 0.7333333333333333 0.585 0.4 0.02
0 0.7333333333333333 0.6225 0.4 0.02
0 0.7333333333333333 0.7075 0.4 0.115
0 0.7333333333333333 0.804375 0.4 0.04375
0 0.7333333333333333 0.85375 0.4 0.02
0 0.7333333333333333 0.926875 0.4 0.09125
