0 0.26666666666666666 0.096875 0.4 0.04375
0 0.26666666666666666 0.19375 0.4 0.115
0 0.26666666666666666 0.314375 0.4 0.09125
0 0.26666666666666666 0.399375 0.4 0.04375
0 0.26666666666666666 0.460625 0.4 0.04375
0 0.26666666666666666 0.521875 0.4 0.04375
0 0.26666666666666666 0.61875 0.4 0.115
0 0.26666666666666666 0.70375 0.4 0.02
0 0.26666666666666666 0.753125 0.4 0.04375
0 0.26666666666666666 0.814375 0.4 0.04375
0 0.26666666666666666 0.899375 0.4 0.09125
0 0.7333333333333333 0.085 0.4 0.02
0 0.7333333333333333 0.1225 0.4 0.02
0 0.7333333333333333 0.219375 0.4 0.13875
0 0.7333333333333333 0.328125 0.4 0.04375
0 0.7333333333333333 0.389375 0.4 0.04375
0 0.7333333333333333 0.450625 0.4 0.04375
0 0.7333333333333333 0.535625 0.4 0.09125
0 0.7333333333333333 0.6325 0.4 0.0675
0 0.7333333333333333 0.705625 0.4 0.04375
0 0.7333333333333333 0.790625 0.4 0.09125
0 0.7333333333333333 0.8875 0.4 0.0675
