0 0.26666666666666666 0.1325 0.4 0.115
0 0.26666666666666666 0.265 0.4 0.115
0 0.26666666666666666 0.37375 0.4 0.0675
0 0.26666666666666666 0.470625 0.4 0.09125
0 0.26666666666666666 0.59125 0.4 0.115
0 0.26666666666666666 0.735625 0.4 0.13875
0 0.26666666666666666 0.868125 0.4 0.09125
0 0.7333333333333333 0.096875 0.4 0.04375
0 0.7333333333333333 0.181875 0.4 0.09125
0 0.7333333333333333 0.32625 0.4 0.1625
0 0.7333333333333333 0.435 0.4 0.02
0 0.7333333333333333 0.484375 0.4 0.04375
0 0.7333333333333333 0.5575 0.4 0.0675
0 0.7333333333333333 0.654375 0.4 0.09125
0 0.7333333333333333 0.775 0.4 0.115
0 0.7333333333333333 0.895625 0.4 0.09125
