0 0.26666666666666666 0.120625 0.4 0.09125
0 0.26666666666666666 0.205625 0.4 0.04375
0 0.26666666666666666 0.27875 0.4 0.0675
0 0.26666666666666666 0.351875 0.4 0.04375
0 0.26666666666666666 0.436875 0.4 0.09125
0 0.26666666666666666 0.51 0.4 0.02
0 0.26666666666666666 0.559375 0.4 0.04375
0 0.26666666666666666 0.620625 0.4 0.04375
0 0.26666666666666666 0.705625 0.4 0.09125
0 0.26666666666666666 0.790625 0.4 0.04375
0 0.26666666666666666 0.851875 0.4 0.04375
0 0.7333333333333333 0.120625 0.4 0.09125
0 0.7333333333333333 0.19375 0.4 0.02
0 0.7333333333333333 0.27875 0.4 0.115
0 0.7333333333333333 0.41125 0.4 0.115
0 0.7333333333333333 0.508125 0.4 0.04375
0 0.7333333333333333 0.569375 0.4 0.04375
0 0.7333333333333333 0.61875 0.4 0.02
0 0.7333333333333333 0.668125 0.4 0.04375
0 0.7333333333333333 0.753125 0.4 0.09125
0 0.7333333333333333 0.838125 0.4 0.04375
0 0.7333333333333333 0.899375 0.4 0.04375
