0 0.26666666666666666 0.168125 0.4 0.18625
0 0.26666666666666666 0.300625 0.4 0.04375
0 0.26666666666666666 0.3975 0.4 0.115
0 0.26666666666666666 0.494375 0.4 0.04375
0 0.26666666666666666 0.555625 0.4 0.04375
0 0.26666666666666666 0.616875 0.4 0.04375
0 0.26666666666666666 0.678125 0.4 0.04375
0 0.26666666666666666 0.739375 0.4 0.04375
0 0.26666666666666666 0.8125 0.4 0.0675
0 0.26666666666666666 0.87375 0.4 0.02
0 0.7333333333333333 0.120625 0.4 0.09125
0 0.7333333333333333 0.205625 0.4 0.04375
0 0.7333333333333333 0.266875 0.4 0.04375
0 0.7333333333333333 0.328125 0.4 0.04375
0 0.7333333333333333 0.3775 0.4 0.02
0 0.7333333333333333 0.426875 0.4 0.04375
0 0.7333333333333333 0.47625 0.4 0.02
0 0.7333333333333333 0.51375 0.4 0.02
0 0.7333333333333333 0.55125 0.4 0.02
0 0.7333333333333333 0.600625 0.4 0.04375
0 0.7333333333333333 0.67375 0.4 0.0675
0 0.7333333333333333 0.746875 0.4 0.04375
0 0.7333333333333333 0.808125 0.4 0.04375
0 0.7333333333333333 0.8575 0.4 0.02
0 0.7333333333333333 0.906875 0.4 0.04375
