0 0.26666666666666666 0.085 0.4 0.02
0 0.26666666666666666 0.14625 0.4 0.0675
0 0.26666666666666666 0.23125 0.4 0.0675
0 0.26666666666666666 0.2925 0.4 0.02
0 0.26666666666666666 0.341875 0.4 0.04375
0 0.26666666666666666 0.43875 0.4 0.115
0 0.26666666666666666 0.535625 0.4 0.04375
0 0.26666666666666666 0.596875 0.4 0.04375
0 0.26666666666666666 0.64625 0.4 0.02
0 0.26666666666666666 0.719375 0.4 0.09125
0 0.26666666666666666 0.828125 0.4 0.09125
0 0.7333333333333333 0.096875 0.4 0.04375
0 0.7333333333333333 0.158125 0.4 0.04375
0 0.7333333333333333 0.219375 0.4 0.04375
0 0.7333333333333333 0.304375 0.4 0.09125
0 0.7333333333333333 0.413125 0.4 0.09125
0 0.7333333333333333 0.498125 0.4 0.04375
0 0.7333333333333333 0.559375 0.4 0.04375
0 0.7333333333333333 0.668125 0.4 0.13875
0 0.7333333333333333 0.8125 0.4 0.115
