0 0.26666666666666666 0.085 0.4 0.02
0 0.26666666666666666 0.1225 0.4 0.02
0 0.26666666666666666 0.171875 0.4 0.04375
0 0.26666666666666666 0.22125 0.4 0.02
0 0.26666666666666666 0.25875 0.4 0.02
0 0.26666666666666666 0.29625 0.4 0.02
0 0.26666666666666666 0.345625 0.4 0.04375
0 0.26666666666666666 0.406875 0.4 0.04375
0 0.26666666666666666 0.491875 0.4 0.09125
0 0.26666666666666666 0.565 0.4 0.02
0 0.26666666666666666 0.614375 0.4 0.04375
0 0.26666666666666666 0.675625 0.4 0.04375
0 0.26666666666666666 0.725 0.4 0.02
0 0.26666666666666666 0.774375 0.4 0.04375
0 0.26666666666666666 0.87125 0.4 0.115
0 0.7333333333333333 0.096875 0.4 0.04375
0 0.7333333333333333 0.158125 0.4 0.04375
0 0.7333333333333333 0.243125 0.4 0.09125
0 0.7333333333333333 0.328125 0.4 0.04375
0 0.7333333333333333 0.389375 0.4 0.04375
0 0.7333333333333333 0.450625 0.4 0.04375
0 0.7333333333333333 0.5475 0.4 0.115
0 0.7333333333333333 0.6325 0.4 0.02
0 0.7333333333333333 0.705625 0.4 0.09125
0 0.7333333333333333 0.838125 0.4 0.13875
