0 0.26666666666666666 0.096875 0.4 0.04375
0 0.26666666666666666 0.158125 0.4 0.04375
0 0.26666666666666666 0.2075 0.4 0.02
0 0.26666666666666666 0.2925 0.4 0.115
0 0.26666666666666666 0.389375 0.4 0.04375
0 0.26666666666666666 0.450625 0.4 0.04375
0 0.26666666666666666 0.5 0.4 0.02
0 0.26666666666666666 0.573125 0.4 0.09125
0 0.26666666666666666 0.705625 0.4 0.13875
0 0.26666666666666666 0.82625 0.4 0.0675
0 0.26666666666666666 0.899375 0.4 0.04375
0 0.7333333333333333 0.085 0.4 0.02
0 0.7333333333333333 0.158125 0.4 0.09125
0 0.7333333333333333 0.243125 0.4 0.04375
0 0.7333333333333333 0.328125 0.4 0.09125
0 0.7333333333333333 0.413125 0.4 0.04375
0 0.7333333333333333 0.474375 0.4 0.04375
0 0.7333333333333333 0.535625 0.4 0.04375
0 0.7333333333333333 0.585 0.4 0.02
0 0.7333333333333333 0.634375 0.4 0.04375
0 0.7333333333333333 0.719375 0.4 0.09125
0 0.7333333333333333 0.81625 0.4 0.0675
0 0.7333333333333333 0.8775 0.4 0.02
