0 0.26666666666666666 0.096875 0.4 0.04375
0 0.26666666666666666 0.19375 0.4 0.115
0 0.26666666666666666 0.290625 0.4 0.04375
0 0.26666666666666666 0.3875 0.4 0.115
0 0.26666666666666666 0.484375 0.4 0.04375
0 0.26666666666666666 0.545625 0.4 0.04375
0 0.26666666666666666 0.606875 0.4 0.04375
0 0.26666666666666666 0.65625 0.4 0.02
0 0.26666666666666666 0.705625 0.4 0.04375
0 0.26666666666666666 0.790625 0.4 0.09125
0 0.26666666666666666 0.8875 0.4 0.0675
0 0.7333333333333333 0.144375 0.4 0.13875
0 0.7333333333333333 0.253125 0.4 0.04375
0 0.7333333333333333 0.338125 0.4 0.09125
0 0.7333333333333333 0.446875 0.4 0.09125
0 0.7333333333333333 0.531875 0.4 0.04375
0 0.7333333333333333 0.605 0.4 0.0675
0 0.7333333333333333 0.678125 0.4 0.04375
0 0.7333333333333333 0.786875 0.4 0.13875
0 0.7333333333333333 0.88375 0.4 0.02
