0 0.26666666666666666 0.15625 0.4 0.1625
0 0.26666666666666666 0.3125 0.4 0.115
0 0.26666666666666666 0.42125 0.4 0.0675
0 0.26666666666666666 0.494375 0.4 0.04375
0 0.26666666666666666 0.615 0.4 0.1625
0 0.26666666666666666 0.77125 0.4 0.115
0 0.26666666666666666 0.88 0.4 0.0675
0 0.7333333333333333 0.120625 0.4 0.09125
0 0.7333333333333333 0.229375 0.4 0.09125
0 0.7333333333333333 0.314375 0.4 0.04375
0 0.7333333333333333 0.36375 0.4 0.02
0 0.7333333333333333 0.413125 0.4 0.04375
0 0.7333333333333333 0.48625 0.4 0.0675
0 0.7333333333333333 0.559375 0.4 0.04375
0 0.7333333333333333 0.644375 0.4 0.09125
0 0.7333333333333333 0.765 0.4 0.115
0 0.7333333333333333 0.885625 0.4 0.09125
