0 0.26666666666666666 0.120625 0.4 0.09125
0 0.26666666666666666 0.19375 0.4 0.02
0 0.26666666666666666 0.266875 0.4 0.09125
0 0.26666666666666666 0.375625 0.4 0.09125
0 0.26666666666666666 0.44875 0.4 0.02
0 0.26666666666666666 0.498125 0.4 0.04375
0 0.26666666666666666 0.595 0.4 0.115
0 0.26666666666666666 0.691875 0.4 0.04375
0 0.26666666666666666 0.753125 0.4 0.04375
0 0.26666666666666666 0.814375 0.4 0.04375
0 0.26666666666666666 0.8875 0.4 0.0675
0 0.7333333333333333 0.144375 0.4 0.13875
0 0.7333333333333333 0.24125 0.4 0.02
0 0.7333333333333333 0.27875 0.4 0.02
0 0.7333333333333333 0.36375 0.4 0.115
0 0.7333333333333333 0.460625 0.4 0.04375
0 0.7333333333333333 0.5575 0.4 0.115
0 0.7333333333333333 0.654375 0.4 0.04375
0 0.7333333333333333 0.715625 0.4 0.04375
0 0.7333333333333333 0.776875 0.4 0.04375
0 0.7333333333333333 0.82625 0.4 0.02
0 0.7333333333333333 0.86375 0.4 0.02
