1 0.106628 0.079712 0.062883 0.019480
2 0.172036 0.080479 0.055384 0.019392
3 0.337003 0.083038 0.253667 0.020468
3 0.120337 0.101751 0.016196 0.017683
0 0.275123 0.092939 0.407529 0.048512
1 0.116027 0.128578 0.083714 0.019725
2 0.194768 0.129502 0.061217 0.019461
3 0.354735 0.132002 0.237836 0.020282
0 0.274328 0.131059 0.407086 0.027265
1 0.104921 0.161577 0.062883 0.019480
2 0.171997 0.162364 0.058717 0.019432
3 0.314883 0.164664 0.206173 0.019911
0 0.273638 0.164180 0.407086 0.027265
1 0.114751 0.189821 0.083714 0.019725
2 0.183909 0.190632 0.042052 0.019236
3 0.342210 0.193113 0.253667 0.020468
3 0.268443 0.213500 0.316993 0.021210
0 0.272830 0.202926 0.407529 0.048512
1 0.113709 0.239815 0.083714 0.019725
2 0.188699 0.240694 0.053718 0.019373
3 0.344917 0.243151 0.237836 0.020282
3 0.288231 0.263739 0.358654 0.021699
3 0.282789 0.284927 0.348655 0.021581
3 0.282346 0.306175 0.348655 0.021581
3 0.281903 0.327422 0.348655 0.021581
3 0.233966 0.348113 0.253667 0.020468
0 0.270902 0.295414 0.409300 0.133502
1 0.110791 0.379798 0.083714 0.019725
2 0.184532 0.380662 0.051218 0.019344
0 0.269092 0.382279 0.407086 0.027265
1 0.099659 0.414046 0.062883 0.019480
2 0.171317 0.414886 0.067883 0.019539
3 0.295039 0.416962 0.158679 0.019354
0 0.268375 0.416649 0.407086 0.027265
1 0.099021 0.444668 0.062883 0.019480
2 0.176095 0.445571 0.078715 0.019666
3 0.344811 0.448174 0.237836 0.020282
3 0.207718 0.467820 0.206173 0.019911
0 0.267516 0.457894 0.407529 0.048512
1 0.108342 0.497283 0.083714 0.019725
2 0.182916 0.498158 0.052884 0.019363
3 0.338718 0.500609 0.237836 0.020282
3 0.282865 0.521207 0.358654 0.021699
3 0.282422 0.542455 0.358654 0.021699
3 0.276980 0.563643 0.348655 0.021581
3 0.149886 0.583406 0.095353 0.018612
0 0.265757 0.542259 0.408857 0.112254
1 0.105828 0.617894 0.083714 0.019725
2 0.177903 0.618739 0.047885 0.019305
3 0.331204 0.621161 0.237836 0.020282
3 0.117038 0.639903 0.032028 0.017869
0 0.263908 0.630998 0.407529 0.048512
1 0.104669 0.673512 0.083714 0.019725
2 0.197158 0.674596 0.088713 0.019783
3 0.352126 0.677038 0.200340 0.019842
3 0.274192 0.697377 0.348655 0.021581
3 0.278749 0.718683 0.358654 0.021699
3 0.273307 0.739872 0.348655 0.021581
3 0.233285 0.760655 0.269498 0.020653
0 0.262084 0.718488 0.408857 0.112254
1 0.091896 0.786501 0.062883 0.019480
2 0.167720 0.787390 0.076215 0.019637
3 0.335186 0.789978 0.237836 0.020282
3 0.271835 0.810488 0.348655 0.021581
3 0.113078 0.829879 0.032028 0.017869
0 0.260169 0.810351 0.407972 0.069759
1 0.090463 0.855242 0.062883 0.019480
2 0.147956 0.855916 0.039553 0.019207
0 0.259179 0.857846 0.407086 0.027265
1 0.089903 0.882114 0.062883 0.019480
2 0.166144 0.883008 0.077048 0.019646
3 0.334027 0.885601 0.237836 0.020282
3 0.206516 0.905359 0.222004 0.020096
0 0.258398 0.895341 0.407529 0.048512
1 0.573237 0.085183 0.062883 0.019480
2 0.652811 0.086116 0.083714 0.019725
3 0.816111 0.088656 0.222004 0.020096
3 0.745260 0.109077 0.332824 0.021396
0 0.741732 0.098410 0.407529 0.048512
1 0.572065 0.141426 0.062883 0.019480
2 0.651222 0.142354 0.082881 0.019715
3 0.822022 0.144982 0.237836 0.020282
3 0.625353 0.163928 0.095353 0.018612
0 0.740560 0.154653 0.407529 0.048512
1 0.560530 0.195047 0.042052 0.019236
2 0.624272 0.195795 0.072882 0.019598
0 0.739661 0.197773 0.407086 0.027265
1 0.570255 0.228290 0.062883 0.019480
2 0.641496 0.229126 0.067049 0.019529
3 0.812295 0.231753 0.253667 0.020468
3 0.750193 0.252278 0.348655 0.021581
3 0.754750 0.273584 0.358654 0.021699
3 0.749308 0.294773 0.348655 0.021581
3 0.748865 0.316020 0.348655 0.021581
3 0.748422 0.337267 0.348655 0.021581
3 0.650074 0.357367 0.152846 0.019286
0 0.737642 0.294636 0.409743 0.154749
1 0.556583 0.384399 0.042052 0.019236
2 0.610326 0.385029 0.052884 0.019363
0 0.735715 0.387124 0.407086 0.027265
1 0.566334 0.416392 0.062883 0.019480
2 0.625493 0.417086 0.042886 0.019246
3 0.792127 0.419665 0.269498 0.020653
3 0.603790 0.438709 0.063690 0.018240
0 0.734829 0.429619 0.407529 0.048512
1 0.554824 0.468764 0.042052 0.019236
2 0.605651 0.469360 0.047052 0.019295
3 0.774368 0.471963 0.269498 0.020653
0 0.733956 0.471489 0.407086 0.027265
1 0.575056 0.497755 0.083714 0.019725
2 0.662545 0.498780 0.078715 0.019666
3 0.815430 0.501198 0.206173 0.019911
3 0.744579 0.521620 0.348655 0.021581
3 0.744136 0.542867 0.348655 0.021581
3 0.748693 0.564173 0.358654 0.021699
3 0.748250 0.585421 0.358654 0.021699
3 0.671567 0.605774 0.206173 0.019911
0 0.732250 0.553354 0.409300 0.133502
1 0.561684 0.639490 0.062883 0.019480
2 0.638341 0.640389 0.077881 0.019656
0 0.730400 0.642093 0.407086 0.027265
1 0.571448 0.670858 0.083714 0.019725
2 0.660187 0.671899 0.081214 0.019695
3 0.766828 0.673774 0.111185 0.018797
0 0.729749 0.673340 0.407086 0.027265
1 0.560485 0.696983 0.062883 0.019480
2 0.637976 0.697892 0.079548 0.019676
3 0.807109 0.700500 0.237836 0.020282
3 0.740424 0.720970 0.348655 0.021581
3 0.739981 0.742218 0.348655 0.021581
3 0.739538 0.763465 0.348655 0.021581
3 0.577865 0.782822 0.026195 0.017801
0 0.728316 0.742081 0.408857 0.112254
1 0.557985 0.816968 0.062883 0.019480
2 0.638391 0.817911 0.085380 0.019744
0 0.726701 0.819572 0.407086 0.027265
1 0.567684 0.851461 0.083714 0.019725
2 0.655173 0.852487 0.078715 0.019666
3 0.810141 0.854929 0.210339 0.019960
3 0.681797 0.874677 0.237836 0.020282
0 0.725763 0.864566 0.407529 0.048512
