0 0.26666666666666666 0.120625 0.4 0.09125
0 0.26666666666666666 0.205625 0.4 0.04375
0 0.26666666666666666 0.266875 0.4 0.04375
0 0.26666666666666666 0.36375 0.4 0.115
0 0.26666666666666666 0.44875 0.4 0.02
0 0.26666666666666666 0.51 0.4 0.0675
0 0.26666666666666666 0.57125 0.4 0.02
0 0.26666666666666666 0.60875 0.4 0.02
0 0.26666666666666666 0.658125 0.4 0.04375
0 0.26666666666666666 0.7075 0.4 0.02
0 0.26666666666666666 0.756875 0.4 0.04375
0 0.26666666666666666 0.818125 0.4 0.04375
0 0.26666666666666666 0.8675 0.4 0.02
0 0.7333333333333333 0.120625 0.4 0.09125
0 0.7333333333333333 0.205625 0.4 0.04375
0 0.7333333333333333 0.27875 0.4 0.0675
0 0.7333333333333333 0.34 0.4 0.02
0 0.7333333333333333 0.389375 0.4 0.04375
0 0.7333333333333333 0.450625 0.4 0.04375
0 0.7333333333333333 0.52375 0.4 0.0675
0 0.7333333333333333 0.60875 0.4 0.0675
0 0.7333333333333333 0.681875 0.4 0.04375
0 0.7333333333333333 0.743125 0.4 0.04375
0 0.7333333333333333 0.804375 0.4 0.04375
0 0.7333333333333333 0.85375 0.4 0.02
0 0.7333333333333333 0.903125 0.4 0.04375
