0 0.26666666666666666 0.096875 0.4 0.04375
0 0.26666666666666666 0.14625 0.4 0.02
0 0.26666666666666666 0.243125 0.4 0.13875
0 0.26666666666666666 0.34 0.4 0.02
0 0.26666666666666666 0.413125 0.4 0.09125
0 0.26666666666666666 0.498125 0.4 0.04375
0 0.26666666666666666 0.559375 0.4 0.04375
0 0.26666666666666666 0.620625 0.4 0.04375
0 0.26666666666666666 0.705625 0.4 0.09125
0 0.26666666666666666 0.790625 0.4 0.04375
0 0.26666666666666666 0.899375 0.4 0.13875
0 0.7333333333333333 0.120625 0.4 0.09125
0 0.7333333333333333 0.2175 0.4 0.0675
0 0.7333333333333333 0.314375 0.4 0.09125
0 0.7333333333333333 0.41125 0.4 0.0675
0 0.7333333333333333 0.484375 0.4 0.04375
0 0.7333333333333333 0.569375 0.4 0.09125
0 0.7333333333333333 0.6425 0.4 0.02
0 0.7333333333333333 0.70375 0.4 0.0675
0 0.7333333333333333 0.776875 0.4 0.04375
0 0.7333333333333333 0.861875 0.4 0.09125
