0 0.26666666666666666 0.1325 0.4 0.115
0 0.26666666666666666 0.229375 0.4 0.04375
0 0.26666666666666666 0.290625 0.4 0.04375
0 0.26666666666666666 0.34 0.4 0.02
0 0.26666666666666666 0.425 0.4 0.115
0 0.26666666666666666 0.51 0.4 0.02
0 0.26666666666666666 0.583125 0.4 0.09125
0 0.26666666666666666 0.70375 0.4 0.115
0 0.26666666666666666 0.78875 0.4 0.02
0 0.26666666666666666 0.838125 0.4 0.04375
0 0.26666666666666666 0.899375 0.4 0.04375
0 0.7333333333333333 0.096875 0.4 0.04375
0 0.7333333333333333 0.158125 0.4 0.04375
0 0.7333333333333333 0.27875 0.4 0.1625
0 0.7333333333333333 0.435 0.4 0.115
0 0.7333333333333333 0.52 0.4 0.02
0 0.7333333333333333 0.605 0.4 0.115
0 0.7333333333333333 0.701875 0.4 0.04375
0 0.7333333333333333 0.75125 0.4 0.02
0 0.7333333333333333 0.800625 0.4 0.04375
0 0.7333333333333333 0.909375 0.4 0.13875
