0 0.26666666666666666 0.10875 0.4 0.0675
0 0.26666666666666666 0.181875 0.4 0.04375
0 0.26666666666666666 0.243125 0.4 0.04375
0 0.26666666666666666 0.304375 0.4 0.04375
0 0.26666666666666666 0.40125 0.4 0.115
0 0.26666666666666666 0.53375 0.4 0.115
0 0.26666666666666666 0.654375 0.4 0.09125
0 0.26666666666666666 0.739375 0.4 0.04375
0 0.26666666666666666 0.824375 0.4 0.09125
0 0.7333333333333333 0.096875 0.4 0.04375
0 0.7333333333333333 0.181875 0.4 0.09125
0 0.7333333333333333 0.266875 0.4 0.04375
0 0.7333333333333333 0.328125 0.4 0.04375
0 0.7333333333333333 0.389375 0.4 0.04375
0 0.7333333333333333 0.498125 0.4 0.13875
0 0.7333333333333333 0.606875 0.4 0.04375
0 0.7333333333333333 0.70375 0.4 0.115
0 0.7333333333333333 0.800625 0.4 0.04375
0 0.7333333333333333 0.87375 0.4 0.0675
