0 0.26666666666666666 0.1325 0.4 0.115
0 0.26666666666666666 0.229375 0.4 0.04375
0 0.26666666666666666 0.290625 0.4 0.04375
0 0.26666666666666666 0.36375 0.4 0.0675
0 0.26666666666666666 0.436875 0.4 0.04375
0 0.26666666666666666 0.498125 0.4 0.04375
0 0.26666666666666666 0.5475 0.4 0.02
0 0.26666666666666666 0.60875 0.4 0.0675
0 0.26666666666666666 0.67 0.4 0.02
0 0.26666666666666666 0.755 0.4 0.115
0 0.26666666666666666 0.8875 0.4 0.115
0 0.7333333333333333 0.096875 0.4 0.04375
0 0.7333333333333333 0.181875 0.4 0.09125
0 0.7333333333333333 0.255 0.4 0.02
0 0.7333333333333333 0.304375 0.4 0.04375
0 0.7333333333333333 0.365625 0.4 0.04375
0 0.7333333333333333 0.450625 0.4 0.09125
0 0.7333333333333333 0.559375 0.4 0.09125
0 0.7333333333333333 0.668125 0.4 0.09125
0 0.7333333333333333 0.74125 0.4 0.02
0 0.7333333333333333 0.814375 0.4 0.09125
0 0.7333333333333333 0.923125 0.4 0.09125
